0.9996031794
0.9997013512
0.9995775284
0.999514533
0.9994667757
0.9994208527
0.9993711943
0.9993151652
0.9992517125
0.9991808857
0.9991031883
0.9990192926
0.9989305441
0.9988394885
0.9987496824
0.9986651724
0.9985900027
0.9985272655
0.9984778879
0.9984400875
0.9984100188
0.9983833613
0.9983582899
0.9983359723
0.998318133
0.9983052668
0.9982966679
0.9982911463
0.9982875632
0.998285043
0.9982829859
0.9982810073
0.9982788816
0.9982765314
0.9982741019
0.9982721705
0.9982721449
0.9982768047
0.9982906035
0.9983190384
0.9983665815
0.998433549
0.998512846
0.9985908695
0.9986526238
0.9986858481
0.9986818723
0.9986345944
0.9985406133
0.9984027617
0.9982352515
0.9980629884
0.9979041829
0.9977554622
0.9976173446
0.9975070683
0.9974322108
0.997384446
0.9973523964
0.9973282094
0.9973075547
0.9972882931
0.9972694094
0.997250372
0.9972307768
0.9972101875
0.997188385
0.9971675549
0.9971616364
0.9972104091
0.9973510623
0.9975409042
0.997668412
0.9976446516
0.9974263393
0.9969757152
0.9962198545
0.9950161282
0.993120918
0.9901525361
0.98532726
0.9739565728
0.9623582964
0.03634182016
0.02458765894
0.01836371416
0.01611699772
0.0149751529
0.01523406954
0.9602925898
0.02373674022
0.9672807925
0.1506411665
0.9391798864
0.2780238295
0.9221017676
0.2696705966
0.8740559526
0.3711022247
0.8761563218
0.3070143347
0.8537189665
0.4545048623
0.7225437962
0.5235736984
0.702032844
0.5153874477
0.6945583961
0.5666206284
0.6463984223
0.5957517009
0.6251598973
0.6050261675
0.6116872039
0.6357477997
0.6007131799
0.6504211527
0.5560685071
0.7929341491
0.02425048106
0.07255180182
0.999518662
0.9998141537
0.9997787453
0.999746329
0.9997187023
0.9996921631
0.9996646031
0.9996347354
0.9996018761
0.9995658889
0.9995268622
0.9994849124
0.9994404394
0.9993944202
0.9993483329
0.9993039597
0.9992633042
0.999228248
0.9991998481
0.9991778008
0.9991605234
0.9991458623
0.9991327188
0.9991215063
0.9991128399
0.9991067071
0.9991026225
0.9990999802
0.9990982559
0.999097066
0.9990961554
0.9990953637
0.999094592
0.9990937812
0.9990929101
0.9990920291
0.9990913716
0.9990916057
0.9990942028
0.9991015748
0.9991164656
0.9991404266
0.9991715363
0.9992039977
0.9992305175
0.9992446263
0.9992413538
0.9992167792
0.9991679208
0.9990943669
0.9990017303
0.9989050063
0.9988229345
0.998755718
0.9986981045
0.9986557142
0.9986298671
0.9986144695
0.998604274
0.9985964407
0.9985896174
0.9985832031
0.9985769423
0.9985707107
0.9985643648
0.9985575425
0.9985492952
0.9985375596
0.9985199615
0.9985037081
0.9985223543
0.9985807834
0.9986282399
0.9986140821
0.9985161266
0.9983247567
0.9980219846
0.997570389
0.9969233633
0.9960740395
0.9951059375
0.9940810151
0.9930157994
0.9944885616
0.995235257
0.9929250696
0.9891305532
0.9752080768
0.949778396
0.009328513278
0.00811752273
0.00693131062
0.007826384369
0.007467840535
0.006078889448
0.006031389709
0.007380076326
0.007333965112
0.006580618364
0.006505514325
0.006790082401
0.006754731341
0.006434819674
0.006740488235
0.006576018498
0.006602952034
0.006892085674
0.006886203581
0.006731003028
0.006910599812
0.006806225583
0.006852691307
0.006808152702
0.006871583921
0.006805165149
0.006981414987
0.006917737504
0.007216510691
0.006727842093
0.01083930674
0.9393284973
0.9992240838
0.9996767441
0.9997137628
0.9997007043
0.9996760073
0.9996475405
0.9996168592
0.9995838677
0.999548274
0.9995102056
0.9994696866
0.9994263362
0.9993800495
0.9993315602
0.9992821494
0.9992333881
0.9991874796
0.9991471748
0.9991147553
0.9990906505
0.9990728946
0.999058086
0.9990448957
0.9990345863
0.9990279338
0.9990242209
0.9990222866
0.9990212559
0.9990206338
0.9990201841
0.9990198059
0.9990194515
0.9990190722
0.9990185724
0.9990177621
0.9990163071
0.9990137209
0.9990095366
0.9990039642
0.9989991222
0.9989995151
0.9990102705
0.9990318646
0.9990578706
0.9990790141
0.9990871896
0.9990761962
0.9990402784
0.9989732492
0.998870497
0.998734342
0.9985845105
0.9984712036
0.998436807
0.9984290022
0.998436088
0.9984526142
0.998466329
0.998474116
0.9984776792
0.9984788954
0.9984789639
0.9984785167
0.9984778125
0.9984767983
0.9984749405
0.9984706573
0.9984599619
0.9984333224
0.9983721453
0.9982858809
0.9982819714
0.9983100818
0.9982737017
0.9981521708
0.9979743536
0.9977555527
0.9974723231
0.9970761289
0.9966025694
0.996198077
0.995894249
0.9955608215
0.9953329234
0.9960333811
0.9958695492
0.9956158179
0.9954216326
0.9953240191
0.9957622845
0.9953197539
0.01755494319
0.007239991566
0.005864574939
0.005822596127
0.005721823507
0.005670334044
0.005627188794
0.005610231987
0.005590693341
0.005579747487
0.005576213613
0.005577444585
0.005576272592
0.005575388379
0.005574046609
0.00557337635
0.005572223601
0.00557141957
0.005570499345
0.005569896681
0.005569214996
0.00556870989
0.005568197871
0.005567754905
0.005567437725
0.005567571594
0.005568091108
0.005874590347
0.01092244177
0.9883416106
0.9988545273
0.9995194838
0.9995923111
0.9996154225
0.9996053248
0.9995811706
0.999550927
0.9995167363
0.9994791634
0.9994393017
0.9993974792
0.9993524461
0.9993031671
0.9992501784
0.999194693
0.999137933
0.9990823297
0.9990321847
0.9989925851
0.9989668013
0.9989523075
0.9989414618
0.9989311617
0.9989244137
0.9989226905
0.9989241581
0.9989265825
0.9989287416
0.9989302666
0.9989312051
0.9989317269
0.9989319774
0.998932006
0.9989317082
0.9989307464
0.9989284261
0.9989235311
0.998914196
0.9988982173
0.9988752132
0.9988516045
0.9988410082
0.9988514689
0.9988760821
0.998900385
0.9989113782
0.998899147
0.9988532216
0.9987596225
0.9986019739
0.9983663581
0.998052312
0.9977228523
0.9976429926
0.9980233022
0.9981586234
0.9982469124
0.9982988532
0.9983270179
0.9983429054
0.9983530045
0.9983605321
0.9983669509
0.9983728525
0.9983783752
0.998383317
0.9983869929
0.9983877121
0.9983811112
0.9983497914
0.9982152872
0.9978125866
0.9978242459
0.9978208754
0.9976649854
0.997476201
0.9973673266
0.9973159412
0.9972027961
0.9968934055
0.9966240125
0.9964818336
0.9962533583
0.9958251977
0.9954943718
0.9956424796
0.9960314054
0.9964615755
0.9967864265
0.9971326264
0.9976613825
0.997729062
0.9969601602
0.01464940912
0.006667408321
0.00570553488
0.005686800703
0.005637026597
0.005615222913
0.00559804447
0.005588303236
0.005584634944
0.005581352444
0.005578429993
0.005576943067
0.005575390131
0.005574454069
0.005573238299
0.005572391446
0.005571423901
0.005570672039
0.00556986931
0.00556918807
0.005568556165
0.005567983683
0.00556753536
0.005567162923
0.005567980709
0.005957641853
0.8983241866
0.6931313739
0.9983610544
0.9993091463
0.9994270236
0.9994821883
0.9994936811
0.9994801203
0.9994554188
0.9994236066
0.9993859533
0.9993459402
0.9993048718
0.9992595529
0.999207154
0.9991483127
0.9990843223
0.9990152103
0.9989428179
0.9988730229
0.9988151697
0.9987807966
0.9987746706
0.9987780288
0.9987792714
0.9987837503
0.998793719
0.9988051773
0.9988147786
0.9988215873
0.9988259581
0.9988285973
0.9988301443
0.9988310393
0.9988314954
0.9988314777
0.9988306363
0.9988281548
0.9988224681
0.9988107714
0.9987882309
0.9987476855
0.9986868674
0.9986324475
0.9986156583
0.9986362782
0.9986715179
0.9986986814
0.9987005788
0.9986583145
0.9985439954
0.9983191493
0.9979336114
0.9972945673
0.9961836676
0.9943423875
0.9954892855
0.9971730402
0.9972155469
0.9972781988
0.9973192731
0.9973492648
0.9973742957
0.9973970952
0.9974188026
0.9974399145
0.9974607956
0.9974821578
0.9975059237
0.9975371407
0.9975882446
0.9976883034
0.9978607539
0.9970401826
0.9960874469
0.9966637916
0.9964481595
0.9962506885
0.9964972827
0.9969871189
0.9974286611
0.9975865145
0.9969553103
0.9967485045
0.9966360993
0.9963275437
0.9957117939
0.9954301538
0.9959305603
0.9966224119
0.9970963491
0.9973699534
0.9975879672
0.9978113001
0.9980360308
0.9977104647
0.9961195007
0.01053528072
0.006260777598
0.005620405266
0.00561378401
0.005598912401
0.005590861262
0.005585279526
0.005581412096
0.005578402059
0.005576464054
0.005574920628
0.00557378714
0.005572640686
0.005571710103
0.005570806492
0.005570022951
0.005569263181
0.005568578115
0.005567936433
0.005567341857
0.00556681964
0.005566386566
0.005566103774
0.006121995651
0.01572989702
0.975638488
0.9975907572
0.9990502023
0.999182787
0.9992793626
0.9993162114
0.999317758
0.9993086393
0.9992882702
0.9992547676
0.9992186722
0.999184462
0.9991437356
0.9990899437
0.9990252246
0.9989516311
0.998865861
0.9987666624
0.9986596881
0.9985564578
0.9984797004
0.998467507
0.9985227294
0.9985704998
0.9986079408
0.9986424671
0.9986698164
0.9986883252
0.9986997525
0.9987064566
0.9987103057
0.9987125401
0.9987138966
0.9987147479
0.9987151879
0.9987150397
0.9987137664
0.9987102312
0.998702164
0.9986848888
0.9986477008
0.9985659694
0.9984213503
0.9983118644
0.9982918678
0.9983343537
0.9983948303
0.9984421656
0.9984428641
0.9983506469
0.9981004493
0.9976306655
0.996826717
0.9953527977
0.991342909
0.9648773713
0.01060229611
0.008948882803
0.00847861039
0.008382534327
0.008377255049
0.00839893738
0.008429189441
0.008462186328
0.008496205709
0.008531163735
0.008568465579
0.008612858896
0.008678256292
0.008804744708
0.009119538166
0.01035600056
0.01183389504
0.9825878778
0.9879182281
0.9890457244
0.9811894841
0.9891279032
0.9939810404
0.9963466465
0.997726842
0.997354626
0.9964181519
0.9965018663
0.9967418607
0.9967324404
0.9954756778
0.9953998962
0.9962545151
0.9969537756
0.9973956566
0.9975853252
0.9975908521
0.9976341139
0.997708958
0.9977041556
0.9969314339
0.9935230924
0.008440454986
0.006005915344
0.005594756157
0.005594149749
0.005586795102
0.005582245205
0.005579022016
0.005576818623
0.005575069869
0.005573699874
0.005572458467
0.005571406373
0.005570456823
0.00556962517
0.005568854605
0.00556814664
0.005567471519
0.005566826286
0.005566217255
0.005565648279
0.005565153335
0.006257850083
0.9711183137
0.9804675857
0.9937305664
0.9982611065
0.9987020496
0.9988431014
0.9990262902
0.9990255197
0.9990512274
0.9990822422
0.9990655802
0.9990384372
0.9990256733
0.9990021635
0.9989517399
0.9988835972
0.998803289
0.9986996513
0.9985632404
0.9983950972
0.9981968928
0.9979802315
0.9978175652
0.99791339
0.9983189321
0.9984283864
0.9984931392
0.9985314658
0.9985524096
0.9985634783
0.9985694006
0.9985727508
0.998574838
0.9985763019
0.9985774528
0.998578457
0.9985794467
0.9985805935
0.9985821549
0.9985844506
0.9985875796
0.9985899324
0.9985770834
0.9984651269
0.9979791918
0.9977338601
0.9977173211
0.9978276922
0.9979749564
0.9981088284
0.9981270945
0.997955169
0.9975594814
0.996963373
0.996287743
0.9955603718
0.9948049366
0.9945971631
0.01125364029
0.006283937099
0.0055634495
0.005563327609
0.005563274788
0.005563264388
0.005563279856
0.005563314107
0.005563361342
0.005563417401
0.005563481043
0.005563560428
0.005563689662
0.005563955452
0.005564158252
0.00624039994
0.01658689047
0.9884186644
0.008838573259
0.006408940503
0.006338606818
0.00682101251
0.007695903354
0.01051690389
0.01711731041
0.9843683974
0.9884683123
0.9944702496
0.9969339913
0.9964241487
0.9941533449
0.9947107286
0.9959162523
0.9967812205
0.9975216071
0.9973994301
0.9972869737
0.9973482965
0.9974089089
0.9973414555
0.9970763465
0.9955926348
0.986635578
0.007392694522
0.005802429207
0.005585779868
0.005583597048
0.005580075423
0.005577658628
0.005575662763
0.005574033517
0.005572605298
0.005571394054
0.005570345967
0.005569443146
0.005568634661
0.005567888796
0.005567165173
0.005566460535
0.005565771765
0.005565096732
0.005564395318
0.006495705768
0.7123101633
0.9465727852
0.01309393988
0.008787902564
0.01897810306
0.9953602686
0.997781848
0.9983398156
0.9984119814
0.9986854614
0.9988587076
0.9987801724
0.9987992169
0.9988354408
0.998799731
0.9987322454
0.9986568842
0.9985441152
0.9983685803
0.9981257412
0.9977876266
0.9972758219
0.9964462776
0.9954116021
0.9966933622
0.9978220529
0.9977304903
0.9977149859
0.9977087336
0.9977059355
0.9977057418
0.9977071954
0.9977094211
0.9977118329
0.9977141642
0.9977164999
0.9977194366
0.9977244783
0.9977348093
0.9977566514
0.9978014991
0.9978897596
0.9980572525
0.9983365638
0.9978145411
0.9966828761
0.99611618
0.9963111434
0.9966976735
0.9971538699
0.99752563
0.9975431119
0.9976367765
0.9972367493
0.9969167697
0.996751508
0.9966912086
0.9971053716
0.9971454155
0.9948618455
0.009581620779
0.006181832286
0.005563137233
0.005563103983
0.005563141964
0.005563206209
0.005563290064
0.00556338557
0.005563476946
0.005563559853
0.005563632445
0.005563652606
0.005564059237
0.007497784562
0.9942726503
0.9901881359
0.007430996784
0.005564197797
0.005563703601
0.005563704621
0.00556377946
0.005563965356
0.005564775397
0.005911275722
0.006179938317
0.006896249654
0.008933288163
0.01425760066
0.9801070415
0.9816994642
0.9917820944
0.9942622753
0.9960817807
0.9968653534
0.9970322423
0.9971368401
0.9973015838
0.9973501571
0.9972341422
0.9969161106
0.9963128112
0.993971582
0.9407345582
0.006756041889
0.005576349602
0.0055795505
0.005578651607
0.005576470042
0.00557460832
0.005572961185
0.005571573848
0.005570405462
0.005569424807
0.005568571057
0.00556778352
0.005567003193
0.005566239451
0.005565484504
0.005564741375
0.005563991996
0.006456672245
0.9682635861
0.9761526259
0.0110633945
0.005563466927
0.005563673746
0.005915657456
0.007089402371
0.01301975844
0.992175361
0.996239212
0.9982209595
0.9983989294
0.9983166302
0.9985627411
0.998718888
0.9985866927
0.9985390204
0.9984495226
0.9982548941
0.9979741265
0.9975785334
0.9969359837
0.9956787481
0.9920875292
0.9748695694
0.01251234166
0.01030447665
0.009198119718
0.008919066236
0.008826872383
0.008796324347
0.008789000364
0.00879035519
0.008794427723
0.008798834574
0.008802969373
0.008807615734
0.008815612927
0.008833827243
0.008877682027
0.008982363345
0.009236358749
0.009923618794
0.01311488149
0.02056373269
0.9885010235
0.9872203899
0.9893272416
0.992523351
0.9947645333
0.9953371505
0.9950904742
0.9969034625
0.9975285322
0.9975311116
0.9973259417
0.9972109283
0.9972447563
0.99741716
0.9974909712
0.9967745482
0.9939426975
0.009091998874
0.006125494839
0.005563083867
0.005563149382
0.005563281295
0.005563433621
0.005563567283
0.005563655438
0.00556372164
0.005563608532
0.005869832937
0.01266008824
0.9966474792
0.02070427613
0.005988728902
0.005563931286
0.005563805382
0.005563732114
0.005563750664
0.005563797834
0.005563881048
0.005563902802
0.005563748613
0.005563891675
0.005564098432
0.005566774214
0.008618351828
0.9182535051
0.9902097886
0.9915004068
0.9901879042
0.01536055481
0.9943529837
0.9965445789
0.9974417542
0.9975621011
0.9975348118
0.9973488595
0.9970359304
0.99671619
0.9962145492
0.9955807865
0.0133877787
0.006472134948
0.005573669245
0.005575975599
0.005575241006
0.005573418146
0.005571853752
0.005570560246
0.005569509514
0.005568622535
0.005567802044
0.005566961651
0.005566145949
0.005565336235
0.005564543049
0.0055638036
0.006719894739
0.97719148
0.9705403424
0.01106256429
0.005562852907
0.005563085089
0.005562979506
0.005562966674
0.005563314775
0.005867944865
0.006436477306
0.009207787699
0.02399972086
0.9940507749
0.9965587662
0.998283918
0.998417514
0.9983189853
0.99848997
0.9982889458
0.9980233905
0.9977190426
0.9973251861
0.996799684
0.9960661692
0.9949489017
0.9941167498
0.01093366904
0.006308374482
0.00556352139
0.005563421358
0.005563397225
0.00556339918
0.005563414075
0.005563441957
0.005563491744
0.005563571626
0.005563659456
0.00556372383
0.005563769224
0.005563808897
0.00556386643
0.005563983246
0.00556422565
0.005564831065
0.005566423751
0.006818359446
0.01176310992
0.9858060363
0.9919284096
0.9949556926
0.9936938109
0.009533946865
0.008161017362
0.0174592873
0.9960081844
0.9971254527
0.9975129492
0.9974683172
0.9974988159
0.9975196795
0.9974814334
0.9973643809
0.996498269
0.993029319
0.008681858122
0.006075260609
0.005563169596
0.005563382141
0.005563615805
0.005563734672
0.005563720384
0.005563645712
0.006048703888
0.6122956613
0.9936805676
0.01123475659
0.005566101516
0.005564054005
0.005563907692
0.005563801324
0.005563761452
0.00556378036
0.005563846388
0.005563918766
0.005563901599
0.00556389622
0.005563638222
0.006383323395
0.02084619281
0.9967323164
0.9948127221
0.9926470706
0.009442403234
0.006422153243
0.006357630896
0.009804641906
0.9952004609
0.9973687231
0.9979250026
0.9977747044
0.9974639808
0.9972427484
0.9971344377
0.99738172
0.9974565249
0.9959724866
0.01148076624
0.006423928499
0.005571445363
0.005572966517
0.005572157028
0.00557075405
0.005569634267
0.005568746559
0.005567914758
0.005567013011
0.00556616586
0.005565314593
0.005564484867
0.005563786447
0.007048262422
0.9890943445
0.9820990811
0.01106239092
0.005562681125
0.005562920514
0.005563000694
0.00556305454
0.005563165401
0.005563261628
0.005563291636
0.005563522203
0.005564847061
0.005989851424
0.006648710793
0.0102560878
0.1123491207
0.9956810257
0.997806751
0.998292227
0.9982070031
0.9979606996
0.9977192467
0.9974804308
0.9972523145
0.9970499815
0.9972105762
0.9971873469
0.9951961527
0.01012714883
0.006268241053
0.005563292668
0.005563290797
0.005563346961
0.005563392622
0.005563459617
0.005563592875
0.005563757422
0.005563872923
0.005563935577
0.005563962583
0.005563985682
0.005564042238
0.005564103752
0.005564098644
0.005566473457
0.008455764444
0.9896104851
0.9943742974
0.994400766
0.9950048412
0.01587834757
0.006782755639
0.005564306028
0.005564691607
0.006491746267
0.01065945517
0.9950660238
0.9970218147
0.9976068688
0.9976167786
0.9975955544
0.9975270984
0.9974011969
0.9972063537
0.9961751912
0.9919614537
0.008482683702
0.006108967743
0.005563541434
0.005563848263
0.005563908683
0.005563886942
0.007696456096
0.9901336004
0.9733736371
0.006342121641
0.005564048479
0.00556395482
0.005563860176
0.005563819419
0.005563788365
0.005563782549
0.005563788024
0.005563771312
0.005563693171
0.005563781521
0.005816651967
0.008874280024
0.9959095655
0.9975413856
0.9959112033
0.01100318436
0.006523912979
0.005564267994
0.005564067232
0.005563668072
0.006346773311
0.01180835184
0.9967124447
0.9980047053
0.9978775278
0.9974359378
0.9972109958
0.9971021336
0.9973478673
0.9976555882
0.9973328107
0.9958613585
0.01125107401
0.006377947704
0.005569362088
0.005570227025
0.00556967904
0.005568881806
0.005568102759
0.005567113615
0.005566291534
0.005565414971
0.005564545296
0.005563931274
0.007501902137
0.9931922167
0.9880946866
0.01106235159
0.00556263406
0.005562851583
0.005562963958
0.005563061618
0.005563167266
0.005563268715
0.005563349531
0.005563479787
0.005563661108
0.005563696366
0.005563568965
0.005563862187
0.005584580756
0.006192672464
0.008121697308
0.03227103414
0.9969139646
0.9976684435
0.9979050925
0.9977515181
0.9976018064
0.9974554398
0.9973948954
0.9975004681
0.9976069798
0.9970614813
0.9950092219
0.01005654513
0.006269591584
0.005563384733
0.005563424321
0.005563476126
0.005563611598
0.005563838276
0.005563989075
0.005564057805
0.005564049749
0.005564015344
0.005564038163
0.005563974663
0.00556372257
0.006241788147
0.02049265146
0.9965849721
0.9949405095
0.9923646315
0.6806721104
0.007319374324
0.005565446865
0.005564451183
0.005564081091
0.005563766369
0.005563529038
0.00628665067
0.01015989263
0.9952156858
0.9972019252
0.9977351018
0.9977032744
0.9976285501
0.9974954137
0.997288066
0.9970133667
0.9959335907
0.9926596533
0.009684154583
0.006480865288
0.00556495628
0.005955725999
0.01182626659
0.9965805868
0.01799950316
0.005936321288
0.005564094332
0.005564195194
0.005564041181
0.005563921293
0.005563847382
0.00556380967
0.005563776972
0.005563700802
0.0055634775
0.005564539016
0.007240156693
0.9818154348
0.9956436181
0.9967316354
0.01833212986
0.00662470764
0.005564146801
0.005564228386
0.005564113483
0.005563872718
0.005563700967
0.005563747321
0.006664994287
0.02172215112
0.9969712619
0.9971048751
0.9970472212
0.9966258958
0.9967051285
0.9971829561
0.9975289101
0.9977158623
0.9973037747
0.9955879683
0.0107095762
0.006400227388
0.005567538933
0.005567889776
0.005568154864
0.005567188002
0.005566459819
0.005565684377
0.005564698782
0.005564231555
0.008178033088
0.9952130668
0.9914745659
0.01106234638
0.005562622056
0.005562821212
0.005562929263
0.005563037907
0.00556314637
0.005563245377
0.005563332952
0.005563442573
0.005563582215
0.005563676155
0.005563684449
0.005563754608
0.0055638749
0.00556380417
0.005563696439
0.005565986779
0.00661178607
0.01188634867
0.9959226056
0.9973615962
0.9977329136
0.997616651
0.997540436
0.9975426993
0.9975809421
0.9976115186
0.9976160099
0.9970564416
0.9950258291
0.01027540906
0.006392908704
0.005564066207
0.005563510847
0.005563769601
0.005563995943
0.005564127799
0.005564093769
0.00556394135
0.005563853088
0.005563802614
0.005709234043
0.007367011106
0.9935940409
0.9972336983
0.9955807925
0.9733224353
0.0073129121
0.005818463512
0.005564452464
0.005564275296
0.005564068056
0.00556388606
0.005563702045
0.005563538617
0.005563485865
0.006306522921
0.01066478111
0.9956832978
0.9973947895
0.9978480122
0.9977676973
0.997595309
0.9973091523
0.9969863721
0.9968908194
0.9965223072
0.9955340682
0.01494066804
0.007789303644
0.7456662909
0.9918872134
0.01065743385
0.005565437105
0.005564174042
0.005564152543
0.005564070089
0.005563955527
0.005563856976
0.005563790933
0.005563753974
0.005563716932
0.005563354292
0.006357532182
0.01835005659
0.9967951417
0.9956387534
0.9809413046
0.007228624353
0.005564953651
0.005564011622
0.005564055562
0.005563977245
0.005563825745
0.00556370881
0.005563622575
0.00556355917
0.005564544254
0.007334293117
0.9893025007
0.9964595738
0.996342887
0.9949297092
0.99647747
0.9971636312
0.9974502414
0.9975851724
0.9976400938
0.9971066152
0.9954038802
0.0132113795
0.007049920609
0.005953079483
0.005566403788
0.005565733487
0.005565644998
0.00556545367
0.00556463184
0.009628344662
0.9963659618
0.993559341
0.01106234892
0.005562620472
0.005562808082
0.005562904712
0.005563010093
0.005563117452
0.005563218424
0.005563313075
0.005563418045
0.00556353373
0.005563623016
0.005563667486
0.005563725323
0.005563808243
0.005563832498
0.005563795607
0.005563803391
0.005563769531
0.005563648818
0.006372409083
0.01087125615
0.9954834826
0.99715051
0.9976133436
0.9975983664
0.9976003224
0.997610778
0.9976182783
0.9976129101
0.9976028266
0.9970753239
0.995575905
0.0148681484
0.007231040765
0.005925328457
0.005563728454
0.005564061712
0.005564249797
0.005563957011
0.005563690091
0.00556393383
0.006805065578
0.909944395
0.9959439563
0.9974227584
0.9946068842
0.007967876623
0.005861267627
0.005563899409
0.005564423162
0.005564290187
0.005564134585
0.005564001442
0.005563864759
0.005563744382
0.005563663192
0.00556359617
0.00556359545
0.006372293471
0.01137109911
0.9960811684
0.9975636496
0.9979272076
0.9976188072
0.9970543873
0.9966821112
0.9968217798
0.9972281447
0.9971549532
0.9955579342
0.9871730557
0.9568939737
0.006313691397
0.005564142056
0.005564106959
0.005564058401
0.005564017249
0.005563933668
0.005563823331
0.005563701407
0.005563583819
0.005563661242
0.005814834709
0.008844482492
0.9959278562
0.9976660286
0.9959018229
0.008805313672
0.005814015481
0.005563898683
0.005563832822
0.005563835209
0.005563805133
0.005563723545
0.005563633886
0.005563550316
0.005563489915
0.00556346417
0.005563351848
0.005947805799
0.01015067042
0.9949846662
0.9927191393
0.9916707319
0.9963082689
0.9972591443
0.9973921932
0.9974136555
0.9973547993
0.997278886
0.9969313776
0.9952086017
0.9816964113
0.01089498709
0.007792918877
0.00635067597
0.006019840494
0.005920706161
0.0102803627
0.9971949645
0.994961017
0.01106235218
0.005562621525
0.005562802351
0.005562888347
0.005562986658
0.005563090306
0.005563192404
0.005563292033
0.005563396086
0.005563502064
0.005563591046
0.005563656333
0.005563723701
0.005563795119
0.0055638342
0.005563840138
0.005563858215
0.005563861354
0.005563794425
0.005563664498
0.005563600411
0.006322184302
0.0102937505
0.995113571
0.9970540992
0.9976267032
0.9976177934
0.9976108241
0.99758842
0.9975285144
0.9974559048
0.9974586258
0.9973144297
0.9961431427
0.9874595472
0.00942130435
0.006449702287
0.005564429873
0.005564600164
0.005563832909
0.006158816754
0.01189956732
0.9950232569
0.9962850516
0.9969094161
0.02319985586
0.006424676745
0.005563649007
0.005564096586
0.005564370551
0.005564344362
0.005564224175
0.005564105628
0.005563990565
0.005563888556
0.005563814627
0.005563771781
0.00556374893
0.005563706452
0.005563724305
0.006440548613
0.01233453798
0.9966373884
0.9978705926
0.9974935955
0.9965349433
0.9965928064
0.9971057863
0.9976567097
0.9977173027
0.9965178121
0.01392013366
0.005952953017
0.005564276788
0.005564322307
0.005564159292
0.005564028471
0.005563922011
0.005563820847
0.005563685954
0.005563442274
0.005564431419
0.007219198242
0.9814450758
0.9956489745
0.9967819965
0.01807140202
0.006347633578
0.005563540139
0.005563961606
0.005563880906
0.005563797513
0.005563733735
0.005563661681
0.005563585795
0.005563512364
0.005563453543
0.005563414714
0.00556333793
0.005563214475
0.005563415613
0.007397192948
0.9897309781
0.9907242204
0.01453082981
0.9947877009
0.9966095243
0.9972745847
0.9971052748
0.9966272085
0.9962373956
0.9960913103
0.9944266005
0.9942271556
0.9936013871
0.9797942111
0.9120995085
0.009618956188
0.9496987569
0.9964948565
0.9958654746
0.01106235448
0.005562622654
0.00556279939
0.005562877212
0.005562968632
0.005563067998
0.005563169911
0.005563272476
0.005563377366
0.005563481297
0.005563574274
0.005563653838
0.005563731307
0.005563805092
0.005563858138
0.005563892049
0.005563924973
0.00556394032
0.005563912783
0.005563849789
0.005563779253
0.005563675615
0.00556358504
0.006268349455
0.01000088596
0.9938997707
0.9970283607
0.9975836452
0.9975746877
0.9974686191
0.9972280456
0.9969259927
0.9969001254
0.9971061179
0.9964966448
0.9962546637
0.9953629679
0.01267109161
0.006783967646
0.005897726258
0.007484154534
0.9917529901
0.9964952077
0.9964308328
0.9886255242
0.007736449278
0.005565651889
0.005563906813
0.005564085694
0.005564288511
0.005564307184
0.005564253202
0.005564168611
0.00556407703
0.005563993314
0.00556392902
0.005563889085
0.005563875663
0.005563886624
0.005563889737
0.005563843893
0.0055639397
0.0066334348
0.02079275857
0.9969753743
0.9961770985
0.996339342
0.9972529034
0.9979217829
0.9981492177
0.9979513282
0.9970099776
0.008801410681
0.005564216721
0.005564170094
0.005564065147
0.005563933879
0.005563823336
0.005563768693
0.005563717962
0.005563335194
0.006346200888
0.0180060489
0.9967783107
0.9956513546
0.9815298244
0.007224101039
0.005564465265
0.00556365928
0.00556388086
0.005563852776
0.00556377332
0.005563696275
0.00556362338
0.005563553065
0.005563485373
0.00556342459
0.005563368525
0.005563289233
0.005563191797
0.005563178476
0.005563194751
0.006857302358
0.9904322403
0.9933697594
0.01035481601
0.01013169799
0.9944511505
0.9969055562
0.9966636507
0.9952037871
0.9941050514
0.9923740745
0.989130129
0.9861814782
0.9801875854
0.9787340664
0.9805169102
0.9839939608
0.9953130545
0.9950540731
0.01106235557
0.005562623012
0.005562796987
0.005562869019
0.005562954934
0.005563050527
0.005563151622
0.005563255835
0.005563362302
0.005563467691
0.005563566225
0.005563656557
0.005563743052
0.005563823188
0.005563888258
0.005563938898
0.005563981049
0.005564003241
0.005563992034
0.005563950915
0.005563896818
0.005563839396
0.005563786243
0.005563702794
0.005563610206
0.006247825266
0.009877930047
0.9947742509
0.9970176701
0.9975759415
0.9972848283
0.996596556
0.996111082
0.9962167562
0.9962910653
0.9963481088
0.9968554389
0.9966837675
0.9953284648
0.01217757106
0.9622895911
0.9933103163
0.9955762942
0.9939622852
0.01016595793
0.005874264596
0.00556401187
0.005563969648
0.005564069265
0.005564214037
0.005564266184
0.005564251806
0.005564199781
0.005564130745
0.005564062805
0.005564007958
0.00556397552
0.00556397733
0.005564019761
0.005564060326
0.005564073806
0.005564143518
0.005564444953
0.005565547653
0.008054385754
0.9920143733
0.9952089554
0.9968837814
0.9978141667
0.9980048512
0.9977224546
0.9975691271
0.9969080591
0.008458811617
0.005563757537
0.005563792672
0.005563742505
0.005563632177
0.005563565122
0.005563638096
0.005811164048
0.00880401655
0.9958959367
0.9976657358
0.9959345707
0.008853051448
0.005815600233
0.005563657825
0.005563620844
0.005563744204
0.005563761242
0.005563724925
0.005563664756
0.00556359861
0.005563532918
0.005563468839
0.005563407434
0.005563345465
0.005563270687
0.005563191225
0.00556314661
0.005563091016
0.005562962611
0.006528588427
0.9832829169
0.9958630855
0.01197256668
0.006989612474
0.01117641985
0.9953486023
0.9944622621
0.9925610267
0.9907057864
0.987373835
0.9775875964
0.9567515561
0.01112300843
0.8628721251
0.9850785602
0.9939923841
0.9935985895
0.01106235551
0.005562622331
0.005562794058
0.005562862217
0.005562944184
0.00556303691
0.00556313713
0.005563242333
0.005563350537
0.005563458567
0.005563562563
0.005563661172
0.005563755238
0.005563841953
0.00556391611
0.005563976764
0.00556402436
0.005564050938
0.005564049473
0.005564022416
0.005563980252
0.005563930799
0.005563886544
0.005563852832
0.005563831115
0.005563779055
0.005563692738
0.006244197243
0.01008445354
0.9956129471
0.9974896361
0.9970279528
0.9954813845
0.9951976794
0.9952770435
0.9952853232
0.9954716359
0.9959584845
0.9964257572
0.995907669
0.9940880629
0.995616933
0.9948342572
0.9338388735
0.006713170598
0.005563885676
0.005564147259
0.005564162996
0.005564186212
0.005564244048
0.005564267739
0.00556425463
0.0055642135
0.005564157793
0.005564100075
0.00556404771
0.00556401345
0.00556402615
0.005564108364
0.005564197214
0.005564208346
0.005564208535
0.005564667161
0.005564730525
0.006549445142
0.01078729212
0.9921915414
0.9952526165
0.9970921208
0.9974320599
0.9970557716
0.9967810442
0.9972289222
0.9962426497
0.007641645365
0.005563510075
0.005563620397
0.005563544395
0.005563452706
0.005564389502
0.007190973586
0.9810170233
0.9956387743
0.9967983336
0.0184257947
0.006360022848
0.005563452644
0.005563792158
0.005563748195
0.005563750476
0.005563733449
0.005563698918
0.005563647087
0.005563586725
0.005563524719
0.005563463575
0.005563403913
0.005563343808
0.005563278235
0.00556321245
0.005563160081
0.005563089251
0.00556296028
0.005562808307
0.006013416786
0.9826432635
0.996465864
0.9887105941
0.006579620074
0.007287108645
0.987911616
0.9918114601
0.9910384801
0.9891161961
0.9833152129
0.9783408948
0.9737987834
0.9555323913
0.9802717921
0.9909583405
0.9890583491
0.01106235444
0.005562620539
0.005562790054
0.005562855809
0.005562935232
0.005563026065
0.005563125662
0.00556323156
0.005563341336
0.005563451987
0.005563560521
0.005563665335
0.005563765351
0.005563857543
0.005563938117
0.005564004752
0.005564055582
0.005564084971
0.005564089808
0.005564071959
0.005564039562
0.005563998424
0.005563960262
0.005563928575
0.005563916468
0.005563922798
0.005563960508
0.00556398128
0.005564018582
0.006420567465
0.01743431559
0.9968562954
0.9952212521
0.994222706
0.9944462605
0.9947460148
0.9954062221
0.9963709104
0.9972579865
0.9977534796
0.9975021445
0.9971422303
0.99537818
0.008551313732
0.00580792464
0.005564109042
0.005564275163
0.005564290229
0.005564298272
0.005564298343
0.005564282407
0.005564250571
0.005564206094
0.005564156909
0.005564107468
0.00556404934
0.005563990169
0.005563982693
0.005564083378
0.00556416018
0.005564171128
0.005564079018
0.005569669979
0.006876399471
0.01063995287
0.9927381154
0.9941644191
0.9938242857
0.9948987917
0.9955339044
0.9956329425
0.995459129
0.9961801577
0.9967284319
0.9947479341
0.007151265426
0.005563534288
0.005563581489
0.00556342806
0.006359935396
0.01756373378
0.9967578682
0.9956641891
0.9819218663
0.007246644492
0.005564501921
0.005563593459
0.005563771746
0.005563776524
0.005563758274
0.005563723074
0.005563683644
0.005563635724
0.005563580995
0.005563523623
0.005563466325
0.005563410465
0.005563356562
0.005563303177
0.005563252517
0.005563210799
0.005563159201
0.005563082265
0.005563021132
0.005563010825
0.00585349479
0.01093713564
0.9951482004
0.9895024911
0.008773789964
0.008802152838
0.9859540122
0.991567022
0.9912035238
0.9869883851
0.9777155213
0.9713598355
0.9684443924
0.960893784
0.9841701877
0.9680961369
0.01106235244
0.005562617629
0.005562784705
0.005562849198
0.00556292729
0.005563017155
0.005563116503
0.005563222977
0.005563333962
0.005563446585
0.00556355834
0.005563667493
0.005563771773
0.005563867891
0.005563952747
0.005564022769
0.005564075278
0.00556410596
0.005564114613
0.005564102299
0.005564077149
0.005564041442
0.00556400891
0.005563976019
0.005563962108
0.005563953181
0.005563981963
0.00556402266
0.005564220288
0.005564433675
0.005565347362
0.00990568822
0.9917525731
0.9928389242
0.9939560096
0.9947472073
0.9958956911
0.997082857
0.997980345
0.9984564671
0.998377326
0.9977420852
0.03259165148
0.006696833568
0.005564203799
0.005564601278
0.005564583613
0.005564467049
0.005564396975
0.00556434149
0.0055642847
0.005564225771
0.005564168644
0.00556412253
0.005564088427
0.005564027475
0.005563917468
0.005563829618
0.005563874193
0.005563822949
0.005563614325
0.005711952258
0.007582549375
0.04285666818
0.9964605659
0.9964694419
0.9964600574
0.9958781303
0.9869756484
0.01161701227
0.9885134602
0.9938913184
0.9951934234
0.9958160396
0.9959667739
0.9933370198
0.007486788425
0.005563701865
0.00604684315
0.00891390822
0.9957948868
0.9976517013
0.9959601755
0.008889290802
0.005818469155
0.005563649757
0.005563582638
0.005563688327
0.005563730561
0.005563736577
0.005563711254
0.005563674353
0.005563629834
0.005563579584
0.005563526594
0.005563473075
0.005563420901
0.005563373386
0.005563331228
0.00556329375
0.005563265494
0.005563230104
0.005563177971
0.005563156484
0.005563177009
0.00556348541
0.00556410882
0.007562068436
0.9877658105
0.9901141176
0.9834051884
0.9794373356
0.9904946296
0.9921193949
0.9896678618
0.9852023481
0.9814152568
0.9780672528
0.9743139039
0.9868294318
0.9231371625
0.01106234957
0.005562613625
0.005562777916
0.005562842103
0.005562919952
0.005563009713
0.005563109224
0.005563216226
0.005563327917
0.00556344148
0.005563554894
0.005563666622
0.005563773401
0.005563871681
0.005563959162
0.005564030659
0.005564083478
0.005564113686
0.005564124239
0.005564114091
0.005564094821
0.005564061263
0.005564034187
0.005563999276
0.005563986469
0.005563948666
0.005563980108
0.005563916227
0.005564026025
0.005564029461
0.006130062892
0.007980512907
0.978289399
0.9902720429
0.993184843
0.9942674926
0.9956624333
0.9969826612
0.9979508216
0.9984205725
0.9983911551
0.9978871814
0.02302649419
0.005569426787
0.005564637989
0.005564601278
0.005564565339
0.005564461444
0.0055643801
0.005564312599
0.00556424132
0.005564163654
0.005564091265
0.005564049016
0.00556404603
0.005564022756
0.005563895371
0.005563728812
0.00556375191
0.005563506996
0.005910314714
0.00704078277
0.9613340918
0.9966541856
0.9972894008
0.9961891024
0.9944288334
0.02114478988
0.008304772287
0.006171378613
0.006537078179
0.9857440201
0.9948369656
0.9951367133
0.9947144956
0.9948448594
0.994183918
0.009224297341
0.00762232815
0.9810336826
0.9951014062
0.9967532445
0.01882453729
0.006368453993
0.005563463077
0.005563799201
0.00556373931
0.005563735153
0.00556373629
0.00556373148
0.005563707637
0.005563672188
0.005563629331
0.005563581406
0.005563531297
0.005563480277
0.005563429763
0.005563385873
0.005563350208
0.005563321384
0.005563309714
0.005563281916
0.005563223036
0.005563219673
0.005563200178
0.005563356565
0.005563578287
0.005967190103
0.008027322501
0.9722455664
0.9892483934
0.9892680569
0.9901552295
0.9916773746
0.9893041919
0.9859926173
0.984650896
0.9815617413
0.9552928329
0.9862518312
0.02689496846
0.01106234589
0.005562608564
0.005562769715
0.005562834519
0.005562913198
0.005563003703
0.005563103805
0.005563211346
0.005563323111
0.005563436238
0.005563549494
0.005563662069
0.00556376937
0.005563867728
0.005563956571
0.005564027852
0.005564079695
0.005564106968
0.005564118498
0.005564107261
0.005564093437
0.005564060894
0.005564043742
0.005564000322
0.005564026159
0.005563954463
0.005564009887
0.005563946691
0.005565231775
0.006508152001
0.008694841894
0.9819582247
0.987084578
0.9889228343
0.9920303695
0.992937811
0.9944059705
0.9958382625
0.9972036211
0.9978728603
0.9977920537
0.9974507116
0.996518086
0.007638897291
0.005563958715
0.005564163622
0.005564255105
0.005564268375
0.005564254303
0.005564220307
0.005564160432
0.005564071894
0.005563975915
0.005563925804
0.005563965268
0.005563987205
0.005563953451
0.005563793481
0.005564700737
0.006443169656
0.008538443579
0.9855327692
0.9951406583
0.995890924
0.9949210038
0.9754904332
0.007870757882
0.006378342658
0.005566280031
0.005564565647
0.005563961562
0.006680246016
0.9919088455
0.9953665843
0.9936711944
0.9924934728
0.9943647454
0.9939954124
0.9878058742
0.9911155636
0.99460978
0.9832195092
0.007326018828
0.00556462776
0.005563639184
0.005563810488
0.005563800621
0.005563776254
0.005563751059
0.005563731261
0.005563704776
0.005563670754
0.005563629889
0.005563583528
0.005563535179
0.005563485146
0.00556343419
0.005563391616
0.005563355844
0.005563324756
0.005563342257
0.005563344614
0.005563258387
0.005563296271
0.005563298166
0.005563999833
0.006331193014
0.007716940162
0.9404443506
0.9820248721
0.9914435932
0.9908164285
0.9905186551
0.9902752951
0.9850131794
0.9808568196
0.9852784889
0.9848005374
0.9229274067
0.9702536468
0.02173190939
0.01106234139
0.005562602488
0.005562760243
0.005562826708
0.00556290741
0.00556299955
0.005563100698
0.005563208917
0.005563320015
0.005563430916
0.005563541868
0.005563653604
0.005563758892
0.005563854532
0.005563943989
0.005564012829
0.005564062676
0.005564083485
0.005564094683
0.005564079189
0.005564071111
0.005564022458
0.005564031653
0.005563932897
0.00556393935
0.005563798392
0.005564061511
0.005951427385
0.007610935154
0.01936890116
0.994207668
0.9935395314
0.9921306689
0.9902029583
0.9919795127
0.9922721834
0.9932469204
0.9938995021
0.9954240654
0.9963163993
0.9964429015
0.9961387574
0.9963695206
0.99096803
0.00604272304
0.005563809509
0.005563973174
0.005564050917
0.005564096833
0.005564103864
0.00556406683
0.005563971995
0.005563831252
0.005563729445
0.005563747766
0.005563730721
0.005563551674
0.005749440493
0.007202449735
0.01836079382
0.9953631291
0.9964816669
0.9971705977
0.9962874263
0.9153195314
0.006794836352
0.005824408102
0.00556376772
0.005563972533
0.005564080863
0.005563956238
0.005563683753
0.007735234693
0.9957259974
0.9951346742
0.993267529
0.995130293
0.9961776574
0.995330084
0.9928978406
0.9927140199
0.0106096931
0.00590794151
0.005563833278
0.005563705464
0.005563768414
0.005563783444
0.005563776854
0.00556375381
0.00556372899
0.005563700746
0.005563668124
0.005563629425
0.005563584247
0.005563537008
0.005563485241
0.005563430915
0.005563392231
0.005563350308
0.005563289388
0.005563313176
0.005563362272
0.005563253381
0.005563327172
0.005835133229
0.006973330194
0.01641513535
0.9932600371
0.9940349681
0.9932159806
0.9941685443
0.9934209181
0.9802767451
0.989196902
0.9823358274
0.9727535672
0.9866724486
0.9885628201
0.9685380032
0.8481589138
0.01993862835
0.01106233602
0.00556259543
0.005562749746
0.005562819212
0.005562903385
0.005562998159
0.005563100896
0.005563210229
0.005563319797
0.005563426148
0.0055635323
0.005563641826
0.005563741415
0.005563829756
0.005563920221
0.005563983253
0.005564028938
0.005564039643
0.005564051355
0.005564014673
0.005564031294
0.005563924067
0.005563911682
0.005563749672
0.005563947276
0.005919032185
0.007169719211
0.01282726595
0.9894275231
0.9964712874
0.9967773697
0.9956728142
0.9941829108
0.9933466205
0.9940123356
0.9943733354
0.9954205405
0.9950077939
0.9953538602
0.9950620512
0.9917325948
0.994744479
0.9959333751
0.9959508828
0.009455942543
0.005563604386
0.005563763945
0.005563869567
0.005563950939
0.0055639885
0.005563975324
0.005563900567
0.0055637388
0.00556357031
0.005563571253
0.005563426563
0.005925171507
0.007303479628
0.9101090742
0.9959276334
0.9970313518
0.9965717013
0.9958500805
0.02222748039
0.007253376082
0.005686574455
0.005563679509
0.00556386243
0.005563907875
0.005563844198
0.005563754598
0.00556366156
0.005564242112
0.01267903721
0.9955313466
0.9951875779
0.9968647587
0.9977334637
0.9976836323
0.9959041058
0.9522533584
0.007044754794
0.005564267387
0.00556409241
0.005563892455
0.00556382303
0.005563792145
0.005563774099
0.00556375031
0.00556372393
0.00556369488
0.005563663457
0.005563626496
0.005563582271
0.005563537687
0.005563480782
0.005563413022
0.005563386506
0.005563353495
0.005563226527
0.005563211172
0.005563155256
0.005729846987
0.006589312427
0.009579651316
0.9773051053
0.9965760366
0.9969189762
0.9962463749
0.994692184
0.981657845
0.01167471981
0.007461105534
0.01200711711
0.9892507155
0.985099467
0.9904424297
0.9917032554
0.9884812851
0.9797712398
0.01965631602
0.01106232961
0.005562587417
0.005562738629
0.005562812929
0.005562902342
0.005563000844
0.005563105976
0.005563217621
0.005563324422
0.005563423055
0.005563522072
0.0055636292
0.005563717113
0.005563790348
0.005563882977
0.005563935447
0.005563975507
0.005563958312
0.005563992752
0.005563898887
0.005563898363
0.005563733515
0.005563932094
0.005919489892
0.007148705569
0.01257327116
0.9887398427
0.9961767565
0.9969254012
0.9967589004
0.9966886604
0.9955473681
0.9952002072
0.9951146437
0.9958631311
0.9957647556
0.9965445685
0.9963261184
0.9901436962
0.0136631971
0.009263475581
0.993239162
0.9961416538
0.9969809057
0.9953298148
0.006452865764
0.005563641488
0.005563763851
0.005563848139
0.005563885619
0.005563883175
0.005563819369
0.005563750946
0.005563594895
0.005563875309
0.006274261311
0.008221149724
0.9858942348
0.9939174915
0.9953805558
0.9950519008
0.9884394584
0.009075967921
0.006575502407
0.005565417859
0.005564188717
0.005564183514
0.005563989535
0.00556391419
0.005563763252
0.005563633232
0.005563615077
0.005564132091
0.007051957802
0.9894553128
0.9952106871
0.9972241797
0.9979859413
0.9980287338
0.9971759731
0.01337195334
0.005853163753
0.005564240473
0.005564037846
0.005563888849
0.005563825299
0.005563784317
0.005563759569
0.005563735714
0.005563711383
0.005563684441
0.005563655548
0.00556361896
0.005563575117
0.005563540572
0.005563482252
0.005563389893
0.005563375073
0.005563409387
0.005563281663
0.005563807596
0.006304464808
0.007660566129
0.9038717421
0.9942304215
0.9962821866
0.9970776773
0.9968429489
0.9840410717
0.01103640473
0.007096539671
0.005976150366
0.005565676178
0.007150492705
0.9828276554
0.9873818485
0.9912995351
0.9920023335
0.9909671666
0.9894201948
0.0253361825
0.01106232177
0.005562578471
0.005562727575
0.00556280936
0.005562905959
0.00556300895
0.005563117899
0.005563235393
0.005563337232
0.005563422263
0.005563513273
0.005563623545
0.005563687643
0.005563732059
0.005563833239
0.005563852543
0.005563901333
0.005563821501
0.005563841052
0.005563705181
0.005563959543
0.005925248308
0.007161136176
0.01266870242
0.9889349309
0.9962020427
0.9969940028
0.9969797891
0.9972252624
0.9969098823
0.9965921105
0.996431199
0.9957837049
0.9951997019
0.9958018288
0.9953036937
0.9901397532
0.01708974257
0.008021356694
0.006103454232
0.005564762699
0.008839525931
0.9954827579
0.996955894
0.9975155586
0.01569014917
0.005564087407
0.005563737611
0.005563788813
0.005563775835
0.00556370486
0.005563579767
0.005563377736
0.005722674489
0.006771756465
0.01231730434
0.9934549743
0.9956751746
0.9957351487
0.9937150783
0.973310499
0.007335372737
0.005989586879
0.005564040715
0.005564074997
0.005564189733
0.005564260276
0.005564007837
0.005563835079
0.005563677149
0.005563694143
0.005835164253
0.006960508023
0.01193427501
0.9872242141
0.9931190193
0.9965154343
0.9974832033
0.9975993834
0.997333516
0.9956326977
0.006664766123
0.005564291288
0.005564036758
0.005563881599
0.005563815879
0.005563773358
0.00556374244
0.005563714925
0.005563692088
0.005563669494
0.005563646039
0.005563605514
0.005563551077
0.005563536209
0.005563481037
0.005563347176
0.005563309204
0.00556323626
0.005746924837
0.006795101311
0.01631579018
0.993766933
0.9952685489
0.9952704853
0.9952590619
0.9943721964
0.02090224098
0.00726731418
0.005900768945
0.005565086168
0.00588116827
0.006945256763
0.01167015893
0.983696017
0.9809907419
0.9866619854
0.9886129574
0.9906507396
0.9916473152
0.9773858055
0.01106231205
0.005562568654
0.005562717661
0.005562811161
0.005562916819
0.00556302312
0.005563137485
0.005563270918
0.005563365986
0.005563423793
0.005563503485
0.005563641923
0.005563668158
0.005563641799
0.005563779607
0.005563725332
0.005563732692
0.005563607608
0.005563915514
0.005934021048
0.007233834006
0.01293292772
0.9891285814
0.9962396218
0.9970274352
0.9970296532
0.9973147768
0.9971369537
0.9970565486
0.9970450798
0.9965489122
0.9966428712
0.9964841558
0.9876364354
0.9487651893
0.01082447782
0.007223898375
0.006048803896
0.005565506239
0.005564682346
0.005564172464
0.005831157624
0.9588390619
0.9961300299
0.9974143585
0.9963656604
0.007160745423
0.005563612478
0.005563752313
0.005563705318
0.00556357857
0.005563288359
0.005824896954
0.007037318507
0.7980166712
0.9948745828
0.9966638537
0.9966253146
0.9949695709
0.7281291199
0.007118215533
0.005803293815
0.005564052878
0.005564212052
0.005564101759
0.005564071065
0.00556412631
0.005564041936
0.005565333631
0.005990258969
0.007107557037
0.01059846076
0.9767629878
0.9946288347
0.9951041513
0.9948107462
0.9947885692
0.9951503711
0.9958365736
0.9963309296
0.9967901243
0.01241595097
0.005563959037
0.005563910581
0.005563823628
0.005563774176
0.005563743041
0.005563714684
0.005563684353
0.005563662517
0.005563647314
0.005563641818
0.005563598027
0.005563514897
0.005563516292
0.005563506776
0.005563350426
0.00557313859
0.006448455022
0.007925953289
0.94408591
0.9965322536
0.9970141858
0.9965009881
0.9946027619
0.9197105043
0.007823377288
0.006398458742
0.005565950452
0.005821868643
0.006682801345
0.009871653762
0.9435764592
0.9922689757
0.9921164352
0.9821948428
0.9688273064
0.9705217303
0.987647542
0.99378391
0.9884761301
0.01106230077
0.005562558458
0.005562710258
0.005562822709
0.005562940096
0.005563043424
0.005563160992
0.005563331598
0.005563426554
0.005563439034
0.005563481747
0.005563686839
0.005563699489
0.005563559517
0.005563686305
0.005563549117
0.005563902707
0.00592954061
0.007225616154
0.01322037639
0.9899777356
0.9963161568
0.9970340446
0.9970388187
0.9973290143
0.9971549409
0.9970913481
0.9971056968
0.9966605676
0.9964731571
0.9952850576
0.9856284707
0.01388428311
0.008171135677
0.006144498082
0.005821133482
0.005564625477
0.005564711906
0.005564610455
0.00556455146
0.005564167076
0.005563596662
0.006571611987
0.9944380826
0.9971059403
0.9967343398
0.9897448508
0.00602500313
0.005563884995
0.005563840695
0.005563599399
0.006024785818
0.007459292658
0.9764075245
0.9931234735
0.9954007847
0.9955311829
0.9929560459
0.01161731491
0.006763328248
0.005740078814
0.005564371433
0.005564448642
0.005564198769
0.005563979609
0.005563764189
0.005787841842
0.006137810609
0.009047567707
0.02136863319
0.9918077912
0.9960290718
0.9970568483
0.9963426291
0.9957442308
0.9960627945
0.9966805515
0.9863246875
0.9777020931
0.9938670303
0.9966234052
0.9948241237
0.006363828691
0.005563561664
0.005563644254
0.005563676116
0.00556368709
0.005563675901
0.005563645326
0.005563621162
0.005563605472
0.005563634864
0.005563610394
0.005563465439
0.00556343853
0.005563285021
0.00573724133
0.006975184008
0.04841521452
0.9951679928
0.9961987975
0.997357238
0.9969847401
0.9903547876
0.01114812342
0.006649185495
0.005746079033
0.005997333923
0.007132001426
0.01065943251
0.9764704996
0.9942647061
0.9952521002
0.9946016556
0.9921417586
0.9805771253
0.9451277667
0.9665643426
0.9781510949
0.9945383345
0.9929843628
0.0110622924
0.005562550435
0.005562707084
0.005562849127
0.00556298537
0.005563075633
0.005563178901
0.005563413446
0.00556351734
0.005563503816
0.005563489287
0.005563699136
0.005563627248
0.005563686847
0.005567231997
0.006044192277
0.007416916359
0.01377434481
0.9901594459
0.9964031834
0.9971512455
0.997049928
0.997289051
0.9971418418
0.9970881576
0.9970959483
0.9966477895
0.9964410283
0.9951446993
0.9808112989
0.01053851689
0.006860789266
0.005914114339
0.005564485398
0.005564193082
0.005564506706
0.005564647146
0.005564820975
0.005564651463
0.005564319932
0.005563993752
0.00556374376
0.005563702704
0.01066679431
0.9966889141
0.9967693627
0.9967712055
0.01430929204
0.005565115681
0.005566513381
0.006654224821
0.009395501332
0.9895806002
0.9951300529
0.9953627149
0.9937788701
0.9856979317
0.00814161057
0.00623948247
0.005564767119
0.005564839938
0.005564843895
0.005564491188
0.005564294301
0.005842969393
0.006718440065
0.009951944876
0.9523386414
0.9918018243
0.9974322739
0.9976674813
0.9971297269
0.9976756506
0.997486525
0.9921076918
0.9822283686
0.01978101276
0.009608637184
0.007137191902
0.9916973887
0.9964475151
0.9962484947
0.009394252933
0.005563351936
0.005563469783
0.00556357864
0.005563636977
0.005563644624
0.005563613297
0.005563584896
0.005563548502
0.005563607321
0.005563659012
0.005563548069
0.005564036336
0.006225387208
0.00747829818
0.9169296463
0.9966896189
0.997070376
0.9962244349
0.9960547091
0.02980786667
0.007537728883
0.007071398039
0.006253694382
0.00889453642
0.02079224576
0.9916571274
0.9959616785
0.9969757967
0.9963002584
0.9959352561
0.9955636491
0.9951680936
0.9844972053
0.9348088476
0.9684049313
0.01197099808
0.9950384306
0.9942518869
0.01106230686
0.00556255288
0.005562711677
0.005562891614
0.005563054227
0.005563132107
0.005563196261
0.005563459213
0.005563458072
0.00556344714
0.005563739448
0.005569696879
0.005943368691
0.006406703389
0.01003105992
0.03597682133
0.9934600873
0.9967659207
0.9972735924
0.9971153348
0.9973706691
0.9970657102
0.9969628024
0.997081397
0.9966432199
0.9964176867
0.9951026809
0.9802484803
0.01035953375
0.006776839939
0.005846231571
0.005564004191
0.005563966362
0.005563964699
0.005564245412
0.005564573796
0.005564699968
0.005564562046
0.005564319534
0.005564043754
0.005563834876
0.005563802136
0.005564139144
0.006248444735
0.9926179807
0.9958077165
0.9961450665
0.9966717736
0.009966229106
0.007932116171
0.02726020973
0.9960602184
0.9966200038
0.9969790558
0.9957798144
0.8920075883
0.007345208246
0.005922537289
0.005564789843
0.005564903553
0.00556486291
0.005567909432
0.006059254435
0.007377344217
0.01177628911
0.9837621175
0.9950705847
0.9961737433
0.9964110974
0.9966032914
0.9971430952
0.9961310126
0.9921247565
0.02361226941
0.009455703123
0.006293844414
0.005967239615
0.005566396503
0.005564488579
0.009882021152
0.9964891636
0.9969992774
0.9934713184
0.00619362205
0.005563354535
0.005563521678
0.00556361707
0.005563634214
0.005563587431
0.005563574145
0.005563478185
0.005563487095
0.005563384866
0.005787706247
0.007054479126
0.01417525218
0.9933587115
0.9957519342
0.9972222065
0.9965714925
0.9872369249
0.009051336038
0.007367122012
0.007060626195
0.01168006862
0.9838306767
0.9913924498
0.997365849
0.9975701207
0.996934789
0.997470882
0.9971472265
0.9902457726
0.9337706233
0.01119368994
0.008177020802
0.007021739166
0.00698601999
0.007890482138
0.9940718581
0.9949854992
0.01106244671
0.005562584087
0.005562723337
0.005562916887
0.00556303625
0.005563080467
0.005563258315
0.005564483645
0.005844936443
0.006113205497
0.007090447053
0.01185794595
0.04937343274
0.9925369767
0.9954166852
0.9979930857
0.9979645686
0.9975446209
0.9975541737
0.9970850191
0.9968358102
0.9965088708
0.9965232525
0.9964911484
0.995128563
0.9798764054
0.01031830446
0.006770445764
0.005843321676
0.005564006884
0.005564008081
0.005564055189
0.005564386426
0.005564503705
0.005564433642
0.005564256828
0.005564261507
0.005564062797
0.005563813529
0.005563655575
0.005563596434
0.005563683305
0.005564108743
0.005566029633
0.01092189524
0.9946004181
0.9938475986
0.9950295548
0.9935108948
0.9845750579
0.996320386
0.9971314022
0.9963813006
0.9950583665
0.01674574582
0.007135538437
0.005757929171
0.00556502884
0.005564749673
0.00580579998
0.006196508303
0.009746392475
0.03168529113
0.9931573768
0.9964576454
0.9972416099
0.9966242297
0.9964277876
0.9960408463
0.9946003389
0.97851866
0.01073541337
0.007139420402
0.006003983009
0.00556609423
0.005564539567
0.005564380644
0.00556416505
0.00556403246
0.006259685283
0.9941115926
0.9969628923
0.9963470448
0.009989678729
0.005563418778
0.005563546438
0.005563645405
0.005563671615
0.005563589676
0.005563606495
0.005563560322
0.005564004532
0.006204500645
0.007666337253
0.8595547543
0.9950310586
0.9962572911
0.996061653
0.9962254957
0.02359700524
0.008838478347
0.009935585367
0.01720737901
0.9908572902
0.9956563341
0.9964444168
0.9963014396
0.9964242363
0.996898952
0.9955510225
0.9900852962
0.0171856119
0.008573196933
0.006106526943
0.005812873889
0.005565886567
0.005565248993
0.005564365536
0.006340851351
0.9896242085
0.9936630012
0.01106381032
0.005562739086
0.005562721576
0.005563169236
0.005761918821
0.006000059724
0.006773431786
0.009967655601
0.02097089892
0.9895571448
0.9937229526
0.9969875032
0.9983584664
0.9982705391
0.9979594996
0.9980434154
0.9980828927
0.9976357566
0.9972251141
0.9965160939
0.9955665004
0.9937888208
0.991917761
0.9897308431
0.01046798061
0.006744879646
0.005841055216
0.005564317653
0.005564119287
0.005563998057
0.005564204918
0.005564327093
0.00556466185
0.005565408275
0.005566966269
0.005572265424
0.005871638442
0.005969952197
0.006216723874
0.006416094315
0.006616173309
0.006866210849
0.007342457803
0.009072495285
0.01910757725
0.9962692196
0.9959557579
0.9959886929
0.9961116115
0.9953262364
0.9952983625
0.9948471356
0.9843160567
0.008305954259
0.006380585131
0.005565248657
0.005565794176
0.005978188823
0.006950139438
0.01050258186
0.9671684315
0.9928281294
0.9976463018
0.9977586896
0.9971372552
0.99758996
0.9972336729
0.9908882877
0.9210809665
0.009506816234
0.006579983402
0.005807625224
0.005564112928
0.00556407688
0.005564057494
0.005564317814
0.005564438557
0.005564168853
0.005563809941
0.005563746602
0.01065974875
0.99609776
0.9960990411
0.992814085
0.006612717643
0.005563525628
0.005563673099
0.005563652211
0.005563533433
0.005563635626
0.005879277634
0.007113349307
0.01280152326
0.9903991241
0.9921325714
0.9927288277
0.9915807288
0.9839728851
0.02411440182
0.02516778468
0.9882575463
0.9932700662
0.9973335723
0.9975727146
0.9966804031
0.9965998941
0.9960812854
0.9937640026
0.9658338696
0.009829209202
0.006915276337
0.005947171359
0.005567785781
0.005567142731
0.005566761418
0.005566089818
0.005565792683
0.00556483823
0.006194186025
0.9774859535
0.9909894658
0.01263887492
0.005945613034
0.006183437795
0.00786069706
0.01288330708
0.9836767896
0.9929398495
0.9967564819
0.998259253
0.9982774484
0.9980946211
0.998286409
0.9984639816
0.9985606325
0.9983733739
0.9982372854
0.9979859374
0.9976604646
0.9972010465
0.9962818769
0.9945522014
0.9901175844
0.9849244793
0.01677047864
0.01334615199
0.01090448754
0.01007374693
0.009876276974
0.009865795001
0.009933412382
0.01004855466
0.01021919083
0.01050123178
0.01107826874
0.01271047665
0.02355140621
0.04164176596
0.98060941
0.9728081662
0.9865828281
0.9905460492
0.9925909682
0.9940033362
0.9952941891
0.9969393037
0.9972144566
0.9971474548
0.9969749808
0.9969183777
0.996648154
0.9956048305
0.9916395174
0.007754298633
0.005938482443
0.005846667805
0.006171746852
0.008574988444
0.01691295487
0.9883282578
0.9952688483
0.9962020827
0.9964942034
0.9966318261
0.9970313427
0.995674776
0.9903756069
0.01731733988
0.008566199877
0.006092588925
0.005776092132
0.005563852399
0.005563990944
0.00556400599
0.005564223062
0.005564224254
0.005564199588
0.005564206055
0.005564034941
0.005563791981
0.005563544431
0.006715300681
0.9921341103
0.994466947
0.9930288405
0.9417248936
0.005923552453
0.005563851733
0.005563782176
0.005879469807
0.006869785261
0.01049262052
0.9797459823
0.9950673622
0.995753259
0.9943148925
0.9920500465
0.9866988917
0.9674756303
0.9913522073
0.9967403672
0.9973565463
0.9967803024
0.9968553451
0.9972552424
0.9964441158
0.9883737599
0.7882989045
0.009192055285
0.00642362371
0.005781576791
0.005569460893
0.005569738339
0.005568879247
0.00556860463
0.005567875426
0.005566582547
0.005565778982
0.005564985353
0.006159022759
0.9501085147
0.98731226
0.9888457015
0.03146607302
0.9935588196
0.9958534689
0.9979773174
0.9982655376
0.9982508107
0.9984631039
0.9986533959
0.9987840164
0.9987197551
0.9987085279
0.9986663732
0.9986023076
0.9985401975
0.9984312464
0.99821203
0.9979491247
0.9976445544
0.9972028484
0.9966836698
0.9962688324
0.996321571
0.9974325713
0.9980425516
0.998172596
0.9981219922
0.9981070386
0.9981162707
0.9981375589
0.9981653595
0.9981979441
0.9982361522
0.9982828356
0.9983432599
0.9984299263
0.9986169307
0.9980468833
0.997039308
0.996774097
0.9967595717
0.9967899221
0.9968077602
0.9968078041
0.9968766669
0.9972185631
0.9971412557
0.9968474988
0.9960032799
0.9940531975
0.9899952263
0.01190191806
0.008141570045
0.009373528174
0.01513294045
0.976496581
0.989733545
0.9968286765
0.9967684819
0.9963537762
0.9961711501
0.9958468456
0.9940995539
0.9669135364
0.009780391263
0.006890107034
0.005937887104
0.005564989224
0.005564204567
0.005564143633
0.005564013376
0.005564151761
0.005564120112
0.005564099229
0.005564090763
0.005564060894
0.005564039517
0.005563961261
0.005563828814
0.005564056574
0.006027759548
0.9527488955
0.9871476967
0.9890757455
0.9924893608
0.009182182264
0.006030671118
0.007127108184
0.01105205757
0.9801717669
0.9946623076
0.9958795813
0.9955925373
0.9957328468
0.9940128577
0.992989035
0.9921956618
0.9928011721
0.9952368461
0.9964074103
0.9974464279
0.9973741483
0.9931581556
0.9762106102
0.01139633643
0.007595568159
0.006044624093
0.005790423054
0.005574238291
0.005574864817
0.005572740569
0.005571779141
0.005570011168
0.005568520002
0.005567434853
0.005566414004
0.005565775186
0.005565267946
0.006111899813
0.7953012002
0.9855247922
0.996171824
0.9983302278
0.9987126386
0.9987058073
0.9988617459
0.9989847308
0.9989733799
0.9989826172
0.9989752752
0.9989634081
0.9989634104
0.9989436564
0.9988773078
0.9987951164
0.9987201188
0.9986324859
0.9984910146
0.9983297377
0.9981709024
0.9980182229
0.9979205081
0.9979328624
0.9980658831
0.998253327
0.9985797058
0.9986725789
0.9987107488
0.9987325491
0.9987477733
0.9987608971
0.9987726417
0.9987824151
0.9987885746
0.9987879626
0.9987749924
0.9987410304
0.9986794868
0.9985938341
0.998236628
0.9979771256
0.9977830524
0.9976273241
0.9974749446
0.9973201042
0.9972146899
0.9972512056
0.9973332938
0.9970956291
0.9962548634
0.9942423578
0.9899409519
0.9899261703
0.9932324923
0.9955564452
0.9974217432
0.9969566791
0.9957717493
0.9956148559
0.9955642136
0.9946829683
0.9928158394
0.9694622426
0.00902508398
0.006412219624
0.005769810627
0.005564276214
0.005564128291
0.00556390856
0.005564039161
0.005564138267
0.005564005258
0.005563935403
0.005563892782
0.005563854071
0.005563836683
0.00556383653
0.005563866869
0.0055639362
0.005564143457
0.005564592431
0.005993629408
0.01046232588
0.9882431873
0.9823643622
0.990573689
0.9927085322
0.013653046
0.9866125557
0.9950069842
0.9959888793
0.9957995134
0.9962759632
0.9957177106
0.9954647529
0.9946632444
0.9950132099
0.9941277258
0.9940988864
0.9954673368
0.9944238679
0.9871862832
0.01771143452
0.009226403996
0.006207220696
0.005809571705
0.005584552531
0.005585412392
0.00558556901
0.005580278084
0.00557749573
0.005574010036
0.005571311019
0.005569249433
0.005567764136
0.005566786983
0.005566140266
0.005565890316
0.005565687014
0.00613863004
0.7781168042
0.9838064789
0.9979408845
0.9989302025
0.9992063976
0.9992371194
0.9992558246
0.9992533275
0.9992506847
0.9992384457
0.9992039504
0.9991659489
0.9991377233
0.9991063348
0.99904836
0.998976711
0.9989055736
0.998830178
0.9987384067
0.9986434934
0.9985596579
0.9984976093
0.9984739968
0.9984963194
0.998552633
0.9986112197
0.9986637843
0.9987234329
0.998763825
0.9987920278
0.9988095369
0.9988202043
0.9988260058
0.9988268518
0.9988210004
0.9988051699
0.9987748852
0.9987265953
0.9986656256
0.9986114131
0.9985589661
0.9984485491
0.998308413
0.9981740371
0.9980453577
0.9979297968
0.9978564084
0.9978522472
0.9978650748
0.9977670839
0.9974815796
0.9970660164
0.9967665624
0.9967092491
0.9970207128
0.9972033672
0.9972522239
0.9971868282
0.9960879531
0.9944416526
0.9899326965
0.9849699131
0.01932719559
0.01204152649
0.009961148513
0.009186579019
0.008797475767
0.008663149515
0.00860515022
0.008572423304
0.008548272729
0.008526983138
0.008506315528
0.008485762947
0.008465273078
0.008445164779
0.00842705522
0.008416340307
0.008429700852
0.00851948947
0.008881185724
0.01066684204
0.01216885242
0.9847075624
0.9926781395
0.9934782852
0.9938129828
0.9949941432
0.995542613
0.9959595811
0.9955651783
0.9962136527
0.9958482174
0.9959202614
0.9956608818
0.9957242453
0.9948089415
0.9953268734
0.9950045554
0.9788035143
0.8267061828
0.009918799238
0.006782645123
0.005981625618
0.005613400565
0.005609836214
0.005610006695
0.005600799015
0.005594211733
0.005588750479
0.005581624372
0.005576449635
0.005572677936
0.005570042452
0.005568159203
0.005566910277
0.005566160263
0.005565797511
0.005565965939
0.005566199279
0.006024904018
0.4678392371
0.9869634946
0.9986692847
0.9992957277
0.9994040588
0.9994488339
0.9994563152
0.9994392161
0.9994178584
0.9993933641
0.9993569396
0.9993157249
0.9992768112
0.9992360766
0.9991843509
0.999124796
0.9990635965
0.9990010735
0.9989356539
0.9988738044
0.9988221603
0.998786543
0.9987722366
0.9987783853
0.9987959476
0.9988098938
0.9988150029
0.998823587
0.9988421356
0.9988595275
0.9988712997
0.9988773859
0.9988785243
0.998874702
0.9988648977
0.9988474119
0.9988208914
0.9987868633
0.9987540192
0.9987356817
0.9987263681
0.9986928878
0.9986245743
0.998546467
0.9984718269
0.9984104983
0.9983749758
0.9983692429
0.9983682189
0.998329858
0.9982401146
0.9981312106
0.9980578265
0.9980171831
0.9979277724
0.9977616667
0.9975151295
0.99717758
0.9967597823
0.9960956187
0.9951845668
0.9948852725
0.9964681067
0.9973786371
0.9973218654
0.9975110497
0.9974555357
0.9974210814
0.9974004821
0.9973852591
0.9973718547
0.9973588934
0.9973459
0.9973327241
0.9973192897
0.9973054731
0.9972910106
0.997275409
0.9972579828
0.9972387421
0.9972236277
0.9972527328
0.9975688629
0.996798385
0.9963089536
0.9965142417
0.9968321357
0.9971412407
0.9970304448
0.9968010257
0.9959498544
0.9959430926
0.9957192531
0.9958988611
0.9952188285
0.9949480527
0.9919473838
0.9569777073
0.01094670115
0.007608658759
0.006203694387
0.005929888459
0.005662378285
0.005666395282
0.00565774452
0.00563829429
0.005621070469
0.005604708386
0.005594068932
0.005586490552
0.005580136899
0.005575098918
0.00557147554
0.005568987333
0.005567307582
0.005566236739
0.005565660904
0.005565478249
0.005565908967
0.005567205803
0.005813551831
0.4706992006
0.9895829819
0.9991269092
0.9995165418
0.9995660506
0.999581455
0.9995775261
0.9995576095
0.9995308885
0.9995003551
0.9994640624
0.9994241161
0.9993832334
0.9993403376
0.9992925733
0.9992412447
0.9991889012
0.9991367367
0.9990858703
0.9990398617
0.999001821
0.9989741522
0.9989582021
0.9989521337
0.9989504839
0.9989459487
0.9989362832
0.9989280791
0.9989272207
0.998930677
0.9989334879
0.9989337772
0.9989311153
0.9989253628
0.998916214
0.9989033773
0.998887381
0.9988710145
0.9988603775
0.9988610408
0.9988672679
0.9988624966
0.9988401873
0.9988087443
0.9987776653
0.9987541957
0.9987430742
0.9987428708
0.9987416724
0.9987239943
0.9986854447
0.9986352911
0.9985838905
0.9985211666
0.9984119059
0.9982347814
0.9980078434
0.9977623859
0.9975518202
0.9973739548
0.9972557172
0.9973445193
0.9975726231
0.9980546727
0.9981852574
0.9982166946
0.9982349585
0.9982447077
0.9982460036
0.9982440607
0.9982408676
0.9982371968
0.9982333344
0.9982293513
0.9982251697
0.9982204893
0.9982145394
0.9982055353
0.9981896629
0.9981595079
0.9981026878
0.9980056309
0.9978853424
0.9978307791
0.997546232
0.9975120282
0.9976037087
0.9977025285
0.9975595876
0.997058925
0.9962550358
0.9961583922
0.9952791613
0.9948592473
0.9919718398
0.8837035327
0.008926076747
0.006645572827
0.006035179301
0.005734585047
0.005761120989
0.005773946529
0.005741048462
0.00569595236
0.005668999185
0.00564195807
0.005619851452
0.00560222986
0.005592397994
0.005584692045
0.005579129705
0.005574203595
0.005570783984
0.005568372401
0.005566818836
0.005565876497
0.005565441485
0.005565367031
0.005566027744
0.005567409098
0.0055695043
0.01300742209
0.9907741743
0.9994488249
0.9996656869
0.9996785117
0.9996745714
0.9996601427
0.9996373942
0.9996094559
0.999577855
0.9995425321
0.9995043947
0.9994643795
0.9994222935
0.9993776068
0.9993313459
0.9992850481
0.9992399635
0.999197551
0.999159917
0.9991285356
0.9991040958
0.9990863463
0.9990734771
0.9990622208
0.9990489819
0.9990329139
0.9990174459
0.9990061269
0.9989986986
0.9989930484
0.998987528
0.9989814361
0.9989746674
0.9989674558
0.9989604013
0.9989547756
0.9989528968
0.998957826
0.9989708578
0.9989874639
0.9989992295
0.9990027681
0.9990011923
0.9989988521
0.998999474
0.9990045208
0.9990118029
0.9990150485
0.9990071343
0.998984887
0.9989491954
0.9989003566
0.9988317805
0.9987293056
0.9985854321
0.9984126036
0.9982394948
0.9981010878
0.9980060436
0.9979584021
0.9979760359
0.9980245521
0.998085131
0.9981700052
0.9982115067
0.9982246513
0.9982380581
0.9982455012
0.9982487438
0.9982501461
0.9982508817
0.9982514143
0.9982518656
0.9982521718
0.9982520802
0.9982510006
0.9982476755
0.9982396285
0.9982225284
0.9981903942
0.9981400443
0.9980865417
0.9980653881
0.9980612495
0.9979869534
0.9978860451
0.9977804431
0.9975260784
0.9971362456
0.9959462489
0.9952730685
0.991791257
0.9168005346
0.008718396704
0.006518776657
0.005906288226
0.005743129131
0.005826823162
0.005816561182
0.005795774773
0.005773763284
0.005735148464
0.005679221939
0.005645143852
0.005622557945
0.005608365699
0.005596474586
0.005588140009
0.005581501451
0.005576349153
0.005572434526
0.005569382947
0.005567532038
0.005566303927
0.005565519155
0.005565223017
0.005565452661
0.005565819133
0.005567733604
0.005568962908
0.0083951336
0.9891112124
0.9996907425
0.9997704469
0.999755479
0.9997380291
0.9997172345
0.9996929608
0.9996656375
0.9996352956
0.999601825
0.9995655829
0.9995269469
0.999486055
0.9994432596
0.9993996769
0.9993567195
0.9993157962
0.9992784181
0.9992460492
0.9992193886
0.9991981819
0.9991811782
0.9991661826
0.9991506067
0.9991325012
0.9991119908
0.9990914862
0.9990734648
0.9990585826
0.9990462418
0.9990355955
0.9990261321
0.9990179253
0.9990116656
0.999008657
0.9990107434
0.9990199406
0.9990374466
0.9990620221
0.9990890862
0.9991132167
0.9991324109
0.9991481669
0.9991629239
0.9991786639
0.9991955837
0.9992113616
0.9992216411
0.9992219
0.9992090691
0.9991809936
0.9991346662
0.999064979
0.9989661761
0.9988381289
0.9986921924
0.9985501432
0.9984350893
0.9983546353
0.9983055314
0.9982802203
0.9982578032
0.9982315144
0.9982212222
0.9982274828
0.9982314793
0.9982379262
0.9982451474
0.9982514613
0.9982569499
0.998262052
0.9982670203
0.9982719548
0.9982768923
0.9982818716
0.9982869998
0.9982925705
0.9982993211
0.998308983
0.9983253146
0.9983552854
0.9984067526
0.9984715492
0.9985006171
0.9984233087
0.9981821438
0.997705398
0.9968604957
0.9960865837
0.9939089174
0.9741135265
0.009975013945
0.00741729882
0.006574407229
0.006238938385
0.006476851234
0.007373931158
0.007633888313
0.006520946183
0.006666205398
0.00751601727
0.00770046677
0.006345837443
0.006433290102
0.005806209205
0.005892625112
0.006392174794
0.006643364554
0.006600969687
0.006793274504
0.006327658839
0.006731446238
0.006444329111
0.006643691626
0.006764612735
0.0064975324
0.006835807827
0.006634937563
0.007020872919
0.006835521321
0.00783814912
0.9683605872
0.9994258247
0.999703662
0.9996029724
0.999543572
0.9994954748
0.999448191
0.9993977444
0.9993418941
0.9992794514
0.9992106767
0.9991361543
0.9990563211
0.998972214
0.9988863055
0.9988016809
0.9987215234
0.9986491538
0.9985875955
0.9985381563
0.9984998876
0.9984695081
0.9984416962
0.9984105021
0.9983717274
0.9983256456
0.9982772634
0.9982323106
0.9981934375
0.9981606201
0.9981327087
0.9981086647
0.9980885033
0.9980738016
0.9980678564
0.9980753947
0.9981013313
0.9981480424
0.9982118321
0.9982820935
0.9983469721
0.9984013923
0.9984476381
0.9984904426
0.998534074
0.9985795322
0.9986229309
0.9986564384
0.9986716543
0.9986623154
0.998623198
0.9985468498
0.9984220883
0.9982374156
0.9979918422
0.9977062254
0.9974230141
0.9971896719
0.9970266444
0.9969239889
0.996853133
0.9967671153
0.9966499824
0.9965462426
0.996490999
0.9964693117
0.9964712634
0.9964840515
0.9965008797
0.9965180769
0.9965347394
0.9965509211
0.9965668313
0.996582713
0.9965989716
0.9966165003
0.996637347
0.9966659957
0.9967115076
0.9967900119
0.9969239428
0.9971274635
0.9973675185
0.9975379351
0.9975057834
0.9971291507
0.9960889681
0.9931727669
0.9867347021
0.04410425278
0.01850574239
0.01538322766
0.8920065941
0.01821119079
0.8966459347
0.01979787856
0.8714424223
0.1174971965
0.8145774022
0.2882299078
0.7825929306
0.2173746537
0.7866041415
0.2289910749
0.7653515595
0.3193722093
0.7435284603
0.2963595145
0.7089930535
0.3468141968
0.677716247
0.4466097866
0.5835147406
0.5155918688
0.5305250183
0.4915797889
0.5958084686
0.4049855161
0.6527124054
0.3727268292
0.7852661565
0.04174677758
