0.9552343981
0.9742671763
0.9675475549
0.9636923754
0.9514750042
0.9378800463
0.9260919058
0.906895764
0.8589348853
0.8961552046
0.9001756719
0.8858664468
0.9036010171
0.8594118194
0.8421917651
0.8718272652
0.7841751394
0.8019706202
0.8526348956
0.8383163464
0.8566623738
0.8408972282
0.8255248401
0.8206544862
0.8210672633
0.8143446739
0.7434970004
0.8847807138
0.7781221244
0.8128711559
0.7899318185
0.7845054877
0.7828802344
0.7847189446
0.767994558
0.8075801885
0.7707997412
0.8197215776
0.758689215
0.7550310064
0.7456062155
0.7146818598
0.7403546829
0.7700842907
0.7643824655
0.7476778527
0.7807463079
0.6675607793
0.7886681475
0.8737428251
0.7064147148
0.691746993
0.7600638533
0.6990673242
0.7256552847
0.7204628507
0.6123193972
0.7208721749
0.6937469592
0.8105112367
0.6773630627
0.6942447234
0.670831394
0.6791838619
0.67977613
0.6648151755
0.6791079035
0.7512795076
0.6570218439
0.6816703626
0.6807687016
0.6715673121
0.6462288398
0.6608130687
0.6753188902
0.6494135647
0.6785128878
0.6601833705
0.7422898369
0.6277334657
0.6225990789
0.7269025336
0.6095453633
0.6021974836
0.6583351436
0.6339522407
0.5719817231
0.7280576083
0.5603670125
0.6108072603
0.5477143723
0.5600425788
0.5465612729
0.5881773733
0.5695844171
0.5508145686
0.5342641586
0.5880288336
0.5290158087
0.5161552132
0.63196154
0.4972734681
0.5156249401
0.4331649002
0.4734690803
0.4747784403
0.4651273006
0.4807750317
0.4332372354
0.4412688268
0.4286458307
0.4271703315
0.4428087602
0.4413164812
0.4470735335
0.4081670588
0.4314387089
0.394972154
0.4054901901
0.4262666882
0.3713954414
0.9623014719
0.9849188363
0.9799365078
0.9839250398
0.9838754755
0.9784278907
0.9803330167
0.9697135982
0.9554118388
0.9507356331
0.9502120501
0.9550600003
0.9449419617
0.9276709748
0.9398521317
0.9105940513
0.9219650281
0.9598864901
0.9436430269
0.9366180008
0.952691149
0.9497013
0.9480318431
0.9436210139
0.9284173376
0.9095604172
0.8506589881
0.8548543235
0.9348881642
0.9202080386
0.9214574976
0.9210712174
0.9304828997
0.9306195918
0.9247909941
0.9437945777
0.9182382112
0.9188663935
0.9336345078
0.9112170796
0.9004624863
0.932503688
0.9172656765
0.9169005096
0.8955184974
0.9030369645
0.9123849565
0.8710218289
0.9022568225
0.2200590393
0.9035959602
0.8548651783
0.8615355177
0.8688889322
0.8675313663
0.8645520841
0.9180062523
0.8943912749
0.8635424689
0.8516840367
0.8522341038
0.8367636083
0.8489263527
0.8351069497
0.8339341454
0.8214450778
0.8225834421
0.7977816136
0.8046689417
0.8123175825
0.8144983987
0.8045701981
0.7768863319
0.7702672843
0.8043282881
0.7613763287
0.7584013169
0.7409174027
0.7271573971
0.7153026832
0.7603351173
0.7290551881
0.6605930238
0.7180100773
0.7121998329
0.587199258
0.693590205
0.6411435939
0.5894182121
0.6076099442
0.6291287325
0.6113188433
0.5665771942
0.5576956054
0.5778805446
0.519580733
0.5197020928
0.5302683883
0.4627431752
0.4946513548
0.4632123882
0.4965653551
0.4893808842
0.4710853362
0.5196777186
0.4021076449
0.4197635609
0.4009740739
0.4141700837
0.4499108109
0.3972556205
0.3794941504
0.3972817143
0.3646465458
0.3272069705
0.3399115147
0.3085047429
0.3346653047
0.3884507301
0.33960316
0.442640653
0.8796077792
0.9701328563
0.9809649277
0.970759373
0.9734081215
0.9658453272
0.9629487246
0.9592560057
0.9650157286
0.941234101
0.9350215846
0.9378792274
0.9401694264
0.9316487809
0.9307175927
0.9204242689
0.9039883599
0.929082874
0.9469259596
0.931525216
0.9387808145
0.9467985333
0.9419189671
0.9458950751
0.929094804
0.9292824858
0.9249872251
0.9498200288
0.9081787836
0.932621212
0.912380913
0.9234885622
0.9170958148
0.9089231187
0.9217208489
0.8946020948
0.8845518046
0.8976849859
0.8870771418
0.9078862727
0.884070815
0.8710530582
0.8906401163
0.8768782712
0.9097622458
0.8746956723
0.8725644521
0.8753285602
0.8790939621
0.7545353779
0.8262775081
0.8685820143
0.8489897907
0.8730600536
0.8641394517
0.8455187769
0.8405566671
0.827254791
0.8422672559
0.8333135089
0.8078074486
0.8022311632
0.8154357694
0.8052574454
0.7924187865
0.7738235049
0.8061573287
0.7872181979
0.7872439981
0.7421033425
0.7991964174
0.7192525719
0.7059158469
0.7215995231
0.6287692849
0.6880859939
0.6883057707
0.6858792971
0.6590280422
0.6475969047
0.6277840095
0.632208929
0.6513517106
0.6780044992
0.6019692323
0.6236525501
0.6340703206
0.6131311766
0.5855452662
0.6893658065
0.5389918251
0.5007872426
0.538376087
0.6539966062
0.5119379473
0.4485210531
0.557647399
0.5074030718
0.4085099456
0.5833267937
0.4156181147
0.4596746312
0.3345559328
0.4495041406
0.4177666185
0.4064964518
0.4461724492
0.4029222322
0.3794782542
0.3559666215
0.3364014509
0.3302320162
0.3497459241
0.3385316238
0.3510197236
0.324998608
0.33151223
0.3156571475
0.3278970649
0.3306290689
0.4461719425
0.7864528151
0.8820188158
0.9130833496
0.9357161718
0.963342165
0.9349885856
0.9355153762
0.9328876461
0.9353868831
0.8998165796
0.8920785261
0.9095753917
0.9209066017
0.9114682783
0.9101506997
0.9052922405
0.9325978542
0.8694999842
0.9027124824
0.9081495405
0.9212884214
0.9112415837
0.9095270532
0.9042574838
0.9081409955
0.8919462651
0.8629501122
0.8494653991
0.8688339836
0.8575055925
0.8722032772
0.8664653252
0.8510612839
0.8618717085
0.8315998153
0.8463845167
0.8354075578
0.8316767798
0.837824467
0.8172886265
0.8281911117
0.8159240919
0.8138929764
0.8266593584
0.8228837812
0.8301463048
0.8314074876
0.8769707665
0.8205341745
0.8446379677
0.8348386625
0.7636796124
0.8092253884
0.8008451577
0.7905085369
0.8686117628
0.7783471052
0.8315715338
0.749188724
0.7667193645
0.7190532779
0.7532431383
0.7170632341
0.714165456
0.701544463
0.7946813891
0.7558540985
0.6886540501
0.727880493
0.693336484
0.7226933378
0.6825199814
0.6797373586
0.708521862
0.7505270682
0.6995622922
0.6506293791
0.6507030068
0.6619475111
0.6242149187
0.6259333959
0.5872734407
0.6097228505
0.5359152129
0.5755068708
0.603875469
0.5974746619
0.5473203645
0.4748211829
0.5722707699
0.5055691847
0.6241595237
0.5414778263
0.5510361201
0.4919271914
0.509472292
0.5930213464
0.3781022598
0.501269478
0.3870909796
0.4491696012
0.4471504881
0.4203534637
0.4284340514
0.3833615536
0.398987275
0.3700241793
0.3762681322
0.3047225461
0.3693396405
0.3489711623
0.3645945087
0.353533301
0.2209092743
0.3459933879
0.3085098373
0.3224876855
0.3434870526
0.3633204889
0.3891444344
0.4281791228
0.5631317458
0.7441987686
0.7209019256
0.8002015202
0.8480938352
0.8295066459
0.8357333217
0.8398512517
0.8283460848
0.8307178944
0.9025648752
0.8222842328
0.8386326429
0.8200515783
0.8383388189
0.8429175583
0.8256993485
0.788979379
0.82228326
0.8216803333
0.8315478554
0.8709143682
0.8208769791
0.8570778412
0.8277387701
0.7928271067
0.8037947657
0.7745686599
0.7573005257
0.8155456961
0.7698462906
0.7883055873
0.772148665
0.8510307623
0.7377904823
0.8502006431
0.7604288157
0.6868801119
0.7512318169
0.8070630158
0.7396683263
0.74515529
0.844655435
0.7266452979
0.8319305379
0.7499936355
0.7256906519
0.6996870989
0.7103306189
0.7309360367
0.6777532191
0.6659666162
0.6767332136
0.6654344525
0.7050930227
0.6801222511
0.6907792617
0.6808625941
0.6835531311
0.709063241
0.7577786605
0.6897269007
0.6572431187
0.6560078006
0.6726737114
0.6393436946
0.6010681667
0.6465740187
0.6348024577
0.643385509
0.6360577152
0.596048582
0.6068007557
0.6425791578
0.5116501151
0.6384946772
0.626018822
0.6331550312
0.6300057641
0.6847978223
0.5833735244
0.7079469402
0.5344696877
0.5585464571
0.5976621345
0.5246004713
0.4254125489
0.5558342248
0.5442297158
0.5555235268
0.4874282236
0.546627603
0.4783586411
0.5283029026
0.4640445307
0.4979839249
0.4562533301
0.4217012926
0.4969223195
0.4726376681
0.4001036967
0.4174161381
0.3961552302
0.3294670571
0.3557965359
0.3668451661
0.3725566379
0.3656014298
0.3919258213
0.3827912431
0.3384913128
0.328624131
0.3238409195
0.2668753538
0.3575120294
0.3113620178
0.3468002178
0.3563514062
0.3830411262
0.3646380413
0.4729309266
0.4996904294
0.5511050581
0.5770681556
0.6179583212
0.6329834945
0.6920507324
0.6929738746
0.7239167261
0.7081431979
0.7736340314
0.6625034774
0.6152256861
0.6943535181
0.7150428083
0.6854963723
0.6877493429
0.702284265
0.7026982132
0.7188106348
0.6856441724
0.6729577196
0.7153847544
0.7294220404
0.7275188649
0.7109824444
0.6899776956
0.6906458666
0.6948234986
0.7154058218
0.6966046919
0.7758111589
0.6649320254
0.6882281545
0.7066000877
0.6912056292
0.6939627507
0.6834852464
0.6721630082
0.6569903458
0.6458514347
0.6321051792
0.6663021526
0.6293873861
0.6486515451
0.6723774867
0.6433251675
0.5844883941
0.7821013075
0.6424798411
0.6405307359
0.5633951805
0.580755622
0.5894648158
0.6245150792
0.5950870601
0.6163982363
0.5647592255
0.5618300522
0.5597272468
0.694371383
0.5816694693
0.7551628753
0.5972146388
0.6226769905
0.6009354015
0.6610914785
0.6623798486
0.5977983523
0.5548860104
0.5549921818
0.5046413029
0.5831049465
0.6906775557
0.5272836992
0.5722674564
0.59122349
0.5358773723
0.56533539
0.5480937321
0.5192418729
0.5331558154
0.587661957
0.5511851075
0.5868656611
0.5470703883
0.5626650494
0.6387142418
0.5241611653
0.5223495901
0.5473530614
0.538523757
0.5001007834
0.4883161367
0.5059609893
0.4931222405
0.4888429102
0.3924420233
0.5679269358
0.4274061884
0.4299289449
0.4247759167
0.4574419657
0.4210970559
0.4185150826
0.3896919292
0.4136875556
0.394467683
0.4339589289
0.2839935461
0.3730722029
0.3445193921
0.3339958871
0.3346869929
0.3446091545
0.3542164957
0.3360099859
0.3395057184
0.430055411
0.3303970989
0.4105095274
0.4475532444
0.4515167526
0.6191573059
0.479166483
0.5133408088
0.5158499853
0.5632679906
0.5328721015
0.5048259438
0.5269431754
0.7271555762
0.6072678904
0.5378344086
0.6140816411
0.572207754
0.6008113582
0.6309058828
0.5905880839
0.6001153645
0.6252418066
0.7027982882
0.6408978538
0.6623493839
0.6345398285
0.6128373081
0.597674493
0.5830339869
0.612128795
0.5291208415
0.6206289171
0.6544864092
0.5829118288
0.7188583303
0.7568719341
0.6419718198
0.7175830156
0.6613435704
0.6261931156
0.6060195024
0.6039200654
0.6181228649
0.6083805333
0.6101520956
0.5742777954
0.5584281508
0.5273353625
0.6521612164
0.6648559965
0.535510513
0.5801407726
0.6285190809
0.4891075954
0.5800250704
0.5861178259
0.5548261946
0.6551029292
0.5620987639
0.5375985772
0.5989305341
0.4903893721
0.5081739222
0.4933787214
0.4321167749
0.5596125823
0.5137339124
0.516177922
0.5562735369
0.5865472655
0.6918572073
0.5971239711
0.5676115165
0.564360961
0.5021264491
0.4949178283
0.5163758003
0.543694272
0.5075293844
0.5470185403
0.5117017557
0.5747343736
0.4762039903
0.5505062719
0.5356645254
0.472972433
0.5206966415
0.5972771298
0.5392029246
0.5259071378
0.5619360339
0.4892818852
0.4417043616
0.3854576632
0.490093531
0.5123790197
0.4902148333
0.4542937052
0.4390987412
0.459992562
0.3778895417
0.5117930912
0.4110485928
0.4400289099
0.4812471857
0.3866361512
0.3953067078
0.3492716903
0.398255505
0.3234286107
0.3939492785
0.3258490028
0.4294167783
0.3521179483
0.3451646087
0.3504387248
0.3762612644
0.3442430307
0.341652735
0.3816636831
0.3583636341
0.3607500392
0.3324117081
0.4952015196
0.4641504493
0.3950167633
0.3791604623
0.3696174881
0.4191941278
0.4554907059
0.5427207131
0.472387586
0.4844462057
0.5144061912
0.5269310821
0.5603923088
0.501832059
0.5394423477
0.5466074332
0.5511701472
0.5477909242
0.5488255493
0.5226036553
0.5299404058
0.5830064805
0.5534465775
0.5693660624
0.5893579283
0.5546407995
0.5723196601
0.5150816146
0.5349055323
0.5318967703
0.5185972671
0.662729151
0.6343795454
0.5713328057
0.6648098619
0.5626780077
0.5508667874
0.5897498294
0.5844195724
0.5881497589
0.5338170287
0.5447236514
0.5714688738
0.5933377997
0.5723278474
0.5508979059
0.5135236428
0.4452052356
0.5351419146
0.4560001759
0.461273701
0.5729669157
0.413203364
0.5109123718
0.5225713887
0.5244806717
0.5214980421
0.5328168644
0.5203921151
0.5838428913
0.4238622815
0.5011000248
0.5338598895
0.4405069156
0.4027629968
0.5207056158
0.4565206558
0.4520551066
0.4644956394
0.4850082183
0.5165782237
0.5344369605
0.5653208165
0.5202960864
0.5199321852
0.5363108452
0.4762633796
0.5989076105
0.49237104
0.5827348316
0.4954707384
0.4999155527
0.4444377762
0.5077483461
0.5025528548
0.4641609492
0.4858427082
0.5054975078
0.4926358994
0.6146659253
0.5737182619
0.5023129007
0.4583514356
0.4629948701
0.5071608786
0.4891217343
0.4811871589
0.5185547118
0.4394427376
0.5636381379
0.4958713198
0.4467565661
0.4776676556
0.4167294766
0.4280435688
0.4654833013
0.4038320499
0.3857497565
0.3659322155
0.3936138815
0.3617242567
0.315483614
0.370811773
0.352530986
0.3945586105
0.3807975017
0.3595958465
0.3594844
0.3977004169
0.3817261026
0.4648160086
0.4846389867
0.4397519774
0.3444034312
0.3213755801
0.3945150971
0.4178005183
0.3827239921
0.4250486738
0.4493800173
0.4329841961
0.5402909823
0.5526779901
0.4419147701
0.4657752931
0.4653954752
0.4849997623
0.4153665414
0.4992548279
0.4856489325
0.4709655376
0.4940239809
0.5244871561
0.4764445966
0.4712298206
0.5225813961
0.4784138984
0.5063129163
0.6352649676
0.4805213673
0.4903641663
0.4640544668
0.4536182014
0.4733143964
0.5090941251
0.4960559285
0.5385528397
0.5344670449
0.5774442255
0.5233336645
0.5748284214
0.5227713265
0.6827296091
0.4961203501
0.4827387116
0.5146554889
0.5557879127
0.5275356428
0.5172955008
0.573636433
0.6550771637
0.5004077493
0.4993821256
0.5076181825
0.4397290122
0.4779919723
0.5164783139
0.481886117
0.5550715045
0.5082113436
0.4512774873
0.510433419
0.4775461463
0.4102667697
0.4361715274
0.4853982971
0.4511225026
0.4848732824
0.4854756319
0.4772371738
0.4523921713
0.3508416839
0.5810249739
0.4512872558
0.5003813025
0.4580585296
0.4883156779
0.4564501972
0.4479511895
0.4484296482
0.5449553013
0.4821307244
0.5748412321
0.3800116131
0.4807767267
0.3723301879
0.4625966228
0.4877487771
0.417951276
0.4843461416
0.3828835568
0.4551644718
0.5064613878
0.4953370521
0.4741293255
0.4281193826
0.4069382049
0.4294180567
0.4961986888
0.486885157
0.2933941509
0.4464290365
0.4360691681
0.3036816774
0.4895447801
0.3551435118
0.4000791663
0.4199199218
0.4068652474
0.4268816575
0.4046955309
0.3600314461
0.3695581555
0.4063358479
0.4287257844
0.3745667313
0.3582476484
0.4078763744
0.3703750847
0.4137469102
0.3634752476
0.4376899489
0.3797697422
0.435374911
0.4036383779
0.2716203962
0.3214313284
0.3931865805
0.4079889746
0.3712543539
0.4304470008
0.4157856187
0.4990428547
0.4145293814
0.408652421
0.4141863142
0.4704591832
0.4535964405
0.5575606492
0.4470916909
0.4229659617
0.4987779535
0.4485747745
0.5066726068
0.4422728821
0.4325508892
0.4241267714
0.4433269342
0.4600787585
0.4363702756
0.5254656677
0.4701580962
0.4483869529
0.444849395
0.4190400238
0.4424376703
0.4604951494
0.5114913521
0.455236726
0.4476000904
0.4776028695
0.4772001198
0.4470156122
0.5048866369
0.4750620674
0.4694971642
0.4563082542
0.4479796782
0.4620625021
0.4607901119
0.4878689494
0.5245210988
0.5060401724
0.4970936861
0.4970513182
0.5018018991
0.4647528889
0.446717789
0.474171754
0.497279796
0.4482266041
0.507410235
0.518461847
0.552292181
0.4992605778
0.3763644169
0.5634763
0.5062341677
0.5791441253
0.4448342216
0.444877609
0.4398984861
0.4651764441
0.4298036071
0.4365367811
0.4235880309
0.5568509127
0.4660491389
0.451187029
0.4487203901
0.4685907695
0.4130923977
0.3549983911
0.4847449034
0.4649814517
0.4800507688
0.480699254
0.4508464276
0.4597729216
0.4499371396
0.5514596062
0.4206914744
0.4686840786
0.4974313176
0.4398619715
0.5160225434
0.588080132
0.4442715884
0.4589555306
0.2978745241
0.4197090494
0.4870092127
0.3822762045
0.4064701375
0.4462959933
0.4134391858
0.4901036453
0.4414192672
0.4131197851
0.4401137313
0.3181206802
0.4278658676
0.3871307045
0.3775778096
0.3727392686
0.399932121
0.399754805
0.3783143081
0.4205748368
0.3734645812
0.4473772231
0.3847656928
0.4275444475
0.4705986051
0.4165588491
0.3918440553
0.3383394108
0.2782410609
0.3248679708
0.341433063
0.396613769
0.3959561633
0.3343700353
0.4686331073
0.4084482021
0.3644962427
0.3722332209
0.4558245683
0.4140926389
0.4052621114
0.4739489745
0.3969950507
0.4186868576
0.504749357
0.3438120183
0.4375222188
0.4387620797
0.4367538791
0.4189884994
0.4495853493
0.478964064
0.4386843997
0.4486481444
0.4607288958
0.3902872687
0.5443451325
0.3952381213
0.4290529807
0.447785827
0.3102920999
0.5447135669
0.4247699554
0.4819031977
0.4724459191
0.4706140473
0.3663032189
0.5518754796
0.4183125922
0.4635572365
0.4864936498
0.463843298
0.4770355221
0.4791735629
0.4600750954
0.4847005564
0.436047059
0.4859680423
0.5140010097
0.4748179526
0.417252654
0.4418959925
0.4683058648
0.4639469938
0.4210914707
0.4436640277
0.4723253012
0.4189719818
0.4211144265
0.4306090475
0.4515271995
0.4545507584
0.5338984108
0.4638853752
0.4525444386
0.5354022668
0.4375141787
0.4565199452
0.5263457802
0.4788011308
0.447067697
0.4717902478
0.4790970299
0.4003384686
0.5513027228
0.4137623377
0.457886203
0.4653526747
0.4308222321
0.4902135871
0.4331196817
0.4538965417
0.4059511384
0.5026073462
0.4879433542
0.3530857391
0.4328188634
0.5222741687
0.433530853
0.4414282685
0.5628686826
0.4931195359
0.4326324204
0.4543184176
0.5028577732
0.4476479413
0.4259074563
0.3400174939
0.4416878176
0.3379041268
0.3947269485
0.4072454088
0.405434054
0.4020627541
0.4113116225
0.4039654941
0.3981384
0.425360352
0.366726115
0.4182487798
0.4252254532
0.3815054816
0.4725974527
0.4673267748
0.3722321924
0.5183787674
0.3724845699
0.3037353619
0.3280682417
0.2894891055
0.2949904374
0.3380158614
0.4764761409
0.4787431407
0.3860890899
0.3854819006
0.3974052976
0.3628221069
0.3684209789
0.4195409446
0.383126856
0.4232727581
0.4677290681
0.436329196
0.3524992638
0.4296308192
0.4687349286
0.4235371391
0.4365204428
0.453711601
0.4168564985
0.4182319498
0.3466148594
0.312772392
0.4693447988
0.4315251543
0.4359252819
0.4463280608
0.417365095
0.3006466789
0.4029862254
0.4748506198
0.3954876775
0.4071795997
0.3870200594
0.4313704686
0.4652540228
0.3836415782
0.4146435135
0.5016744477
0.4111243855
0.3715660328
0.3546129265
0.4487266609
0.4328910179
0.5181396148
0.4444933651
0.504966794
0.423546746
0.4721858887
0.4766808263
0.418814991
0.4829396485
0.3265267905
0.5197924597
0.4826013103
0.4842789401
0.5297874808
0.5367667176
0.5884917575
0.5183456367
0.3630653602
0.4067600777
0.4055885677
0.4368803977
0.4310814136
0.4102112247
0.4589088587
0.4460773722
0.3440444381
0.3482455593
0.379677612
0.4327967249
0.4727216058
0.5648942377
0.3324881082
0.5265203671
0.4316815058
0.4041320032
0.4348476916
0.455964182
0.3572779058
0.5360892938
0.4168605571
0.3910459519
0.4169393948
0.432192712
0.4409107815
0.4785748481
0.429821785
0.3682263972
0.4350621317
0.4186339673
0.4744560255
0.5502537933
0.3350257407
0.4313838793
0.5206036281
0.3103300677
0.4026276853
0.4436816119
0.4196886334
0.3558785496
0.4233760842
0.3983667735
0.3928374555
0.4500009196
0.2905564185
0.4157466958
0.4224740482
0.375168458
0.4067507676
0.4289423924
0.4301131588
0.4326766538
0.4212412782
0.4653881234
0.4074265355
0.2186481885
0.3095324994
0.3530523319
0.2984372114
0.3007722463
0.3838925781
0.3213204189
0.3404495195
0.3757842876
0.3724869397
0.3929351451
0.3744044319
0.3946890069
0.4517202055
0.4289814792
0.3918141927
0.3919458369
0.4613047781
0.3924251272
0.3284757088
0.400066793
0.394515115
0.4375550459
0.4046147497
0.4185634302
0.4774365943
0.4351581381
0.420156776
0.4084331575
0.4180766102
0.5746404228
0.4551941653
0.4302721354
0.425268332
0.3511848599
0.450340077
0.4413194673
0.4018842136
0.4375023019
0.432391352
0.4428511826
0.4383082081
0.3927162247
0.4255464014
0.4489401644
0.4636330426
0.360598235
0.4105419802
0.4121829987
0.4604676154
0.3459230968
0.438051644
0.3969501194
0.507024658
0.4398613324
0.5858512198
0.4404368756
0.4342075856
0.5039071243
0.3095695513
0.2845375889
0.4196725152
0.3709787742
0.451556947
0.4189492594
0.4593461296
0.4012076568
0.4120435294
0.4428631256
0.4655997756
0.4241309824
0.431525446
0.4579432562
0.4424796284
0.4142637654
0.4551654847
0.3332693161
0.4166531675
0.4368312035
0.4300902418
0.4139547618
0.4204143428
0.4473393196
0.3116571523
0.4486292873
0.4257163588
0.4023595647
0.4570558497
0.4461075201
0.4312195758
0.5216979618
0.425416742
0.3701419684
0.4090065867
0.4446470466
0.452633063
0.4729748523
0.4108356458
0.4544070773
0.468073053
0.4544070859
0.4727105159
0.5406055109
0.3966921148
0.442085769
0.4097900432
0.4450837269
0.3740430156
0.411045016
0.5000423568
0.4343669756
0.4008111567
0.4217210236
0.4346251443
0.4198073842
0.4046859709
0.4412566824
0.3875668814
0.391541665
0.4443414323
0.3993997422
0.250535768
0.4261584451
0.3345837597
0.3129035084
0.3364206048
0.310893248
0.2695474947
0.3993700031
0.3433175193
0.3448251104
0.3623598601
0.405251836
0.3602723948
0.4085739397
0.3374585429
0.3916739306
0.4281045501
0.3932430703
0.422946257
0.3875290955
0.4963841017
0.403411063
0.3997343359
0.3725578921
0.43044019
0.4317830966
0.3387306546
0.3958603967
0.3887290748
0.2922137993
0.4801073356
0.4182030736
0.4786963461
0.4398016748
0.2910968874
0.4242457773
0.4339980588
0.4034911689
0.4321540891
0.4256532816
0.3394579419
0.4274934977
0.3898452682
0.3894324367
0.4327418613
0.424809743
0.4214537917
0.3946561887
0.3143816022
0.4259573948
0.4778256492
0.5079288337
0.3941698922
0.4219265489
0.4285570848
0.4040984717
0.4125268713
0.5693666767
0.4102468685
0.4566248141
0.4551998004
0.4477357807
0.3919575281
0.3963735439
0.5103742455
0.4554579908
0.4112828063
0.4048579103
0.4024577094
0.3804648681
0.4425365883
0.4010327965
0.4009360414
0.4159054881
0.4337475461
0.4545317362
0.42807689
0.4472097995
0.4357452052
0.5640838593
0.4790583043
0.469018184
0.4080906041
0.4514447849
0.5082603647
0.4379545762
0.4175764307
0.4292725982
0.4518030894
0.3185820464
0.3975195015
0.3833655266
0.4270665213
0.4948701547
0.4001733701
0.4429010312
0.4446328477
0.4323978296
0.4278474853
0.3911951195
0.4118438395
0.4253780675
0.4353721691
0.5238089441
0.4373547688
0.4120343399
0.4317151743
0.3892721771
0.4054038524
0.3999979412
0.4215599565
0.419013857
0.4574576517
0.5580981459
0.452735951
0.4381950017
0.4513444982
0.4083859267
0.3548564645
0.4609488893
0.3707592935
0.2893061742
0.2598996902
0.3251387842
0.360440462
0.3123611591
0.3285480918
0.357603254
0.3353306613
0.2879363243
0.3460798987
0.3454135373
0.3547029098
0.4526174929
0.3925864277
0.3819866317
0.3858287737
0.3720884335
0.4381357242
0.3838787767
0.3852551381
0.3827216662
0.4010909552
0.5529447767
0.4209291227
0.4362625898
0.3892996002
0.440771307
0.3105774006
0.4431610431
0.3863579926
0.3748335953
0.3814936205
0.415763723
0.4555461351
0.5416519308
0.403834254
0.3789590081
0.4050416917
0.4125549245
0.3824466879
0.3987515954
0.422378953
0.4775295135
0.4348244648
0.4165271342
0.4264598569
0.388467082
0.4134654358
0.395588532
0.4129718436
0.4047152433
0.4174674003
0.4901959405
0.4021513038
0.369170357
0.4113915292
0.4120171342
0.4429084478
0.4261981521
0.484518883
0.4015734862
0.4433046109
0.4041375139
0.4259432586
0.415069093
0.4250855439
0.4348485035
0.4957127084
0.3869746767
0.5539788493
0.4129932107
0.4176578421
0.4185788423
0.4445267925
0.3844347098
0.3812307889
0.3479181436
0.4359239489
0.3666014939
0.4002260231
0.394658439
0.4561424479
0.5436976559
0.4216965174
0.4174181245
0.4313305094
0.4311485618
0.409464888
0.4388921382
0.437388668
0.4221409268
0.3983926119
0.4247235292
0.2911558112
0.4687851172
0.413928117
0.3591029729
0.4433813041
0.4369892881
0.4228999279
0.4576868529
0.4666025097
0.4451673612
0.4002917236
0.5343553978
0.4450412195
0.4231652697
0.4645221126
0.4811247147
0.4111036811
0.4151844794
0.4413913487
0.4564025687
0.4136423973
0.4235383874
0.2912272533
0.4433629397
0.3340535984
0.4329917718
0.4588436078
0.4547129426
0.2803658259
0.2900007132
0.2897834973
0.3165764801
0.2988158386
0.3135230976
0.3759611666
0.3395640204
0.3709962649
0.2532437347
0.3540294665
0.2491312929
0.3909502861
0.3700719764
0.4428497486
0.4122329077
0.4822145611
0.329534193
0.4535541348
0.3776721828
0.3864042715
0.4209421288
0.3013344056
0.408549419
0.4114696607
0.3840527651
0.3944112186
0.4153845829
0.3953736503
0.409492532
0.3746693933
0.4658273903
0.3972457187
0.3922334927
0.5403833573
0.3808582851
0.4324196852
0.3816241681
0.4250595107
0.3941243467
0.3851494203
0.3972216514
0.2950938286
0.435935875
0.3929592725
0.3966960003
0.4143104688
0.4225645839
0.3733438278
0.4074848161
0.4260276996
0.4272913213
0.423895688
0.3932840478
0.5308068558
0.3907101283
0.4093130909
0.3924358923
0.3378478981
0.3240834162
0.4435417071
0.414033588
0.4301533247
0.5096016792
0.3913442733
0.3551388691
0.3968943329
0.4960876994
0.4063540828
0.4189147975
0.3664970802
0.3816772855
0.4258065151
0.411910958
0.4007669509
0.4110560119
0.4006597738
0.3417087642
0.3535403157
0.3676259558
0.3975229721
0.3939826217
0.3388917133
0.4565516444
0.337578553
0.5179109548
0.4391210605
0.5159116332
0.4304180661
0.4280331865
0.4185060453
0.3796587179
0.4676766753
0.4255694047
0.4150227455
0.3752917113
0.3985124015
0.4077168796
0.4592885128
0.4635597308
0.4714166863
0.3762104109
0.4517244171
0.4838913227
0.3707406987
0.4673638836
0.4707697967
0.444319831
0.4346889683
0.4231472249
0.4106401552
0.4342984265
0.4602222584
0.4204622093
0.4261061658
0.5260270789
0.5002503259
0.4261641869
0.455877477
0.4287843139
0.4115737949
0.3437908671
0.3148325979
0.2878392028
0.3161010961
0.3407164969
0.2999638645
0.323001116
0.353377269
0.3568974703
0.3237699628
0.3388253245
0.3671909643
0.3329804907
0.3907806099
0.3946337493
0.2551892102
0.4085676736
0.391214443
0.4174256651
0.371860483
0.4270627298
0.3358597142
0.4536997657
0.4056867509
0.4222528296
0.3848896381
0.2840179454
0.4307269462
0.3805816338
0.437595429
0.4043725821
0.4131261305
0.3466316946
0.2740509815
0.3752022038
0.5348272889
0.4283131388
0.4638811585
0.3943470128
0.4817205634
0.410892654
0.3933501698
0.3776083224
0.3892563525
0.4504801178
0.3998048163
0.4223524676
0.412997645
0.4087768749
0.4494828974
0.3865045891
0.3990422307
0.4315890136
0.442202229
0.3946156817
0.3721683562
0.4677419833
0.4152144439
0.4257567694
0.4438299616
0.3928705657
0.3750818701
0.4257314564
0.3465317888
0.4254371259
0.4156860224
0.3857240515
0.3931678381
0.4264343046
0.3971340545
0.3909730986
0.4200459702
0.5374685781
0.3373201291
0.373609931
0.465243632
0.407811491
0.4260596862
0.4310341949
0.3822013874
0.4051537547
0.383825495
0.443619911
0.395682951
0.4424030791
0.4355827985
0.4195911284
0.4216756908
0.4377311042
0.535201203
0.4083787651
0.4306592132
0.2982374811
0.4448620682
0.4959710703
0.4342482102
0.4325958386
0.4102183818
0.3338256498
0.3510233932
0.4309304321
0.4717009383
0.3605069116
0.4562429962
0.4233173922
0.5309228212
0.4138174785
0.5536306058
0.4364258272
0.470400435
0.5388725335
0.4540306535
0.3483973712
0.4331800876
0.5082295757
0.4800256226
0.3172475805
0.4288224852
0.409300558
0.3749719268
0.3688516476
0.3101063955
0.3053539879
0.2950824967
0.3143903159
0.2985092656
0.3243298998
0.3213071336
0.3228617079
0.3619735559
0.3387216802
0.3375869269
0.3470567352
0.3347421485
0.3665424434
0.3976367129
0.4634700213
0.3669049858
0.4004774728
0.4859515654
0.4252783854
0.4109128275
0.4124636319
0.3907276267
0.2915360807
0.4047865113
0.4358300294
0.386292363
0.429354451
0.3119857702
0.3849581397
0.2845666411
0.4282493081
0.3665881012
0.5213145237
0.4156629009
0.393487689
0.4176935138
0.3734488007
0.4111020982
0.3817211448
0.4047720124
0.4338909002
0.3760746482
0.5123006489
0.2905432287
0.439631756
0.4285736965
0.2707824332
0.4280424397
0.3103239947
0.4474452933
0.4061261327
0.4148005597
0.3979443932
0.4385788205
0.3794977329
0.4911270143
0.3658714694
0.3850292551
0.378494476
0.4311652385
0.4362570045
0.3969071453
0.3890577646
0.3856874942
0.4557152804
0.3897157033
0.4014548963
0.4168399271
0.4209395125
0.3895241924
0.4079692786
0.4171697048
0.4138158349
0.411173207
0.3810179539
0.4106680757
0.3988200766
0.4033507149
0.3831749438
0.3334088975
0.3849260698
0.3646870271
0.3948283045
0.388039003
0.4093927835
0.4273125219
0.4523220502
0.3368712068
0.4235109536
0.4421106417
0.4193078095
0.4717036844
0.4084738372
0.3949039509
0.3981003276
0.4324918675
0.4484160407
0.4331117139
0.4504495459
0.4130998398
0.5440067201
0.4221955905
0.4605516152
0.413127493
0.4875880245
0.4403444157
0.4903488449
0.4532064666
0.4467259386
0.4562171819
0.4335388273
0.4573910252
0.4854264253
0.4584883658
0.4189392024
0.4567941646
0.3973648844
0.3628812369
0.4584559615
0.4598614998
0.3099832112
0.2853943096
0.3150992173
0.318351334
0.3280857712
0.3954634454
0.3309358046
0.3141925538
0.2977503841
0.3431767546
0.3484185197
0.3080944308
0.3828208908
0.3400416126
0.3357666691
0.4181627145
0.3609695089
0.3927156152
0.4129910752
0.3269019487
0.414695367
0.4033570849
0.4173298812
0.4045022626
0.3641067763
0.4113343791
0.397307898
0.4248599741
0.3995648511
0.4885567956
0.3935385767
0.4714665092
0.3157919377
0.413109861
0.4095288262
0.382439664
0.4201080262
0.4025704649
0.4101539971
0.461418868
0.3950529685
0.433804628
0.3838031082
0.4029499713
0.3818873837
0.3354122782
0.4216369826
0.4360061452
0.4872127955
0.4235853743
0.4171468925
0.3892296884
0.4206342652
0.4185742644
0.4296839751
0.4264484312
0.471982517
0.4002449115
0.4170684725
0.4028439183
0.2918183858
0.4294942784
0.4054408106
0.3973718083
0.3355299967
0.376101857
0.4111203146
0.4037420292
0.5042526028
0.4206566093
0.3769465948
0.397886724
0.3704169507
0.3772023328
0.3938078597
0.405895703
0.3941082689
0.3858324832
0.488843247
0.4430628101
0.406832051
0.3994581372
0.3643881526
0.4170168753
0.49423832
0.401922764
0.310597343
0.4000517574
0.3656056353
0.4957649326
0.3187359379
0.4188208235
0.4013417686
0.5212823699
0.4379340405
0.5226285883
0.3931206785
0.4458884275
0.4066295454
0.4099106278
0.4328580959
0.292270513
0.4477020188
0.4830072996
0.4123501012
0.5189138879
0.4678896615
0.4413174974
0.3600895844
0.5064286308
0.367022454
0.5368082511
0.5843063144
0.3312108156
0.3576970436
0.4619740072
0.3876537191
0.4174884767
0.4175096132
0.4267510556
0.4748607917
0.2941065162
0.280116332
0.321796985
0.3124763084
0.2924605173
0.3313413742
0.3411780944
0.3432270892
0.3384791541
0.3166197153
0.3445740623
0.3834907463
0.3699877232
0.3575349227
0.3078555964
0.3908285484
0.3639115103
0.3887882016
0.3340929684
0.3623384869
0.3732538985
0.4004458289
0.3696558149
0.4134701048
0.3733708638
0.3949873568
0.3840032466
0.3597160923
0.4211566769
0.3347773645
0.3499124705
0.4074692091
0.3907780064
0.3854117882
0.4643905559
0.4685044624
0.3872691021
0.3750018426
0.413500232
0.3963163069
0.3814584674
0.3852790704
0.508276212
0.3645527648
0.4026461781
0.385801051
0.4125450209
0.4476027728
0.4156310509
0.3350232949
0.4360012378
0.4300482361
0.4202691087
0.4136408733
0.4015508572
0.4225516193
0.4111395992
0.4070888427
0.3864230962
0.4420096264
0.3085143195
0.4147642366
0.4239926284
0.4237280572
0.3951070155
0.3948787149
0.4815307468
0.3864189982
0.3149490904
0.3061815316
0.4147213135
0.402723044
0.4377190874
0.334093432
0.4161806654
0.3386308259
0.4284230578
0.3925446594
0.3835964985
0.3699426522
0.414338186
0.4769186067
0.4116792163
0.4003362821
0.3732144849
0.3573891489
0.402428629
0.3719687257
0.471529127
0.4073732415
0.4612715086
0.5383402607
0.4030354136
0.3841263419
0.3662843117
0.5132865684
0.4189612575
0.399105017
0.3951037786
0.5640396563
0.4162584778
0.4398536771
0.4193939794
0.420946647
0.5891818766
0.421907721
0.4495806682
0.5448289729
0.4308100207
0.5572729768
0.4863984129
0.519642973
0.4523976712
0.4602129343
0.3868131046
0.4674405549
0.4497193996
0.4261825804
0.3721995011
0.426731596
0.3704118125
0.3101370118
0.3635368111
0.3682289727
0.2549667523
0.3095129286
0.2980676718
0.290501695
0.432828691
0.3136346838
0.3275919505
0.2870642575
0.3405866183
0.3749198259
0.3812068327
0.3484883907
0.3606065142
0.3927193976
0.4137537211
0.4068097701
0.3909152775
0.371243275
0.397180418
0.3785963324
0.4225416534
0.3773335166
0.4868408077
0.3328898412
0.3835496236
0.3902134474
0.5392703936
0.428502167
0.4326988271
0.3865379291
0.4005490469
0.2689114644
0.4093950596
0.4478664314
0.3835052707
0.4899851398
0.3997479323
0.4303576774
0.4075078808
0.4127697481
0.4164532905
0.4199051301
0.3381200567
0.4124025534
0.4089149687
0.534413252
0.407226395
0.4298704882
0.2978322032
0.4196220807
0.376425419
0.4225656486
0.4059585338
0.3519448906
0.3967536942
0.3440693845
0.4323346662
0.4268577097
0.4039931433
0.3797380795
0.4155910628
0.3935013665
0.3828698799
0.3911545649
0.3898187513
0.4090165136
0.4880522065
0.3945737991
0.3837077479
0.4329047151
0.3207802096
0.4095653885
0.3902809074
0.4117543583
0.4514161108
0.3810618011
0.4270490326
0.4190626783
0.3713014884
0.4080990203
0.3718097428
0.3866216766
0.4138459129
0.4631818251
0.3748820656
0.4915397814
0.3976779681
0.3728340389
0.3793835043
0.4334873119
0.4434701506
0.4844914636
0.3850594973
0.5292874541
0.4440977467
0.476798042
0.4097087185
0.3570398624
0.4357547985
0.414438116
0.5113820388
0.3683683033
0.437701292
0.4521794973
0.3543572631
0.4697771773
0.4767962009
0.4680045988
0.4801716362
0.4239647961
0.4863797784
0.4652845638
0.3460009646
0.4074316519
0.3964607092
0.4152974689
0.4236602496
0.3799894197
0.2944820059
0.368562192
0.195200755
0.2956469271
0.2949593045
0.2991791068
0.3013746985
0.304860462
0.402218976
0.3427294071
0.3400493244
0.3887120155
0.4261212657
0.3804578292
0.3826816223
0.4269549238
0.3566542745
0.3200934771
0.3603495052
0.3579135359
0.3968278862
0.3854333308
0.363836565
0.3812896235
0.3737712232
0.3754562011
0.374320571
0.423087055
0.3936870379
0.3686314078
0.406486804
0.3893612129
0.3726776448
0.4067747919
0.4036613656
0.3946730964
0.4112225983
0.4328450651
0.3771894875
0.4397853253
0.3707769394
0.4464180741
0.3346550125
0.4245167697
0.3807827224
0.3849635301
0.4193180346
0.4301007693
0.3674957164
0.4325274466
0.4012317524
0.4111724495
0.4014293221
0.389430461
0.3874074156
0.3819101444
0.5253397804
0.3690910136
0.5344711358
0.409077807
0.3730614448
0.3970227817
0.388633714
0.3727996715
0.5428599982
0.4884441264
0.406210967
0.4141137022
0.2916654559
0.373640896
0.3797527572
0.3240312937
0.3359233487
0.3464665656
0.3911342551
0.4089420339
0.3487940153
0.423823441
0.4372020967
0.3750033177
0.413501783
0.4003166331
0.4151085904
0.4555126869
0.4157040814
0.393256618
0.4804226231
0.3916726048
0.3551261362
0.3344168487
0.4274110252
0.4154620426
0.4416867936
0.3480101667
0.3864252473
0.4797921668
0.331561671
0.4011928065
0.4339830887
0.4411424166
0.5699510703
0.4285779273
0.3803522743
0.5574570514
0.4364711072
0.4424327072
0.5457171978
0.4243443688
0.569129419
0.4719518553
0.4726671731
0.6016390416
0.358242187
0.4745699381
0.4218827477
0.4474989175
0.4224480778
0.4878361107
0.3833202433
0.3806515346
0.3725114461
0.2789254966
0.2941041928
0.2950535765
0.2861898828
0.2965320177
0.3845417182
0.3051092109
0.3506566808
0.3224854536
0.3356356922
0.3562827001
0.2454896101
0.3434301931
0.3429975248
0.4392243647
0.3594195129
0.3877677105
0.3614226753
0.3388179267
0.3835688465
0.3197190876
0.3864278133
0.3629276132
0.4705135198
0.3778556968
0.4431995143
0.490644881
0.4656752228
0.3823836276
0.3968606474
0.4518067009
0.3805825407
0.5350440883
0.3526251914
0.3800451346
0.3816724542
0.3725191803
0.4098698464
0.5108988262
0.4162592584
0.3967686977
0.357599217
0.359407957
0.4687775392
0.4338650234
0.439356541
0.414998257
0.4130420146
0.3640646266
0.5037525742
0.4002842746
0.4004653473
0.4111946818
0.4270328907
0.369286813
0.392100047
0.3804599539
0.4088125103
0.382306281
0.4278000539
0.3782767915
0.4197521896
0.3785882827
0.4234186062
0.32317597
0.3887470959
0.4040611619
0.4065281946
0.3854588113
0.3107815791
0.417236762
0.423817478
0.3533345133
0.4330000377
0.4287672614
0.325997169
0.3433180631
0.4174585289
0.3916896925
0.3625901022
0.3952442283
0.472982478
0.3866240154
0.3601631814
0.431767261
0.3209326792
0.4232424199
0.3510025482
0.4343388426
0.4219655807
0.4155648773
0.4161394354
0.4127999362
0.3496767893
0.4497381182
0.4291205398
0.4421335718
0.4480607046
0.5120607738
0.4516871597
0.4726092073
0.4183173882
0.4543134594
0.4962413124
0.372283867
0.4315858088
0.4109319782
0.5440130621
0.4653241274
0.5351813123
0.3926467423
0.454659185
0.4874772061
0.4662603905
0.4610546005
0.4392886012
0.3990527184
0.4243354181
0.4213699639
0.4200157822
0.3796992862
0.2198506582
0.2723095336
0.2932532118
0.3116584398
0.2202434774
0.317072509
0.3321312706
0.3309255172
0.3268344234
0.3285432616
0.3751104671
0.3556532193
0.3746698688
0.3954334371
0.4088627411
0.3825656736
0.3682388449
0.3666812568
0.3799296122
0.3593550898
0.4081326678
0.3879803617
0.347184556
0.404653642
0.372898305
0.3138216082
0.3894033793
0.4902258188
0.4625211712
0.401368651
0.3874144953
0.2750093714
0.3980419102
0.3991604666
0.4641399543
0.4141627689
0.4233791834
0.3844831755
0.4080739423
0.4058691817
0.5334573875
0.4854759181
0.4165393633
0.3654887761
0.3836594437
0.4243102982
0.3983646962
0.3727442261
0.3460750407
0.358230847
0.4186620778
0.4401156984
0.3881856446
0.4153498881
0.428123854
0.4106069903
0.3108789058
0.4763962263
0.3866395617
0.3737674189
0.4271061892
0.3800252686
0.4195325152
0.4144301731
0.3936119231
0.3925880149
0.4120540107
0.3952808093
0.4147139916
0.3827179646
0.4958814391
0.3979228593
0.4473474449
0.4142151058
0.4785706524
0.4269789348
0.3891633807
0.4605786617
0.372519469
0.4266627865
0.484380276
0.3898805124
0.4641348818
0.3971144019
0.4055137206
0.4144907491
0.4038460702
0.4028708503
0.3906817387
0.4339865403
0.4403736602
0.3305428702
0.4377018299
0.3445022024
0.4243531337
0.389117346
0.4436230666
0.4014565267
0.4840883224
0.4254618354
0.3888373225
0.4933212066
0.4761665414
0.4168399274
0.3467323655
0.5463034414
0.4805888643
0.5538839247
0.3363263922
0.4616619068
0.4687733493
0.4645741103
0.4777313605
0.4278938535
0.4606702802
0.4437016736
0.4258396501
0.3263103284
0.391082337
0.4173094918
0.4236252974
0.2962861416
0.2595359953
0.305372298
0.2936769629
0.3375817011
0.2637032948
0.3309596889
0.34490009
0.3633884886
0.4138268201
0.3369743619
0.3707482728
0.3894360473
0.3426990694
0.3556685533
0.411093948
0.3970146435
0.3123774108
0.4710014607
0.3135639713
0.3949814506
0.3948709811
0.3704910449
0.3254911718
0.4881244969
0.4506710243
0.4024858084
0.3884293545
0.3747722845
0.3842073079
0.4056179803
0.440706512
0.4178788149
0.4271308828
0.3806224215
0.472368169
0.4045079376
0.3943398315
0.4320277876
0.4891368468
0.2893518055
0.4109604955
0.4377769043
0.410931941
0.4103551476
0.4190630586
0.4801805592
0.3671074292
0.4107321354
0.4023547908
0.3695775718
0.4021934017
0.4314470723
0.4946080074
0.4043366507
0.375103741
0.4904908126
0.3174465457
0.3891821693
0.3921128133
0.4406029884
0.4454110762
0.4131944059
0.4046940091
0.3879603141
0.3792532155
0.3973228267
0.4683675081
0.3779615117
0.3816661399
0.3959386823
0.3662934859
0.454686669
0.3363298082
0.4392546656
0.2881875484
0.3995135633
0.3227454457
0.4092948405
0.3857540951
0.4379901962
0.3498613122
0.4134833721
0.4208780907
0.3146859973
0.4000730744
0.4418096115
0.3416003582
0.446992024
0.4014953638
0.3657358924
0.4175363376
0.4060757577
0.3986042708
0.4401909603
0.4395789532
0.4580788513
0.4611781504
0.4621880872
0.4482781935
0.4725572055
0.3924691706
0.4646265926
0.4225368346
0.4738480768
0.4536313716
0.4354875262
0.422380429
0.5903768565
0.4622569817
0.4051236263
0.3283240488
0.4148958572
0.4752992632
0.4562044734
0.4640105491
0.4009767777
0.4428000545
0.4588066668
0.4518854157
0.3820198072
0.2774177284
0.2923029195
0.2764866128
0.36923862
0.3271668216
0.4284490816
0.3278120629
0.3742206653
0.245051403
0.3335522074
0.3372908708
0.3684785983
0.3767647079
0.3479217901
0.342466532
0.3417467139
0.372047123
0.3682808123
0.2968228386
0.3722286351
0.3669582489
0.402801105
0.4144576053
0.3369027561
0.4312961499
0.3719648019
0.3950167434
0.463482724
0.3614689755
0.4254703637
0.4394600648
0.3497819257
0.4029558876
0.4329981039
0.4216897704
0.417856948
0.4588270693
0.4291040861
0.4710819692
0.3127550713
0.3734583175
0.3350354394
0.4405448851
0.4213958327
0.5319879169
0.4153355297
0.4305446229
0.4296378276
0.4294405548
0.3849705563
0.3613936304
0.4102524054
0.453247039
0.386337365
0.3785299822
0.4012170731
0.3712941101
0.4069578386
0.4577800866
0.3969566942
0.391612571
0.3507707388
0.4442444529
0.3887315574
0.3598172782
0.3418757755
0.4052356207
0.4073727429
0.3654953924
0.4116123679
0.431687214
0.4618687646
0.4215896691
0.3556331113
0.4237726486
0.4452100377
0.4659998404
0.3984358003
0.3968538664
0.4792415137
0.4095493163
0.4248265774
0.4117703923
0.4279310123
0.4508547563
0.4547023999
0.3504739008
0.4207994537
0.4152584638
0.4460818389
0.3483275886
0.4411189865
0.4202547845
0.4501936409
0.4369729624
0.4409494865
0.4144925613
0.4461835274
0.3787140268
0.4332067932
0.4161089757
0.4812641372
0.4791935397
0.4234343917
0.4425481999
0.4347751694
0.4426532389
0.4695028098
0.4513548271
0.498521482
0.4416516915
0.4763387448
0.4644908246
0.4537917733
0.4442703828
0.4048787483
0.4350620416
0.4078710106
0.3362982949
0.4260691883
0.3247302877
0.3028950526
0.2795340032
0.3095088059
0.2887520171
0.3574886195
0.3379576212
0.3069115918
0.3286265015
0.3607417356
0.361352066
0.4368235287
0.3645196059
0.3270472205
0.4609098579
0.3274983218
0.3744058794
0.3939979475
0.3950801271
0.3937234432
0.3514259933
0.425394688
0.3473925662
0.5269678868
0.4168515905
0.3444561563
0.4409689797
0.3531387552
0.38629589
0.4696208533
0.4011464132
0.5022914372
0.4236152762
0.405510345
0.3415952927
0.5132832084
0.358551661
0.4194938523
0.3916834796
0.4670533038
0.4094996898
0.4044556502
0.4696243571
0.4248292499
0.4119091694
0.4161606923
0.5158865932
0.3944569553
0.4227764893
0.3826582201
0.3922001215
0.3556734926
0.3819273684
0.387584844
0.3896186373
0.4082280949
0.4101686118
0.4682370292
0.4484167644
0.4135412523
0.4262326811
0.3746523249
0.4753283036
0.5224005274
0.4019865043
0.4278942077
0.3769414372
0.4017482623
0.3957095785
0.3969802406
0.4068466573
0.3038269525
0.4124190031
0.4293086338
0.3943054353
0.4964626308
0.4911012886
0.3167638057
0.4120165522
0.3941527038
0.3947234453
0.4273136279
0.428934662
0.4053033744
0.4568334816
0.4327883322
0.3798808151
0.3944934141
0.3935998306
0.4149310097
0.3927906713
0.3673777256
0.4093387061
0.4211156692
0.4510894933
0.4225306023
0.4375387129
0.4315336531
0.5125678071
0.4622348455
0.3815037023
0.4379783041
0.4652498559
0.4376801335
0.410172691
0.4597248454
0.4632892681
0.3679855002
0.4327425262
0.431182025
0.4381376054
0.4923854476
0.4224376578
0.3987758115
0.3963847309
0.5221811659
0.4363935227
0.5332777024
0.3998612451
0.371417744
0.4369221429
0.4381933353
0.2608067803
0.2712713841
0.3270218448
0.3263183332
0.2643960732
0.2999979552
0.3049716326
0.3466200804
0.3714260178
0.3146011067
0.3722769372
0.4148141014
0.3717993653
0.3274439815
0.3914983511
0.3112960931
0.3356593157
0.3763089809
0.4830943344
0.3955747837
0.3917664836
0.4104868983
0.4107762294
0.3984276207
0.4116852044
0.4036135292
0.3895617587
0.3864138404
0.4374523906
0.3987997813
0.5617034497
0.4052305785
0.4779178557
0.5074229913
0.4314393228
0.4228943866
0.4396752345
0.3942732966
0.3707444499
0.4859679392
0.4114934045
0.4041541222
0.5035399266
0.3598563803
0.4675849215
0.4128909892
0.4253721404
0.4043960059
0.3944621101
0.4487358105
0.3922393534
0.3608349467
0.428091987
0.4990353159
0.4027674175
0.5078127056
0.384834852
0.4927976331
0.3715749915
0.3946255914
0.3859259843
0.442406033
0.3897788636
0.374182164
0.399518869
0.369254934
0.406525507
0.3687821206
0.4024082436
0.4762251858
0.439355252
0.3861390278
0.4044985193
0.4534336718
0.4401946436
0.4098117446
0.4156522606
0.4996495563
0.4082826049
0.4394720985
0.441400932
0.4132193617
0.3494388997
0.4168520375
0.3532874609
0.4496415477
0.4930170499
0.41698933
0.4394696602
0.3862777008
0.5030648516
0.4546571379
0.4588158869
0.4266168963
0.4627432076
0.5108531523
0.409208561
0.4826241263
0.4298512156
0.440719717
0.4096903181
0.4467594798
0.4805688797
0.4655832426
0.448034412
0.4415797034
0.4578876187
0.4299577857
0.3672388624
0.4676630837
0.4490002879
0.42497289
0.4476404532
0.4570500447
0.3534394225
0.4543599813
0.3959338598
0.4658562938
0.3077049191
0.4451690736
0.3786198675
0.3880451391
0.2839137853
0.3216186571
0.3188648583
0.3779109624
0.337815296
0.3594908697
0.3730870003
0.3514586785
0.4275919905
0.3885704515
0.3712126423
0.3787740025
0.3869116926
0.3425776925
0.3962779523
0.3662274848
0.3693013146
0.4155841523
0.3836605088
0.4184305816
0.399326477
0.42067757
0.4392945537
0.3970941036
0.4008893894
0.5008142672
0.4485599914
0.5086686282
0.4161384205
0.4587053424
0.4091786068
0.4467139819
0.4383204233
0.4070326965
0.4314113055
0.4174403085
0.4282532938
0.4229548991
0.4244068613
0.4319305488
0.4341388644
0.4851907587
0.50119283
0.533235497
0.4203029458
0.37180012
0.4189559422
0.5606232322
0.4504961163
0.2457832306
0.3495895866
0.4968441661
0.2984227429
0.4810829091
0.4055619537
0.4496139561
0.39423779
0.4228428647
0.4533335296
0.4009205386
0.4025888234
0.3390296608
0.3888661797
0.3336530725
0.42438768
0.4081739806
0.4823968071
0.4071112602
0.4285338254
0.4362279834
0.4386897402
0.5538007359
0.4694589901
0.4185336533
0.4116272996
0.3658047836
0.4449422396
0.400283673
0.3893872225
0.4060582843
0.4049709259
0.4154361386
0.4875258476
0.4185409583
0.4651579404
0.4418024956
0.2962457754
0.4255101155
0.5316542915
0.4199740866
0.4348295255
0.4393344268
0.4723671792
0.4349548133
0.4390767414
0.4052916252
0.4304131318
0.3083961779
0.4456652584
0.4243313897
0.4437893725
0.3928337452
0.4216089283
0.4169515175
0.4391488045
0.4310324324
0.4857071889
0.3572775427
0.4565163758
0.3868538596
0.5268580031
0.3398577402
0.4376650906
0.5452398142
0.3980226491
0.4097660655
0.3692550267
0.4370024271
0.429079138
0.4193715227
0.3349998849
0.3086830192
0.2620235239
0.3066072879
0.3473164497
0.350426002
0.3368313506
0.2771743359
0.3190185005
0.3861567637
0.3240698158
0.3589212006
0.3383686729
0.3801640992
0.460689691
0.3251561302
0.3834132751
0.4047750774
0.3634462536
0.4579953546
0.4137412678
0.4170792957
0.4873454865
0.4061403787
0.4466554312
0.4247280658
0.4730558265
0.4396143398
0.4498052617
0.4249195334
0.3225241029
0.4124175504
0.4662225956
0.3980859783
0.4008564887
0.4198406464
0.4401177528
0.419256962
0.4376108312
0.4452260043
0.4052903467
0.4393821616
0.4556634862
0.4979939002
0.3114866184
0.4091290061
0.4620205443
0.4680641364
0.3603045513
0.5751294666
0.2645183505
0.3275781878
0.4251747407
0.5700020832
0.4321019763
0.3686524366
0.3980538251
0.4046952341
0.362698338
0.4019149368
0.4182522351
0.4005238983
0.3544517519
0.4268795557
0.4090672797
0.4266586654
0.4637380355
0.4469158899
0.4297500995
0.4604747786
0.4600103538
0.3553331338
0.5193326354
0.3917955599
0.4069848872
0.4159101145
0.4163456917
0.5067311502
0.4459625811
0.4490037554
0.4308442668
0.4280405428
0.5246285578
0.423899286
0.4439580342
0.4503362266
0.4140535432
0.5641913698
0.4456388483
0.4152465217
0.5621431297
0.4156319634
0.4732992943
0.3917373632
0.4047772193
0.4939307767
0.3515035228
0.4741337027
0.4779730204
0.4078928557
0.5297883296
0.3944029991
0.5169658224
0.511814798
0.4786931201
0.4232712005
0.3836631662
0.3918039701
0.4172380872
0.3107255015
0.4228482548
0.4337522611
0.3943073764
0.4199560194
0.3912219158
0.4418449926
0.4001967422
0.4029025467
0.5068886455
0.3826972718
0.4853641554
0.2746687864
0.4483897965
0.3412203134
0.3132924924
0.3546260652
0.3556816455
0.443354219
0.3855954436
0.5146888444
0.3578606701
0.3647814656
0.2828756804
0.3814802372
0.3828544738
0.5270888874
0.4740436253
0.393225096
0.4500733845
0.3953289796
0.4303933906
0.4780675658
0.4830509055
0.4252938926
0.4803070023
0.4468544145
0.4717394478
0.4914635244
0.4422536603
0.4482238078
0.4321956736
0.4821866822
0.463452382
0.5593785554
0.4310309899
0.4373734175
0.5478807226
0.4388763922
0.4901449209
0.4777636482
0.4253941842
0.5795811084
0.5164292399
0.4544208783
0.4124555779
0.4023271893
0.4675564496
0.4595089813
0.4465824003
0.469536038
0.3985359433
0.4042151139
0.5099373792
0.5058624866
0.4532214272
0.4454801273
0.3879723051
0.4068106338
0.4142423469
0.452677752
0.439390576
0.4572237425
0.3537642489
0.418327809
0.4497155331
0.5489737564
0.5268691426
0.4732233163
0.445685163
0.449915574
0.4730303324
0.4718270147
0.463359505
0.46419464
0.3933597897
0.4478104115
0.4408932239
0.5602815914
0.4327794863
0.5151884179
0.4607666375
0.5124936731
0.4872296464
0.4749036128
0.4532861771
0.4232481439
0.4563464938
0.4716794168
0.4308777236
0.472123084
0.4937217334
0.4380603992
0.4199892438
0.4658665382
0.4146666894
0.4600507351
0.4169681635
0.5080175427
0.4309058816
0.3216444705
0.4835085817
0.4403499891
0.4743340575
0.4255286087
0.3763957838
0.4038812731
0.411444264
0.376396025
0.4299218787
0.4324443697
0.431537264
0.3661696567
0.4043214645
0.4096729107
0.4707853715
0.3887554157
0.4104554447
0.4229009742
0.4357292737
0.4339096889
0.350674277
0.4299949051
0.3695651435
0.4408388474
0.3223690952
0.364457387
0.3434620014
0.4055581646
0.4337178414
0.3935160786
0.3790264531
0.4355466081
0.3239953147
0.1918492065
0.3938541085
0.3936332093
0.3675921117
0.5192525437
0.471261623
0.4297325459
0.459133403
0.4536979317
0.408513269
0.5115631392
0.6490999853
0.4955231109
0.5032161895
0.4914721879
0.5582836169
0.4385800734
0.4618933657
0.4871243233
0.4238183461
0.435197749
0.470081567
0.4625839796
0.509726007
0.449790277
0.4587227952
0.3556201168
0.4438821612
0.4976086439
0.4766598588
0.459068415
0.4298814212
0.4059749912
0.4738024278
0.4138748182
0.5274319505
0.4712902665
0.4614677504
0.4472592236
0.5554812096
0.2483627061
0.3404296114
0.4951924149
0.4322318547
0.4308005035
0.4535786562
0.4648247746
0.436300309
0.4541138751
0.4578949604
0.4783570422
0.4416578
0.4771501329
0.4451760534
0.4424594562
0.4334936235
0.461351464
0.486607473
0.4722226235
0.4991233149
0.357113275
0.6113443659
0.429862227
0.5648551039
0.4522096245
0.4991389166
0.4730666764
0.4424927596
0.5097843669
0.4221119357
0.4237058694
0.4550781977
0.3726400967
0.4830247704
0.4843653323
0.4576679508
0.4864707593
0.4414062475
0.4603431639
0.3858734654
0.4052215365
0.4340204955
0.3783428376
0.4688301632
0.4600367396
0.4610770314
0.5021272401
0.4755002066
0.3828289912
0.5364858253
0.3936102034
0.4223918799
0.3749376167
0.4428506869
0.3996144885
0.4787492906
0.4052108462
0.3288752719
0.3505593487
0.3703780437
0.4110715858
0.355999617
0.3999086454
0.4317263773
0.4076878232
0.3993908975
0.4033298844
0.4072828013
0.439624264
0.4315616158
0.376747015
0.3442167797
0.4080585232
0.3339252985
0.3714925268
0.5190516711
0.3141718658
0.4541217169
0.3457215482
0.4853181779
0.5306108216
0.1839030866
0.4531246339
0.4130199353
0.5461095958
0.5818036911
0.5011952302
0.5546999524
0.5498432547
0.5490565913
0.4902830593
0.5549663191
0.430832142
0.5637537571
0.5046047351
0.588607064
0.4062725207
0.5177444501
0.4636445233
0.5183128803
0.5162023721
0.5351883369
0.5888780362
0.5799067179
0.4670125585
0.506982722
0.4902757996
0.6342071285
0.6676046623
0.4865302433
0.5218578626
0.4799631745
0.5121685847
0.4858001999
0.5503677049
0.6168641242
0.562533653
0.4440977858
0.4926037474
0.4468249437
0.4846585284
0.3493874366
0.22675393
0.2081008158
0.3461261179
0.5211225829
0.4669105881
0.4767318258
0.481306083
0.4463588546
0.5035960493
0.4687820456
0.4535917216
0.441911967
0.5824991094
0.4964270949
0.4886118985
0.4789871049
0.5825878122
0.4494304503
0.4593344216
0.4576789956
0.4778498502
0.4137061889
0.4684101728
0.4425862806
0.4473655897
0.369359656
0.5199595844
0.3672390467
0.4639011556
0.4695524565
0.4950794176
0.4804717765
0.4981900281
0.4322782046
0.4735255727
0.4386180718
0.4672482895
0.4582540459
0.4121152335
0.4653884071
0.485619545
0.5129870636
0.514387879
0.5346310974
0.3804532408
0.4362419519
0.4344218726
0.5150231509
0.4047243019
0.3965743108
0.3909415415
0.4140797078
0.4606590918
0.4218789893
0.3092784525
0.374715388
0.3674796272
0.3605068854
0.4018572505
0.3674943471
0.3973513035
0.5042349143
0.392809052
0.3864066746
0.4115101384
0.4146264726
0.3913627241
0.473839358
0.4608498394
0.4106567751
0.5195066154
0.3643492153
0.3892113469
0.5505673472
0.4519830443
0.4641718749
0.5397577782
0.4853380003
0.6183021223
0.5246778007
0.1525801913
0.2224468086
0.2877224904
0.7555853026
0.5874878493
0.7118272247
0.5263002201
0.6071105429
0.6218050639
0.606341962
0.6115371713
0.6123876095
0.5881304182
0.5500280813
0.4236884073
0.5453731373
0.5654638729
0.6391110855
0.5411755958
0.5388384451
0.5848552566
0.5364286433
0.549394833
0.5099195634
0.6942157052
0.5428828844
0.5730550768
0.5535407274
0.5492738283
0.5084534515
0.5894746592
0.4611023828
0.5325072634
0.5207498494
0.5258920462
0.4222454552
0.531467651
0.4745028683
0.6392528516
0.5257196913
0.3880301447
0.5074097222
0.1612579785
0.6537400052
0.4727310641
0.513856082
0.4294050477
0.4911351434
0.5135620417
0.5073013616
0.5858167904
0.5566772226
0.4877498376
0.4100256121
0.5070761706
0.5196433777
0.5095960432
0.4586691402
0.4833874884
0.5208164465
0.4487133368
0.5197512045
0.4908847065
0.5352541082
0.4237471347
0.6097697818
0.5029368415
0.5061184181
0.502650494
0.4727017958
0.5084999744
0.4804650861
0.3879314089
0.4730821789
0.478713949
0.4873001731
0.4577843609
0.5369869877
0.4785693969
0.4708277503
0.4721154678
0.5276432463
0.3994757937
0.4609832083
0.4388939797
0.4698210912
0.4594121436
0.481738032
0.366577176
0.4163748043
0.3712828807
0.3902944589
0.3801376488
0.4398086196
0.3752838085
0.3736141661
0.4076180065
0.3516190488
0.3795168639
0.3530654819
0.3520679037
0.3852916522
0.3403833667
0.2648979192
0.3767893572
0.3846292897
0.4055445828
0.42828784
0.5041751782
0.4251847049
0.4725424579
0.3856946988
0.4933276271
0.4879017479
0.4675263443
0.587383043
0.6056738824
0.6306600865
0.6408002532
0.7230596499
0.7505624051
0.8579903194
0.942296764
0.8341959727
0.7870813601
0.7753812075
0.6785672583
0.7905508533
0.6487178361
0.6658676823
0.641189824
0.5613576125
0.5624134846
0.5900296585
0.5635597695
0.678445607
0.6180125137
0.6291114511
0.5817064422
0.6033120169
0.5698196057
0.5904222389
0.5708830886
0.6191807648
0.6074139896
0.7254079847
0.5645411698
0.5324437933
0.5395961196
0.5878691103
0.5872247333
0.5791224696
0.6208841103
0.5241948055
0.5148896206
0.5789890141
0.591458529
0.5549609628
0.5942022026
0.5168341758
0.5102356023
0.2781589667
0.454183374
0.1861128593
0.6021659894
0.549374467
0.5837811054
0.5834092035
0.5778950154
0.5518692623
0.5806668251
0.5206407534
0.5705315785
0.5614786244
0.4623349498
0.5516564409
0.5356494238
0.5142998257
0.5232930553
0.4929333722
0.4893879161
0.5130944779
0.4921234095
0.5344766024
0.5288556827
0.5280496203
0.4813083578
0.5261613061
0.4847909322
0.502956648
0.5370120931
0.5023463905
0.512580264
0.5111006718
0.5316629422
0.5526266642
0.4991773822
0.5616884184
0.4752342104
0.5232841714
0.4997896814
0.5471417039
0.5322152991
0.4852818891
0.497704169
0.4439756752
0.4739685839
0.420993189
0.4768423538
0.447472117
0.3861747528
0.4817765674
0.4671217011
0.4002968774
0.3940248203
0.3988039062
0.3974622563
0.3253118713
0.3558800472
0.4127072012
0.4183767017
0.3535849533
0.3823492871
0.3656932353
0.3768366435
0.3826218995
0.3842010365
0.3811155893
0.4476129298
0.3733485481
0.5659433668
0.5526568067
0.5868384659
0.6227783205
0.7124310535
0.6645589651
0.6862787208
0.7073578937
0.7278384188
0.7832149453
0.7617523613
0.739083332
0.8292703053
0.2587587512
0.3841067135
0.6464022576
0.6551871758
0.707047086
0.6665897127
0.6794106033
0.6486344209
0.6734570748
0.7081155256
0.698331111
0.7338101006
0.7350043058
0.7305902699
0.7116234615
0.6975734619
0.709060924
0.7360647904
0.7664032055
0.681740719
0.6999619261
0.7042324093
0.6791289911
0.68097701
0.6212471795
0.7042521988
0.7961528217
0.6856826153
0.6302476726
0.629270524
0.6479609387
0.5975320356
0.6309815584
0.6284873478
0.6389731745
0.5775576699
0.5665371377
0.581593725
0.6346389446
0.5795417913
0.6416749694
0.5796897183
0.7299014474
0.7670602997
0.6425250607
0.6276182112
0.6371208422
0.6503160609
0.6145386473
0.6021581315
0.6531136733
0.4452278752
0.5619451927
0.5466504449
0.51541176
0.5276264997
0.5054217037
0.5255813129
0.615940773
0.5198057523
0.6077913837
0.5037408478
0.5789780648
0.4802173261
0.5647481111
0.573250796
0.5641738079
0.562581818
0.5562836587
0.5202786713
0.5121826368
0.5364667386
0.5670149821
0.6014401441
0.5082388914
0.5195914426
0.5589192697
0.5824752736
0.4858470319
0.5214614932
0.5042479707
0.3815006316
0.4967966943
0.431634996
0.5699591341
0.4482948481
0.3353167506
0.4055094969
0.4034562286
0.4348216803
0.4010791054
0.3830311056
0.5013656582
0.4066056546
0.3778361651
0.3726178725
0.3224524051
0.3877851807
0.360801096
0.4080042703
0.3133281267
0.3426866121
0.3243557113
0.3475030071
0.4385849673
0.3955896082
0.3773087087
0.4375889028
0.7118257816
0.742200264
0.759994998
0.7850391634
0.8034722946
0.8289698536
0.8225814067
0.8234325306
0.8078445932
0.795623716
0.8006387273
0.7812964057
0.6495077186
0.2435860527
0.5302894058
0.6914907177
0.7095111792
0.8010343123
0.7378033535
0.7982699428
0.7713445253
0.8332525886
0.8165595869
0.8689381889
0.8453828984
0.807651177
0.7451846708
0.782210155
0.7973744491
0.7819861954
0.7688886593
0.7823800206
0.7805924202
0.7766973693
0.7428789418
0.7761398855
0.7250524156
0.8030303643
0.7176574909
0.7214348614
0.7163956557
0.7508563523
0.7391007832
0.8315562482
0.6815802464
0.6804138845
0.7287735252
0.6867833685
0.5793618274
0.5191871942
0.5583127534
0.6193028654
0.7271390181
0.61919647
0.7803208748
0.7055502205
0.689360267
0.6783937102
0.6995151077
0.6360971113
0.6695407257
0.5737332202
0.7071247994
0.6215861612
0.6335437641
0.6933065036
0.622790516
0.6172512253
0.6490668407
0.5229122982
0.5896042052
0.581624757
0.6226150341
0.5314791988
0.6070605252
0.5840647818
0.6091696082
0.6480583394
0.5598162073
0.5647615996
0.5747349378
0.6257090301
0.5750409857
0.5992433536
0.6899256885
0.5518356417
0.5062935654
0.5442958024
0.5672670675
0.5669438159
0.4204069353
0.5238151157
0.5095794583
0.458619585
0.4887904605
0.4011203947
0.4708390906
0.4052006312
0.4426728605
0.4216765236
0.4145762469
0.5038734234
0.3936184353
0.4235090564
0.4247880301
0.2961798873
0.3770217049
0.3495833676
0.4231612741
0.3780682721
0.3774546563
0.3649991455
0.3211743125
0.3203436918
0.3783884727
0.3622469057
0.3330304149
0.3510537803
0.3330154517
0.4944776482
0.4407454803
0.8704012173
0.8888385365
0.8900707087
0.9084206142
0.9207107088
0.9190756815
0.9292546299
0.9155447628
0.9430483672
0.8941708716
0.9080493864
0.9306351731
0.9425012467
0.9314511513
0.9571421153
0.9412201687
0.9090354401
0.8846713163
0.8682846686
0.8665230079
0.8299601997
0.9052310739
0.8615812889
0.8760415805
0.867647388
0.8697803824
0.8673167986
0.8595669687
0.9098857603
0.8648623282
0.8658962999
0.8644809695
0.8439978759
0.8530599536
0.8817649484
0.8533617321
0.8528273891
0.8520743049
0.8293936597
0.8484915984
0.8306429942
0.8313183728
0.8264412729
0.8173810695
0.7922114155
0.8100106061
0.7930379678
0.810775675
0.8089634024
0.8501951896
0.9240858622
0.8340365642
0.8671938311
0.7214213325
0.7345957843
0.7950289567
0.7768170028
0.7421279757
0.7532087174
0.7557712416
0.7483096287
0.762085848
0.7553886679
0.7005199764
0.7081842819
0.6566968502
0.8322862309
0.6839744172
0.7533400673
0.8194575112
0.6603591571
0.7026258718
0.6672135507
0.6951945359
0.8169609655
0.7172423854
0.6836798855
0.7637802927
0.664475022
0.6748948633
0.737711658
0.6313611812
0.6511596158
0.6763948329
0.5833822904
0.5729429428
0.6472443733
0.6397682092
0.5734391795
0.5087453941
0.5432896958
0.6650112462
0.4713042627
0.5348362588
0.481396839
0.5075632667
0.4473097035
0.5413920437
0.4536977946
0.4486635095
0.5347063465
0.4299062116
0.385098372
0.369989563
0.3907732562
0.2809019432
0.386512153
0.3653503541
0.3882173433
0.3580541663
0.3398902674
0.2422904686
0.3523962814
0.2943176505
0.3497339586
0.3427233393
0.2979643429
0.2232764308
0.3741625561
0.3669114027
0.4236482959
0.9226224715
0.9594287339
0.9543327595
0.9530712915
0.9583622111
0.9588952868
0.9567206224
0.9587292635
0.9430558056
0.9350404947
0.942010201
0.9561136301
0.9726259352
0.9996584452
0.9674971125
0.9600651414
0.9631681543
0.9534077467
0.9386874278
0.9436091088
0.9172431122
0.9335732821
0.9275735872
0.9239316435
0.9243780875
0.9123572287
0.921006263
0.9193098544
0.9157086317
0.9194318876
0.9140944861
0.9156492177
0.9134874202
0.9112976775
0.9376328448
0.917852798
0.9192053429
0.9095468341
0.9059771043
0.8992401436
0.9073653202
0.8951349911
0.886339751
0.8915638315
0.8815163949
0.8861993908
0.8804350667
0.8935451119
0.8840507837
0.8946229762
0.6907411411
0.7587348495
0.8856362043
0.8769088102
0.8710786298
0.8545726674
0.8336065858
0.844241123
0.8236791966
0.8148714841
0.8102158074
0.8202202035
0.8176472959
0.8379224843
0.8331755659
0.831391518
0.7715640573
0.8174797089
0.8476630417
0.7757457693
0.8895278413
0.8090207127
0.8028436678
0.8018208202
0.8303134278
0.6904464036
0.7750850933
0.7368330709
0.7053178463
0.7245134588
0.6824288525
0.8098379491
0.6470543372
0.6957998361
0.6178559053
0.6605001103
0.6357877912
0.5753220037
0.5926881227
0.5728506533
0.5720578268
0.5346481174
0.4532709121
0.5633253686
0.5013984889
0.5457116817
0.5236352176
0.5242484867
0.4760833344
0.4648960879
0.4439375439
0.4563590421
0.4374901906
0.5660734641
0.5483550358
0.4443923519
0.400239383
0.4506655938
0.3954485421
0.3510772249
0.4325559493
0.3423274105
0.336523105
0.3806698861
0.2223658188
0.3457789897
0.2851132955
0.3146192681
0.3109923225
0.3401125487
0.4282332975
0.9641025393
0.9770583283
0.9746302341
0.9699087644
0.9685689192
0.9703274726
0.9676707943
0.967995762
0.9624934447
0.9559369357
0.9578389604
0.9618161228
0.9784605347
0.9826640954
0.9696454487
0.968103454
0.965247226
0.9529199736
0.9370047724
0.9315752365
0.9329957141
0.9416965629
0.9336759622
0.9601330786
0.938086137
0.9308669736
0.9259952464
0.9288068404
0.9276511177
0.9279263534
0.9255275427
0.9248841536
0.9373036887
0.9274019692
0.9258183864
0.9273914669
0.9283709058
0.9285942524
0.918444947
0.9204173408
0.919160049
0.9206229021
0.9300052967
0.9150767606
0.9249693301
0.9038930837
0.898017108
0.9341045691
0.8958195624
0.8929737562
0.777598511
0.7734362071
0.9105753347
0.8710335309
0.8795025126
0.8670943007
0.8726076336
0.8711893967
0.9091724271
0.8722730554
0.8629190599
0.8622033806
0.8635554195
0.8470655865
0.8562334798
0.8254711899
0.8017352828
0.8510199246
0.81137888
0.8121287652
0.8030016172
0.7564474395
0.7837782044
0.7648202643
0.8122926709
0.7510741632
0.7868999335
0.7699965514
0.763281617
0.7321647531
0.7381674086
0.7054967365
0.6306120363
0.6938206184
0.6816102993
0.6868080069
0.6536551508
0.6848940091
0.679749623
0.6968411802
0.6396361096
0.768004203
0.6326136269
0.6553715772
0.6303931985
0.5931331881
0.5482019604
0.5541108752
0.5352601506
0.630209783
0.5306329205
0.5273918361
0.5525706
0.4404995641
0.4428752668
0.4542576808
0.5210529572
0.4680351949
0.50083125
0.4075122328
0.3582057229
0.3592353565
0.3887424188
0.3361861633
0.3686864867
0.3635145463
0.2981919824
0.330026705
0.3249431632
0.3062799786
0.4447970604
0.9201581422
0.9742461064
0.9725280226
0.9591899145
0.9443355713
0.9389150792
0.9342025723
0.9252757202
0.9089093316
0.9040562532
0.8528328426
0.8784142781
0.719161042
0.8505332383
0.8677466237
0.8606035726
0.8709191454
0.8545803581
0.837415512
0.8264486233
0.8192010049
0.792836814
0.8078366143
0.7690950446
0.7725493286
0.8336066651
0.83311921
0.8012713988
0.8288296415
0.8244982975
0.7889163912
0.8128780829
0.8078104325
0.7817711479
0.7983254766
0.7741269161
0.7585661973
0.7633881828
0.7950489234
0.7753824641
0.8364434915
0.7667981663
0.7598938526
0.7870716363
0.7829601685
0.7358999842
0.7640417776
0.6729061237
0.6703893198
0.7328624736
0.6809894206
0.4540247394
0.7319395542
0.6465723453
0.7047186735
0.6993862254
0.7041795678
0.7053217269
0.6983621749
0.6725044034
0.7170311555
0.7122025224
0.6736208789
0.7166475144
0.7076049906
0.6458487505
0.6220707002
0.5800734092
0.6523898311
0.6552952676
0.691560422
0.6217050208
0.6794064858
0.5410834638
0.4904424167
0.6238031571
0.6235501864
0.6075631417
0.6062128735
0.6472945855
0.6143991039
0.651344196
0.6679323091
0.7549656437
0.7054081228
0.6224971796
0.6251249418
0.6187408331
0.5487498102
0.5772253768
0.5793511647
0.5416689883
0.4951732357
0.5665101027
0.563238209
0.5452361782
0.5885617967
0.5487976348
0.5386398691
0.5320871997
0.4928590521
0.4842422415
0.4886254068
0.4797686657
0.5078888525
0.3957231337
0.4100722078
0.4301336559
0.4247162103
0.4499085935
0.4681027078
0.4637889265
0.4487533049
0.4046389457
0.4860539006
0.3494654567
0.4084258688
0.4287548837
0.4152972325
0.3815305882
0.4129172901
