0.9998835963
0.9999122495
0.9998755709
0.9998569007
0.9998428249
0.9998293747
0.9998149288
0.9997987796
0.9997807441
0.9997610165
0.9997399279
0.9997177772
0.9996948683
0.9996715778
0.9996483978
0.9996259862
0.9996051143
0.9995864717
0.9995704302
0.9995568675
0.9995451862
0.9995346048
0.9995249561
0.999516801
0.9995106514
0.9995064995
0.9995039462
0.9995024876
0.9995016889
0.9995012367
0.9995009273
0.9995006368
0.9995002955
0.9994998802
0.9994994335
0.9994991231
0.9994993583
0.9995009481
0.9995051893
0.9995136768
0.9995276929
0.9995472935
0.9995703723
0.9995929502
0.9996106787
0.9996200271
0.9996185056
0.9996043664
0.9995766506
0.999536233
0.9994873744
0.9994375406
0.9993920569
0.9993495275
0.9993098039
0.9992779421
0.9992563673
0.999242801
0.9992339413
0.9992274614
0.9992220644
0.9992171056
0.9992122787
0.9992074237
0.9992024198
0.9991971334
0.9991914826
0.9991860592
0.9991848497
0.9991993749
0.9992403653
0.9992953329
0.9993323438
0.9993261326
0.9992644062
0.9991362933
0.9989206556
0.9985761469
0.9980322373
0.9971786272
0.9957798512
0.9924607965
0.9892515117
0.01096780588
0.007438949217
0.005534852511
0.004829458146
0.004409867204
0.0044336055
0.9782800168
0.005647656013
0.9870720104
0.005540418191
0.9870542334
0.005548827439
0.987069577
0.005549653146
0.9870714345
0.005549626474
0.9870691563
0.005549639539
0.9870653772
0.005547184645
0.9870355878
0.005542980737
0.9870367318
0.005544978103
0.9870676052
0.005549376648
0.9870710306
0.00554950854
0.9870565952
0.00739897237
0.8917321317
0.8961716676
0.005838820205
0.9870808111
0.005581236561
0.9838486013
0.01016071924
0.02776865094
0.9998592835
0.9999455509
0.9999350861
0.9999255312
0.9999174132
0.9999096376
0.9999015925
0.9998929246
0.999883485
0.9998733141
0.9998625288
0.9998512261
0.9998395066
0.9998275115
0.9998154377
0.9998035792
0.9997923324
0.9997821206
0.9997732625
0.9997658263
0.9997595775
0.9997541029
0.9997492518
0.9997452554
0.9997423028
0.9997403223
0.9997390899
0.9997383647
0.9997379515
0.9997377144
0.9997375661
0.9997374539
0.9997373465
0.9997372258
0.999737085
0.9997369382
0.9997368522
0.9997370201
0.9997378705
0.9997401069
0.9997445261
0.9997515685
0.9997606528
0.9997700737
0.9997777091
0.9997816921
0.9997805936
0.9997732876
0.9997589189
0.9997373756
0.9997103126
0.9996821914
0.9996586386
0.9996395652
0.9996231616
0.9996110436
0.9996036865
0.9995993864
0.9995966227
0.9995945598
0.999592798
0.9995911593
0.9995895685
0.9995879895
0.9995863813
0.99958464
0.9995824912
0.9995793313
0.9995744511
0.9995699154
0.9995754508
0.9995924421
0.9996062503
0.9996024264
0.9995746418
0.9995200598
0.9994333146
0.9993032526
0.9991157398
0.9988678648
0.9985825406
0.998270819
0.9979414797
0.9984072207
0.9986436548
0.9979833379
0.9968974219
0.9927804483
0.9841199172
0.002772108872
0.002226299762
0.001846875891
0.001880940342
0.001847753478
0.001882006384
0.001847852638
0.001882123558
0.001847850952
0.001882116477
0.001847852178
0.001882114558
0.001847841999
0.00188210466
0.001847602246
0.001881819023
0.001847427223
0.001881607318
0.001847841403
0.00188211228
0.001847848949
0.001882132696
0.001847875677
0.001882135845
0.002037478147
0.001736836919
0.001907621928
0.001848523202
0.001883337488
0.00185233261
0.003769099801
0.9937317002
0.999774711
0.9999058693
0.9999165212
0.9999126781
0.9999054577
0.9998971216
0.999888115
0.9998784181
0.9998679921
0.9998569748
0.9998455051
0.9998335821
0.999821187
0.9998083654
0.9997952231
0.9997820177
0.9997692234
0.9997574853
0.9997474702
0.9997394985
0.9997332541
0.9997279524
0.9997233598
0.9997199406
0.9997178684
0.9997168013
0.9997163071
0.9997160897
0.9997159912
0.9997159404
0.9997159086
0.9997158831
0.9997158506
0.9997157838
0.9997156273
0.9997152837
0.9997146101
0.9997134685
0.999711918
0.9997105792
0.9997107749
0.9997140001
0.9997203647
0.9997279589
0.9997340726
0.9997363692
0.9997330696
0.9997225243
0.9997029543
0.9996730124
0.9996333294
0.9995895958
0.9995566949
0.9995476063
0.9995461566
0.9995485198
0.9995534658
0.9995575765
0.9995599452
0.999561059
0.9995614707
0.9995615374
0.999561449
0.9995612845
0.9995610325
0.9995605438
0.999559369
0.9995563656
0.9995487742
0.9995311499
0.9995060609
0.9995047344
0.9995128046
0.9995022983
0.9994674873
0.9994165579
0.9993536242
0.9992715928
0.9991558358
0.9990161684
0.9988960731
0.9988046071
0.9987008814
0.9986323777
0.9988527041
0.998804433
0.998726513
0.998659643
0.9986176663
0.9987712021
0.9986864027
0.004394278988
0.002020488608
0.001661331677
0.001661304841
0.001661316416
0.001661300342
0.00166131489
0.00166129945
0.00166131438
0.001661300007
0.001661313741
0.001661300797
0.001661313592
0.001661303216
0.001661316173
0.001661309434
0.00166132393
0.001661322153
0.001661340136
0.001661343972
0.001661366465
0.001661378961
0.001661418186
0.001661458251
0.00166151956
0.00166157875
0.001661655443
0.001821423282
0.004872333417
0.9978958115
0.9996708856
0.9998613354
0.9998820996
0.9998886563
0.9998856553
0.9998785368
0.9998695549
0.9998592909
0.9998479347
0.9998359567
0.9998237048
0.9998110569
0.9997977913
0.9997838032
0.999769022
0.9997535924
0.9997380609
0.9997234155
0.9997111035
0.9997024074
0.9996970063
0.9996929228
0.9996894191
0.9996874783
0.9996873344
0.9996881573
0.9996891597
0.9996899765
0.9996905312
0.9996908695
0.9996910633
0.9996911689
0.9996912082
0.9996911547
0.9996909124
0.999690281
0.9996889079
0.9996862504
0.9996816637
0.9996750316
0.9996682397
0.9996652912
0.9996685018
0.9996757735
0.9996828487
0.999685977
0.999682321
0.9996688979
0.999641719
0.9995960747
0.999527924
0.9994369726
0.9993407876
0.9993175497
0.9994317928
0.9994711894
0.9994963675
0.9995111776
0.9995191623
0.9995235855
0.9995263191
0.9995282999
0.9995299567
0.9995314641
0.9995328646
0.9995341034
0.999534989
0.9995350477
0.9995330495
0.9995239784
0.999484733
0.9993665774
0.9993696403
0.9993684986
0.9993225563
0.999268444
0.9992378097
0.9992236876
0.9991912118
0.9991000575
0.9990200324
0.9989782533
0.9989101024
0.9987807252
0.9986819086
0.9987291589
0.9988459908
0.9989728294
0.9990645474
0.9991657254
0.9993290769
0.9993520336
0.9991333976
0.00442318654
0.001949949852
0.00166130498
0.001661300374
0.001661298203
0.001661299115
0.001661299011
0.001661301132
0.001661301244
0.001661303416
0.001661303866
0.001661307583
0.001661309711
0.001661316185
0.00166132099
0.001661331574
0.001661340086
0.001661356022
0.001661368481
0.001661393318
0.001661414994
0.001661458831
0.001661485891
0.001661479793
0.001661537269
0.001783595686
0.9942224108
0.3619713072
0.9995371102
0.9998033745
0.9998363071
0.9998516759
0.9998546885
0.9998504936
0.9998429497
0.9998330553
0.9998210887
0.999808256
0.999795446
0.9997822739
0.9997681549
0.9997528085
0.9997358345
0.9997170541
0.9996969025
0.9996765445
0.9996585092
0.9996467272
0.9996434289
0.9996435257
0.9996437657
0.9996458562
0.999649918
0.9996541926
0.9996575647
0.9996598478
0.9996612511
0.9996620577
0.9996625016
0.9996627375
0.9996628414
0.9996628105
0.9996625472
0.9996618182
0.9996601738
0.9996568059
0.9996503154
0.9996386112
0.9996210116
0.9996053358
0.9996007407
0.9996070096
0.9996173377
0.999625131
0.9996254637
0.9996129808
0.9995797754
0.9995148385
0.9994038155
0.9992204277
0.9989025363
0.9983665013
0.998714462
0.9991987803
0.9992075483
0.9992237467
0.9992344983
0.9992422408
0.9992486149
0.9992543746
0.9992598395
0.9992651492
0.9992704058
0.9992758088
0.9992819029
0.9992901333
0.9993040974
0.9993322996
0.9993813329
0.9991411043
0.9988604727
0.999029564
0.9989639984
0.9989029968
0.9989791863
0.999125474
0.9992562549
0.9993030954
0.999116465
0.9990553264
0.9990238286
0.9989332976
0.9987489206
0.9986639191
0.9988163563
0.99902271
0.9991600314
0.999237434
0.9993023326
0.9993709763
0.9994369177
0.9993426688
0.9988881592
0.003167282893
0.001853415222
0.001661296234
0.001661294856
0.001661296491
0.00166129871
0.001661300885
0.001661302689
0.00166130504
0.001661308442
0.001661312691
0.001661318559
0.001661325383
0.001661334584
0.001661344809
0.00166135817
0.001661372356
0.001661391608
0.001661411677
0.001661437572
0.001661454884
0.001661451105
0.001661445772
0.001821062706
0.004183759172
0.9907293888
0.9993389236
0.9997361599
0.9997708035
0.9997967494
0.9998063385
0.9998060625
0.9998027359
0.9997957891
0.9997842323
0.9997710546
0.9997585431
0.9997455971
0.9997309662
0.999714372
0.9996948631
0.9996715108
0.9996441749
0.9996132865
0.9995815179
0.9995563644
0.9995504747
0.9995660596
0.9995809917
0.9995942023
0.9996066138
0.9996160839
0.9996222261
0.9996258672
0.9996279024
0.9996289928
0.9996295617
0.999629855
0.9996299964
0.9996300206
0.9996298804
0.9996294243
0.9996283292
0.9996259495
0.9996209516
0.9996102582
0.9995867068
0.9995448317
0.9995133264
0.9995080924
0.9995208021
0.999538246
0.9995514065
0.9995508531
0.9995236422
0.9994511121
0.999315162
0.9990823327
0.9986554248
0.9974782308
0.9901484584
0.003221865204
0.002724230373
0.002567968268
0.002535545202
0.00253242947
0.002537926862
0.00254612075
0.002555147454
0.002564455522
0.002574008487
0.002584221947
0.002596516299
0.002615072902
0.002651970262
0.002745745205
0.003120443077
0.003562509206
0.9949398443
0.9965316291
0.9968731462
0.9945620755
0.9968261071
0.9982561295
0.9989451139
0.9993459367
0.9992362377
0.9989591546
0.9989852109
0.9990588003
0.9990568959
0.9986809701
0.998657298
0.9989155405
0.9991195263
0.9992457386
0.9993007147
0.9993048705
0.9993196698
0.9993415387
0.999339373
0.9991160812
0.998148694
0.002533000725
0.001787444691
0.001661292419
0.001661296902
0.001661300506
0.001661302843
0.001661305693
0.00166130976
0.001661314595
0.001661320732
0.001661327723
0.00166133641
0.001661346113
0.001661357912
0.001661370732
0.001661386068
0.00166140128
0.001661416569
0.001661424004
0.001661416814
0.001661396131
0.001848878311
0.9895691024
0.9930967811
0.9983821791
0.9995356487
0.999647351
0.999681233
0.9997297318
0.9997274632
0.9997333549
0.9997408291
0.9997335857
0.9997210513
0.9997107607
0.9996995004
0.9996848904
0.9996676301
0.999645906
0.9996172863
0.9995804127
0.9995327838
0.999472905
0.9994056762
0.9993541698
0.9993811683
0.9995064863
0.9995435361
0.9995656668
0.9995783564
0.9995849867
0.9995883209
0.9995899762
0.9995908037
0.9995912291
0.9995914587
0.9995915912
0.9995916788
0.9995917614
0.9995918903
0.9995921434
0.9995926217
0.9995933766
0.9995940018
0.9995904494
0.9995583931
0.999417304
0.9993468852
0.9993436814
0.9993762624
0.9994177351
0.9994542658
0.9994581194
0.9994083435
0.9992939753
0.9991203807
0.9989211108
0.9987004524
0.9984642996
0.9984124825
0.003390669108
0.001879062795
0.001661307648
0.001661304372
0.001661303057
0.001661302832
0.001661303289
0.001661304237
0.001661305515
0.001661307008
0.001661308676
0.001661310742
0.001661314149
0.001661321237
0.001661326697
0.00186729101
0.005129293705
0.9967572233
0.00268001389
0.001917830731
0.001892078893
0.002039884295
0.002308828991
0.003184787248
0.005262551024
0.9956090982
0.9967198571
0.9984189827
0.999125097
0.9989724933
0.9982858806
0.9984600111
0.9988190319
0.9990675404
0.9992825554
0.9992489477
0.9992189447
0.9992377396
0.9992546503
0.9992334158
0.9991545858
0.9987228936
0.9962335
0.002207864609
0.001726494365
0.001661300708
0.001661303913
0.001661306725
0.001661310928
0.001661315914
0.001661321845
0.001661328492
0.001661336232
0.001661344837
0.001661354782
0.001661365669
0.001661377551
0.001661388506
0.001661397146
0.001661398736
0.001661389321
0.001661363833
0.001914594586
0.69181021
0.9801607754
0.004020038966
0.002797096308
0.007308592563
0.9988035133
0.9994044963
0.9995474888
0.9995632407
0.9996371367
0.999683966
0.999657292
0.9996515243
0.9996436894
0.9996283549
0.9996115505
0.999589452
0.9995568215
0.9995113659
0.9994448109
0.9993431992
0.9991868789
0.9989376166
0.9986278565
0.9990325093
0.9993806534
0.9993544698
0.9993499995
0.9993478419
0.9993466568
0.9993462263
0.9993462558
0.9993464813
0.9993467319
0.9993469341
0.9993471154
0.9993474479
0.9993483598
0.9993507567
0.9993564119
0.999368614
0.999393242
0.9994408043
0.9995210386
0.9993697289
0.9990404248
0.9988820579
0.9989448548
0.9990555915
0.9991789784
0.9992827876
0.9992899368
0.9993203237
0.9992051374
0.9991114971
0.9990611174
0.9990399528
0.9991591241
0.9991738697
0.9985267619
0.002902718279
0.001850463728
0.001661299135
0.001661298289
0.00166129945
0.00166130126
0.001661303563
0.001661306141
0.00166130854
0.001661310636
0.001661312417
0.001661312727
0.001661323949
0.002270543988
0.9984164368
0.9973235927
0.002243890124
0.001661329424
0.001661315078
0.001661314941
0.00166131698
0.001661322353
0.001661346695
0.001766026327
0.001847443665
0.002067739348
0.002706499304
0.004405495862
0.9941979
0.9944120628
0.9976128104
0.9983337965
0.9988660669
0.9990972259
0.999146996
0.999177921
0.9992250871
0.9992375353
0.9992010234
0.9991034999
0.9989218572
0.9981996258
0.9830562003
0.002016367031
0.001661314073
0.001661308195
0.001661311774
0.001661316284
0.001661321631
0.001661327524
0.001661334107
0.001661341285
0.001661349396
0.001661358369
0.001661367581
0.001661375308
0.001661380047
0.001661378546
0.001661368173
0.001661345251
0.00190171661
0.9869380067
0.9919490783
0.003317163524
0.00166131441
0.001661327997
0.001778133012
0.002170584887
0.004359467838
0.9980349782
0.9990113891
0.9995281686
0.999576078
0.9995501845
0.999591527
0.999555978
0.9995422552
0.9995256789
0.9994939296
0.9994505657
0.9993814218
0.9992613087
0.9990571775
0.9986596097
0.9974936944
0.991513093
0.003850174181
0.00321389856
0.002809018623
0.002710617367
0.002678656572
0.002667874791
0.002664832833
0.00266455643
0.002665056358
0.002665564701
0.002665901524
0.002666328068
0.002667733219
0.002672229771
0.002684540088
0.002715403087
0.002791758089
0.003000298056
0.003978512481
0.00623987007
0.9966724838
0.9963087269
0.9969664669
0.9978974578
0.9984780689
0.9986265358
0.9985771482
0.999119739
0.9992964008
0.9992949957
0.9992332556
0.9991971093
0.9992042837
0.9992536016
0.9992764854
0.9990746089
0.9982921082
0.002765220677
0.001835137566
0.001661298
0.001661299812
0.001661303488
0.001661307655
0.001661311224
0.001661313416
0.001661314987
0.001661311772
0.00175572907
0.003893659641
0.9990687946
0.006809387686
0.001791876167
0.001661321426
0.001661317679
0.001661315526
0.001661316018
0.001661317311
0.001661319539
0.00166131993
0.001661315533
0.001661319408
0.001661324949
0.001661402461
0.002550161727
0.9685332845
0.9970082304
0.9974975533
0.9971500381
0.004695832765
0.9983968336
0.9990122543
0.99926754
0.9993013257
0.9992918424
0.9992347379
0.9991384376
0.9990332567
0.9988699316
0.9987139028
0.004097996422
0.001934797568
0.001661312564
0.001661313749
0.001661319283
0.001661324615
0.001661330158
0.001661335901
0.001661342383
0.001661349866
0.001661357207
0.001661362744
0.001661365518
0.001661363013
0.001661353461
0.001661333611
0.001981216209
0.9912047336
0.9900201258
0.003317133113
0.001661293181
0.001661299954
0.001661294854
0.001661294327
0.001661306484
0.001760594233
0.001950110964
0.002963561991
0.009365528834
0.9987064735
0.9992829281
0.9994168268
0.9993974618
0.9994670647
0.9994243675
0.999405454
0.9993707622
0.9992847071
0.9991574484
0.9989923209
0.9987606232
0.998413275
0.9981907601
0.003208981884
0.001877650343
0.001661311625
0.00166130803
0.001661306728
0.001661306349
0.001661306523
0.001661307153
0.001661308456
0.001661310617
0.001661312974
0.001661314704
0.001661315935
0.001661317045
0.001661318718
0.001661322164
0.001661329323
0.001661347392
0.001661395802
0.002036347109
0.003519634135
0.9957741823
0.9977028727
0.9984886481
0.9980355936
0.002812914168
0.002461906085
0.005536088543
0.9988737648
0.9991809313
0.9992869312
0.999270921
0.9992781651
0.9992842531
0.9992745435
0.9992441158
0.9990046319
0.9980714591
0.002647739597
0.001821169059
0.00166130051
0.001661306312
0.001661312804
0.001661315899
0.001661315092
0.00166131302
0.001807973642
0.6329151426
0.9981783789
0.003480707824
0.001661393322
0.001661324777
0.001661320331
0.001661317201
0.001661316033
0.001661316525
0.001661318292
0.00166132017
0.001661319552
0.001661319473
0.001661312033
0.001909164598
0.006365060868
0.999037296
0.9984435351
0.9978537308
0.002830740056
0.001918905708
0.001903655614
0.002979123094
0.9986424559
0.9992503539
0.9994083024
0.9993636188
0.9992712458
0.9992025844
0.9991644981
0.9992385554
0.9992677034
0.9988441926
0.003486614424
0.001920495712
0.001661315211
0.001661318752
0.001661324823
0.001661329434
0.001661334431
0.001661341023
0.001661347124
0.001661351189
0.001661353338
0.001661351115
0.001661343352
0.001661327558
0.002074682378
0.9965392804
0.9947207189
0.003317126815
0.001661287027
0.001661293859
0.001661295507
0.001661296376
0.00166129911
0.001661301501
0.001661302044
0.001661310774
0.001661597614
0.001825116543
0.002244510855
0.004339101018
0.9978874852
0.9990500348
0.9992807308
0.9992926316
0.9994109827
0.9993618443
0.9992893424
0.9992245313
0.9991632801
0.9991107329
0.9991694446
0.9991638222
0.9985613865
0.003010789354
0.001869669363
0.001661302944
0.001661302689
0.001661304145
0.001661305299
0.001661307119
0.001661310843
0.001661315369
0.001661318547
0.001661320274
0.001661321044
0.001661321776
0.001661323558
0.001661325548
0.001661325428
0.00166140363
0.002574862667
0.9971075304
0.9983851286
0.9984702826
0.9985554233
0.004387350235
0.002005814735
0.001661330532
0.001661345657
0.001946719445
0.003261907144
0.9986017104
0.9991448926
0.9993094824
0.9993111563
0.9993052388
0.9992869728
0.9992538479
0.9992036869
0.9989235267
0.9978217891
0.002594603993
0.001833204256
0.001661311055
0.001661319186
0.001661320967
0.001661321007
0.002349599755
0.9971912627
0.9917905918
0.001890693322
0.001661324953
0.001661321619
0.001661318677
0.00166131745
0.001661316556
0.001661316387
0.001661316523
0.001661316017
0.001661313781
0.001661316485
0.001736690237
0.002671377465
0.9988297278
0.9992963896
0.9988252604
0.003364251718
0.001956028892
0.001661330588
0.001661324949
0.001661313933
0.001901341099
0.003635609175
0.9990726356
0.999434336
0.9993956531
0.9992649536
0.9991954874
0.9991602926
0.9992324843
0.9993234099
0.9992314091
0.9988129236
0.003415322926
0.001906581193
0.001661317093
0.001661321877
0.001661326115
0.001661332291
0.001661337939
0.001661340498
0.001661343168
0.001661341933
0.00166133628
0.001661325209
0.002198171367
0.9979252511
0.9966544667
0.003317125202
0.001661285219
0.001661291272
0.001661294085
0.001661296359
0.001661298818
0.001661301086
0.001661302554
0.001661305278
0.001661308889
0.001661307567
0.001661303687
0.001661316275
0.001781855879
0.002123654047
0.003681763564
0.9976481559
0.9991420331
0.999401037
0.9994103317
0.9993544852
0.9993072974
0.9992643195
0.9992471715
0.9992751176
0.9993008838
0.9991368347
0.9985305202
0.003014030239
0.001871837576
0.001661305221
0.001661306327
0.001661307757
0.001661311667
0.001661317995
0.001661322241
0.001661324185
0.001661323978
0.001661323108
0.001661323986
0.001661322348
0.001661315211
0.00187243856
0.006758547663
0.9990435342
0.9985202929
0.9979380698
0.5656915718
0.002177661399
0.001661357664
0.001661334644
0.001661324967
0.001661316265
0.00166130987
0.001882309462
0.003084052101
0.9986270418
0.9991901482
0.9993430407
0.9993339802
0.9993139694
0.9992787218
0.9992242915
0.9991540164
0.9988666651
0.9980289879
0.003001894557
0.001950081033
0.00166135377
0.001781802814
0.003609549718
0.9990348249
0.005406146071
0.00177004588
0.001661325381
0.001661328049
0.001661323522
0.001661320107
0.001661318043
0.001661317007
0.001661316123
0.001661314082
0.001661307844
0.001661340105
0.002168420313
0.9947321786
0.998723668
0.999056644
0.005590987874
0.001983726628
0.001661327551
0.001661329511
0.001661326343
0.001661319642
0.001661314842
0.001661316681
0.002001198167
0.007015225287
0.9991451816
0.9991741163
0.9991534766
0.9990282551
0.9990474953
0.9991863364
0.9992872564
0.999341583
0.9992231969
0.998732878
0.00323812873
0.001912433457
0.001661327334
0.001661319852
0.001661329543
0.001661330786
0.001661333496
0.001661335406
0.001661330698
0.001661326416
0.002374875334
0.9985599342
0.9976381652
0.003317124821
0.001661284627
0.001661290024
0.001661292811
0.001661295503
0.001661298103
0.001661300341
0.001661302144
0.001661304542
0.001661307655
0.001661309226
0.001661308934
0.001661310311
0.001661310534
0.001661308509
0.001661317041
0.001783791283
0.002239764495
0.006313945216
0.999029321
0.999296746
0.9993764859
0.9993356912
0.9993083783
0.999302843
0.9993076648
0.9993108926
0.9993076754
0.9991423748
0.9985516145
0.003086391582
0.001909997185
0.001661323701
0.001661308866
0.001661316183
0.001661322717
0.001661326589
0.00166132568
0.001661321469
0.001661319224
0.001661318047
0.001701556089
0.002193961024
0.9982097753
0.9992081377
0.9986840653
0.9895264833
0.002192405274
0.001735128583
0.00166133448
0.001661330061
0.001661324567
0.001661319488
0.001661314185
0.001661309503
0.001661308199
0.001886181745
0.003220095415
0.9987464813
0.9992403958
0.9993726039
0.999350812
0.9993040693
0.9992266173
0.9991421833
0.9991258192
0.9990345907
0.9987761772
0.004773546453
0.002345034429
0.7741912749
0.9975124897
0.003205352446
0.001661361384
0.001661327021
0.001661326297
0.001661324028
0.001661320895
0.001661318211
0.00166131642
0.001661315429
0.001661314588
0.00166130453
0.001902580162
0.005667469417
0.9990758587
0.9987213311
0.9944678219
0.002160573735
0.001661351352
0.001661323335
0.001661324708
0.001661322546
0.001661318343
0.001661315107
0.001661312757
0.001661311048
0.001661344392
0.002209977182
0.9970615925
0.998991045
0.9989537479
0.9985425735
0.9989837989
0.9991827211
0.9992655039
0.9993040368
0.9993193684
0.9991645056
0.9986727428
0.003987992078
0.002104908485
0.001774570107
0.00166133116
0.0016613214
0.00166132466
0.001661338356
0.00166132854
0.00273241988
0.9989134653
0.9982253966
0.003317124766
0.001661284433
0.001661289406
0.001661291941
0.001661294639
0.001661297323
0.001661299762
0.001661301986
0.001661304553
0.001661307469
0.001661309647
0.001661310819
0.001661312352
0.001661313627
0.001661314502
0.001661317079
0.001661317562
0.001661316351
0.001661347557
0.001968781786
0.003612586361
0.998815861
0.999225068
0.9993419787
0.9993284841
0.9993230653
0.9993215754
0.9993188869
0.9993132243
0.9993073653
0.9991534693
0.9987224512
0.004499656029
0.002168100238
0.001770641411
0.001661315327
0.00166132491
0.001661330592
0.001661322207
0.001661314457
0.001661321187
0.002026949721
0.9582726266
0.9987873586
0.9992473596
0.998366782
0.002322882619
0.001737580531
0.001661320256
0.001661332752
0.001661329505
0.001661325735
0.001661322261
0.001661318442
0.001661314989
0.001661312634
0.001661310735
0.001661310976
0.001903826578
0.003411924471
0.998849445
0.9992845044
0.9993931664
0.9993061027
0.999148453
0.9990523715
0.9991020507
0.9992221594
0.9992034089
0.9987602759
0.9959078123
0.9783602195
0.001870469797
0.001661325276
0.00166132471
0.001661323441
0.001661322431
0.00166132025
0.001661317299
0.001661314002
0.001661310791
0.001661313203
0.001736145816
0.002662688212
0.9988335393
0.999329696
0.9988248995
0.002648590575
0.001735403107
0.00166132003
0.001661318303
0.00166131845
0.001661317678
0.00166131543
0.001661312945
0.001661310633
0.001661308973
0.001661308315
0.001661305286
0.001778947652
0.003093973
0.998574366
0.9979208571
0.9976223609
0.9989402549
0.9992123928
0.9992498037
0.9992555858
0.9992375176
0.9992133462
0.9991092401
0.9985961572
0.9943466116
0.003207976485
0.002344385569
0.00192711665
0.001815251646
0.001762097838
0.002898357799
0.9991622427
0.9986153571
0.003317124789
0.001661284377
0.001661289098
0.001661291393
0.001661293982
0.001661296678
0.001661299299
0.001661301855
0.001661304604
0.001661307487
0.00166130994
0.001661311822
0.001661313646
0.001661315109
0.001661316267
0.001661317962
0.001661318953
0.001661319343
0.001661320852
0.001661319741
0.001661315914
0.001908150406
0.003276453053
0.9986915027
0.9991915973
0.9993335026
0.9993291614
0.9993251497
0.9993149792
0.9992945492
0.9992707368
0.999269401
0.9992281506
0.9988943291
0.9964825657
0.002856502166
0.001933223947
0.001661336462
0.001661341842
0.001661318626
0.001838011156
0.003578675585
0.9985016192
0.9988737323
0.9990917373
0.006701946148
0.001907156644
0.001661312571
0.001661325687
0.001661331903
0.00166133101
0.001661327925
0.001661324822
0.001661321648
0.001661318743
0.001661316599
0.001661315345
0.001661314733
0.001661313681
0.001661314465
0.001921717954
0.003667494716
0.9990032425
0.9993712684
0.9992635937
0.998996038
0.9990272522
0.9991786339
0.999335556
0.9993507807
0.9990014724
0.004040496206
0.001768834732
0.001661329386
0.001661330693
0.001661326279
0.001661322798
0.001661319981
0.001661317288
0.001661313678
0.00166130692
0.001661337036
0.002162038234
0.9946280896
0.9987246337
0.999071225
0.005566807083
0.001899047343
0.001661310008
0.00166132182
0.001661319644
0.001661317357
0.001661315615
0.00166131363
0.001661311523
0.00166130948
0.001661307843
0.00166130677
0.0016613046
0.00166130105
0.001661306883
0.002223191427
0.9970970955
0.9973450166
0.004432415734
0.9985190532
0.9990284097
0.999217626
0.9991685939
0.9990296015
0.9989135704
0.9988621257
0.9983336367
0.9981963562
0.9979477765
0.9923107415
0.9926221908
0.002987292011
0.9790595326
0.9989761297
0.9988638305
0.00331712482
0.001661284367
0.001661288942
0.001661291053
0.00166129352
0.001661296192
0.001661298927
0.001661301697
0.001661304588
0.001661307508
0.001661310144
0.001661312401
0.001661314454
0.001661316137
0.001661317511
0.001661318918
0.001661319821
0.001661320433
0.00166132167
0.001661322143
0.001661320247
0.001661315942
0.001661313358
0.001889705772
0.003159355647
0.9986401368
0.9991767848
0.9993268081
0.9993189665
0.9992855853
0.9992143362
0.999125101
0.9991148798
0.9991727167
0.9989974822
0.9989333795
0.9986960385
0.003933264403
0.002044134373
0.001757016924
0.002218101314
0.9975603984
0.9989636388
0.9989488281
0.996738342
0.002318476553
0.00166136935
0.001661319862
0.001661325175
0.001661330061
0.001661330288
0.001661328737
0.001661326398
0.001661323805
0.001661321363
0.001661319431
0.001661318203
0.001661317815
0.001661318281
0.001661318656
0.001661317228
0.001661318914
0.001975477833
0.005945155687
0.9990936707
0.998874272
0.9989500521
0.9992154694
0.9994056284
0.9994692401
0.9994098404
0.9991376021
0.002652856904
0.001661328442
0.001661326563
0.001661323816
0.001661320293
0.001661317335
0.0016613159
0.001661314653
0.001661304063
0.001899141263
0.005561824171
0.9990709079
0.9987248072
0.9946347337
0.002162412417
0.00166133786
0.001661313282
0.001661319534
0.001661318788
0.001661316615
0.001661314497
0.001661312484
0.001661310534
0.001661308652
0.00166130696
0.0016613054
0.001661303176
0.001661300418
0.0016613
0.001661300501
0.002055825474
0.9972720062
0.9980814499
0.00311817717
0.003075549482
0.9984231658
0.999114494
0.9990433637
0.9986259263
0.9983136102
0.9978017433
0.9967376751
0.9952381402
0.9859726106
0.9941774519
0.9967421937
0.9961236282
0.9986665461
0.998644394
0.003317124839
0.001661284363
0.001661288851
0.001661290833
0.001661293199
0.001661295834
0.001661298627
0.001661301523
0.001661304513
0.001661307493
0.001661310269
0.00166131276
0.001661315006
0.001661316914
0.001661318521
0.001661319973
0.001661321069
0.00166132199
0.001661323111
0.001661323664
0.001661322888
0.001661321039
0.001661319048
0.001661315993
0.001661313561
0.00188234604
0.003105010441
0.9986113842
0.9991746232
0.9993218446
0.9992370894
0.9990408299
0.9988998995
0.9989262311
0.9989449476
0.9989604095
0.9991080194
0.9990643586
0.9987061102
0.003738346955
0.9873044014
0.9979592953
0.9986597395
0.9982138946
0.003087451586
0.001754751849
0.001661322956
0.001661321825
0.001661324654
0.001661328233
0.0016613294
0.001661328814
0.001661327225
0.001661325143
0.001661323036
0.001661321244
0.001661320073
0.001661319949
0.001661321251
0.001661323011
0.001661324405
0.001661325211
0.001661330239
0.001661364809
0.002378310884
0.9976686682
0.9986332915
0.9991083807
0.9993703171
0.9994236969
0.9993400881
0.9992951124
0.9991037138
0.002537984987
0.001661315565
0.001661316309
0.001661315046
0.001661312111
0.001661310336
0.001661312565
0.001735000825
0.002650051725
0.9988246008
0.999329611
0.9988340293
0.002663412683
0.001736204602
0.001661313235
0.001661312221
0.001661315684
0.001661316191
0.001661315205
0.00166131355
0.001661311722
0.001661309901
0.001661308121
0.001661306413
0.001661304686
0.001661302587
0.001661300337
0.001661299047
0.001661297483
0.001661293963
0.001954774749
0.9953113531
0.998799717
0.003626197619
0.002092779847
0.003411161157
0.9986691606
0.9984111332
0.9978969445
0.9974347062
0.9966494649
0.9947058908
0.9906916803
0.003206534152
0.003748816035
0.9970613415
0.9983322269
0.9982314951
0.003317124837
0.001661284346
0.001661288774
0.00166129067
0.001661292962
0.001661295564
0.001661298383
0.001661301349
0.001661304405
0.001661307445
0.001661310329
0.001661312985
0.001661315397
0.001661317511
0.001661319343
0.001661320956
0.001661322283
0.001661323423
0.001661324491
0.001661325033
0.001661324663
0.001661323496
0.00166132214
0.001661320908
0.001661319999
0.001661317862
0.001661315658
0.00187899558
0.003151182001
0.9987921498
0.999296885
0.9991653703
0.9987299084
0.9986440895
0.9986608895
0.9986588698
0.9987105894
0.9988494001
0.9989819906
0.9988287537
0.9982481627
0.9987130971
0.9984612981
0.9776549917
0.002008805837
0.001661319963
0.001661326808
0.001661327348
0.001661327957
0.001661329257
0.001661329654
0.00166132905
0.001661327673
0.001661325864
0.001661323929
0.001661322046
0.001661320587
0.001661320423
0.001661322438
0.001661325194
0.001661327116
0.001661329003
0.001661333258
0.001661352123
0.00205133915
0.003644218151
0.9979013761
0.9986435384
0.9991544625
0.9992526197
0.9991428475
0.999063492
0.9991935452
0.9989035306
0.002285239616
0.001661308489
0.00166131153
0.001661309654
0.001661307189
0.001661335641
0.002153290315
0.9945062577
0.9987216491
0.9990760305
0.005674817761
0.001902802334
0.001661307532
0.001661316983
0.001661315777
0.001661315844
0.001661315375
0.001661314425
0.001661312993
0.001661311321
0.001661309602
0.001661307907
0.00166130625
0.001661304576
0.001661302733
0.001661300863
0.001661299354
0.001661297344
0.001661293748
0.001661289564
0.001797161109
0.9952227506
0.9989826926
0.9968233736
0.001967724127
0.002182922699
0.9965063943
0.997632984
0.9974562029
0.9969620812
0.9955269426
0.9947634926
0.995081893
0.9951653812
0.996594367
0.9975446418
0.9967694029
0.003317124811
0.001661284304
0.001661288679
0.001661290523
0.001661292769
0.001661295348
0.00166129818
0.001661301186
0.001661304285
0.001661307371
0.001661310335
0.001661313105
0.001661315649
0.001661317933
0.001661319959
0.001661321747
0.001661323275
0.001661324561
0.001661325607
0.001661326128
0.001661325966
0.00166132518
0.001661324188
0.001661323164
0.001661322625
0.001661322537
0.001661323407
0.001661323429
0.001661324555
0.001929507069
0.005697549853
0.9991150858
0.9986535313
0.9983671599
0.9984216422
0.9984994377
0.9986838022
0.9989587114
0.999212535
0.9993540767
0.9992814928
0.9991880662
0.9987134338
0.002570446903
0.001732082777
0.001661326307
0.001661330852
0.00166133114
0.001661331256
0.00166133099
0.001661330288
0.001661329142
0.001661327629
0.001661325946
0.00166132416
0.001661321969
0.001661319514
0.001661318199
0.001661319715
0.001661320268
0.001661318691
0.001661315069
0.00172003787
0.002066853378
0.00394906232
0.9983874026
0.9984103766
0.9981740659
0.9984586865
0.9986819869
0.9987266253
0.9986785664
0.9988889977
0.9990441869
0.9984555145
0.002134085187
0.001661309051
0.001661310531
0.001661306491
0.001902790426
0.005421409648
0.9990649068
0.9987285525
0.9947472041
0.002169280088
0.001661339001
0.001661311398
0.00166131638
0.001661316507
0.001661316013
0.001661315036
0.001661313941
0.001661312611
0.001661311093
0.001661309502
0.001661307916
0.00166130637
0.001661304874
0.001661303373
0.001661301922
0.001661300699
0.001661299199
0.00166129699
0.001661295222
0.00166129486
0.00174921227
0.003323597627
0.9986040614
0.9969720578
0.002639786349
0.002634265019
0.9957699148
0.9974688013
0.9973294729
0.9958493818
0.9921595532
0.9906077497
0.9921379526
0.9934585012
0.9944936609
0.9854868765
0.003317124759
0.00166128423
0.001661288547
0.001661290368
0.001661292593
0.001661295166
0.001661298009
0.001661301041
0.001661304167
0.001661307281
0.00166131029
0.001661313128
0.001661315758
0.001661318165
0.001661320338
0.001661322273
0.001661323965
0.001661325349
0.001661326388
0.001661326875
0.001661326816
0.001661326191
0.001661325426
0.001661324444
0.001661323892
0.001661323385
0.001661324048
0.001661325098
0.001661330633
0.001661335985
0.001661370399
0.003012641678
0.997673689
0.9979598656
0.9982703408
0.9984922057
0.9988202552
0.9991616491
0.999420084
0.9995572297
0.9995355566
0.9993607829
0.01068471247
0.002016328193
0.001661329025
0.001661340486
0.001661339913
0.001661336441
0.001661334264
0.001661332452
0.001661330618
0.001661328726
0.001661326873
0.001661325301
0.001661323998
0.001661321858
0.001661318186
0.001661314864
0.001661315712
0.001661313637
0.001661305668
0.001736754255
0.00216909354
0.7671960365
0.9986299314
0.9989664802
0.9988878407
0.9986476554
0.9953405811
0.003358844944
0.9967113244
0.9982372586
0.9986085787
0.998783267
0.9988150309
0.9980226174
0.002232432156
0.001661313732
0.001806844611
0.002679219061
0.9987950332
0.9993256537
0.9988411977
0.002674725871
0.001737104303
0.001661312994
0.001661311092
0.001661314018
0.001661315194
0.001661315363
0.001661314658
0.001661313628
0.001661312386
0.001661310985
0.001661309515
0.001661308036
0.0016613066
0.001661305294
0.001661304114
0.001661303031
0.001661302181
0.001661301121
0.00166129957
0.001661298884
0.00166129936
0.001661307642
0.001661325366
0.00226389977
0.9963691344
0.9970655782
0.995146674
0.9936090173
0.9970232234
0.9975278288
0.9966140687
0.994877887
0.9939850264
0.9937645205
0.9941715942
0.9962265107
0.9739678728
0.003317124678
0.00166128412
0.001661288367
0.001661290189
0.00166129242
0.001661295004
0.001661297865
0.00166130092
0.00166130406
0.001661307178
0.001661310198
0.001661313053
0.001661315711
0.001661318183
0.00166132045
0.001661322488
0.001661324319
0.001661325769
0.001661326805
0.00166132722
0.001661327221
0.001661326604
0.001661325993
0.001661324973
0.001661324498
0.001661323161
0.001661323907
0.001661321909
0.001661324849
0.001661324841
0.001832199637
0.002389893526
0.9938250652
0.997181844
0.9980265665
0.9983433238
0.9987498787
0.9991323387
0.9994117988
0.9995472408
0.9995399401
0.999399275
0.007248040783
0.001661503276
0.001661341616
0.001661340474
0.001661339422
0.00166133642
0.00166133398
0.001661331886
0.001661329693
0.001661327325
0.001661325101
0.001661323713
0.001661323386
0.001661322544
0.001661318986
0.00166131422
0.001661316173
0.001661310875
0.00179389053
0.002218535621
0.9935379622
0.9982368142
0.9987719095
0.9986933555
0.9980711587
0.00499946928
0.002375690011
0.001826726751
0.001959589391
0.9960622583
0.9985179172
0.998596066
0.9984573783
0.9984760076
0.9982757437
0.002756996996
0.002280250615
0.9943780235
0.9985608145
0.9990631334
0.005792289811
0.001905289163
0.0016613078
0.001661317123
0.001661315436
0.001661315297
0.001661315319
0.001661315183
0.001661314516
0.00166131352
0.001661312315
0.00166131097
0.001661309574
0.001661308168
0.001661306789
0.001661305602
0.001661304614
0.001661303774
0.001661303398
0.00166130257
0.001661300805
0.001661300622
0.001661300008
0.001661304166
0.001661310075
0.001776593593
0.002367331125
0.9910269995
0.9966921852
0.996646618
0.9968858367
0.9973761262
0.9965155622
0.9952718775
0.9951430769
0.9944858726
0.9886900666
0.9962002753
0.008244643734
0.00331712457
0.001661283974
0.001661288136
0.001661289982
0.001661292244
0.001661294859
0.001661297748
0.001661300829
0.001661303973
0.001661307068
0.001661310061
0.001661312877
0.001661315492
0.001661317967
0.001661320264
0.001661322353
0.001661324323
0.001661325803
0.00166132685
0.001661327125
0.00166132717
0.001661326496
0.001661326151
0.001661324847
0.001661325542
0.001661323285
0.001661324648
0.001661322597
0.001661363026
0.001952457271
0.002625548172
0.9948628909
0.996194424
0.9967324404
0.9976614735
0.9979388091
0.9983798017
0.9988013221
0.9991974586
0.999390439
0.999368711
0.9992749127
0.9990121379
0.002298321413
0.001661321991
0.001661327906
0.001661330624
0.001661331051
0.001661330606
0.001661329537
0.001661327726
0.001661325114
0.001661322287
0.001661320732
0.00166132158
0.001661321978
0.001661321331
0.001661317189
0.001661364762
0.001975469576
0.002759163558
0.9968427578
0.9985790647
0.9986097042
0.9981191858
0.9955941174
0.002427416243
0.001903712498
0.001661370463
0.001661335047
0.001661319274
0.002004296702
0.9977338852
0.9986756282
0.9981735213
0.997802591
0.998343326
0.9982420925
0.9964651264
0.9973395272
0.9983986005
0.9951014773
0.002193016203
0.001661342535
0.001661312589
0.001661317361
0.00166131706
0.001661316387
0.001661315691
0.001661315144
0.001661314404
0.001661313445
0.001661312285
0.001661310969
0.00166130961
0.00166130823
0.001661306853
0.001661305736
0.001661304754
0.001661303837
0.001661304295
0.001661304403
0.001661301896
0.001661302892
0.001661302983
0.00166132389
0.00189602101
0.002295354781
0.974747191
0.9938604098
0.9973392665
0.9971244626
0.9970175571
0.9969534083
0.995133756
0.9934903562
0.9953469524
0.9953193712
0.9780309637
0.9907035552
0.006535411506
0.003317124436
0.001661283793
0.001661287856
0.001661289751
0.001661292072
0.001661294735
0.001661297663
0.001661300778
0.001661303916
0.001661306955
0.001661309886
0.001661312605
0.001661315091
0.001661317504
0.001661319753
0.001661321814
0.001661323972
0.001661325424
0.001661326454
0.001661326483
0.001661326582
0.001661325301
0.001661325696
0.00166132279
0.00166132283
0.001661318507
0.001661326787
0.001780479253
0.002300050491
0.006194416198
0.9983791696
0.9981551917
0.9977180524
0.9971346119
0.9976488469
0.9977390959
0.998039158
0.9982401479
0.9986893387
0.9989473294
0.9989848317
0.9989002121
0.9989649653
0.9974892028
0.001808273564
0.001661317984
0.00166132277
0.001661325055
0.00166132636
0.001661326518
0.001661325405
0.001661322661
0.001661318634
0.001661315665
0.001661315803
0.001661314724
0.001661309611
0.001709870052
0.002201272364
0.007361523651
0.9988316807
0.9990244451
0.9991490901
0.9987974459
0.958239034
0.002143690532
0.001762934102
0.001661319511
0.001661323548
0.001661324877
0.001661320952
0.001661313796
0.00233536552
0.9987924721
0.9986111131
0.9980548438
0.9985825262
0.9988838791
0.998630383
0.9978507273
0.997838238
0.003201000683
0.001763879566
0.001661317919
0.001661314332
0.001661316086
0.001661316519
0.001661316356
0.001661315737
0.001661315061
0.001661314278
0.001661313357
0.00166131225
0.001661310945
0.001661309589
0.001661308148
0.001661306694
0.001661305743
0.001661304594
0.001661302793
0.001661303399
0.001661304946
0.001661301917
0.001661304199
0.001742140085
0.002088364709
0.005070986908
0.998056011
0.9981921293
0.9978865445
0.9982286396
0.9980259376
0.9937832274
0.9966670977
0.9944566025
0.9910441988
0.9958906409
0.9965503792
0.9898464361
0.8609860297
0.005907242529
0.003317124278
0.001661283583
0.001661287539
0.001661289513
0.001661291918
0.001661294643
0.001661297618
0.001661300785
0.001661303902
0.001661306838
0.001661309682
0.001661312247
0.001661314512
0.001661316803
0.001661318898
0.001661320804
0.001661323233
0.001661324583
0.001661325598
0.001661324799
0.001661325486
0.001661322419
0.001661322028
0.001661317186
0.001661323861
0.001771571878
0.002166208311
0.004017857037
0.9971186942
0.9990076695
0.9990878783
0.99876457
0.9983264953
0.9980716371
0.9982557228
0.9983640929
0.9986794468
0.9985633347
0.9986709861
0.99860004
0.9976804236
0.9985047371
0.9988382662
0.9988511478
0.002885549312
0.001661312508
0.001661317025
0.001661320097
0.001661322438
0.001661323541
0.001661323192
0.001661321052
0.001661316504
0.001661311975
0.001661311647
0.001661306721
0.001768351463
0.002147348817
0.9792894907
0.9989002813
0.9991805925
0.9989902178
0.9986793522
0.0057041624
0.002143317325
0.001709968764
0.001661319868
0.001661323552
0.001661322432
0.001661319157
0.001661316234
0.001661313727
0.001661331059
0.003923432237
0.9987309634
0.9986168999
0.9990924719
0.9993408057
0.9993241833
0.9987871741
0.9852968142
0.002107281634
0.001661330122
0.001661324961
0.001661319414
0.001661317521
0.001661316704
0.001661316247
0.001661315624
0.001661314918
0.001661314122
0.001661313239
0.001661312179
0.001661310885
0.001661309557
0.001661307923
0.001661306094
0.001661305585
0.001661304691
0.001661300933
0.001661300323
0.001661298903
0.001707793087
0.00197047949
0.002888446234
0.9932726168
0.9990071255
0.9991003488
0.9988870984
0.998418879
0.9944505936
0.003487272418
0.002226945655
0.003576961126
0.9967939043
0.9955023888
0.9971516805
0.9975473831
0.9965025136
0.9936102868
0.005835407143
0.003317124097
0.001661283351
0.001661287204
0.001661289296
0.001661291813
0.001661294603
0.001661297626
0.001661300875
0.001661303945
0.001661306712
0.001661309461
0.001661311805
0.00166131377
0.001661315967
0.001661317699
0.001661319234
0.001661322173
0.001661322835
0.001661324371
0.001661321648
0.001661321541
0.001661316624
0.001661323628
0.001772267414
0.002163509145
0.003964857829
0.9969875511
0.9989319962
0.9991305357
0.9990764307
0.9990539928
0.9987151875
0.998603839
0.9985693584
0.9988005072
0.9987757514
0.9990088001
0.998953594
0.9972292285
0.004207509528
0.00281037731
0.9980976517
0.9988955641
0.9991410012
0.998699183
0.001938084564
0.001661313609
0.001661317227
0.001661319687
0.001661320896
0.001661321002
0.001661319309
0.001661317157
0.001661313334
0.001661322781
0.001883643136
0.002481510965
0.9959621925
0.9982570642
0.9986372773
0.9985247457
0.9959239453
0.002568900914
0.001928098301
0.001661359186
0.001661335596
0.001661335506
0.001661327674
0.00166132318
0.00166131746
0.001661313178
0.001661312412
0.001661325993
0.002111671487
0.997040381
0.9986237878
0.9991989696
0.9994165392
0.9994276056
0.9991803588
0.004031808842
0.001745985612
0.001661328978
0.001661323395
0.001661319253
0.001661317548
0.001661316468
0.001661315836
0.001661315223
0.001661314585
0.001661313859
0.001661313057
0.001661312017
0.001661310738
0.001661309683
0.001661307896
0.001661305289
0.001661305307
0.001661306385
0.001661302547
0.001661317375
0.001888254708
0.002276979067
0.955563383
0.9982606699
0.9988992853
0.9991402687
0.9990743636
0.9951076098
0.003280664989
0.002120129895
0.001782919602
0.001661366678
0.002135234958
0.9950521511
0.9963068023
0.9974440541
0.9976469808
0.9972672646
0.9966945447
0.007382264747
0.003317123894
0.001661283109
0.001661286886
0.001661289153
0.001661291803
0.001661294636
0.0016612977
0.00166130109
0.001661304041
0.001661306536
0.001661309267
0.001661311256
0.001661312771
0.001661315247
0.001661316421
0.001661316708
0.001661321045
0.001661319819
0.00166132037
0.001661315927
0.001661324662
0.001774100344
0.002168894386
0.004016689085
0.9970672612
0.9989455324
0.9991533096
0.9991412642
0.9992079432
0.9991115323
0.9990153596
0.9989645444
0.9987633502
0.998562698
0.9987618443
0.9986647687
0.9972440735
0.005352093137
0.002421023384
0.001824975999
0.001661346025
0.002666653565
0.9986885129
0.9991242614
0.999297305
0.004984773961
0.001661328175
0.001661316543
0.001661318108
0.001661318022
0.001661316401
0.001661313257
0.001661307445
0.001721055932
0.002075844596
0.003991261082
0.9982817056
0.9988227209
0.9989224063
0.9984682767
0.9908962623
0.002131373535
0.001770178739
0.001661325184
0.001661329774
0.001661335508
0.001661337443
0.001661328265
0.001661321085
0.001661315255
0.00166131436
0.00173896681
0.002071634692
0.0035497421
0.996229448
0.998008223
0.9989954861
0.9992730435
0.9993050624
0.9992286442
0.998746896
0.001996833741
0.001661330912
0.00166132351
0.001661319133
0.001661317321
0.001661316184
0.001661315378
0.001661314664
0.001661314075
0.001661313481
0.001661312845
0.001661311716
0.00166131016
0.001661309714
0.001661308127
0.001661303933
0.001661303358
0.001661301469
0.001712391642
0.00202421922
0.004975659881
0.9981944046
0.9985450296
0.9984809919
0.9985318092
0.998336731
0.00627019556
0.002164488766
0.001758937646
0.001661349956
0.001752003397
0.00206733101
0.003471279752
0.9950066611
0.9941945176
0.9960214885
0.996628839
0.9971551143
0.9973783442
0.9927864654
0.003317123669
0.001661282873
0.001661286637
0.001661289178
0.001661291964
0.001661294751
0.001661297847
0.001661301549
0.001661304174
0.001661306138
0.001661309191
0.001661310682
0.001661311198
0.001661314549
0.001661315873
0.001661313634
0.001661318269
0.001661314535
0.001661325803
0.001779149976
0.00219545491
0.004119890364
0.9971286088
0.9989596923
0.999165682
0.999157671
0.9992343854
0.9991765825
0.9991489841
0.9991430182
0.9989940712
0.9990226164
0.9989827984
0.9963509142
0.9850119759
0.00326960158
0.002176983802
0.001809214682
0.001661368105
0.001661341957
0.001661327812
0.001741263745
0.9889831316
0.9988702013
0.9992613978
0.9989768452
0.002157028797
0.001661312928
0.001661316916
0.001661315834
0.00166131249
0.001661304501
0.001742465246
0.00217858514
0.7742502831
0.9986825044
0.9990776736
0.9990439915
0.9986788647
0.5564554586
0.002190255613
0.001720323368
0.001661326553
0.001661332454
0.001661330912
0.001661331156
0.001661332413
0.001661327929
0.001661364787
0.001788048441
0.002120825958
0.003142997716
0.9927914242
0.9984099335
0.9985622105
0.9984978451
0.9984944321
0.9985986022
0.9987947968
0.9989363668
0.9990715419
0.003771527049
0.001661321817
0.00166132002
0.001661317549
0.001661316183
0.001661315359
0.001661314623
0.001661313832
0.001661313274
0.001661312894
0.001661312778
0.001661311595
0.00166130926
0.001661309363
0.001661309419
0.001661305219
0.001661342178
0.001929777059
0.002347377087
0.9759342765
0.9989850413
0.99912933
0.9989676273
0.9983535773
0.9648826169
0.002313455538
0.001912407078
0.001661376211
0.001736050238
0.00199849638
0.002951203612
0.9798619879
0.9976706439
0.997621801
0.9941876346
0.9895556652
0.9910246728
0.9962363547
0.9980591864
0.996355233
0.003317123454
0.001661282672
0.001661286517
0.001661289525
0.001661292459
0.001661294951
0.001661297975
0.001661302497
0.001661304472
0.001661305103
0.00166130897
0.001661310246
0.001661308878
0.001661312373
0.001661312877
0.00166131224
0.001661343169
0.001794150708
0.002228543893
0.00438213826
0.997401074
0.9989846497
0.9991698269
0.9991626688
0.9992402213
0.9991823434
0.9991580595
0.9991580573
0.9990215154
0.9989653297
0.9986230384
0.9958144119
0.004206667791
0.002457482947
0.001833169657
0.00173619612
0.001661340009
0.001661340809
0.001661337958
0.001661337043
0.001661326997
0.001661311502
0.001964726844
0.9984022175
0.9991705485
0.9990703234
0.9971876606
0.001802728712
0.001661320293
0.001661319243
0.001661312448
0.001803250124
0.002251546242
0.9941883831
0.9982253279
0.9987586228
0.9987141433
0.9978647252
0.00334197838
0.002037784372
0.001717485282
0.00166133839
0.001661340319
0.001661332764
0.001661326883
0.001661320001
0.001727542459
0.001831678283
0.002724475413
0.006491360615
0.9976242516
0.9988398423
0.9991413477
0.9989303811
0.998763166
0.9988700167
0.9990559201
0.9961040383
0.9937595121
0.998217398
0.9990196623
0.9985038153
0.001902434537
0.001661310245
0.001661312517
0.001661313442
0.001661313803
0.001661313552
0.001661312752
0.001661312123
0.001661311715
0.001661312555
0.001661311924
0.001661307803
0.001661306981
0.001661302835
0.001709477896
0.002084589995
0.007375984752
0.9986332687
0.9988734939
0.9992255391
0.999125087
0.9971827276
0.003352174369
0.001981397168
0.001710456569
0.001790348017
0.002132552324
0.003187577534
0.9930424426
0.9983338789
0.9985724063
0.9983891062
0.9976788691
0.993658011
0.9752375253
0.9882128466
0.9934922736
0.998302397
0.9977884029
0.003317123408
0.001661282596
0.001661286592
0.001661290376
0.001661293599
0.001661295447
0.001661297822
0.001661303893
0.001661305146
0.001661303296
0.001661306818
0.001661306039
0.001661304983
0.001661316162
0.001724065384
0.001833579963
0.002602498119
0.006112911269
0.9977882138
0.9990433591
0.9992124074
0.9991676191
0.9992297054
0.9991794348
0.9991575794
0.9991540656
0.9990147253
0.998951434
0.9985728111
0.9942961502
0.003151464571
0.00204916238
0.001765056219
0.001661337359
0.00166133098
0.001661340724
0.00166134027
0.001661343275
0.001661338634
0.001661330242
0.001661321893
0.001661315528
0.001661314814
0.003247468694
0.9990555608
0.9990797226
0.9990847764
0.004456334223
0.001661357031
0.001661401138
0.00199409966
0.00284375445
0.9970967596
0.9986020955
0.9986133351
0.9980900388
0.9953874325
0.002378567374
0.001846626705
0.001661345155
0.001661347758
0.001661347868
0.001661339637
0.001661334143
0.001744817831
0.002015764874
0.00300430998
0.985491786
0.9975769407
0.9992566191
0.9993258867
0.9991707186
0.9993346198
0.9992861046
0.9977694996
0.9951013798
0.006219341501
0.002916828812
0.002135333132
0.9976289927
0.9989712163
0.9989102774
0.002823271217
0.001661304456
0.001661307627
0.00166131071
0.001661312406
0.001661312687
0.001661311861
0.001661311104
0.001661310094
0.001661311706
0.001661313257
0.001661310091
0.001661324721
0.001862041351
0.002222354485
0.9490220241
0.9990562899
0.9991658413
0.9989014716
0.9988591295
0.009679250822
0.002260489724
0.002125323631
0.001870589133
0.002682231444
0.006381421044
0.9976017648
0.9988295544
0.999121185
0.998914478
0.9987852986
0.9986799036
0.9986255144
0.9952768283
0.9580069956
0.9862177483
0.003591377231
0.9984973253
0.9981754838
0.003317124119
0.001661282913
0.00166128698
0.001661291791
0.001661295453
0.001661296801
0.001661298115
0.001661304447
0.001661302279
0.001661301944
0.001661318314
0.001738391763
0.001832463998
0.002370600488
0.003766574446
1.000000009
0.9978215024
0.9992459839
0.9992853985
0.9991919072
0.999248832
0.9991487901
0.9991146053
0.9991449435
0.999009287
0.9989389821
0.9985496082
0.9940155947
0.003088758441
0.002021965816
0.001744010885
0.001661323413
0.001661321217
0.001661320306
0.001661330695
0.001661343804
0.00166134114
0.001661335145
0.001661329149
0.001661322659
0.001661317644
0.001661317261
0.001661327313
0.001868139706
0.9979036449
0.9988053367
0.9989079096
0.9990583364
0.00303554104
0.002379011795
0.008608252522
0.9988824209
0.9990368299
0.9991377552
0.9987612369
0.9433272007
0.002138402332
0.001759025105
0.001661345804
0.00166135098
0.001661349879
0.001661449583
0.001812004084
0.002216321106
0.003569408128
0.9953510409
0.9985763715
0.9988541136
0.9989277452
0.9989999607
0.9991725375
0.9988948033
0.9978021032
0.007672792938
0.002889053016
0.001883462758
0.001783133708
0.001661396109
0.001661337711
0.002998345362
0.9989906983
0.9991303859
0.9981135756
0.001850826523
0.0016613044
0.001661309106
0.00166131185
0.001661312411
0.001661311138
0.001661310783
0.00166130807
0.001661308178
0.001661305268
0.001725056124
0.002109395581
0.00434977137
0.9980840039
0.99873962
0.999184161
0.9990061681
0.9960634714
0.002697221983
0.002206170635
0.002119031001
0.00359501118
0.9955341095
0.997510728
0.9992392658
0.9993004682
0.999118557
0.9992788216
0.99919283
0.9971929836
0.9803003056
0.003388351229
0.002459525198
0.002076561417
0.002048280879
0.002383517154
0.9982670082
0.9984317381
0.003317128639
0.001661284132
0.001661287846
0.001661293159
0.001661295301
0.001661296723
0.001661304598
0.001661390094
0.0017632408
0.001880533046
0.002578985026
0.004512595107
0.995564902
0.9978367467
0.9991521514
0.9992409743
0.9991653388
0.9992154532
0.9992621276
0.9991124469
0.9990391637
0.9989416523
0.9989517588
0.9989470338
0.9985368799
0.9937092077
0.003059593233
0.002017240157
0.001742714227
0.001661324783
0.001661325024
0.001661327923
0.001661337899
0.001661334971
0.001661327782
0.001661331834
0.001661327478
0.001661320471
0.001661315468
0.001661312456
0.00166131148
0.001661314313
0.001661326858
0.001661386065
0.003307280976
0.9984609257
0.9982573063
0.998589494
0.9981602105
0.9956400404
0.9989443311
0.9991820495
0.9989718342
0.9986120198
0.005259332513
0.002123856627
0.001709991706
0.001661349688
0.00166134366
0.001733027697
0.0018512108
0.002971747904
0.01011837897
0.9980664822
0.9989800623
0.9991996147
0.9990058949
0.9989212564
0.9988037722
0.9984474602
0.9939738916
0.003264345955
0.002148763396
0.001796491648
0.001661393674
0.001661340029
0.001661334493
0.001661327775
0.001661324143
0.001873842605
0.9983263041
0.9991215678
0.9989421736
0.003017363572
0.001661306376
0.001661309815
0.001661312653
0.001661313502
0.001661311278
0.001661311756
0.001661310451
0.001661323321
0.001855211534
0.002275320821
0.8983492433
0.9985298133
0.9989039769
0.998841038
0.9988976584
0.007272456914
0.002615780137
0.002976797753
0.005243371863
0.9973669484
0.9987504327
0.998955603
0.9989165963
0.9989494643
0.9991042623
0.9987441297
0.9972820022
0.005511499223
0.0026153597
0.00182356688
0.001733492501
0.001661348055
0.001661339368
0.001661325473
0.001926144432
0.9970780118
0.9979968408
0.0033171776
0.001661289138
0.001661288554
0.00166130436
0.00172562113
0.001803455797
0.002072828258
0.003330237948
0.01023934994
0.9977449334
0.9985704093
0.9993356623
0.9993543339
0.9992725762
0.99933095
0.9993836269
0.9993183463
0.9992518275
0.9991184094
0.9989093144
0.9986181397
0.9980351805
0.997431511
0.9968579261
0.003079585621
0.002005337887
0.001741115752
0.001661336674
0.001661329167
0.001661326353
0.001661334058
0.001661341766
0.001661362073
0.001661403467
0.001661534835
0.001751913938
0.00178189346
0.001852233692
0.001912594406
0.001964959302
0.002017402302
0.002087399904
0.002230956197
0.002780564047
0.0060745549
0.9989405251
0.9988509732
0.9988571989
0.9988872112
0.9986562504
0.9986534299
0.9985419021
0.9957274911
0.002508520315
0.001912216802
0.001661359289
0.001661373817
0.001786306851
0.002086919025
0.003179890027
0.9906660178
0.9979366058
0.9993285573
0.9993576262
0.9991730729
0.9993050233
0.9992035506
0.9972904412
0.9726579136
0.002852494305
0.001975356905
0.001734550947
0.001661327506
0.001661326305
0.001661325515
0.001661332839
0.001661335834
0.001661327878
0.001661317674
0.001661316081
0.003243394757
0.9988702609
0.9988558865
0.9978908243
0.001976582683
0.001661309212
0.001661313408
0.001661312972
0.001661309741
0.001661312871
0.001755778095
0.002131761546
0.0038783159
0.9971882065
0.9975485882
0.9977278006
0.9974465142
0.9950752449
0.007064527706
0.007455026902
0.9965436982
0.9980435884
0.9992277677
0.9992986647
0.9990297678
0.9989727484
0.9988131789
0.9982300834
0.9907579072
0.002989268729
0.002082352865
0.001778604798
0.001661360041
0.001661337339
0.001661334673
0.001661339168
0.00166134503
0.00166133397
0.001865364329
0.9932004245
0.9970373301
0.003878624519
0.001795546005
0.001873969181
0.002477039513
0.004400624527
0.996427164
0.9981938632
0.9991496887
0.9995405627
0.9995340263
0.999465387
0.9994982447
0.9995345274
0.9994907489
0.9994673505
0.9994246585
0.9993753702
0.9992989416
0.9991348804
0.9988532871
0.9983399913
0.9970219464
0.9956514943
0.005347912254
0.004332428647
0.003457098246
0.0031376607
0.003064576913
0.003059989076
0.003085473638
0.00313387641
0.003218308088
0.003391741676
0.003880714462
0.007004264915
0.01252116898
0.993898504
0.9926098866
0.9960468992
0.9972027046
0.9977513239
0.9981055598
0.9984009196
0.9987117705
0.999146768
0.9992159956
0.9991918371
0.9991387584
0.9991189656
0.9990400498
0.9987484817
0.9976647364
0.002334356691
0.001775270657
0.001745965169
0.001843991371
0.002589489116
0.005234085275
0.9967027771
0.9986427836
0.9988853554
0.9989678529
0.9990083483
0.9991332385
0.9987452173
0.9972451404
0.005330159279
0.002586564685
0.00181679387
0.001722351039
0.001661319747
0.001661324116
0.001661324467
0.001661330583
0.001661330345
0.001661329302
0.001661329022
0.001661323888
0.001661316907
0.001661309973
0.002009829232
0.9977012457
0.998350665
0.9978540056
0.9832303095
0.001769707142
0.001661318297
0.001661316775
0.001755969359
0.002060898207
0.003178065848
0.994183175
0.9985632309
0.9987522887
0.9983003352
0.9975923154
0.9959860416
0.9897715857
0.9974240251
0.9990565836
0.9992377026
0.9990696155
0.9990893655
0.9992132764
0.9989950454
0.9965660014
0.863858036
0.002749542862
0.001928933605
0.001724929345
0.001661321665
0.001661321911
0.001661326927
0.001661342084
0.001661349472
0.001661348344
0.001661349104
0.001661338448
0.001884728126
0.9917172619
0.9954158334
0.9973068829
0.0361938763
0.998438056
0.9989309865
0.9994632869
0.999523711
0.9995109489
0.9995717675
0.9996220319
0.9996533554
0.9996242796
0.9996110896
0.9995917926
0.9995779618
0.9995572271
0.9995139852
0.9994630828
0.9993994907
0.9992971518
0.9991624444
0.9990178351
0.9989137885
0.9989516568
0.999283217
0.9994580947
0.9994950211
0.9994788881
0.9994735769
0.9994756955
0.9994815743
0.9994897104
0.9994998329
0.9995124955
0.9995290449
0.9995533482
0.9996072398
0.9994598709
0.9991767763
0.9990736772
0.9990735456
0.9990885453
0.9991008078
0.999105408
0.9991045309
0.999123255
0.9992174683
0.999192642
0.999107191
0.9988663682
0.9983161077
0.9972071227
0.003642099883
0.002452838843
0.002867493579
0.004709422955
0.9934990154
0.997062815
0.9990908756
0.9990678274
0.9989406876
0.9988755796
0.998775614
0.9982687744
0.9898030319
0.002913544159
0.002060339488
0.001773343456
0.001661354394
0.001661330918
0.001661329271
0.001661325023
0.001661328868
0.001661327697
0.001661326846
0.001661326286
0.001661325099
0.00166132412
0.001661321659
0.001661317797
0.001661323669
0.001800121495
0.9850900473
0.9959406628
0.9965738248
0.9977175596
0.002762240662
0.001800414724
0.002136277383
0.003343183362
0.9943580226
0.9984610409
0.9987970969
0.9986961401
0.9987374482
0.9982087765
0.9979004199
0.9976630093
0.9977677042
0.9985894051
0.9989577989
0.9992706528
0.9992568444
0.998067485
0.9935919006
0.00350640914
0.002297497606
0.001799212836
0.001722880473
0.001661309151
0.001661311039
0.001661318146
0.001661329519
0.001661335585
0.00166134351
0.001661352113
0.001661354705
0.00166135568
0.001661353255
0.001826005854
0.6945558587
0.9961004701
0.9989539782
0.9995486061
0.999649084
0.9996424898
0.9996832343
0.9997159137
0.9997089811
0.9997098872
0.9997048467
0.9996972578
0.9996928468
0.999683774
0.9996639845
0.999645712
0.9996262288
0.9995948638
0.9995571246
0.9995143876
0.9994639826
0.9994165919
0.9993892998
0.9993969082
0.9994399529
0.9994990881
0.9995975484
0.999625714
0.9996372686
0.999643304
0.9996473069
0.9996506217
0.9996533398
0.9996550758
0.999654976
0.9996514961
0.999642239
0.9996255802
0.9996023997
0.9995051415
0.9994292441
0.9993773292
0.9993406871
0.9993078351
0.9992720144
0.9992332006
0.9992070379
0.9992199471
0.999244526
0.9991783864
0.9989433953
0.9983839122
0.9972061395
0.9971964368
0.998104429
0.9987520788
0.9992715816
0.9991283181
0.9987737152
0.9987298268
0.9987188596
0.9984628354
0.9979289467
0.9914506393
0.002707025498
0.001911955876
0.001720043784
0.001661332357
0.001661328424
0.001661322186
0.00166132612
0.001661328831
0.001661324619
0.00166132233
0.00166132085
0.001661319523
0.001661318802
0.001661318561
0.001661319161
0.001661320901
0.001661326545
0.001661338976
0.001791222977
0.003136720173
0.9963337903
0.9944092381
0.9971749387
0.9979130791
0.004127002987
0.996097027
0.9985545304
0.9988289086
0.9987622779
0.9989068508
0.9987279532
0.9986481908
0.9984012437
0.9985319576
0.9982430067
0.9981216543
0.9986098789
0.9984493756
0.9965269483
0.00562599734
0.002809690384
0.001849941512
0.00172782341
0.001661312856
0.001661302916
0.001661302263
0.001661307524
0.001661315935
0.001661321733
0.001661329386
0.001661337551
0.001661345692
0.001661354812
0.001661361903
0.001661365412
0.001661376105
0.001829333072
0.9931618391
0.9935476843
0.999417686
0.999698994
0.9997767015
0.9997840567
0.9997883956
0.9997868287
0.9997853122
0.9997805236
0.9997684901
0.9997551399
0.9997450454
0.9997352331
0.9997196463
0.9997025251
0.9996840518
0.9996610327
0.9996350911
0.999607956
0.9995816059
0.9995618824
0.9995545427
0.9995618197
0.9995796188
0.9995984255
0.9996159387
0.9996352591
0.9996479795
0.9996564159
0.9996612628
0.999663768
0.9996644311
0.9996630156
0.9996587197
0.9996503318
0.9996368471
0.9996197606
0.9996047934
0.9995911901
0.9995625333
0.9995259838
0.9994920889
0.9994603955
0.9994292186
0.9994006105
0.9993830393
0.9993843831
0.9993898897
0.9993632361
0.9992827557
0.9991644509
0.9990766608
0.9990570122
0.9991464156
0.999200508
0.9992163282
0.9991980222
0.9988789071
0.9984069956
0.9971391855
0.9958161641
0.006022811098
0.003685141802
0.003044690609
0.002805021244
0.002672150621
0.002626444887
0.002606124472
0.002594179604
0.00258499604
0.002576683937
0.002568619125
0.002560615947
0.002552639832
0.002544790518
0.002537539755
0.002532492867
0.002534629912
0.002559642379
0.002666476645
0.003204022084
0.003655528113
0.9956797866
0.9978573607
0.9980579015
0.9981638712
0.9985382573
0.9987055984
0.9988160307
0.9986966066
0.9988913094
0.9987687756
0.9987881396
0.9986930978
0.9987366938
0.9984561153
0.9986469266
0.9986130481
0.9936226034
0.9140980398
0.002970857586
0.002034592401
0.00177209489
0.001661351279
0.001661312114
0.001661302345
0.001661301976
0.001661305264
0.001661308122
0.001661310294
0.001661315431
0.001661321596
0.001661328476
0.001661336857
0.001661346929
0.001661358465
0.001661370867
0.001661382932
0.001661379424
0.001765575931
0.007312945516
0.9969506763
0.9996171543
0.999798039
0.9998289329
0.9998416042
0.9998434863
0.9998382066
0.9998316976
0.9998240362
0.9998124376
0.9997993725
0.9997873959
0.9997757574
0.9997621181
0.9997471822
0.9997310568
0.9997131782
0.9996944895
0.9996761292
0.9996597983
0.9996482132
0.9996432541
0.9996448085
0.99965015
0.9996547857
0.9996571804
0.9996607752
0.999667039
0.9996725
0.9996758924
0.9996772333
0.999676714
0.9996742439
0.9996694629
0.999662044
0.9996524381
0.9996431641
0.9996382623
0.9996366167
0.9996288421
0.9996114473
0.9995910556
0.9995710133
0.9995525194
0.9995375429
0.9995294561
0.999529397
0.9995302115
0.9995198516
0.9994942669
0.9994626999
0.9994409621
0.9994283978
0.9994022027
0.9993548613
0.9992849128
0.9991892586
0.9990707363
0.9988805102
0.9986185226
0.9985357393
0.9989944212
0.9992551671
0.9992377104
0.999293657
0.9992764157
0.9992654542
0.9992586205
0.9992533578
0.9992486091
0.9992439698
0.9992393018
0.9992345621
0.9992297288
0.9992247656
0.9992195936
0.9992140648
0.9992079698
0.9992012945
0.9991957603
0.9992033068
0.9992944021
0.9990700681
0.9989229569
0.9989795559
0.9990727143
0.9991654916
0.9991338522
0.9990654346
0.9988088563
0.9988050946
0.9987158631
0.9987784785
0.9985183853
0.9984685691
0.9977717491
0.9891116402
0.003364691554
0.002283575751
0.001816286884
0.001732791692
0.001661314143
0.001661304725
0.001661303198
0.001661305836
0.001661305344
0.001661303914
0.001661304927
0.001661308011
0.001661310272
0.001661314051
0.001661319013
0.001661326069
0.001661334095
0.001661345455
0.00166135806
0.001661374518
0.001661389477
0.001661407774
0.001729337618
0.8285676237
0.9968460269
0.9997461577
0.9998597568
0.9998740376
0.9998784743
0.9998773161
0.9998714559
0.9998635864
0.9998545069
0.9998435949
0.9998316528
0.999819749
0.9998078151
0.9997951364
0.9997818345
0.9997678763
0.9997533
0.9997387517
0.9997249714
0.9997129394
0.9997038484
0.9996983046
0.9996958945
0.9996950555
0.9996936424
0.9996909898
0.9996889699
0.9996891462
0.9996904548
0.9996913541
0.9996912719
0.9996900744
0.9996877229
0.9996841992
0.9996796957
0.9996750365
0.9996720239
0.9996724077
0.999674734
0.9996742093
0.9996686327
0.9996600893
0.999651
0.9996429897
0.9996373521
0.9996351339
0.9996358332
0.9996360019
0.9996311723
0.9996200916
0.9996054857
0.9995904367
0.9995721032
0.9995402974
0.9994889299
0.9994233448
0.9993527113
0.9992925623
0.99924138
0.9992066548
0.9992322203
0.9992994941
0.9994414418
0.9994793579
0.9994882858
0.9994935179
0.9994961407
0.9994962463
0.9994954002
0.9994941881
0.9994928357
0.9994914263
0.9994899808
0.9994884777
0.9994868322
0.9994848251
0.9994819471
0.9994771064
0.9994681757
0.9994516022
0.9994235353
0.9993891458
0.9993735407
0.999289297
0.9992774013
0.9993036044
0.9993327578
0.9992901783
0.9991427248
0.9989023813
0.9988740229
0.9985683887
0.9984700786
0.9977068881
0.9637084543
0.002673644974
0.001964314887
0.001748084658
0.001661335383
0.001661320188
0.001661307231
0.001661307065
0.001661305813
0.001661303478
0.001661302403
0.001661304358
0.00166130356
0.001661304589
0.001661305576
0.00166130821
0.001661310915
0.001661315618
0.001661321506
0.001661329571
0.001661340546
0.001661354249
0.00166137283
0.001661395606
0.001661414755
0.001661435121
0.003344273215
0.9898344121
0.999838651
0.9999022798
0.9999059814
0.999904835
0.9999006577
0.9998940519
0.9998859357
0.999876745
0.9998664772
0.9998555037
0.9998442348
0.9998327256
0.9998208349
0.9998086597
0.9997962456
0.9997837517
0.999771616
0.9997603169
0.9997503721
0.999742253
0.9997360641
0.9997314035
0.999727388
0.9997229986
0.9997180008
0.9997133872
0.9997101408
0.9997080983
0.9997065662
0.9997050282
0.9997032867
0.9997013569
0.9996994112
0.9996978269
0.9996972851
0.9996986969
0.9997024954
0.9997074227
0.9997109776
0.9997119912
0.9997112065
0.9997098062
0.9997088807
0.9997091576
0.9997108208
0.999713124
0.9997142017
0.9997119677
0.9997055021
0.9996950832
0.9996808253
0.9996608248
0.9996309414
0.9995889762
0.9995386086
0.9994883171
0.9994483537
0.9994209774
0.9994071912
0.9994124575
0.9994268921
0.99944533
0.9994709587
0.9994833284
0.9994872376
0.9994912909
0.9994935467
0.9994945397
0.9994949853
0.9994952354
0.999495428
0.9994955994
0.9994957313
0.9994957523
0.9994954948
0.9994946016
0.9994923682
0.9994875615
0.9994784792
0.9994642305
0.9994491561
0.9994433241
0.9994417476
0.9994194525
0.9993897586
0.999359301
0.9992859262
0.9991765622
0.9988262366
0.9986432581
0.9975990286
0.9781564129
0.002652606288
0.001942966261
0.001728938988
0.001661380497
0.001661360931
0.001661337966
0.001661321928
0.001661320914
0.001661303184
0.001661310937
0.001661299024
0.001661312466
0.001661300459
0.001661312918
0.001661301144
0.001661312602
0.001661302764
0.001661316303
0.001661308558
0.001661325675
0.001661320052
0.001661344639
0.001661342795
0.001661385092
0.001661390966
0.001661501277
0.001661461545
0.002779007265
0.9972692119
0.9999091062
0.9999325448
0.9999280859
0.999922955
0.9999168896
0.99990984
0.9999019401
0.9998932152
0.9998836777
0.9998735162
0.9998629241
0.9998519807
0.9998407347
0.9998293216
0.999817877
0.9998066234
0.999795911
0.9997860936
0.9997774625
0.9997701399
0.999763938
0.9997583607
0.9997527492
0.9997465899
0.9997399493
0.9997335423
0.9997280765
0.999723702
0.999720203
0.9997173204
0.9997149407
0.9997131719
0.9997123435
0.9997129693
0.9997156294
0.9997206776
0.9997277591
0.9997355163
0.9997422799
0.9997473395
0.999751063
0.9997542071
0.9997575574
0.9997616006
0.9997662527
0.9997707203
0.9997736553
0.9997736932
0.9997699189
0.999761699
0.9997481554
0.9997277899
0.9996989062
0.9996614605
0.9996188081
0.9995773982
0.9995440235
0.9995207869
0.9995066212
0.9994993235
0.9994928095
0.9994852404
0.9994826268
0.9994849207
0.9994864517
0.9994887393
0.999491264
0.9994935005
0.9994954784
0.999497335
0.999499148
0.9995009478
0.999502745
0.9995045506
0.9995063946
0.9995083604
0.9995106583
0.9995137823
0.9995188034
0.9995277029
0.9995426982
0.9995614047
0.9995697451
0.9995475294
0.9994784685
0.9993422268
0.9991028732
0.998897386
0.9983153827
0.9933313653
0.002996714016
0.002187859155
0.001929705343
0.001805261501
0.001838822617
0.001811491793
0.001847982408
0.00181941753
0.001846294338
0.001818009639
0.00183722975
0.001810532327
0.001841392619
0.001814055993
0.00183787875
0.001811016507
0.001843518958
0.001815716194
0.001845101306
0.00181706453
0.001837911148
0.001811043322
0.001840854904
0.001813497339
0.001834800021
0.001808504063
0.001832056061
0.001806537949
0.001829405549
0.00231013278
0.9923313118
0.999831021
0.9999127618
0.9998828694
0.9998652638
0.9998511356
0.9998373581
0.9998227653
0.9998067337
0.9997890163
0.9997698715
0.9997496519
0.9997285701
0.999706808
0.9996846899
0.999662549
0.9996408635
0.9996203302
0.9996016522
0.9995853669
0.9995716033
0.9995598102
0.9995487786
0.9995370082
0.9995234122
0.9995081522
0.9994927377
0.9994788409
0.9994671802
0.9994576814
0.9994499935
0.9994439052
0.999439646
0.9994380099
0.999440279
0.9994478485
0.9994614117
0.9994798867
0.9995000974
0.9995183737
0.9995329636
0.9995443816
0.9995541071
0.9995638468
0.9995748163
0.9995870814
0.9995992364
0.9996087721
0.9996130898
0.9996102859
0.9995988043
0.9995764499
0.9995399289
0.9994858449
0.9994139003
0.9993302781
0.9992475745
0.999179777
0.9991326715
0.9991030578
0.9990824328
0.9990569911
0.9990222728
0.9989918634
0.9989762719
0.9989708164
0.9989725271
0.9989775237
0.9989837118
0.9989899695
0.9989960328
0.9990019264
0.9990077171
0.9990134772
0.9990193228
0.999025507
0.9990326089
0.9990418958
0.9990559287
0.9990792648
0.9991182383
0.9991768249
0.9992455782
0.9992942497
0.9992850004
0.9991774894
0.998881005
0.998053546
0.9962997855
0.0142570814
0.005649894464
0.004527502631
0.9403503628
0.005027515573
0.9476557144
0.00490457693
0.9397615102
0.005019368833
0.9248527266
0.005064195564
0.9379069334
0.005001392311
0.9290245819
0.004976726782
0.9325152332
0.004960471859
0.9404354756
0.004976861519
0.9394699027
0.005020397544
0.9386479606
0.004980324862
0.9403910757
0.004960890602
0.9321278297
0.004943604366
0.9310284098
0.00489207021
0.9287335766
0.004775657334
0.9631798933
0.01059570505
