0.9998999812
0.9999299842
0.9998904656
0.9998682761
0.9998508376
0.9998337431
0.9998150475
0.9997938965
0.9997701617
0.9997442984
0.9997170196
0.9996890351
0.999661056
0.999633833
0.9996081464
0.9995847902
0.9995644481
0.9995474924
0.9995338556
0.9995230344
0.9995142486
0.9995067305
0.9995002474
0.9994950439
0.9994912808
0.9994888078
0.9994873003
0.9994864273
0.9994859278
0.999485622
0.999485396
0.9994851811
0.9994849398
0.9994846606
0.9994843691
0.9994841595
0.9994842578
0.999485114
0.9994874892
0.9994924703
0.9995013146
0.9995149479
0.999532849
0.9995522419
0.9995687443
0.9995779368
0.9995765882
0.9995632116
0.9995387876
0.9995079871
0.9994788804
0.9994586213
0.999448393
0.999445733
0.9994487869
0.999454539
0.9994597398
0.9994633587
0.9994657589
0.9994674799
0.999468884
0.9994701654
0.9994714205
0.9994727021
0.9994740557
0.9994755415
0.9994772234
0.9994789558
0.9994793653
0.9994743904
0.9994617101
0.9994497025
0.9994459555
0.9994465259
0.9994563701
0.9994976145
0.9995504372
0.9994094872
0.9988684914
0.9980055141
0.9966544819
0.9930554296
0.9888876275
0.02179884248
0.01224759639
0.007858696247
0.006424666615
0.005636735989
0.005697081474
0.9729152003
0.09507063408
0.9853873125
0.04884599456
0.9853899291
0.004421777223
0.9835023675
0.00721468694
0.9818758603
0.005398564474
0.9838224895
0.007304780264
0.9837330548
0.02373763372
0.9643351875
0.1831032624
0.9693489292
0.03033706878
0.9787638646
0.01845965425
0.9792984236
0.01406837486
0.9765465465
0.05111516511
0.9121074071
0.9365399908
0.1897474089
0.9814512044
0.005101230819
0.982207295
0.01696030341
0.04753586019
0.9998710313
0.9999598499
0.999950817
0.9999421123
0.9999343511
0.9999266052
0.9999182778
0.9999089645
0.9998984432
0.9998867008
0.9998738389
0.999859971
0.9998452468
0.9998298954
0.9998142408
0.9997987461
0.9997840069
0.9997706344
0.9997590703
0.9997493994
0.9997413023
0.999734237
0.9997280058
0.9997228939
0.9997191256
0.9997165947
0.9997150099
0.9997140637
0.9997135097
0.9997131766
0.9997129549
0.9997127784
0.9997126078
0.9997124205
0.999712208
0.999711988
0.9997118442
0.9997120188
0.9997130496
0.9997158247
0.9997213708
0.999730301
0.9997419492
0.9997541565
0.9997641355
0.9997693942
0.9997680359
0.9997586007
0.9997400951
0.9997128092
0.9996797476
0.9996472753
0.9996217761
0.9996024005
0.9995868254
0.9995760993
0.9995699787
0.9995665697
0.9995644618
0.999562937
0.999561664
0.9995604986
0.9995593805
0.9995582812
0.9995571699
0.9995559716
0.9995544923
0.9995523206
0.9995490231
0.9995460854
0.9995499644
0.9995624366
0.9995733858
0.9995700953
0.9995491144
0.9995184258
0.9994996036
0.9995377099
0.9996790681
0.9998072505
0.9996942217
0.9993997808
0.9990705496
0.9995281332
0.9997279979
0.9990854507
0.9981892095
0.9953804709
0.9887880313
0.003384783539
0.002445535698
0.001698805153
1.978677055e-07
0.001784856877
0.001891179857
0.001837612156
0.001898099768
0.001846706406
0.001896690654
0.001839674462
0.001897695175
0.001839474066
0.001881154875
0.001853815624
0.001847616158
0.001795323336
0.00189168002
0.001832028394
0.001887886826
0.001835571006
0.001888640061
0.001842137059
0.00187595394
0.001903425843
0.001637841776
0.001947374355
0.001836807626
0.001901267601
0.001824324973
0.00520543923
0.9939600794
0.9997614455
0.999922587
0.9999333662
0.9999295681
0.9999222108
0.9999134
0.9999035217
0.9998925018
0.9998802519
0.9998669109
0.9998526573
0.9998375254
0.9998215429
0.9998048358
0.9997876246
0.9997703374
0.9997536773
0.9997385323
0.9997257524
0.9997156853
0.9997078639
0.999701274
0.9996956114
0.9996914219
0.9996888868
0.9996875731
0.999686952
0.9996866648
0.9996865211
0.9996864352
0.9996863723
0.999686317
0.9996862534
0.9996861483
0.9996859354
0.9996854971
0.9996846627
0.9996832685
0.9996813899
0.9996797695
0.9996799765
0.9996838001
0.9996914506
0.9997007202
0.999708293
0.9997111965
0.9997071876
0.9996943648
0.9996711518
0.9996375856
0.999597562
0.9995603952
0.9995377641
0.9995321417
0.9995311189
0.9995324183
0.9995353663
0.999537904
0.9995393986
0.9995401137
0.9995403859
0.9995404393
0.9995403939
0.9995402995
0.9995401487
0.9995398476
0.999539118
0.9995372764
0.9995328146
0.999523522
0.9995128798
0.9995124621
0.9995155237
0.9995114975
0.999502315
0.9994998996
0.9995141378
0.999556951
0.9996462155
0.9997533189
0.999805193
0.9998079672
0.999775002
0.9997347067
0.9998110461
0.999806653
0.9997832175
0.9997474533
0.9997160939
0.9997825807
0.9997424804
0.003468942411
0.001740520654
0.001505057062
0.001539831193
0.001547220589
0.001547952772
0.001549025074
0.0015505417
0.001553175975
0.001553461141
0.001549892931
0.001544961047
0.001542171865
0.001541122014
0.00154041832
0.001539949212
0.001539571523
0.001539342093
0.001539090453
0.001539013814
0.001538883643
0.001538875901
0.001538747565
0.001538663229
0.001538554481
0.001538641942
0.001537215715
0.001691251489
0.005540969136
0.9982150161
0.9996315012
0.9998718056
0.9998964462
0.999903912
0.9999005653
0.9998924373
0.9998818994
0.999869521
0.9998554707
0.9998403238
0.9998245676
0.9998081144
0.9997907529
0.9997724368
0.9997531868
0.9997333263
0.9997136907
0.9996955986
0.9996807662
0.999670512
0.9996642231
0.9996595093
0.9996555059
0.9996533022
0.9996531301
0.999654047
0.9996551685
0.9996560827
0.9996567013
0.9996570749
0.9996572848
0.9996573944
0.9996574285
0.9996573569
0.9996570703
0.9996563412
0.9996547729
0.9996517648
0.999646634
0.9996393399
0.9996320116
0.999628841
0.9996321727
0.9996399316
0.9996476663
0.9996511689
0.9996472245
0.9996328662
0.999605442
0.999565427
0.9995220485
0.9994981871
0.9995156165
0.999525535
0.9994979587
0.999502333
0.9995092237
0.9995147331
0.999518114
0.9995200928
0.9995213425
0.9995222559
0.9995230248
0.9995237295
0.9995243887
0.9995249725
0.9995253801
0.9995253646
0.9995243057
0.9995199222
0.9995058021
0.9995077831
0.9995071625
0.9995079298
0.9995258097
0.9995573407
0.9995795937
0.9995908673
0.9996168265
0.999692244
0.9997519692
0.9997765639
0.9998028906
0.9998051566
0.999767138
0.9997902805
0.9998153455
0.9997834479
0.9997247917
0.9996420215
0.9995309179
0.9995225624
0.9996549282
0.00747865073
0.001990737633
0.001543105375
0.001547425182
0.001549059089
0.001550688791
0.001551668386
0.001550955411
0.001546733286
0.001544892129
0.001543238332
0.001541826072
0.00154092825
0.001540293644
0.001539832552
0.001539506345
0.001539266281
0.00153909615
0.001539001713
0.001538874869
0.001538769013
0.00153863892
0.001538544823
0.001538314242
0.001538008675
0.00170173533
0.9879550775
0.6024950047
0.9995066168
0.9997971301
0.9998401554
0.9998597006
0.9998635046
0.9998583226
0.9998488606
0.9998362664
0.9998208296
0.9998041128
0.9997873448
0.9997701084
0.9997517389
0.9997320082
0.999710601
0.9996875784
0.999663822
0.9996409918
0.9996218816
0.9996100148
0.9996067623
0.99960683
0.9996070505
0.9996091049
0.9996131493
0.9996174705
0.9996209269
0.9996232922
0.9996247578
0.9996256063
0.999626077
0.9996263303
0.9996264451
0.9996264181
0.9996261468
0.9996253877
0.9996236759
0.9996201948
0.9996135979
0.9996020959
0.9995857867
0.9995722551
0.9995683693
0.9995733517
0.999582033
0.9995889209
0.9995893839
0.9995787163
0.9995528642
0.9995159441
0.9994988766
0.9995844437
0.9997809971
0.9994697643
0.9997335622
0.9995921638
0.9995849551
0.9995734834
0.9995664113
0.999561679
0.9995580096
0.999554831
0.9995519045
0.9995491291
0.999546441
0.9995437298
0.9995407045
0.9995366212
0.9995298028
0.999517415
0.9995029012
0.9996483028
0.9997892595
0.9997358879
0.9997706129
0.9997909197
0.9997672918
0.9996694273
0.9995672703
0.9995386671
0.9996802045
0.9997296586
0.9997519881
0.9997972962
0.9997966404
0.9997580289
0.9998157555
0.999756839
0.9996481294
0.9995829657
0.9995396537
0.9995121382
0.9995016102
0.9995146751
0.9997747969
0.004222863581
0.001823952244
0.00154576369
0.001548918962
0.001549169727
0.001548399388
0.00154564381
0.001544070185
0.001542820894
0.001541761082
0.001540918723
0.001540302235
0.001539846416
0.001539515602
0.001539272235
0.00153909618
0.001538971902
0.001538847951
0.001538731731
0.001538620011
0.001538522419
0.001538419576
0.001538320949
0.001773000227
0.006830657852
0.9903610397
0.9994384673
0.9997091387
0.9997538817
0.9997881424
0.9998008868
0.9998006085
0.9997963026
0.9997872342
0.9997721304
0.9997549887
0.9997388609
0.9997223847
0.9997041066
0.9996839183
0.9996610583
0.9996351328
0.9996070537
0.9995786328
0.9995534421
0.9995366448
0.9995331611
0.9995428101
0.9995531099
0.9995630722
0.9995731298
0.9995812441
0.9995867116
0.9995900352
0.9995919277
0.9995929606
0.9995935136
0.9995938115
0.999593968
0.9995940149
0.9995939083
0.9995935072
0.9995925142
0.9995903444
0.9995858337
0.999576498
0.9995576156
0.9995300622
0.9995145536
0.9995122109
0.9995172592
0.9995256072
0.9995331409
0.9995333379
0.9995195101
0.9994988707
0.9995261721
0.9996934078
0.999728558
0.9986618766
0.9933897761
0.004307599973
0.003304079405
0.003007233235
0.002945516337
0.002938073594
0.002946450199
0.002959760852
0.002974593247
0.002989940917
0.003005741783
0.003022764365
0.003043620204
0.003075990034
0.003142173633
0.00331452509
0.004037610378
0.004974734764
0.9970544585
0.9979337856
0.9981485417
0.9966100087
0.9981481681
0.9993501641
0.9997767021
0.9995169776
0.9995829971
0.9997851973
0.9997758867
0.9997298555
0.9997320951
0.9997636283
0.9997517178
0.9998060243
0.99968094
0.9995759045
0.9995394274
0.9995390678
0.9995326493
0.999520514
0.9995190479
0.9996706664
0.999249986
0.002942782837
0.00172235432
0.001546370438
0.001547188195
0.001544971035
0.001543619103
0.001542527482
0.001541633663
0.001540893276
0.001540309846
0.001539865788
0.001539535545
0.001539290641
0.00153910887
0.001538972304
0.001538851219
0.001538743692
0.001538648958
0.001538576193
0.001538530929
0.001538501503
0.001808686422
0.992900574
0.9946413429
0.9991414349
0.9995200581
0.999607264
0.9996436096
0.9997011279
0.9996985604
0.9997059833
0.9997154511
0.9997064964
0.9996911872
0.999678899
0.9996657342
0.9996491556
0.999630402
0.9996082078
0.9995816021
0.9995521748
0.9995229896
0.9995014165
0.9994978144
0.9995090623
0.999501285
0.9995112607
0.9995287051
0.9995422332
0.9995510105
0.9995559015
0.9995584566
0.9995597662
0.9995604482
0.9995608224
0.9995610458
0.9995611946
0.9995613091
0.9995614206
0.9995615691
0.9995618151
0.999562237
0.9995628711
0.9995633822
0.9995605818
0.9995381793
0.9994970034
0.9995113303
0.999512915
0.9995033633
0.9994972165
0.999498746
0.9994996701
0.9994986767
0.9995385528
0.9996685554
0.9997897147
0.9997658501
0.9995930564
0.9995484327
0.004642726642
0.001850819436
0.001538741493
0.001538738741
0.001538740114
0.001538740237
0.001538739477
0.001538737803
0.001538735457
0.001538732894
0.001538730718
0.001538729736
0.001538731463
0.001538733212
0.001538746895
0.001847514826
0.009247159225
0.9980379012
0.003129608371
0.001904192375
0.001869633761
0.002095539269
0.002532402885
0.004160401078
0.009131451245
0.9973212783
0.9980574897
0.9995230589
0.9996787593
0.9997837997
0.9994047037
0.9995818116
0.9998085179
0.9997170556
0.9995505723
0.999575214
0.9996002473
0.9995848188
0.9995702363
0.9995835039
0.9996444102
0.9997724231
0.9977370845
0.002375874167
0.001633991716
0.001543949789
0.001543387539
0.001542370099
0.001541560889
0.001540873338
0.001540320507
0.001539886743
0.001539559359
0.001539314317
0.001539130018
0.001538988204
0.001538870127
0.001538770544
0.001538689316
0.001538632709
0.001538609968
0.001538601848
0.001907250674
0.7475445709
0.9738451695
0.004865611965
0.003368232828
0.0146874798
0.9996817235
0.9994905274
0.9995278705
0.9995381286
0.9995980564
0.9996468087
0.9996183954
0.9996127429
0.9996051269
0.9995907037
0.9995759372
0.9995582466
0.9995359413
0.9995129876
0.9994972734
0.9995135414
0.9996098046
0.9997630608
0.9996739539
0.9997083419
0.999498921
0.999504998
0.9995061737
0.9995067223
0.9995070303
0.9995071357
0.9995071174
0.9995070546
0.9995069998
0.9995069761
0.9995069761
0.9995069477
0.9995067595
0.9995061406
0.9995046186
0.9995016039
0.9994972198
0.9994961276
0.9995180692
0.9995045737
0.9997177489
0.9997783183
0.999767822
0.9997166595
0.9996199565
0.999543564
0.9995398465
0.9995260868
0.9996035242
0.999681199
0.9997210562
0.999735973
0.9996435563
0.9996318095
0.9996204673
0.003598448996
0.001804579052
0.001538739988
0.001538731359
0.001538729386
0.00153872629
0.001538722093
0.001538717507
0.001538713282
0.001538709289
0.001538707394
0.00153871044
0.0015387386
0.002523285339
0.9995583146
0.9984438372
0.002388170907
0.001538703678
0.001538694764
0.001538687772
0.001538691065
0.001538712217
0.001538798723
0.001684370854
0.001802873098
0.002138217893
0.003222433264
0.006838366831
0.9962923625
0.9964738973
0.9987524314
0.9994521859
0.9998012186
0.9996970624
0.9996611252
0.9996349303
0.9995946997
0.9995830487
0.9996093109
0.9996868533
0.9997934439
0.999326502
0.9866998632
0.002063862447
0.00154147456
0.001542017294
0.001541570092
0.001540892996
0.001540347691
0.001539913939
0.0015395866
0.001539341083
0.001539155539
0.001539011224
0.001538894763
0.001538800092
0.001538726771
0.001538678713
0.00153866259
0.001538652542
0.001900380522
0.9903245297
0.9921243053
0.003681615726
0.001538769979
0.001538826069
0.00169709785
0.002289979993
0.006689573896
0.999045446
0.999702129
0.9995176596
0.9995466068
0.9995303234
0.9995587239
0.999534505
0.9995268186
0.9995186904
0.9995065989
0.9994979604
0.9995029091
0.9995588383
0.9997111328
0.9997065625
0.9986334212
0.9942230617
0.005601705355
0.00422757372
0.003429790757
0.003245170407
0.003186195319
0.003166697547
0.003161577612
0.003161609072
0.003163106868
0.003164646337
0.003165893671
0.003167339677
0.0031706478
0.00317977141
0.003203582939
0.003262478894
0.003408877858
0.003819710154
0.005973921585
0.01231867825
0.9981237386
0.9978828576
0.998227239
0.9989139186
0.9995851499
0.9997237017
0.9996616993
0.999666652
0.9995409338
0.9995431026
0.999585177
0.9996127732
0.9996062005
0.9995695126
0.9995555737
0.9997134013
0.9993573294
0.003308320258
0.001778937421
0.001538740881
0.001538728894
0.001538723039
0.00153871621
0.001538710379
0.001538704974
0.001538697483
0.001538697259
0.001661281423
0.005158663295
0.9997458508
0.01206092435
0.001713721528
0.001538681121
0.001538693871
0.001538696703
0.001538695422
0.001538691491
0.001538683814
0.001538680583
0.001538695222
0.001538698589
0.001538706237
0.001538955988
0.002969791993
0.976954939
0.9982850136
0.9986681993
0.9983896012
0.007629667462
0.9994891157
0.9997617107
0.9995652593
0.9995422726
0.9995464221
0.9995837938
0.9996596745
0.9997368346
0.9997985719
0.9997616668
0.00617881652
0.001935411927
0.001540570374
0.001540747734
0.001540402827
0.001539954539
0.001539619163
0.001539370689
0.001539183933
0.001539037642
0.001538921412
0.001538828363
0.001538758036
0.001538712633
0.001538696556
0.001538680712
0.002013473371
0.9949298077
0.9912069272
0.003681526005
0.001538750923
0.001538739278
0.001538736973
0.001538739495
0.001538755151
0.001673779428
0.001950477123
0.003701601492
0.03462241521
0.9996788497
0.9995395638
0.9994960439
0.999498984
0.9994999743
0.9994974752
0.9994994327
0.9995069908
0.9995468254
0.999641587
0.999758166
0.999775808
0.9995102628
0.9992724063
0.004195743815
0.001845781429
0.001538745753
0.001538739207
0.00153873801
0.001538736786
0.001538735222
0.001538732423
0.001538728396
0.001538721956
0.001538715011
0.001538710541
0.00153870806
0.001538707907
0.001538710312
0.001538715982
0.001538725543
0.001538740551
0.001538902395
0.002121006098
0.005116202661
0.9975118382
0.9986818628
0.9996423919
0.9992822737
0.003543931757
0.002792551193
0.009640495964
0.9997761091
0.9996244026
0.9995470907
0.9995566671
0.9995518736
0.9995488461
0.9995566354
0.9995803829
0.999760908
0.9990969678
0.003069813428
0.001755923345
0.001538733661
0.00153871477
0.001538708956
0.001538707818
0.001538705878
0.001538700278
0.001734204453
0.7394161293
0.9989465073
0.004523913879
0.001538902414
0.001538670378
0.001538683832
0.001538690733
0.001538691833
0.001538689541
0.001538685796
0.001538684454
0.001538688927
0.001538693522
0.001538718569
0.001894856334
0.01250433406
0.9997292251
0.9995754487
0.998980488
0.003482547648
0.001911437161
0.001884837741
0.003742267218
0.9997095707
0.9995762397
0.9995024624
0.9995126173
0.9995592466
0.9996091754
0.9996382595
0.99958002
0.9995604907
0.9997905092
0.004802562479
0.001912691775
0.001539858692
0.001539892534
0.001539654844
0.001539402719
0.001539214376
0.001539066338
0.001538950084
0.001538856035
0.001538784746
0.001538736869
0.001538715674
0.001538694559
0.002156538822
0.9979739202
0.9957974652
0.003681518192
0.001538758772
0.001538746935
0.00153874097
0.001538736028
0.001538729704
0.001538721823
0.00153871538
0.00153872019
0.001539312531
0.00176687325
0.002418326097
0.006677390494
0.9989426307
0.9997114997
0.999548441
0.9995425866
0.9994999154
0.9995113551
0.9995465637
0.9995919543
0.9996410786
0.9996829494
0.9996349477
0.9996385043
0.9996253003
0.00380176482
0.001833457879
0.001538734057
0.001538722114
0.001538720587
0.001538717525
0.001538713148
0.001538704565
0.001538694557
0.001538689113
0.001538686076
0.001538685547
0.001538686258
0.001538687909
0.00153868929
0.001538681192
0.001538861628
0.002999843566
0.9983812788
0.9994651109
0.9993253512
0.9995875815
0.00795790052
0.002081977708
0.001538685008
0.001538774265
0.001945925052
0.00426932419
0.9996531311
0.9996488775
0.999532032
0.9995315463
0.9995355518
0.999547597
0.999572108
0.9996147973
0.999790435
0.9988166231
0.002953527107
0.001770433806
0.001538717086
0.001538692226
0.001538703588
0.001538731678
0.002659397296
0.9982090618
0.9903938363
0.0018483139
0.001538691541
0.001538679586
0.001538683596
0.001538687259
0.001538688785
0.001538688598
0.001538689375
0.001538692318
0.001538697353
0.00153869474
0.001643645872
0.003176075023
0.9998013466
0.9995440711
0.9998041691
0.004521272981
0.001966238059
0.001538676769
0.001538665906
0.001538703272
0.001881932145
0.005103969774
0.9997120852
0.999500309
0.9995046172
0.9995646987
0.9996160663
0.9996441549
0.9995864308
0.9995286029
0.9995858174
0.9997846973
0.004643276057
0.001890840766
0.001539366844
0.001539361209
0.00153924127
0.001539096723
0.00153898229
0.001538886016
0.001538811814
0.001538757887
0.001538727132
0.001538703044
0.002353331353
0.9990511207
0.9975539665
0.003681518201
0.001538764543
0.0015387528
0.001538745332
0.00153873845
0.001538731824
0.001538725517
0.001538719978
0.00153871362
0.001538704216
0.001538699271
0.001538713307
0.001538742307
0.001705226489
0.002222448119
0.005168776112
0.9987471828
0.9996538541
0.9995017591
0.9995009021
0.9995152287
0.999537326
0.9995637077
0.9995750457
0.9995554432
0.9995395711
0.999658935
0.9995922037
0.003803248019
0.001836241519
0.001538732456
0.001538716062
0.001538714021
0.001538704134
0.001538689823
0.001538683498
0.001538679081
0.001538678364
0.001538678474
0.001538675407
0.00153868156
0.001538692878
0.001826097195
0.01234868875
0.9997466726
0.999612569
0.9985840933
0.778945207
0.002309998186
0.001538738488
0.001538648366
0.001538668862
0.001538685582
0.001538720581
0.001851108729
0.003949743905
0.9996863951
0.9996083703
0.9995155368
0.9995200268
0.9995305901
0.9995529471
0.9995957861
0.9996599607
0.9997914583
0.9989875234
0.003651153214
0.00194099122
0.001538745185
0.001699744668
0.004878137225
0.9997607871
0.008908664425
0.001691276031
0.001538657877
0.001538667923
0.001538675225
0.001538680815
0.001538684332
0.001538685978
0.001538688208
0.001538695892
0.001538706009
0.001538796695
0.002306000365
0.9967568093
0.9997857239
0.9997248544
0.01016017073
0.002009866842
0.001538694669
0.001538658864
0.001538670757
0.001538680012
0.001538687401
0.001538718688
0.002035243936
0.01420614779
0.9996580792
0.9996365145
0.9996530203
0.9997487002
0.9997360453
0.99962461
0.999549362
0.9995203815
0.9995921698
0.9997602295
0.004266755691
0.001899027837
0.001539065593
0.001539062612
0.00153900033
0.001538915287
0.00153884665
0.001538782204
0.001538739848
0.001538711262
0.002650258412
0.9996636826
0.9984733113
0.003681518732
0.00153876751
0.001538756739
0.001538749166
0.001538741716
0.001538734593
0.001538727989
0.001538721876
0.001538715306
0.001538707909
0.001538702422
0.001538701123
0.001538698094
0.001538696231
0.001538697201
0.001538714855
0.001708495806
0.002412919005
0.01196666657
0.9997346415
0.9995433848
0.9995082251
0.9995231963
0.9995365648
0.9995392027
0.9995362537
0.9995343776
0.9995359577
0.9996550438
0.9996098822
0.003937761842
0.001892553197
0.001538754374
0.00153871542
0.001538687656
0.001538682663
0.001538675938
0.001538677241
0.00153868297
0.001538683587
0.00153868522
0.001591819493
0.002314666553
0.9992302404
0.9996141811
0.9997732016
0.9943805045
0.002263865016
0.001634235665
0.001538638956
0.00153865742
0.001538668437
0.001538679114
0.001538688337
0.001538698402
0.001538717673
0.001860486813
0.004276746811
0.9997617636
0.999568123
0.9995056622
0.9995129535
0.999535396
0.9995907686
0.9996670054
0.9996883957
0.9997523702
0.9997400793
0.007473536024
0.002572388511
0.8561717139
0.9984697549
0.004056776571
0.00153880348
0.001538656139
0.00153866149
0.001538670035
0.001538676977
0.001538682208
0.001538685414
0.001538686787
0.001538687434
0.001538717639
0.001884723828
0.0103341028
0.9997099844
0.999785227
0.9965670052
0.002294296572
0.001538786708
0.001538673811
0.001538673213
0.001538677728
0.001538684338
0.001538691253
0.001538697195
0.001538702769
0.001538835871
0.002370922088
0.9983278853
0.9997727617
0.9997914941
0.9996561967
0.9997777313
0.9996285296
0.9995640584
0.9995394935
0.9995309823
0.9996401694
0.999733624
0.005880874595
0.002198852123
0.001697598398
0.001538869552
0.001538846571
0.001538810695
0.001538726366
0.001538737108
0.003301768433
0.9997738577
0.9990875761
0.003681518987
0.001538768964
0.001538759269
0.001538752116
0.001538744624
0.001538737192
0.001538730056
0.001538723179
0.001538716029
0.001538708551
0.001538702013
0.001538697335
0.00153869351
0.001538691652
0.001538688953
0.001538680744
0.001538677477
0.001538679365
0.001538789159
0.001982737263
0.005026649863
0.9997784318
0.9995925909
0.9995204298
0.9995263106
0.9995286717
0.9995291835
0.9995304199
0.9995333285
0.999536572
0.9996479469
0.9997401172
0.007015493356
0.002292735299
0.001689651872
0.001538696576
0.00153866953
0.001538671254
0.001538685612
0.001538691961
0.001538719752
0.002061529896
0.9649781583
0.9997909611
0.999572262
0.9995631463
0.002662241685
0.001663772427
0.001538667846
0.001538628507
0.001538652582
0.001538660973
0.001538669735
0.001538677693
0.001538685611
0.001538691191
0.001538693933
0.001538712936
0.001891178054
0.004748641549
0.9997818435
0.9995385945
0.9995015519
0.999531905
0.9996505513
0.9997346062
0.9997037
0.9996060975
0.9996179505
0.9997571671
0.9973259704
0.9804953637
0.001831991807
0.001538677018
0.001538670532
0.001538669179
0.001538672251
0.001538677506
0.00153868415
0.001538690918
0.001538697072
0.001538693374
0.001642902803
0.003159918239
0.9998017605
0.9995255857
0.9998017392
0.003134083724
0.001641949338
0.001538671273
0.001538680415
0.001538684189
0.001538686243
0.001538689971
0.001538695191
0.001538700765
0.00153870487
0.001538707352
0.001538719146
0.001703008707
0.003975958711
0.9996822179
0.9990380893
0.9987658375
0.9997960126
0.9996050667
0.999575919
0.9995716455
0.9995847795
0.9996032871
0.9996883303
0.9996947416
0.9964009449
0.004235517951
0.00259872721
0.001925249277
0.001756929709
0.001679485096
0.003628791763
0.999619749
0.9994690303
0.003681519053
0.001538769688
0.00153876088
0.00153875423
0.001538746915
0.001538739341
0.001538731764
0.001538724221
0.001538716493
0.001538708667
0.001538701466
0.001538695448
0.001538690443
0.001538686999
0.001538683379
0.00153867852
0.001538677548
0.001538676432
0.001538668184
0.001538671954
0.001538710201
0.001890685292
0.00432489313
0.9997276303
0.9996180988
0.9995239138
0.9995258
0.9995275694
0.9995326054
0.9995441813
0.9995596997
0.9995611652
0.9995910379
0.9997892136
0.9978485126
0.003488367023
0.001926804152
0.001538695659
0.001538657702
0.001538688511
0.001785424206
0.004844910536
0.9996091109
0.999801513
0.9996851945
0.01523372277
0.001916551647
0.001538695918
0.001538659205
0.001538642684
0.001538644668
0.001538653505
0.001538661527
0.00153866893
0.001538675908
0.001538681536
0.001538685278
0.001538687128
0.00153868805
0.001538710977
0.001922947808
0.005413937514
0.9997288657
0.9995045908
0.9995539485
0.9997625461
0.9997512754
0.9996361039
0.9995247781
0.9995167057
0.9997490055
0.006110893848
0.001693558424
0.001538640183
0.001538660784
0.001538667789
0.001538673092
0.00153867816
0.001538683327
0.001538693442
0.001538705029
0.001538792132
0.002295540799
0.9966844602
0.9997862449
0.99971334
0.0100492378
0.001879537643
0.001538699538
0.001538665701
0.001538680452
0.001538685581
0.001538689637
0.001538693503
0.00153869808
0.001538702965
0.001538707212
0.00153871117
0.001538716562
0.001538723992
0.001538740177
0.002393284342
0.9983486193
0.9985510133
0.007022123758
0.9996246627
0.9997496605
0.9996020502
0.9996423989
0.9997513014
0.9998065707
0.9998154608
0.9994652917
0.9993379496
0.999095373
0.9953176202
0.9951864833
0.003771840413
0.9851102439
0.9997745744
0.9995895289
0.003681519045
0.00153877007
0.00153876192
0.001538755706
0.00153874863
0.001538741035
0.001538733172
0.001538725154
0.00153871697
0.001538708794
0.00153870111
0.001538694322
0.001538688517
0.001538683983
0.001538679939
0.001538676157
0.001538674779
0.0015386735
0.001538670375
0.001538670197
0.001538672697
0.001538682035
0.001538706185
0.001863605156
0.004096037565
0.9996956742
0.9996294585
0.9995269162
0.9995307975
0.9995497606
0.9996008129
0.9996742317
0.9996838468
0.9996374073
0.9997648083
0.9997875546
0.9997293347
0.00570354332
0.002094924345
0.001672304573
0.002383198409
0.9986722473
0.9997934032
0.9997837835
0.9982047431
0.00259955772
0.001538891175
0.001538672339
0.00153866679
0.001538648888
0.001538647606
0.00153865076
0.001538656667
0.001538662862
0.001538668859
0.001538673896
0.001538677528
0.001538679834
0.001538681053
0.00153868215
0.001538684777
0.001538712424
0.002012830565
0.01257382755
0.9996676076
0.999803435
0.9997877409
0.9996022707
0.9995015234
0.9995021538
0.9994999128
0.9996504637
0.003156977245
0.001538671257
0.001538659612
0.001538671054
0.001538678704
0.00153868404
0.001538685995
0.001538685446
0.001538717578
0.001879585752
0.01002227152
0.9997140783
0.9997863678
0.9966846202
0.002296288648
0.001538788084
0.001538691444
0.001538679021
0.001538680478
0.001538686535
0.001538691323
0.001538695755
0.001538700296
0.001538705005
0.001538709632
0.001538714548
0.001538720651
0.001538728002
0.001538731085
0.001538737
0.002124167113
0.9984927076
0.9992106118
0.004057425723
0.00395295672
0.9995350811
0.9996904254
0.9997468512
0.9997307561
0.9994331512
0.9989174167
0.9980716713
0.9970598236
0.9926306598
0.9966958864
0.9984163765
0.9977442662
0.9997749145
0.9995017834
0.003681519031
0.001538770304
0.001538762623
0.001538756746
0.001538749898
0.001538742348
0.001538734332
0.001538726012
0.001538717503
0.001538709029
0.001538700964
0.001538693634
0.001538687216
0.001538681903
0.001538677394
0.001538673701
0.001538671629
0.001538669887
0.001538667676
0.001538667089
0.001538668666
0.001538674168
0.001538678995
0.001538682676
0.001538702489
0.001853203656
0.003993921246
0.999678764
0.9996311469
0.9995294637
0.9995836533
0.9997368756
0.9997979997
0.9997943696
0.9997902312
0.999784344
0.9996903815
0.9997183256
0.9997231358
0.005295701665
0.9903755665
0.9990907438
0.99975831
0.9993617462
0.004068676556
0.00167322184
0.001538664786
0.00153866854
0.001538665254
0.001538654767
0.001538650404
0.00153865083
0.001538654243
0.001538659048
0.001538664104
0.001538668585
0.001538671796
0.001538673067
0.001538672357
0.001538673447
0.001538677472
0.001538680863
0.001538663121
0.001538798753
0.002724498778
0.998839728
0.9997150812
0.9996888074
0.999508715
0.9994993882
0.9995177296
0.9995388766
0.9996736828
0.002958952582
0.001538699176
0.00153868788
0.00153869259
0.001538698327
0.001538700915
0.001538694685
0.001641311263
0.003136578045
0.9998018465
0.9995256266
0.9998016124
0.003161487097
0.001642994895
0.001538687774
0.001538693815
0.001538688205
0.001538687379
0.001538689471
0.001538693299
0.001538697466
0.001538701861
0.001538706428
0.001538711116
0.001538716151
0.001538721871
0.001538727891
0.001538731927
0.001538735937
0.001538747169
0.00196698923
0.997144666
0.9998071462
0.005134566992
0.002183696934
0.00463935199
0.9997624978
0.9995491704
0.9990189078
0.9986103156
0.9980474638
0.9968136401
0.9933010235
0.004299866166
0.02480037219
0.9984419898
0.9994742364
0.9991046432
0.003681519045
0.001538770491
0.001538763142
0.001538757509
0.001538750848
0.001538743369
0.001538735286
0.001538726791
0.001538718065
0.001538709359
0.001538700989
0.001538693239
0.001538686315
0.001538680391
0.001538675394
0.001538671403
0.0015386687
0.0015386666
0.001538664796
0.00153866434
0.001538665633
0.001538669419
0.001538673878
0.001538678057
0.00153868047
0.001538680571
0.001538697071
0.001848810636
0.004092363508
0.9997840039
0.99954297
0.9996425218
0.9997724729
0.9997223656
0.9997356851
0.9997358374
0.999765801
0.9998033549
0.9997681895
0.9997870566
0.9993590968
0.9997752174
0.9995884885
0.9848500297
0.002060114808
0.001538691206
0.001538652198
0.001538659891
0.001538656651
0.001538652424
0.001538650328
0.001538650602
0.001538653138
0.001538656978
0.001538661345
0.001538665664
0.001538668943
0.001538668897
0.001538664478
0.001538659852
0.001538663325
0.001538659402
0.001538636881
0.001538682724
0.001973965327
0.004331214359
0.998888477
0.9997268043
0.999641756
0.9995655176
0.9996509714
0.9997135437
0.999608219
0.9997842857
0.002515395644
0.001538713803
0.001538705132
0.001538709758
0.001538710244
0.00153878866
0.00228129409
0.9965991149
0.999785265
0.9997093518
0.01036948379
0.001885167
0.001538706667
0.001538677431
0.001538688069
0.001538687972
0.001538689351
0.001538691394
0.001538694571
0.001538698467
0.00153870269
0.001538707094
0.001538711626
0.001538716368
0.001538721437
0.001538726555
0.001538730898
0.001538736136
0.001538744952
0.001538756651
0.001731193332
0.99709445
0.9997763396
0.9981530269
0.001986714269
0.002331296573
0.9979345509
0.9987990573
0.9986498472
0.9982848916
0.9973797369
0.9969577043
0.9973060044
0.9977008771
0.998264716
0.9987332359
0.9976552335
0.003681519105
0.001538770687
0.001538763577
0.001538758105
0.001538751581
0.00153874417
0.001538736069
0.001538727481
0.001538718624
0.001538709754
0.001538701154
0.001538693073
0.001538685734
0.00153867932
0.001538673867
0.001538669496
0.001538666326
0.001538664028
0.001538662491
0.001538662264
0.00153866354
0.001538666598
0.001538670389
0.001538674301
0.001538677665
0.001538680095
0.001538680262
0.001538675529
0.001538687711
0.001925726585
0.01040788456
0.9996816943
0.9997376222
0.9994738744
0.9995304516
0.9996082265
0.9997552527
0.9997846618
0.9996011759
0.9995133651
0.9995486456
0.9996151295
0.9997480921
0.003016856807
0.001638135157
0.001538644112
0.001538649992
0.001538647491
0.001538648404
0.001538648108
0.001538648964
0.001538650706
0.00153865342
0.001538656689
0.001538660449
0.001538665137
0.001538670168
0.001538671172
0.001538663851
0.001538657441
0.00153865043
0.001538661821
0.001539887749
0.002135633039
0.004269622858
0.9990426598
0.999452651
0.9993383687
0.9996390626
0.9997621215
0.9997752429
0.9997525601
0.9998021995
0.9997260181
0.9995971241
0.002262521144
0.001538718267
0.001538708789
0.001538722764
0.001885303162
0.009617666846
0.9997189517
0.999787577
0.9967629568
0.002307552107
0.001538795114
0.001538695738
0.001538685891
0.001538684936
0.001538687344
0.001538689788
0.001538692364
0.001538695437
0.001538699054
0.001538703028
0.001538707185
0.001538711414
0.001538715624
0.001538719829
0.001538723903
0.001538727385
0.001538731353
0.001538736765
0.001538741261
0.001538740761
0.001661297243
0.004468070984
0.9997160285
0.9982802227
0.003127330805
0.003118530997
0.9974436578
0.9986695329
0.9985659237
0.9975586079
0.9952443084
0.9940877411
0.9950989346
0.9960379268
0.9967557997
0.9870856155
0.003681519221
0.001538770924
0.001538763988
0.001538758607
0.001538752162
0.001538744796
0.001538736697
0.001538728071
0.001538719149
0.001538710189
0.001538701442
0.001538693121
0.001538685462
0.00153867867
0.001538672828
0.001538668119
0.001538664646
0.001538662292
0.001538660972
0.001538660989
0.001538662325
0.001538665086
0.001538668517
0.001538672402
0.00153867584
0.001538679391
0.001538681988
0.001538684307
0.001538680197
0.001538658684
0.00153882055
0.003818021534
0.9987951037
0.9990603086
0.9993791592
0.9996040652
0.9998043952
0.9996424552
0.9994993963
0.9995369
0.9995249266
0.9995081078
0.02887919174
0.002062246645
0.001538654745
0.001538612496
0.001538626697
0.001538636218
0.001538641273
0.001538645153
0.001538648744
0.001538652361
0.001538655877
0.00153865874
0.001538661177
0.001538666365
0.00153867505
0.001538682155
0.001538680711
0.001538678631
0.001538685822
0.001598502515
0.0025026902
0.04163520036
0.9997604683
0.9997719913
0.9997790693
0.9998068883
0.9977980939
0.004848547124
0.9979826047
0.9993191285
0.9997029598
0.9998022194
0.9998098351
0.9991830496
0.002427161568
0.001538731217
0.001744160074
0.003191360547
0.9997989247
0.9995275628
0.999801206
0.00318245813
0.001644243095
0.001538689169
0.001538696475
0.001538691576
0.001538689073
0.00153868871
0.001538690547
0.001538692987
0.001538695936
0.001538699341
0.00153870306
0.001538706963
0.001538710905
0.001538714611
0.001538718022
0.00153872121
0.001538723835
0.001538726934
0.001538731328
0.001538734587
0.001538735746
0.001538715457
0.001538720596
0.002469773316
0.9978782817
0.9983665729
0.9970543842
0.9959838153
0.9983173835
0.998728398
0.9980603161
0.9969831987
0.9964635753
0.9963732747
0.9965592814
0.9978436489
0.9707839867
0.003681519396
0.001538771219
0.001538764408
0.001538759052
0.001538752624
0.001538745268
0.001538737172
0.00153872854
0.001538719613
0.001538710646
0.001538701853
0.001538693389
0.001538685518
0.001538678469
0.001538672317
0.001538667358
0.001538663726
0.001538661438
0.001538660328
0.001538660581
0.001538661954
0.001538664654
0.001538667628
0.001538671499
0.001538674772
0.001538677943
0.00153868155
0.001538684437
0.001538680501
0.001538693798
0.00177815719
0.002664376957
0.995932384
0.9983905085
0.9991371176
0.9994615625
0.9997875457
0.9996652424
0.9995001337
0.9995313686
0.9995271781
0.9994998474
0.01528938375
0.001539550395
0.001538620423
0.001538627126
0.001538627979
0.001538636984
0.001538642907
0.001538647324
0.001538651859
0.001538656752
0.00153866131
0.001538663602
0.001538663489
0.001538664733
0.001538676758
0.001538686471
0.00153868819
0.001538708805
0.001683324125
0.002199926679
0.9925013362
0.9997354796
0.9995953383
0.9998028936
0.9995183862
0.01281572764
0.002860542062
0.00179890961
0.001958584535
0.9973590043
0.9996078768
0.9996921734
0.9995860255
0.9996249667
0.9994317087
0.003370308053
0.002496659213
0.9965155439
0.9996850466
0.9997189477
0.01072172715
0.001888899869
0.001538706389
0.001538677317
0.001538688602
0.001538688744
0.001538688969
0.001538689265
0.001538690789
0.001538693144
0.00153869604
0.001538699361
0.001538702921
0.001538706645
0.001538710431
0.001538713839
0.00153871683
0.001538719333
0.001538720817
0.001538723816
0.001538728381
0.001538731433
0.001538734572
0.001538726238
0.001538723201
0.001700732124
0.002653774083
0.994206098
0.9980867183
0.9980526499
0.9982167469
0.9986002728
0.9979864516
0.9972163993
0.9971735552
0.996884434
0.9921010333
0.9978143722
0.01435904411
0.003681519631
0.001538771578
0.001538764848
0.001538759446
0.001538752967
0.001538745576
0.001538737474
0.001538728854
0.001538719977
0.001538711103
0.001538702388
0.00153869389
0.001538685937
0.00153867878
0.001538672388
0.001538667286
0.001538663634
0.001538661539
0.001538660635
0.001538661195
0.001538662389
0.001538665165
0.001538667732
0.001538670587
0.001538673387
0.001538676865
0.001538672052
0.001538678411
0.001538814736
0.001951709726
0.003053974381
0.9966169665
0.997661093
0.9980636632
0.9988024686
0.9990584578
0.9995051932
0.9998029507
0.999610849
0.9995030245
0.9995079474
0.9995539784
0.9997399831
0.002511265751
0.001538667513
0.001538652262
0.001538650183
0.001538650372
0.001538651794
0.001538653868
0.001538657518
0.001538663271
0.001538669604
0.001538672293
0.001538668107
0.001538665068
0.001538659153
0.001538674872
0.00153878511
0.001920372704
0.002968717899
0.9974644289
0.999675995
0.9997832862
0.9995833932
0.9954560232
0.0026158996
0.001891468506
0.001538866918
0.001538673543
0.001538684901
0.002025478634
0.9987548246
0.999741007
0.9992668897
0.9989286875
0.999488597
0.9993785447
0.9979237772
0.9985616608
0.9995461857
0.996988365
0.00234644039
0.001538799675
0.00153869232
0.001538683745
0.00153868351
0.00153868613
0.001538687855
0.001538689197
0.001538690922
0.001538693187
0.001538696001
0.001538699288
0.001538702777
0.001538706415
0.00153871014
0.001538713342
0.001538716443
0.001538719215
0.001538717807
0.001538719141
0.001538726545
0.001538722931
0.001538723399
0.001538779816
0.001871589968
0.002510078878
0.9810788135
0.9961915624
0.998564335
0.9984021283
0.9983175104
0.9982694701
0.9970658135
0.9960161637
0.9971873005
0.9971890189
0.980221957
0.9921470035
0.01002989236
0.003681519927
0.001538771997
0.001538765297
0.001538759771
0.001538753162
0.001538745681
0.001538737556
0.001538728953
0.00153872018
0.00153871152
0.001538703042
0.001538694622
0.001538686759
0.001538679698
0.001538673118
0.001538667993
0.00153866447
0.001538662807
0.001538662
0.001538663032
0.001538664163
0.001538666494
0.001538668971
0.0015386734
0.001538670034
0.001538677226
0.001538718055
0.001701776418
0.002492842164
0.01101153056
0.9994566869
0.9992433359
0.9988350556
0.9983623014
0.9987918906
0.9988733
0.9991578864
0.999359629
0.999756722
0.9997796282
0.9997652912
0.9997984455
0.9997760488
0.9986067405
0.001742507037
0.001538672797
0.001538670439
0.001538666533
0.001538663354
0.001538662289
0.001538663934
0.001538670352
0.001538680645
0.001538687252
0.001538686188
0.001538680647
0.001538687346
0.001611969766
0.002272772746
0.01024184856
0.9997382997
0.9997723576
0.9996243016
0.9997908439
0.9767896901
0.002060452877
0.001644991324
0.001538690631
0.001538675986
0.001538681374
0.001538695722
0.001538704349
0.002542373247
0.9997888662
0.999692569
0.9991505591
0.9996934852
0.9997989179
0.9997258238
0.9990014504
0.9989730035
0.004198585573
0.001682235034
0.001538679921
0.001538689737
0.001538687151
0.001538686037
0.001538686172
0.001538687671
0.001538689246
0.001538691085
0.001538693265
0.001538695953
0.001538699207
0.001538702688
0.001538706511
0.001538710249
0.001538712839
0.001538716357
0.001538721426
0.001538719706
0.001538711396
0.001538719162
0.001538734739
0.001651627586
0.002172156206
0.008443270311
0.9991489252
0.9993216542
0.9990403975
0.9993801572
0.9991672043
0.9960992452
0.9980549104
0.9965935077
0.9941073771
0.9974991705
0.9979396951
0.9921241917
0.9406860774
0.008232298446
0.003681520282
0.001538772462
0.001538765727
0.001538759982
0.001538753149
0.001538745517
0.001538737349
0.001538728742
0.001538720124
0.001538711832
0.00153870378
0.001538695528
0.001538688008
0.001538681365
0.001538674582
0.001538669667
0.001538666363
0.001538665507
0.00153866497
0.001538666071
0.001538667362
0.001538671992
0.001538669137
0.001538677507
0.001538717181
0.001688452386
0.002274952133
0.005737125757
0.9982644295
0.9997731618
0.9997202092
0.9997988602
0.9994405405
0.9991837085
0.9993789843
0.9994898595
0.9997548273
0.9996688946
0.999736516
0.9996701082
0.9988013671
0.999621132
0.9998074928
0.9997918814
0.003533054265
0.001538703658
0.001538685874
0.001538680244
0.001538674383
0.0015386708
0.001538670183
0.00153867409
0.00153868768
0.001538700353
0.001538698837
0.001538709267
0.001696756467
0.002332675591
0.9745475117
0.9997885187
0.9996606575
0.9997561083
0.9998035236
0.0147980874
0.002310661563
0.001584288185
0.001538694262
0.001538688113
0.001538690989
0.00153869553
0.001538700444
0.001538713169
0.001538750919
0.005523686083
0.999764101
0.9997026178
0.9996973262
0.9995178773
0.9995243098
0.9997895932
0.9892060159
0.00220422772
0.001538685424
0.001538663696
0.001538680027
0.001538683423
0.001538685459
0.001538686397
0.001538687757
0.001538689424
0.001538691331
0.001538693448
0.001538696006
0.001538699184
0.001538702489
0.001538706887
0.001538711753
0.001538712319
0.001538715331
0.001538725145
0.001538726153
0.001538730303
0.00160268459
0.001988203913
0.0035822627
0.9957214791
0.9997621677
0.9996956984
0.9998065189
0.9995560537
0.9965717173
0.004835471178
0.002405336319
0.005048158739
0.9981496655
0.997265911
0.9984053302
0.9987250703
0.9979056765
0.9951441569
0.008148594259
0.003681520699
0.001538772952
0.001538766084
0.001538760007
0.001538752841
0.001538744991
0.00153873676
0.001538728074
0.00153871966
0.001538711943
0.001538704525
0.001538696388
0.001538689625
0.001538684013
0.0015386768
0.001538672534
0.001538669859
0.001538669771
0.001538669713
0.001538673305
0.001538669703
0.001538678494
0.001538718847
0.001689042974
0.002268042348
0.005600861812
0.9981582204
0.999795624
0.9996821849
0.99972217
0.9997360935
0.9997729624
0.9997090334
0.9996829932
0.9998018392
0.9997937774
0.9997497985
0.9997702547
0.9984521081
0.006454984195
0.003429421909
0.9992143412
0.9998149941
0.9996653302
0.9997223689
0.001930898984
0.001538692781
0.001538688893
0.001538682747
0.001538678979
0.001538675985
0.00153867844
0.001538676428
0.001538690009
0.001538726842
0.001845428817
0.002832654449
0.997755377
0.9992209127
0.9996802727
0.9996644989
0.9981203425
0.003326074062
0.001993494428
0.00153886071
0.001538667597
0.001538667605
0.001538684618
0.001538690625
0.001538703583
0.001538704124
0.00153870529
0.001538739072
0.002207464375
0.9982216532
0.9997057009
0.9996118179
0.9994999873
0.999499397
0.9996193962
0.006080148054
0.0016565817
0.001538642995
0.001538670128
0.001538676984
0.001538682406
0.001538685371
0.001538687073
0.001538688554
0.001538690103
0.001538691902
0.001538693886
0.00153869645
0.001538699429
0.001538701877
0.001538706452
0.00153871381
0.001538714662
0.001538707494
0.001538718013
0.001538775344
0.001863310151
0.00248444962
0.9682292501
0.9993820953
0.9998060799
0.999657708
0.9997066825
0.9970477512
0.004406818894
0.002229832957
0.001710439234
0.001538737618
0.002254831926
0.9970047195
0.9978311433
0.9986509823
0.9988256269
0.998508621
0.9980284231
0.01196788746
0.003681521184
0.001538773426
0.00153876628
0.001538759739
0.001538752117
0.001538744009
0.001538735702
0.001538726714
0.001538718545
0.001538711757
0.001538705208
0.001538696657
0.001538691241
0.0015386879
0.001538679877
0.001538676746
0.001538675371
0.001538678388
0.001538674281
0.001538681846
0.001538722879
0.001691618528
0.002276039711
0.005700606021
0.9982145671
0.9997883813
0.9996623727
0.9996691242
0.9996110153
0.999685743
0.9997507957
0.9997733939
0.9997928753
0.9996827635
0.9997859956
0.9997351854
0.998455682
0.009435466816
0.002727984157
0.001769755091
0.001538774818
0.00316688976
0.9997784792
0.9996782498
0.9995455794
0.00808847135
0.001538754564
0.001538692759
0.001538690369
0.001538689819
0.001538691439
0.001538693218
0.001538703827
0.001605189694
0.002069710906
0.005198890254
0.9991889302
0.9997783229
0.9997202442
0.9990886035
0.9954967244
0.002379513327
0.001724270766
0.001538687022
0.001538678866
0.001538671818
0.001538671325
0.00153868572
0.001538685639
0.001538697738
0.001538728214
0.001650268413
0.002165153858
0.005052006934
0.9977367295
0.9991095625
0.9997664476
0.9995570528
0.9995365545
0.9995859943
0.999762011
0.002029502315
0.001538645181
0.001538672891
0.001538680035
0.001538683864
0.001538686612
0.001538688444
0.001538690051
0.001538691411
0.001538692857
0.001538694485
0.001538697438
0.001538701207
0.001538701012
0.001538705381
0.001538714852
0.001538716851
0.00153872579
0.001610565228
0.002078834348
0.008367177715
0.999305695
0.9996640245
0.9996107569
0.9996536811
0.9994495767
0.01219910694
0.002302283035
0.001676288113
0.001538707184
0.00166513642
0.002141678713
0.004772845529
0.9969813543
0.9965512156
0.9976876138
0.9980697521
0.9984178652
0.9985614532
0.9933680082
0.00368152174
0.001538773813
0.001538766191
0.001538759027
0.001538750809
0.001538742492
0.001538734182
0.001538724325
0.001538716321
0.001538711142
0.001538705959
0.001538695416
0.001538691806
0.001538692766
0.001538683553
0.001538684518
0.001538682538
0.001538690578
0.0015387296
0.00169559431
0.002313351979
0.005906379814
0.9982596764
0.9997816788
0.9996517788
0.9996554767
0.999590071
0.9996320314
0.9996508226
0.9996511524
0.9997546085
0.9997332629
0.9997534599
0.9978915391
0.9894440694
0.004366287859
0.00231555298
0.001746601396
0.001538740117
0.001538646942
0.001538675991
0.001650696286
0.9921979933
0.9998099642
0.9995692601
0.9997737133
0.002268468045
0.001538705417
0.00153869595
0.001538701424
0.001538701042
0.001538717324
0.001646387435
0.002214746503
0.8540716114
0.9995992192
0.999739062
0.9997421049
0.9995928236
0.8418483491
0.002212748292
0.001644052163
0.00153867898
0.001538678686
0.00153869749
0.001538683042
0.001538663171
0.001538687603
0.001538866951
0.001718649693
0.002239866089
0.004175863661
0.9956417431
0.9995758214
0.9996957053
0.9996102777
0.9995972925
0.9996831031
0.9997937969
0.9997903147
0.9997095902
0.005444191032
0.001538714272
0.001538676864
0.001538684713
0.001538687967
0.001538689457
0.001538690798
0.001538692433
0.001538693685
0.0015386944
0.001538694725
0.001538698266
0.001538704527
0.001538703946
0.001538698658
0.001538711473
0.001538861551
0.001926330773
0.002615529587
0.9827753227
0.9997648106
0.9996695678
0.9997798133
0.9994764357
0.9743380957
0.002546580756
0.001898418776
0.001538841425
0.001642202983
0.002028648903
0.003685426105
0.9844517163
0.9988121881
0.9987947442
0.996539007
0.9934349468
0.9943437889
0.9977619593
0.9991814427
0.9971964134
0.003681522353
0.001538773973
0.001538765647
0.001538757687
0.001538748638
0.001538740362
0.001538732445
0.001538720582
0.00153871234
0.001538709494
0.001538707086
0.00153869163
0.001538690241
0.001538697222
0.001538683141
0.001538697408
0.001538741012
0.001693401815
0.002308749959
0.00612743826
0.998426569
0.9997739262
0.999648707
0.9996513222
0.9995859147
0.9996276642
0.9996434505
0.9996385659
0.9997372353
0.9997637322
0.9997219726
0.9976073135
0.006649815212
0.002813374976
0.001785453466
0.001643270829
0.001538657247
0.001538612167
0.001538630499
0.001538652604
0.001538678289
0.001538699271
0.001984904345
0.9995291145
0.9996395263
0.9997256169
0.9983184547
0.001733621757
0.001538683534
0.001538692592
0.00153871469
0.00172857962
0.002396484626
0.9956947928
0.9990784352
0.9997142215
0.9997752277
0.9991516265
0.005073114932
0.002063443082
0.001605426551
0.001538664419
0.001538676832
0.001538685574
0.001538684353
0.001538715857
0.001630565298
0.001781873889
0.003285960023
0.01321475388
0.998786721
0.9998054807
0.9996541953
0.9997930749
0.9997919985
0.9997985065
0.9997260772
0.9976220114
0.995843917
0.9993184578
0.999751713
0.9996050123
0.001886166897
0.001538699264
0.001538696985
0.001538695745
0.001538694122
0.001538693966
0.00153869555
0.0015386971
0.00153869789
0.001538694662
0.001538697478
0.001538709327
0.001538709527
0.001538719197
0.001605542671
0.002170189102
0.01542540346
0.9997237011
0.9998014843
0.9995877795
0.9996718288
0.9984141911
0.004511715303
0.002004415222
0.001606667376
0.001718537377
0.00223952284
0.004160950059
0.995464855
0.9994465352
0.9996889076
0.9995236779
0.9988282665
0.9960406483
0.9836707313
0.9924744546
0.9959071793
0.9994264637
0.9986073167
0.003681523075
0.001538773597
0.001538764456
0.001538755578
0.001538745192
0.001538737319
0.001538730961
0.001538715277
0.001538706733
0.001538706128
0.001538707496
0.001538684421
0.00153869074
0.001538714487
0.00153936334
0.001743632565
0.002405233535
0.006539038514
0.9984592499
0.9997651947
0.9996217327
0.9996480487
0.9995934168
0.9996291939
0.9996436572
0.999641834
0.9997418937
0.999770986
0.999694116
0.9967553856
0.004207461879
0.002125550312
0.001686206556
0.001538729508
0.001538665506
0.001538624031
0.001538635817
0.001538631381
0.0015386424
0.001538668865
0.001538689941
0.001538705189
0.001538722194
0.004319741268
0.9997293757
0.9997179281
0.9997204452
0.006792232288
0.001538769803
0.001538949832
0.00200422968
0.003378549512
0.9981812984
0.9996703703
0.9996792914
0.9992070288
0.9977131902
0.00281126003
0.001840018576
0.001538706933
0.001538652588
0.00153861916
0.001538654503
0.001538710243
0.001653763163
0.002054819814
0.003796743446
0.9892405343
0.9987388569
0.9995646341
0.9995260926
0.9996344272
0.9995236735
0.9995508315
0.9988371099
0.9968449402
0.01139125282
0.003597393599
0.002243265056
0.9987197952
0.9997861144
0.9997971188
0.003470695344
0.001538726126
0.001538709268
0.001538703218
0.001538698137
0.001538696439
0.001538698155
0.001538700548
0.001538702953
0.001538698316
0.001538688101
0.001538699227
0.001538755007
0.001829087988
0.002403683001
0.9668253403
0.9997213364
0.9996404886
0.9998011486
0.9998006996
0.0236543138
0.00245529574
0.00224581561
0.001841898594
0.003187827963
0.01230068857
0.9987196237
0.9998022747
0.9996788778
0.9998051163
0.9998085957
0.9997700953
0.9997381211
0.9971132878
0.9746207294
0.9908528639
0.005085185778
0.9996165816
0.9990142256
0.003681524861
0.001538772014
0.001538762375
0.001538752757
0.001538740076
0.001538732815
0.001538729521
0.001538707591
0.001538702661
0.001538706753
0.001538735311
0.001540417006
0.001699908389
0.001910000387
0.00391556585
0.0315103855
0.9992377174
0.9997015194
0.9995940372
0.9996329615
0.9995760151
0.9996461956
0.9996705847
0.999643903
0.9997434151
0.9997770247
0.9996868185
0.9966206787
0.004088674791
0.00208419319
0.001656502595
0.001538697205
0.001538681196
0.001538682301
0.001538664571
0.001538632541
0.00153863347
0.001538650953
0.001538666825
0.001538683846
0.00153869647
0.00153870446
0.001538698812
0.001836438597
0.9990239214
0.9998084255
0.9998130414
0.9997411163
0.00380095626
0.002623708979
0.01729203494
0.9998026455
0.9997537683
0.9996647299
0.9997865171
0.9720624533
0.002327428543
0.001694795183
0.001538665277
0.00153864525
0.00153867917
0.001539113467
0.001746750262
0.002368701914
0.004935022154
0.9971365549
0.9996741651
0.9998006793
0.9997895129
0.9997580485
0.9996314176
0.9997898339
0.9988648437
0.01544610454
0.003519115872
0.001851028861
0.001706572854
0.001538871697
0.001538731418
0.003732339358
0.999778987
0.9996722226
0.9992244871
0.00180935607
0.001538717041
0.001538708074
0.001538699846
0.001538697807
0.001538700034
0.001538702558
0.001538710104
0.00153870735
0.001538713707
0.00162248441
0.002204582363
0.006889908885
0.9992152449
0.9997786069
0.9996183845
0.9997547036
0.9975973322
0.003221865567
0.002363027695
0.002222139224
0.005081650662
0.9973400007
0.9986536045
0.9995834873
0.9995439231
0.9996861844
0.9995592151
0.9996254144
0.9984307691
0.9844835034
0.004589384302
0.002799901618
0.002157931879
0.002110140158
0.002678038443
0.9993896653
0.9992786055
0.003681534485
0.001538768027
0.00153875896
0.001538749598
0.001538734541
0.001538730936
0.00153874016
0.001538870637
0.001657756562
0.001776946967
0.002247645788
0.005213066477
0.05408787569
0.9989996673
0.9997226366
0.9994973305
0.9994982799
0.9995388575
0.9995392598
0.9996399745
0.9997000901
0.9997634411
0.9997614368
0.9997658028
0.9996940561
0.996493942
0.00404868879
0.00207983577
0.001655174818
0.0015387087
0.001538690686
0.00153868534
0.001538661224
0.001538650491
0.001538649978
0.001538653383
0.0015386516
0.00153866779
0.001538684495
0.001538694343
0.001538698193
0.001538698088
0.001538703219
0.001538862068
0.004452916362
0.9995739342
0.9993543475
0.9996877647
0.9992357275
0.9971953948
0.9997977947
0.999638816
0.9997811459
0.9997231806
0.009785374389
0.002260629504
0.001611549488
0.001538629899
0.001538686534
0.00163644227
0.001804595516
0.003677386141
0.02347095656
0.9991136419
0.9997626334
0.9996091194
0.9997545591
0.9997871427
0.9997954687
0.9995548626
0.9961949987
0.004292808728
0.002258342933
0.001724460183
0.001538892072
0.001538664928
0.001538657666
0.00153867103
0.001538686194
0.001836782415
0.9994006421
0.9996827363
0.9997957498
0.00383298864
0.001538734344
0.0015387088
0.001538698372
0.001538696235
0.001538702543
0.001538697321
0.00153870111
0.001538743538
0.001819687617
0.002468210489
0.9430678788
0.9996379654
0.9998089127
0.9998071735
0.9997932757
0.01525964759
0.00307055012
0.003736876385
0.009052993953
0.9985268637
0.9997910753
0.9997876659
0.9998059379
0.9997922405
0.9996944581
0.99979077
0.9984903495
0.009757166817
0.003068530969
0.001770159302
0.001639612816
0.001538671549
0.001538699774
0.001538710444
0.00193120503
0.9983642763
0.9988282367
0.003681684712
0.001538765219
0.001538760274
0.001538770238
0.00162087175
0.001725232267
0.002097709131
0.003959395001
0.01427787374
0.9984200422
0.9993017805
0.9996255475
0.9995237646
0.9995118413
0.9994968217
0.9994976454
0.9994990159
0.9995234323
0.9996003295
0.9997516941
0.9997670867
0.9993158824
0.9988137401
0.9983506708
0.00413753679
0.002064454405
0.001653706067
0.001538742364
0.001538733227
0.001538732259
0.001538716875
0.001538718126
0.00153872104
0.001538742322
0.001538940332
0.001540110505
0.001666668924
0.001708990026
0.001818981506
0.001912276423
0.002005912476
0.002124561924
0.002356787154
0.00327726043
0.01087818834
0.9997863319
0.9998122925
0.9998156407
0.9998123154
0.9997365078
0.9997350782
0.9996481246
0.9975081905
0.002933489262
0.001912502348
0.001538799323
0.001538763019
0.00171062433
0.002156172256
0.004083466977
0.9931567624
0.9990000672
0.9995255978
0.9995137254
0.9996325114
0.9995373657
0.9996058408
0.9985061851
0.9786917734
0.003503054475
0.001992403831
0.001639442918
0.001538694036
0.001538671144
0.0015386746
0.001538666825
0.001538657883
0.001538673331
0.001538699722
0.001538720755
0.00421112663
0.9998086433
0.9998158393
0.9990150131
0.001999818574
0.001538712322
0.001538699702
0.001538694191
0.001538699372
0.001538723665
0.001671296544
0.002249202003
0.00572523852
0.9984491876
0.998644897
0.9987957465
0.998602779
0.9968323462
0.01468197661
0.01598283808
0.9979044956
0.9991308292
0.9995912246
0.9995444135
0.9997506796
0.9997691984
0.9997730848
0.999347986
0.9938295646
0.00379530168
0.002165884591
0.001703204517
0.001538758004
0.001538673961
0.001538679836
0.001538651969
0.001538651629
0.001538665987
0.00183789088
0.9959736953
0.9978910111
0.004531886359
0.001704554678
0.001813282933
0.002693255042
0.006111199393
0.9976454308
0.999082353
0.9996516162
0.9995111218
0.9995125833
0.9994972605
0.9995129507
0.9995399563
0.999559444
0.9995245693
0.9995081044
0.9994970494
0.999518225
0.9995995377
0.999766876
0.9995354867
0.9984347091
0.9975275005
0.009096707599
0.006269004732
0.004498723224
0.003942886768
0.003814477164
0.003805707858
0.003846388068
0.003917165182
0.00402350627
0.004202651359
0.004580497726
0.005727755609
0.01602902801
0.0367404355
0.9968048467
0.9952338147
0.9977746145
0.9985234842
0.9989887989
0.9993776652
0.9997198132
0.9996763513
0.9996089568
0.9996266886
0.9996714792
0.9996857732
0.9997420774
0.9997872696
0.9988151395
0.002607244843
0.001703540525
0.001654043671
0.001794459158
0.00298884198
0.008743564144
0.9979829766
0.9996987637
0.9997942919
0.9997745391
0.9997525467
0.9996603014
0.9997918622
0.9984865198
0.009538707719
0.003029263933
0.001759645367
0.001623075927
0.001538704166
0.001538680001
0.00153868679
0.001538673594
0.001538671296
0.001538677602
0.0015386741
0.001538680692
0.001538696382
0.001538714325
0.002044756801
0.9988025484
0.9994780899
0.9990006036
0.9866686841
0.001689932164
0.001538686093
0.001538723954
0.001671166292
0.002130824399
0.004160132709
0.9963724251
0.9996837127
0.9997985236
0.9994279767
0.9987224849
0.9975695746
0.9928695356
0.9985709996
0.9997285916
0.9995865217
0.9997250477
0.9997085297
0.9996054163
0.9997734053
0.997841485
0.9222556872
0.003251369819
0.001932513796
0.001628376382
0.001538691574
0.001538691965
0.001538679257
0.001538647336
0.001538640999
0.001538642367
0.001538634517
0.001538637344
0.001826387959
0.992029671
0.9963995091
0.9978361318
0.03381064546
0.9992540246
0.9997051234
0.9994904852
0.9995086514
0.9995060537
0.9995389134
0.9995810024
0.9996163024
0.9995974315
0.9995940518
0.9995830278
0.9995675433
0.9995539208
0.9995333479
0.9995055423
0.9994971855
0.9995196617
0.9995974465
0.9997061848
0.9997599696
0.9997499554
0.9995454175
0.9994952671
0.9995014215
0.9994978711
0.9994969868
0.9994973879
0.9994985429
0.9995003384
0.999502834
0.9995062889
0.9995112774
0.999518975
0.999532486
0.999571565
0.9994962204
0.9996406229
0.9997025096
0.999705449
0.9996995831
0.9996963579
0.9996960811
0.9996788833
0.9996009662
0.9996196936
0.9996906194
0.999799996
0.9994098213
0.9984191858
0.005161838117
0.002775201051
0.003450495878
0.007356145943
0.9955967768
0.9982567343
0.9997006656
0.9997182354
0.9997888284
0.999804605
0.9998046301
0.9994238287
0.9935844034
0.003701183303
0.00214102085
0.001697271895
0.001538800773
0.001538706316
0.001538691447
0.001538702288
0.001538686668
0.001538686869
0.001538685776
0.001538681041
0.001538682296
0.001538682244
0.00153868516
0.001538692053
0.001538678439
0.001732719701
0.9884940154
0.9975525949
0.9979757127
0.9988716277
0.003336396841
0.001736037035
0.002253514805
0.004509904715
0.9964960159
0.9995836307
0.9998074875
0.9997730322
0.9997881111
0.9993173248
0.999007862
0.9988057513
0.9988863898
0.9996999989
0.9997935437
0.9995652508
0.9995751804
0.9991711994
0.9960140365
0.00485840789
0.002524215796
0.00172749622
0.001618509523
0.001538714853
0.001538714656
0.001538695131
0.001538679357
0.001538673679
0.00153865741
0.00153863026
0.001538616651
0.001538607807
0.001538583618
0.001751745902
0.7932826818
0.9960193319
0.9995134979
0.9995192094
0.9995989477
0.999595179
0.999639583
0.9996793213
0.9996733727
0.9996767336
0.9996742353
0.9996703475
0.9996704268
0.9996638047
0.9996422437
0.9996172225
0.9995962374
0.9995739832
0.9995434265
0.9995176153
0.999502171
0.9994967721
0.9994980622
0.9994974857
0.9994970562
0.9995086193
0.9995622819
0.9995846017
0.9995944616
0.9996002255
0.9996043164
0.9996079017
0.9996111552
0.9996138878
0.9996156046
0.9996153689
0.9996115776
0.9996019702
0.9995855559
0.9995647984
0.9995066915
0.9994973873
0.9995081132
0.9995258329
0.9995494521
0.9995779611
0.999598156
0.9995887649
0.9995726173
0.9996248667
0.9997718421
0.9994427045
0.9983824316
0.9983750154
0.9991285963
0.9997310233
0.9995598196
0.9996679371
0.999778448
0.9997684332
0.9997658311
0.9995803438
0.9990446258
0.9943753598
0.003276224921
0.001911454051
0.001622982389
0.00153872247
0.001538713892
0.001538723655
0.001538713774
0.001538695869
0.001538701335
0.001538702186
0.001538700924
0.001538700838
0.001538699683
0.001538700226
0.001538701734
0.001538707396
0.001538717431
0.001538750018
0.00172026367
0.004068784089
0.9978345083
0.9965174424
0.9984092293
0.9990202873
0.006305133864
0.997687386
0.9996653412
0.9998088396
0.9998000094
0.9998039378
0.9997856419
0.9997400668
0.9995230745
0.9996524466
0.9993711233
0.9992142891
0.9996935064
0.9995745124
0.9979535004
0.01010681459
0.003428158656
0.001808603149
0.001631597023
0.001538735887
0.001538733484
0.00153873602
0.001538718809
0.001538708058
0.001538704048
0.001538691398
0.001538674435
0.001538653698
0.001538623356
0.001538593488
0.00153857522
0.001538530001
0.001782629321
0.9946639348
0.9914922063
0.9994491246
0.9996603183
0.9997582317
0.9997689298
0.999775495
0.9997743649
0.9997734484
0.9997687042
0.9997554264
0.9997412135
0.9997309044
0.9997195523
0.9996987644
0.9996739011
0.9996503976
0.9996269134
0.9996004221
0.9995757533
0.9995565083
0.9995438869
0.9995394545
0.9995436277
0.9995550045
0.9995680924
0.9995810012
0.9995967934
0.9996080724
0.9996161921
0.9996213193
0.9996244664
0.9996261751
0.9996263967
0.9996246032
0.9996198506
0.9996109776
0.9995973963
0.9995812965
0.999568052
0.9995562876
0.9995347086
0.9995141594
0.9995019643
0.9994970306
0.9994978909
0.9995007403
0.9995007002
0.9995000445
0.9995071605
0.9995451779
0.9996310002
0.9996969565
0.9997097967
0.9996467689
0.9996067357
0.9995959234
0.9996109383
0.999787662
0.9994954247
0.9983496383
0.9974262493
0.01119928461
0.005168565377
0.003826671857
0.003376352225
0.003146004782
0.003068812599
0.003035637474
0.00301696069
0.003003064057
0.002990654515
0.002978673372
0.002966789332
0.002954935654
0.002943296943
0.002932726357
0.002926122126
0.002932478742
0.002980364155
0.003179699087
0.004244967894
0.005226582588
0.9973828393
0.9989762642
0.9991838545
0.9992898828
0.999652315
0.9997659422
0.9998045265
0.9997732231
0.9998087313
0.999802595
0.9998068191
0.9997684224
0.9997912415
0.9995855244
0.9997513281
0.9997290788
0.9957983329
0.9447348269
0.003695545053
0.002091326554
0.001694670552
0.001538810745
0.001538719807
0.001538734756
0.001538722791
0.001538719097
0.001538720625
0.001538722332
0.001538716865
0.001538709717
0.001538699619
0.001538681112
0.001538653672
0.001538616914
0.001538571421
0.001538525576
0.001538491172
0.001680589074
0.01431500572
0.9977646073
0.9995745617
0.9997897997
0.9998304925
0.9998469526
0.9998496248
0.9998433411
0.9998355592
0.9998264845
0.9998126542
0.9997970018
0.9997823028
0.999766987
0.9997476061
0.9997255724
0.9997034514
0.9996815431
0.999659475
0.9996395423
0.9996236867
0.9996132197
0.99960917
0.9996110067
0.9996161593
0.9996202985
0.9996218529
0.9996245236
0.9996302764
0.9996357305
0.9996394562
0.9996413933
0.9996417611
0.9996405573
0.9996374782
0.9996320426
0.9996239475
0.9996138403
0.9996044083
0.9995993259
0.9995968804
0.9995880161
0.999570923
0.9995534056
0.9995388351
0.9995284541
0.9995230795
0.9995222334
0.9995220595
0.9995168527
0.9995069927
0.999499448
0.9994972092
0.9994971413
0.999499208
0.9995109452
0.9995451796
0.9996140859
0.999707727
0.9997912051
0.9996903205
0.9996120061
0.99975238
0.9995671684
0.999577488
0.9995403878
0.9995501823
0.999556881
0.9995611484
0.99956448
0.99956753
0.9995705536
0.9995736388
0.9995768132
0.9995800937
0.9995835118
0.9995871383
0.9995911103
0.9995956366
0.9996008091
0.9996053764
0.9995999623
0.999539318
0.9997065635
0.9997875936
0.9997670999
0.9997086359
0.9996357245
0.9996626649
0.9997188503
0.9998103327
0.999812374
0.9997828234
0.9998043839
0.9996385498
0.9995874107
0.9988645692
0.9918371254
0.004503867829
0.002491137392
0.001756459214
0.001634957797
0.001538712068
0.001538728172
0.001538718431
0.001538707809
0.001538715786
0.001538719801
0.001538720389
0.001538718525
0.001538721572
0.001538722339
0.001538719122
0.001538709921
0.001538693353
0.001538662568
0.001538623303
0.001538565971
0.001538522334
0.001538416145
0.001631488141
0.8770716655
0.9973030577
0.9997260328
0.9998707681
0.9998878989
0.9998930903
0.9998918128
0.9998851109
0.99987595
0.9998652158
0.9998520915
0.9998373673
0.9998221131
0.9998059736
0.9997878958
0.999768464
0.9997487836
0.999729425
0.9997108859
0.9996944849
0.9996812447
0.9996718353
0.9996665344
0.9996645876
0.9996641001
0.9996626142
0.9996594154
0.999656747
0.9996565488
0.9996577825
0.9996587883
0.9996589414
0.9996581058
0.9996562472
0.999653281
0.9996491353
0.9996440124
0.9996388322
0.9996355163
0.9996357845
0.9996378435
0.9996364423
0.9996295597
0.9996200571
0.999610974
0.9996043271
0.999601224
0.9996011173
0.9996007068
0.9995957967
0.9995855441
0.9995729864
0.9995610652
0.9995478897
0.9995285427
0.999507254
0.9994987495
0.9995126822
0.9995415893
0.9995759516
0.999602884
0.999583857
0.9995392155
0.9994988837
0.9995037297
0.9995059354
0.9995074256
0.9995082745
0.9995083921
0.9995082262
0.9995079555
0.99950765
0.9995073353
0.9995070181
0.9995066926
0.999506337
0.9995058968
0.9995052553
0.9995041999
0.9995024699
0.9995002048
0.9994993217
0.9995031999
0.9995068141
0.9995437358
0.9995517709
0.9995369606
0.9995229457
0.9995457071
0.9996590889
0.9998059433
0.999813679
0.999685031
0.9995903594
0.9987933286
0.9686346418
0.003150381134
0.001974686848
0.001659726001
0.001538724868
0.001538744515
0.001538750712
0.001538728268
0.001538723871
0.001538723993
0.001538721083
0.001538714155
0.001538715852
0.001538717257
0.001538720342
0.001538723258
0.001538728649
0.001538729325
0.001538724733
0.001538711849
0.001538680967
0.001538643409
0.001538571054
0.001538521577
0.001538458864
0.001538468204
0.0044339803
0.987842796
0.9998473591
0.9999198091
0.9999236674
0.9999224979
0.9999181545
0.9999111303
0.9999022342
0.99989182
0.9998797659
0.9998663515
0.9998519192
0.9998364298
0.9998197211
0.9998022455
0.9997846843
0.9997676101
0.9997516494
0.9997376302
0.9997260842
0.9997172089
0.9997108445
0.9997062748
0.9997022851
0.9996975814
0.9996918949
0.9996864809
0.9996825872
0.9996800892
0.9996782208
0.9996763982
0.999674379
0.9996721317
0.9996697403
0.9996674107
0.9996655708
0.9996649965
0.999666723
0.9996712248
0.9996770061
0.999681145
0.9996823957
0.9996818244
0.9996809636
0.9996811112
0.999682772
0.9996851988
0.9996862291
0.999683403
0.9996757052
0.9996636548
0.9996477101
0.9996264052
0.999597105
0.999561707
0.9995291188
0.9995083367
0.9995006698
0.9995000511
0.9995011615
0.9995006414
0.9994998136
0.9995000825
0.9995032084
0.9995058752
0.9995068578
0.9995079421
0.9995085744
0.9995088557
0.9995089777
0.999509041
0.9995090863
0.9995091241
0.9995091488
0.9995091377
0.9995090383
0.9995087413
0.9995080444
0.9995066497
0.9995043384
0.9995015249
0.999499583
0.9994990332
0.9994990312
0.9994995638
0.9995041311
0.9995132422
0.9995501368
0.9996354128
0.9998098
0.9997314893
0.9987140631
0.9801088477
0.00310600573
0.001938852521
0.001631043667
0.001538635447
0.001538695333
0.00153873053
0.00153875939
0.001538737092
0.001538756029
0.001538707791
0.001538733575
0.001538691862
0.001538724297
0.001538688531
0.001538725227
0.001538699744
0.001538734802
0.001538717575
0.001538745277
0.001538727122
0.001538735578
0.001538694417
0.001538671403
0.001538550079
0.00153850632
0.001538153126
0.001538451856
0.003426061637
0.9981643359
0.9999279854
0.9999493054
0.9999453461
0.9999406329
0.9999348637
0.999927905
0.9999197795
0.9999103942
0.9998996206
0.9998875101
0.9998741549
0.9998595963
0.9998439824
0.9998277846
0.9998116247
0.9997961356
0.9997819752
0.9997697521
0.9997597433
0.9997518354
0.9997455292
0.9997399767
0.9997342
0.9997274867
0.9997199204
0.9997124284
0.9997059279
0.9997006368
0.9996963099
0.9996926201
0.9996893705
0.9996865776
0.9996844763
0.9996835148
0.9996843332
0.9996876495
0.9996939318
0.9997028147
0.9997126997
0.9997215853
0.9997286679
0.999734459
0.9997398557
0.9997456054
0.9997517996
0.9997575852
0.9997613345
0.9997613493
0.9997564877
0.9997459902
0.9997288827
0.9997037033
0.9996694854
0.9996284839
0.9995874396
0.9995542996
0.9995329351
0.9995210825
0.9995151072
0.9995123681
0.9995101589
0.9995078645
0.9995070133
0.9995074559
0.9995077363
0.9995082333
0.9995088214
0.9995093566
0.9995098372
0.9995102971
0.9995107575
0.9995112269
0.9995117087
0.9995122073
0.9995127344
0.9995133235
0.9995140603
0.9995151548
0.9995170969
0.999520939
0.9995283616
0.9995391718
0.9995445342
0.9995309616
0.9995040506
0.9995200397
0.9996943079
0.9998041746
0.9993919234
0.9955390917
0.003769163544
0.002340145679
0.001940262477
0.001750927105
0.001793163698
0.001753366469
0.001800102979
0.001758863144
0.001795829199
0.001755287493
0.001798851051
0.00175782035
0.001791880206
0.001751997225
0.001793751658
0.001753593968
0.001795030395
0.001754675004
0.00179513215
0.001754777815
0.00179335482
0.001753299868
0.001791167827
0.001751483371
0.001790350284
0.001750743737
0.001787768866
0.001748132288
0.001786557147
0.002580452028
0.9933631172
0.9998395477
0.9999316629
0.9999007665
0.9998808216
0.9998639579
0.9998468847
0.9998282345
0.9998071936
0.9997833873
0.9997571138
0.9997288977
0.9996992853
0.9996690902
0.9996395994
0.999612121
0.999587706
0.9995671291
0.9995507959
0.9995384994
0.999529504
0.9995226863
0.9995166672
0.9995101461
0.9995024176
0.9994938392
0.9994855813
0.999478613
0.9994731368
0.9994689076
0.9994655909
0.9994629387
0.9994608636
0.9994594451
0.9994589231
0.9994597146
0.9994624492
0.9994678934
0.9994764744
0.9994874677
0.999499032
0.9995097355
0.9995195018
0.999529053
0.9995392843
0.9995504834
0.9995616868
0.9995706604
0.9995747905
0.9995721306
0.9995614831
0.9995419909
0.9995138328
0.999480987
0.9994541447
0.9994461644
0.9994589977
0.9994801993
0.9994978493
0.9995091908
0.9995168337
0.9995256017
0.999536263
0.9995439615
0.9995468693
0.9995473283
0.9995464379
0.9995449358
0.9995432174
0.9995414909
0.9995397946
0.9995381132
0.9995364289
0.9995347255
0.9995329767
0.99953112
0.9995290011
0.9995262562
0.999522077
0.9995148132
0.9995017677
0.999481394
0.9994602349
0.9994499332
0.9994519152
0.9994832253
0.9995479974
0.998874474
0.9971232896
0.02966304232
0.008021541742
0.005857769157
0.9419817801
0.007020533617
0.9437278885
0.006735252396
0.9413535374
0.006782575361
0.93695851
0.006778815749
0.9401268656
0.00677370137
0.9378066672
0.006759548352
0.9425241997
0.006740791717
0.9412750851
0.006754763962
0.9402776565
0.006762843473
0.9401831753
0.006757777337
0.9412776885
0.006743464997
0.9426754564
0.006733501982
0.9434205374
0.006722286037
0.9452952735
0.00647553689
0.9645945656
0.01916943422
