0.9993962125
0.9995449177
0.9993532458
0.9992537742
0.9991771914
0.9991030026
0.9990225842
0.998931777
0.9988288668
0.9987138785
0.9985875084
0.9984505045
0.9983042097
0.998151089
0.9979941225
0.9978359518
0.9976789128
0.9975258528
0.9973810709
0.9972506001
0.9971411192
0.9970580546
0.9970043741
0.9969804925
0.9969845071
0.9970121974
0.9970559662
0.9971033454
0.997138154
0.9971449405
0.9971160179
0.9970640707
0.9970255804
0.9970415592
0.9971273546
0.9972540445
0.9973680516
0.9974264156
0.9974140173
0.9973355618
0.9972035632
0.9970335285
0.9968458044
0.9966699741
0.9965465196
0.9965191309
0.9966131879
0.996814297
0.9970699285
0.9973148673
0.997499438
0.9976068013
0.9976392142
0.9975940874
0.9974856508
0.997337274
0.9971632244
0.9969680297
0.9967511584
0.9965096233
0.9962388179
0.9959323143
0.9955812545
0.9951767203
0.9947331981
0.9943585058
0.9942512437
0.994434391
0.9946948134
0.9948542872
0.9948627645
0.9947340617
0.9944942013
0.9941631143
0.993751769
0.9932669277
0.9927288796
0.9922130296
0.9918874348
0.9919603115
0.9924518063
0.9931028405
0.9935969
0.9936924132
0.9931272229
0.9912682197
0.9851737412
0.9654444115
0.02949714188
0.02241476441
0.9250342779
0.02570719489
0.9330062317
0.02541731729
0.9336151871
0.02537122695
0.9302498518
0.02535823462
0.925418463
0.02539689543
0.9258871685
0.02560671987
0.94044334
0.0260024089
0.9425577371
0.0258280526
0.9455035801
0.02561716232
0.9388283189
0.0252496343
0.9428504054
0.02484833055
0.9182786033
0.02359287885
0.9290115382
0.03106008059
0.8313974105
0.02510542769
0.8869685143
0.048649378
0.1117585105
0.9992644792
0.999716373
0.9996611428
0.9996101281
0.9995662011
0.9995236986
0.9994793587
0.9994311594
0.999378004
0.9993196668
0.9992562855
0.9991879958
0.9991152342
0.999039053
0.9989607898
0.9988815811
0.9988023771
0.9987243442
0.9986493204
0.998579989
0.9985194005
0.9984700831
0.9984335441
0.9984103858
0.9984005978
0.9984036945
0.9984180549
0.9984394626
0.9984605395
0.9984722634
0.9984675399
0.9984483805
0.9984295483
0.9984307453
0.9984624703
0.9985144507
0.9985624411
0.9985861425
0.9985787115
0.99854267
0.9984831272
0.9984054263
0.9983161043
0.998225292
0.9981486854
0.9981061538
0.9981135543
0.998172529
0.9982699148
0.9983829181
0.9984791949
0.9985420533
0.9985701461
0.9985599108
0.998517699
0.9984589191
0.9983911736
0.9983171042
0.9982374018
0.9981519841
0.9980603615
0.9979614679
0.9978527426
0.9977279528
0.9975757361
0.9973983758
0.9972731395
0.9972527077
0.9972800983
0.9972865279
0.9972501228
0.9971736474
0.997064202
0.9969276694
0.9967668442
0.9965804351
0.9963640462
0.9961216373
0.9958985186
0.9957930209
0.9958680584
0.9960589422
0.9962383777
0.9963012444
0.9961688207
0.9957349051
0.9947215651
0.9925481241
0.9891291042
0.9662126085
0.01061280008
0.008752293145
0.008538167787
0.008691683558
0.00853901939
0.00869559289
0.008539443873
0.008677789236
0.008522105266
0.008665849048
0.008526665531
0.008659843016
0.008536170994
0.008753194197
0.008583021387
0.00871480843
0.008585712392
0.008733123385
0.008557118674
0.008711103518
0.008577513823
0.008726080784
0.008500683929
0.008571659163
0.008469742033
0.009174439412
0.009122529129
0.008389015882
0.008497552084
0.01577480423
0.9587764894
0.9988084056
0.9995042748
0.9995606873
0.9995395572
0.9995002687
0.9994549284
0.9994058955
0.99935297
0.9992956518
0.9992341619
0.9991686613
0.9990987437
0.9990244366
0.9989469106
0.9988675949
0.9987871802
0.998705846
0.9986240945
0.9985435041
0.9984669814
0.9983978827
0.9983385781
0.9982900628
0.9982527698
0.9982276086
0.9982168763
0.9982232878
0.9982462244
0.9982787121
0.9983065275
0.998313225
0.9982955237
0.9982698236
0.9982632584
0.9982949989
0.9983516741
0.998397436
0.9984068868
0.9983798552
0.998328323
0.9982608863
0.9981795789
0.9980833511
0.9979738439
0.9978614693
0.9977675895
0.997714029
0.9977060702
0.997738171
0.9978219991
0.9979436639
0.998026505
0.9980687459
0.9980619398
0.9980240315
0.9979928479
0.9979715841
0.9979547242
0.9979395516
0.9979251895
0.9979113084
0.9978972151
0.9978806033
0.9978547886
0.997801627
0.9976781537
0.9974599166
0.9973027783
0.9972060763
0.9970947522
0.9969616489
0.9968301988
0.9967122381
0.9966070028
0.9965069947
0.996398928
0.9962593681
0.9960491395
0.9957405326
0.9954435154
0.9953209005
0.9953784661
0.9955050902
0.9956183741
0.9957039741
0.9957487193
0.9956566245
0.9953014362
0.9948232585
0.994457934
0.9940822126
0.0185625525
0.008831883589
0.007685577839
0.007687870671
0.007684326255
0.007687556277
0.007684265922
0.007685749515
0.007683512309
0.007684617382
0.007683474947
0.007684874816
0.007686454344
0.007689801743
0.007684285941
0.007684073033
0.007682661318
0.007683739758
0.007684359529
0.007687251386
0.007689798866
0.007695173961
0.007704410638
0.007732004474
0.007788701214
0.007845645562
0.007761348674
0.007819174587
0.0373333259
0.9777010017
0.9982296835
0.9992593975
0.9993721264
0.9994073697
0.9993909173
0.999352492
0.9993043876
0.9992498447
0.9991896392
0.9991255082
0.9990582416
0.9989864203
0.9989092741
0.9988286701
0.9987468715
0.9986640244
0.9985787873
0.998490273
0.9983996734
0.9983109185
0.9982288718
0.9981561982
0.998092687
0.9980373137
0.9979908294
0.9979589496
0.9979522801
0.997978733
0.9980349408
0.9981010982
0.9981396063
0.9981338973
0.9981014035
0.9980729776
0.998097229
0.9981696035
0.9982280486
0.998226468
0.9981696557
0.9980874932
0.9979998476
0.9979074809
0.9977977907
0.9976542782
0.9974741028
0.99728204
0.9971134624
0.9969665177
0.9968014618
0.9966649847
0.9968101694
0.9972489355
0.9973161553
0.9972902486
0.9972303235
0.9972540993
0.9973363962
0.9974362429
0.9975375381
0.997635226
0.9977279559
0.9978152997
0.9978966288
0.9979701914
0.998030705
0.9980541081
0.9979267944
0.9972938427
0.996980348
0.9967360465
0.9965044082
0.9963262471
0.9962221123
0.9961796291
0.9961742702
0.9961796816
0.9961649794
0.9960777756
0.9958044
0.9952218887
0.9947065543
0.9945396828
0.9946681366
0.9949537198
0.9953347619
0.9957577086
0.9960639288
0.9960851154
0.9958161233
0.9955406248
0.9960811521
0.996244224
0.9932404588
0.0131052937
0.008474824823
0.007684132245
0.007684381135
0.007684496178
0.007684221428
0.007683855264
0.007683762483
0.007684058243
0.00768487148
0.007685480397
0.007684850562
0.007684468575
0.007683631765
0.007683555356
0.00768424954
0.007685783286
0.007688601039
0.007692379913
0.007698338592
0.007708651258
0.007728280384
0.007747563835
0.007737551122
0.007732853148
0.008198873199
0.03894241028
0.9936396019
0.9974401239
0.9989273778
0.9991133825
0.9991998624
0.9992177429
0.9991963303
0.999157354
0.9991070215
0.9990470908
0.9989829467
0.9989169567
0.9988449107
0.9987641259
0.998678641
0.9985933832
0.9985078695
0.9984178591
0.9983196715
0.9982136243
0.9981060046
0.9980055186
0.9979158908
0.9978339618
0.9977540462
0.9976730869
0.9975987107
0.997553365
0.9975643925
0.9976467714
0.997781186
0.9979144366
0.9979852382
0.9979985271
0.997968926
0.9979209106
0.9979673006
0.9980339675
0.998013736
0.9979047465
0.9977714418
0.9976584367
0.9975674298
0.997470998
0.9973223826
0.9970696746
0.9967273877
0.9963639266
0.9959595723
0.9952838125
0.9939312385
0.9920027352
0.9936296451
0.9949410781
0.9945567504
0.9935401166
0.9938063336
0.9944125919
0.994999423
0.9955103847
0.9959465755
0.9963194579
0.9966409659
0.996922372
0.9971760984
0.9974199522
0.9976847151
0.9979976466
0.9973085244
0.9959840342
0.9955874657
0.9953716386
0.9953091474
0.9953821595
0.9955360672
0.9957243247
0.9959184315
0.996102189
0.9962612534
0.9963455695
0.9960908119
0.9944452321
0.9934190737
0.9932621024
0.9937372943
0.9944438833
0.9952239606
0.9959219696
0.9962279475
0.9959646294
0.9954507979
0.9953923739
0.995887136
0.9961739828
0.9950295371
0.9896776443
0.01137553067
0.008116200904
0.007684433694
0.007684339017
0.007684024675
0.007684012682
0.007684226713
0.007684737879
0.007684873103
0.007684494386
0.00768434447
0.007684289615
0.007684532573
0.007685448398
0.007687068997
0.00768976297
0.007693401183
0.007698631725
0.007706104046
0.007716547909
0.007724046189
0.00771927792
0.007714362476
0.008578695701
0.9423687541
0.9169576553
0.9961479721
0.9985056311
0.9987256762
0.9988813714
0.9989412553
0.9989449004
0.9989313484
0.9988998847
0.9988472376
0.9987896442
0.9987342507
0.9986682488
0.9985835661
0.9984899469
0.9983997234
0.9983124032
0.9982185553
0.9981086946
0.9979801844
0.9978433078
0.9977159138
0.9976059411
0.9975044641
0.9973941417
0.9972586362
0.9970990965
0.9969464747
0.9968540615
0.9969018978
0.9971253505
0.9974443432
0.9978731837
0.9980952438
0.9981510985
0.9980721877
0.9976788997
0.9977067228
0.9976729
0.9974720259
0.9972571704
0.9971346125
0.9970996137
0.9970997736
0.9970679761
0.9968952775
0.9964232117
0.9958281049
0.9952592714
0.9944332538
0.9926446452
0.9877723958
0.9789985117
0.02339516605
0.01709916269
0.009940306071
0.009677137043
0.009944716663
0.01022683627
0.01056935723
0.01096435112
0.01141930648
0.01194508399
0.01256406961
0.01333044121
0.014408653
0.01643162411
0.02518481907
0.04327612869
0.9798808205
0.9753882862
0.9842526851
0.9874186322
0.9894269278
0.9908489049
0.99194281
0.9928410285
0.9936323304
0.9944016756
0.995260955
0.996302031
0.9950632539
0.9918548281
0.9896291395
0.9903445686
0.9916509597
0.9928911126
0.9942897221
0.9955310595
0.9959266401
0.9953176195
0.995108361
0.9954612386
0.9958044878
0.995930586
0.9957963163
0.9941107351
0.9800882332
0.009947364885
0.007687345127
0.007684547778
0.007684199285
0.007684272476
0.007684500269
0.007684544482
0.007684384805
0.007684446716
0.007684681056
0.007685241951
0.007686273646
0.007687897467
0.007690294511
0.007693453801
0.007697567774
0.007702671763
0.007708406599
0.007711784273
0.007709437896
0.007704486836
0.008804892756
0.1172567738
0.9743189577
0.9891141631
0.9971691033
0.9979407375
0.9981870956
0.998486237
0.9984909482
0.9985345438
0.9985853689
0.9985605407
0.9985179155
0.9984963199
0.9984550766
0.9983679938
0.9982585938
0.9981572595
0.9980671309
0.9979730283
0.9978542037
0.9976973247
0.99751524
0.9973438667
0.9972076725
0.9970939404
0.996960048
0.9967543463
0.9964491944
0.9960544481
0.9955815053
0.9951420822
0.9952216842
0.9960041155
0.997031486
0.9978932968
0.9980807399
0.9981288212
0.9973174383
0.9964248764
0.9968005328
0.9964838447
0.9961847078
0.9961823369
0.9963765815
0.9966378021
0.9969068662
0.9971301854
0.9970979661
0.9960341656
0.9953632504
0.9951329286
0.994783614
0.994048659
0.993108609
0.9923840516
0.99375623
0.02246463508
0.01014444905
0.008028567679
0.007716062622
0.007705683285
0.00769781646
0.007694124047
0.007692015154
0.007690781917
0.007690011873
0.007689536126
0.007689508173
0.007690644342
0.007696746476
0.008150870218
0.008332830986
0.008715272222
0.00901527416
0.009257336724
0.009467298704
0.009668459741
0.009880935975
0.01013183495
0.01048470419
0.01114931725
0.01349479666
0.0179275195
0.9659602551
0.9618055216
0.9744904328
0.9827568215
0.9851467661
0.9879790106
0.9901915692
0.9942031421
0.9952240413
0.9955257369
0.9956335394
0.9958663891
0.9960572214
0.996162407
0.9961609031
0.9958782465
0.9955956422
0.02815362465
0.009194677115
0.007685084338
0.007684201767
0.007684188269
0.00768423615
0.007684254986
0.007684475276
0.00768488996
0.007685602747
0.007686685434
0.007688206012
0.007690258834
0.007692836974
0.00769592509
0.007699308763
0.007702456507
0.007703809821
0.007702069432
0.007697842712
0.008578262436
0.9704973784
0.9810571315
0.01754909141
0.01128948618
0.02076764986
0.9921870156
0.9964851412
0.9974134438
0.997541755
0.9979779214
0.9982528365
0.9981325239
0.9981619099
0.9982143725
0.998141229
0.9979987139
0.9978647592
0.9977508936
0.99765301
0.9975449609
0.9973731988
0.9971329474
0.9968820431
0.9966853586
0.9965730126
0.9964752054
0.996240981
0.9957806227
0.99506396
0.9938656045
0.9913413785
0.9854067459
0.9850587484
0.9894363268
0.9824324403
0.2563704714
0.1189300189
0.04637894423
0.9827724038
0.9899634921
0.9909169772
0.9891710816
0.9906197208
0.9923354796
0.9937416401
0.9949727739
0.9961747972
0.9973716079
0.9969562147
0.9954460599
0.9953925403
0.9956153738
0.9954312792
0.9948388121
0.9945173517
0.9951477142
0.9959113198
0.9950290457
0.9762981354
0.01044170169
0.007702005102
0.007700657201
0.007696379565
0.007693648819
0.007692021169
0.00769088061
0.007689879965
0.007688940246
0.007688157029
0.007687456023
0.007686793446
0.007685750789
0.007685477201
0.007685597511
0.007685713049
0.007685807087
0.007685899061
0.00768600166
0.007686110719
0.007686213474
0.007686387061
0.007686917728
0.007688501698
0.009027272516
0.01336210723
0.9527554501
0.9754901668
0.9837003845
0.9803810221
0.9069935071
0.01165437954
0.01600365363
0.9916398605
0.9949915168
0.9960905623
0.996218121
0.9963497749
0.9964753718
0.9965865739
0.9970744263
0.9972392099
0.9955741249
0.0173387481
0.008870417439
0.007684508508
0.00768396091
0.007684008514
0.007684349958
0.007684876843
0.00768565206
0.007686704436
0.007688061186
0.007689766895
0.007691818285
0.007694104691
0.00769633846
0.007698067409
0.007698423819
0.007696849121
0.007693162518
0.008866534555
0.831441869
0.9479158196
0.01524837452
0.007684806804
0.007685102555
0.008121912981
0.009571052971
0.01625190604
0.9867646357
0.9940665363
0.9972824019
0.9975667147
0.9974444391
0.9978260517
0.9980624685
0.9977966814
0.9975619625
0.9973451601
0.9971428289
0.9970813385
0.9970326873
0.9967863989
0.9964085337
0.9960129514
0.9957768019
0.995888918
0.9959240702
0.9954895665
0.9947784786
0.9938432869
0.9920967514
0.9876636711
0.9822016826
0.02290884003
0.01433942894
0.00992345024
0.008539210399
0.00775339019
0.01255931953
0.9810635019
0.01172978544
0.009164178122
0.009228818179
0.00955839826
0.009938027952
0.0105002685
0.0116986361
0.01727575433
0.06660204031
0.9899122701
0.9914023747
0.9942230066
0.9950284058
0.9953977775
0.9942651436
0.994420782
0.9955726992
0.9965564357
0.9960459507
0.9960261104
0.02656337484
0.008602561859
0.007693524936
0.007692461668
0.007690757882
0.007689676895
0.007688770172
0.007687970849
0.007687394934
0.007687071758
0.00768681582
0.007686265936
0.007685827868
0.007685725097
0.0076857857
0.007685886108
0.007685998943
0.007686126036
0.007686264114
0.007686343767
0.007686327446
0.007686094274
0.007688164974
0.01008946884
0.9367589938
0.9871339084
0.988902439
0.9872622658
0.9752626088
0.01098402408
0.008347797008
0.00768677031
0.00866252846
0.01301325953
0.9917426862
0.9953911976
0.9963513141
0.9964230786
0.9965093363
0.9967387784
0.9971154025
0.997334636
0.9967476979
0.9945312196
0.01527507546
0.008771651813
0.007684407881
0.007684153386
0.007684641518
0.007685432974
0.00768640924
0.007687569379
0.007688954981
0.007690589471
0.007692307712
0.00769381041
0.007694786553
0.007694704846
0.007693325946
0.007690339542
0.008972742107
0.9639630063
0.9711891413
0.01524677534
0.007683518074
0.007684034535
0.007683884815
0.007683868841
0.007684651222
0.008076181349
0.008803264282
0.0122279412
0.02786565054
0.9906663994
0.9947863073
0.9974875625
0.997689246
0.9973626112
0.9968830044
0.9962596532
0.9957212182
0.9965171672
0.9969428763
0.9962859329
0.9954401221
0.9943193922
0.994156405
0.9957828734
0.9961731438
0.9952467947
0.9949563956
0.9948925283
0.9944643055
0.9942910112
0.9951870465
0.9948581434
0.9907035887
0.9863167761
0.03302743163
0.03349694061
0.9922185133
0.01163851989
0.007688784157
0.007687276708
0.007686213537
0.007685935181
0.007686004352
0.007686381008
0.007687800728
0.007702321255
0.01010751187
0.954855078
0.980059848
0.986685325
0.9947751141
0.9949068454
0.9935279567
0.9948620748
0.996187192
0.9966042761
0.996998437
0.9968899078
0.9919653642
0.01037021314
0.007689980653
0.007690213807
0.007689311708
0.007688384795
0.007687592662
0.007687084688
0.007686843205
0.007686652231
0.007686299888
0.007685946822
0.007685732679
0.007685663395
0.007685673162
0.007685721383
0.007685792869
0.007685890116
0.007685973078
0.007685944579
0.007685247751
0.008538811039
0.01768156878
0.9923771089
0.9921967982
0.9906921629
0.9838044172
0.01169250914
0.008531991523
0.007686226142
0.007686298635
0.007685657421
0.007685025913
0.00858434943
0.01320019518
0.9919663081
0.9953837128
0.9963449479
0.9965513529
0.9968313413
0.9970390451
0.9971224914
0.9970966979
0.9963554507
0.9939384992
0.01513883714
0.008811661538
0.00768484685
0.007685011119
0.007685879481
0.00768685051
0.007687944032
0.0076892866
0.007690629661
0.007691689706
0.007692317358
0.007692103284
0.007690986507
0.007688636256
0.009279463316
0.9784879071
0.9756669464
0.01524642854
0.007683162911
0.007683675334
0.007683883419
0.007684033078
0.007684292825
0.007684523664
0.007684619397
0.007685199626
0.00768783462
0.008246871398
0.009118845602
0.01393228022
0.1266454058
0.9946620132
0.9953276644
0.9951480094
0.9921839524
0.9914732149
0.9968045515
0.9967144136
0.9958448771
0.9934278993
0.9865651616
0.9906379381
0.996090062
0.995687106
0.9948857844
0.9956355715
0.9961795922
0.9954572061
0.9954184461
0.9958945857
0.9952710063
0.9949931605
0.9964107045
0.9969047262
0.9941364121
0.01539336505
0.008167391879
0.007687765408
0.00768680363
0.007686082018
0.007685933286
0.007685993806
0.007686144073
0.007688378635
0.01277645418
0.9887306112
0.01476624349
0.009242309609
0.01095223218
0.01790743112
0.9854131238
0.9885731053
0.9942986466
0.9959705537
0.9963067598
0.9964839031
0.9963055063
0.9953825013
0.01740814655
0.008290879514
0.00768870739
0.007688439434
0.007687539849
0.007686995905
0.007686752081
0.007686535427
0.007686247009
0.007685964374
0.007685746707
0.007685605423
0.007685528256
0.007685497586
0.007685471928
0.007685406559
0.007685270317
0.007685461916
0.007937025693
0.01063888004
0.9901485646
0.9951615463
0.9945391171
0.9902247389
0.01258135734
0.008627203102
0.007686085945
0.007686364444
0.007686189118
0.007685895598
0.007685418901
0.007685009735
0.007684879744
0.008570627162
0.0128952519
0.9914358253
0.9954342276
0.9966140569
0.9968510487
0.9969546458
0.9969400206
0.9968761779
0.9968779666
0.9962661812
0.9940710204
0.01531572457
0.008796468879
0.007685472224
0.007686034835
0.007686826743
0.007687974072
0.00768912538
0.007689892399
0.007690469181
0.007690291498
0.007689470121
0.007687707651
0.009677865607
0.9873886209
0.9831343108
0.0152463458
0.007683058451
0.007683514716
0.00768377997
0.007684018116
0.007684268035
0.007684500128
0.007684681593
0.007684977434
0.007685397206
0.007685505652
0.007685242267
0.007686074187
0.007714253157
0.008851890024
0.01227094912
0.9881412987
0.9937552618
0.9902733756
0.01903288667
0.04570261112
0.9935727742
0.994657741
0.991527709
0.9690202032
0.01685260708
0.01910050748
0.9828723459
0.9898782686
0.9958526768
0.9959777373
0.9952691281
0.9956182654
0.9948885936
0.9949052192
0.9960385618
0.9971472725
0.9965894728
0.9935795347
0.9791678979
0.009936988867
0.007687372581
0.007686151003
0.007685788504
0.007685765269
0.00768555719
0.008059417887
0.01732713206
0.9899603801
0.01163480145
0.007688816581
0.007687658083
0.008348047956
0.01419584246
0.9663110221
0.9811399491
0.9919509516
0.9956746543
0.9961753172
0.9961872391
0.9967039058
0.9961790838
0.9856878623
0.009131542217
0.007687983553
0.007687863724
0.00768712884
0.007686832147
0.00768652216
0.007686216307
0.007685965107
0.007685761013
0.007685582768
0.007685441107
0.00768537552
0.007685336232
0.007685205552
0.007684768333
0.007686407336
0.009621461518
0.9425566939
0.9933531335
0.9950487101
0.9923964677
0.01521110542
0.00876028454
0.007685841521
0.007686083012
0.007686142298
0.007686061955
0.007685861112
0.007685573748
0.0076852617
0.007685013217
0.007684819002
0.007684741462
0.008512463624
0.0128287589
0.9923672184
0.9959812641
0.9969204349
0.9968690143
0.9966876786
0.9966644277
0.9967566981
0.9968496306
0.9962147761
0.9937747321
0.01466333935
0.008816707447
0.007686726177
0.007686373606
0.007687765456
0.007688374326
0.007688969911
0.00768918692
0.007688564997
0.007687412667
0.01023981976
0.9914205496
0.9877853519
0.01524633084
0.007683026067
0.007683436095
0.007683686622
0.007683940126
0.007684189613
0.007684411346
0.007684601606
0.00768483803
0.007685134751
0.007685319989
0.007685295095
0.007685395244
0.007685620726
0.007685485772
0.007685148935
0.008533131351
0.01651860575
0.9955817744
0.9936564527
0.01005824006
0.009010332028
0.01597298382
0.9919918615
0.9920375817
0.9924482081
0.01639664339
0.009950228397
0.009050180856
0.01151482167
0.01994845072
0.9850207423
0.9930345921
0.9941644801
0.9933920146
0.9954062191
0.9967085324
0.9967411444
0.9956864768
0.9948007071
0.9943853451
0.01826270475
0.008731015075
0.007685401934
0.007685414489
0.007685325642
0.008667696122
0.9650275235
0.9698921144
0.00879792457
0.007686286953
0.007690735765
0.009900182141
0.9740938932
0.9827451094
0.8917619892
0.0110130547
0.01585518672
0.9934386999
0.9954202221
0.9963071787
0.9964684555
0.995938485
0.993405521
0.01264034379
0.007691526253
0.007687418537
0.007687056294
0.007686568891
0.007686198961
0.007685977911
0.007685804786
0.007685598075
0.007685381143
0.00768528284
0.007685316092
0.007685303447
0.007684494878
0.008561594787
0.01896755384
0.994233603
0.9945697457
0.9932248022
0.6453969756
0.009365148836
0.007686289023
0.007685720886
0.007685813693
0.00768586566
0.007685827425
0.007685727575
0.00768554452
0.007685322761
0.00768511525
0.007684954542
0.007684840904
0.007684758733
0.007684787533
0.008582900928
0.01401655666
0.994081666
0.996643789
0.9966710407
0.9963685501
0.9964576166
0.9965337744
0.9965974951
0.9966414497
0.9958663236
0.9933649137
0.01737018538
0.009599674168
0.008197681877
0.007687883063
0.007687191459
0.007687873924
0.007690165969
0.007687360115
0.01130935264
0.993637213
0.9907532785
0.01524633211
0.007683016399
0.007683395879
0.007683619051
0.007683859883
0.007684101103
0.007684322544
0.007684524349
0.007684744146
0.007684980814
0.007685152327
0.007685223334
0.007685340501
0.007685548373
0.007685685357
0.007685678886
0.007685821422
0.007687284088
0.0126176828
0.9954523555
0.9944143136
0.01019903478
0.007687558894
0.009437799809
0.9264539008
0.9927718228
0.9953010745
0.9921261765
0.0120576632
0.008375985326
0.00768869992
0.008270385321
0.009538397714
0.01393232249
0.9826548761
0.9909343177
0.9954706705
0.9961077843
0.9953111801
0.9947560723
0.9956554051
0.995811181
0.9916996482
0.01226948365
0.008485564224
0.007687409298
0.01085533267
0.9910495415
0.01995123231
0.008125996352
0.007686761926
0.008726888279
0.04042659592
0.9954196997
0.9867527752
0.01068575182
0.008342861783
0.00768617655
0.009491819088
0.9836251076
0.9958890915
0.9966896907
0.9966198395
0.9969226279
0.9970454898
0.0358331982
0.008626438877
0.007686654583
0.007686510175
0.00768610677
0.007685983392
0.00768590183
0.00768567572
0.007685332299
0.007685102591
0.007685061742
0.007685420042
0.007918076266
0.01049819664
0.9908401453
0.996100402
0.9948320401
0.9818518144
0.01026921542
0.007976277889
0.007685520836
0.00768535617
0.007685457343
0.007685559398
0.007685598112
0.007685561852
0.007685453613
0.00768530017
0.007685138926
0.007684997824
0.007684894634
0.007684844971
0.007684843742
0.00768486753
0.007685066902
0.008834753155
0.0187930509
0.9942639195
0.9951234569
0.9957359024
0.9959872658
0.9961275939
0.9961636537
0.9961150295
0.9960714294
0.9955791623
0.9930126743
0.9741607928
0.0153096247
0.01072787275
0.00879107178
0.008445712111
0.008251912248
0.01212509869
0.9951786142
0.9927600624
0.01524633625
0.007683014228
0.007683374693
0.007683573494
0.007683795998
0.00768402581
0.007684247098
0.007684458078
0.007684674583
0.007684891161
0.00768506892
0.007685201325
0.007685360021
0.007685560875
0.00768572452
0.007685804274
0.007685905661
0.007686235252
0.007686586194
0.01151556276
0.9953485504
0.9945345522
0.01033888302
0.007686431732
0.008009582087
0.01034018848
0.9861960933
0.9943721072
0.9941425471
0.9875528347
0.01137930293
0.008393498855
0.007687072249
0.008495458903
0.01519800742
0.9864167003
0.9897417977
0.9925404509
0.9932244558
0.9939833175
0.9945028805
0.9950572781
0.9952342192
0.9935782989
0.9869573533
0.01336136996
0.01556114636
0.9879793715
0.01404249239
0.007690741143
0.007928584477
0.0103510295
0.9881776363
0.9954685553
0.03390193227
0.008915956152
0.007685863081
0.007685965961
0.007685221745
0.008252248369
0.01564868607
0.9946097143
0.9960622266
0.9967868965
0.9974229909
0.9973169894
0.9931992774
0.01064465659
0.007687219573
0.007685949173
0.007685957843
0.007686110369
0.007685942331
0.007685479219
0.007685141046
0.007685067664
0.007689305497
0.01016652459
0.9679848748
0.9945442161
0.996380956
0.9932711056
0.01176664975
0.008119400827
0.007684961222
0.007685525675
0.007685384942
0.007685371775
0.007685423329
0.007685452999
0.00768543363
0.007685359769
0.007685247699
0.007685120919
0.007685000298
0.007684901485
0.007684835374
0.007684802733
0.007684801636
0.007684803348
0.007684795312
0.007685648371
0.009402789664
0.9506433725
0.9923500724
0.9950098994
0.9955115589
0.99564556
0.9954423347
0.9949677337
0.9946383853
0.9945824744
0.9928484942
0.9932946836
0.9927029986
0.9682814709
0.9541290153
0.01555553537
0.9403455703
0.994446701
0.9940452151
0.01524634026
0.007683014761
0.00768336374
0.00768354413
0.007683750411
0.007683969647
0.007684189787
0.007684407158
0.00768462641
0.007684841669
0.007685034731
0.007685207642
0.007685395242
0.007685599342
0.007685777444
0.007685909826
0.007686050163
0.007686283673
0.007686471944
0.00768621627
0.01126657823
0.9952234615
0.9946750983
0.01049285848
0.007685916218
0.007685260051
0.00831368155
0.01191586047
0.989469413
0.994261283
0.9936055964
0.9844367479
0.01237523109
0.01094444215
0.9839516902
0.992977946
0.9876457147
0.01211644137
0.01193413335
0.9834938206
0.9936808556
0.9946286354
0.9942845275
0.9940203304
0.9936042729
0.9931561063
0.9915082134
0.9785298079
0.0102418137
0.007687278138
0.009036724473
0.643648572
0.9913828183
0.9709749486
0.009696281988
0.007688605714
0.007685627199
0.00768559491
0.007685315862
0.007684901719
0.007685371216
0.00965275376
0.9849272087
0.9959793691
0.9969915427
0.9972115471
0.9970561599
0.996076292
0.02094871612
0.008668556033
0.007685376661
0.007686217929
0.007686496494
0.007685861638
0.007685382158
0.007685357337
0.009014209381
0.02951626137
0.9952974956
0.9949589603
0.9952295668
0.02805946313
0.008939862505
0.00768494442
0.007685345763
0.007685599348
0.007685504082
0.007685411041
0.007685381595
0.007685369812
0.007685339828
0.007685277854
0.007685188757
0.007685085793
0.00768498293
0.007684891948
0.007684820867
0.007684770877
0.007684738755
0.007684714808
0.007684704098
0.007684715645
0.007684489345
0.008013560274
0.01039204818
0.9823478446
0.993489969
0.995423735
0.9952703942
0.9942409625
0.9928216662
0.9916841395
0.9903721923
0.9890208163
0.9897840717
0.9826600436
0.9534910334
0.9763845734
0.9814575781
0.9928837102
0.9928219178
0.01524634378
0.007683016459
0.007683358837
0.007683526276
0.007683720325
0.007683931381
0.007684150205
0.007684372096
0.007684596346
0.007684817594
0.007685027002
0.007685227736
0.007685436192
0.007685649751
0.007685845562
0.007686015563
0.007686185042
0.007686376758
0.007686496921
0.007686380582
0.007685983137
0.01106037702
0.9950982336
0.99481004
0.01065782061
0.007685983494
0.007686169949
0.007685638743
0.008492672746
0.01261328572
0.9913820919
0.9934601965
0.9919663873
0.9916107878
0.9888519204
0.9934996172
0.02027071483
0.008862994914
0.007686313475
0.008374351893
0.01262592261
0.9896670922
0.9928155905
0.9930893152
0.9919820378
0.9926175305
0.9936537399
0.9890518754
0.9732323952
0.01218119301
0.01305504051
0.9876510252
0.9905167354
0.01434087459
0.008131270083
0.007685545142
0.007685434303
0.007685330432
0.007685134008
0.007684892466
0.007684869267
0.007684656609
0.008216278311
0.01506317664
0.9948770672
0.9966636773
0.9971209948
0.9971871891
0.9966235142
0.9918865159
0.01145361477
0.008133216288
0.007686991501
0.007686991046
0.007685644018
0.008357919924
0.01214417867
0.9933888052
0.9963812032
0.9944940898
0.9657852132
0.01010107034
0.007688757248
0.007685201405
0.007685278149
0.007685447437
0.007685420831
0.007685371198
0.007685331826
0.007685301911
0.007685264413
0.007685208153
0.007685133662
0.007685048343
0.007684961757
0.007684882995
0.007684819215
0.007684774067
0.007684749496
0.007684746645
0.007684774711
0.007684835657
0.007684798369
0.007684588567
0.007684503726
0.008264429021
0.01138276456
0.9898490416
0.9954172603
0.9950956253
0.992082076
0.9888588792
0.9861150157
0.9835654949
0.9800732388
0.9712646891
0.9221056446
0.9395713544
0.9834420621
0.9912314102
0.9901068512
0.01524634693
0.007683018739
0.00768335774
0.007683516507
0.007683702221
0.007683907773
0.007684125782
0.007684351092
0.007684580531
0.007684809208
0.007685032183
0.007685251587
0.007685474573
0.007685697586
0.007685907716
0.007686099699
0.00768628004
0.007686443398
0.007686524122
0.007686436019
0.007686194128
0.007685735882
0.01087100565
0.9949695057
0.9949415431
0.01083844708
0.007686655312
0.007687133072
0.00768689299
0.007687091088
0.008802034515
0.01986498641
0.9918224519
0.9949626625
0.9941789755
0.9762958343
0.01103336725
0.007690532351
0.007687183239
0.007686210113
0.007685519068
0.009018480929
0.9340128255
0.9923976019
0.9923954294
0.9915877541
0.9928490316
0.9915257257
0.9895924432
0.9902186592
0.9862681212
0.9896556995
0.8530500728
0.009242767826
0.007685595659
0.007685680717
0.007685543404
0.007685325491
0.007685121324
0.007684948779
0.007684902307
0.007684827232
0.007684646225
0.007685223689
0.00978192028
0.9899022477
0.9967861185
0.9971411968
0.9965570446
0.9959235985
0.9935143204
0.9760272896
0.01017008285
0.00769322078
0.008242803195
0.01075856291
0.9834875363
0.9945313961
0.9959952955
0.9904946918
0.01040994864
0.00791028208
0.007685198279
0.00768490645
0.007685036744
0.007685217566
0.007685280046
0.007685287421
0.007685271124
0.007685243242
0.007685204506
0.007685152151
0.007685087311
0.007685015005
0.007684942288
0.007684876412
0.007684823944
0.007684789558
0.007684777294
0.007684790123
0.007684832494
0.007684894067
0.00768490616
0.007684847448
0.007684927223
0.00768511969
0.007685224361
0.008538534188
0.01621929592
0.9943696478
0.9926509785
0.9873559746
0.9843032416
0.9840099864
0.9836857175
0.9821869591
0.9793274886
0.9777822404
0.9827498378
0.9886613373
0.9816183779
0.01524634977
0.007683021242
0.007683359013
0.007683512336
0.007683693047
0.00768389559
0.007684113602
0.007684341657
0.007684575403
0.007684810078
0.007685042107
0.007685272398
0.007685503494
0.007685731949
0.007685949755
0.00768615133
0.007686331219
0.007686472759
0.00768652957
0.00768645599
0.007686254978
0.007685942672
0.007685490657
0.01069504668
0.9948351216
0.9950670618
0.01107329942
0.007687362642
0.007687383217
0.007686966755
0.008716998598
0.01507282508
0.9916330256
0.9939986983
0.9941526015
0.9785982299
0.009334270218
0.007687159254
0.007686913108
0.007686406514
0.007686155149
0.007685901988
0.008122736175
0.01278113938
0.991498475
0.9917860188
0.9929439411
0.9929758194
0.9929619055
0.9938124061
0.9910911656
0.9791816856
0.01099495454
0.00798866115
0.007685393799
0.007685563557
0.007685487143
0.007685322506
0.007685140587
0.007684993941
0.007684920218
0.007684841777
0.007684764774
0.00768495003
0.007684889645
0.008377002148
0.02116796384
0.9964763035
0.9964065844
0.9955264069
0.9947456264
0.9940974864
0.9946137842
0.03211054786
0.0124877199
0.9586642439
0.988522515
0.9934221631
0.9939515504
0.01881984611
0.008534658463
0.007684653454
0.007685372413
0.007685195465
0.007685140569
0.007685190831
0.007685225381
0.007685235874
0.007685224787
0.007685198091
0.007685158953
0.007685108736
0.00768504987
0.007684986467
0.007684924187
0.007684868828
0.007684826247
0.007684800698
0.007684796235
0.007684813887
0.007684853763
0.007684901342
0.007684923321
0.007684916889
0.007684998973
0.007685185538
0.007685487834
0.007685806073
0.007686740423
0.01097892701
0.9890039972
0.9878233375
0.9857981471
0.9881417025
0.9896468069
0.9904882976
0.9908005053
0.9901506909
0.9879952698
0.9887454761
0.9647512102
0.01524635226
0.007683023636
0.007683361582
0.007683511965
0.007683690502
0.00768389231
0.007684111287
0.007684341668
0.007684578378
0.007684816341
0.007685052221
0.007685286227
0.007685518679
0.007685746619
0.007685964992
0.007686167862
0.007686342075
0.007686467146
0.007686508248
0.007686442171
0.007686268668
0.007686008851
0.007685706691
0.007685288989
0.01054860961
0.994691267
0.9951494863
0.01194043257
0.007687705675
0.008459082172
0.01210355449
0.98946642
0.9927109052
0.9916748928
0.9903991641
0.9852004727
0.9261223659
0.00823896635
0.007686937906
0.007686502805
0.007686156633
0.007685962537
0.007686260488
0.008791037477
0.01626371485
0.9894922831
0.992531426
0.9939630657
0.9948891205
0.9954774367
0.9942207573
0.9756619694
0.009078279882
0.007685362012
0.007685717426
0.007685720738
0.007685536982
0.007685356483
0.007685182723
0.007685044742
0.007684963482
0.0076849067
0.007684895662
0.007685036444
0.007685141624
0.007685173064
0.00768710428
0.0119294872
0.9934444888
0.9944825361
0.993046699
0.9926123288
0.9947721199
0.9962703624
0.9953107626
0.9922988167
0.9914533933
0.9920347185
0.9634970158
0.009785071458
0.007686509001
0.007685010945
0.00768532893
0.007685288129
0.007685224144
0.007685204958
0.007685203484
0.007685201664
0.007685188343
0.007685161514
0.007685122648
0.007685073952
0.007685018739
0.007684960856
0.007684905403
0.007684857007
0.007684821101
0.007684800817
0.007684800114
0.007684817309
0.007684851182
0.007684884817
0.007684906022
0.007684906347
0.00768496588
0.007685087804
0.007685386846
0.007685694172
0.007686023836
0.007686007171
0.01084904029
0.9807362103
0.9876330029
0.9911094398
0.9926574563
0.993609059
0.9941142446
0.9936998243
0.9896645378
0.9869719909
0.04365365354
0.01524635426
0.007683025582
0.007683364598
0.007683514146
0.007683693082
0.007683896337
0.007684117356
0.007684349878
0.007684588196
0.007684826331
0.007685060673
0.007685291637
0.007685518506
0.007685739118
0.007685951318
0.007686150169
0.007686316533
0.007686430283
0.007686460954
0.007686396242
0.007686227514
0.007685993069
0.007685788434
0.007685535368
0.007685145407
0.01062178488
0.9942400597
0.9948082791
0.01475298645
0.01236610672
0.9870085563
0.9930115254
0.9918264001
0.9804345915
0.0128291673
0.01418831765
0.991014001
0.01293043015
0.007686558103
0.007686564011
0.007685823608
0.007685092011
0.008335409457
0.01098949126
0.9792434731
0.9850835652
0.9888547026
0.9922031404
0.9943281751
0.9949792901
0.9938938124
0.9892272917
0.01087165839
0.007685090946
0.00768547749
0.007685586368
0.007685482823
0.00768533582
0.00768519008
0.007685070579
0.007684996366
0.007684956238
0.00768496671
0.007685048127
0.007685101635
0.007685151186
0.00768541458
0.0076856101
0.009719681918
0.9864234344
0.9899667514
0.9888834667
0.9926955215
0.995887054
0.9970256402
0.9965427741
0.9934326723
0.9894036402
0.01325503222
0.008115346203
0.007685456147
0.007685053091
0.007685185125
0.007685212135
0.007685211246
0.007685199932
0.007685189293
0.007685179186
0.007685161856
0.007685133374
0.00768509393
0.007685045483
0.007684991751
0.007684936247
0.00768488419
0.007684839054
0.007684806676
0.007684788805
0.007684790698
0.007684807404
0.0076848418
0.007684870329
0.007684899056
0.007684902194
0.007684947434
0.007684979932
0.007685280894
0.007685485855
0.007685378164
0.008317652773
0.01052033045
0.9503393694
0.9867834159
0.9917878085
0.9933405989
0.9942852466
0.9948386525
0.9945857893
0.9908236853
0.9760495552
0.02862532864
0.01524635557
0.007683026753
0.007683367411
0.007683518133
0.007683700065
0.007683907015
0.007684131274
0.007684366047
0.007684605022
0.007684840334
0.007685067802
0.00768528941
0.007685503663
0.007685709665
0.007685909496
0.007686100825
0.007686256588
0.007686363332
0.007686391282
0.007686332401
0.007686141296
0.007685875761
0.007685745552
0.007685596312
0.007685304363
0.00768504953
0.01131962175
0.9912843343
0.9931229859
0.9912403652
0.993354782
0.9927642008
0.9824925906
0.01080333957
0.008501803312
0.008097987076
0.9530156646
0.9869711137
0.009213602639
0.007686279164
0.007685766388
0.008333135767
0.01075677439
0.968983218
0.9825945475
0.9816083045
0.9762378075
0.9853443218
0.9893917559
0.9915054565
0.9908443356
0.9902891338
0.9760404481
0.008391166742
0.007685191506
0.00768538533
0.007685371756
0.007685283427
0.007685172028
0.007685073004
0.007685015658
0.007684998336
0.007685034309
0.007685101742
0.007685180989
0.00768539879
0.007685683553
0.007685958839
0.007686227199
0.009410358197
0.982583005
0.9893832563
0.9933186064
0.9962330731
0.9974853217
0.9975732982
0.995960162
0.9827170386
0.009619538019
0.007685942719
0.007685788421
0.007685361877
0.007685243839
0.007685205098
0.007685199279
0.007685193221
0.007685182256
0.007685167569
0.007685145835
0.007685114007
0.00768507226
0.007685022013
0.007684967417
0.007684911143
0.007684859316
0.007684813851
0.007684782489
0.007684764591
0.007684770965
0.007684789617
0.00768483558
0.007684876123
0.007684937291
0.007684954928
0.007685092824
0.00768503199
0.007685368786
0.007685295899
0.008329206679
0.01038976546
0.914806239
0.9744522731
0.9829038025
0.989785453
0.991900426
0.9931284286
0.9939867334
0.9940234153
0.9922006062
0.9864809562
0.02837063804
0.01524635597
0.007683026873
0.00768336962
0.00768352369
0.00768371154
0.007683924607
0.007684153324
0.007684390774
0.007684630299
0.007684860361
0.007685075872
0.007685282546
0.007685476948
0.00768566034
0.007685842607
0.007686025514
0.007686163584
0.00768626172
0.007686296793
0.007686278344
0.007686067843
0.007685711446
0.007685636781
0.007685549249
0.007685213914
0.008407715333
0.01065284188
0.9812498239
0.9946884493
0.9956381049
0.994568746
0.9881852859
0.01139355919
0.008309841751
0.007685621123
0.007685379202
0.008770459228
0.9817679493
0.9770243968
0.008333354761
0.008697347276
0.01173448224
0.9828970418
0.9901320979
0.9898910374
0.9888217185
0.985892814
0.9877533167
0.9865334822
0.9547255514
0.9834143615
0.9883666561
0.9884320525
0.01069432304
0.007684717853
0.007685151909
0.007685241001
0.007685218001
0.00768514229
0.007685057093
0.007685014805
0.007685023413
0.00768510034
0.007685145157
0.007685198497
0.007685551753
0.007685966185
0.007686300983
0.00768830826
0.009323126009
0.01661448669
0.9907084018
0.9937438277
0.9958897161
0.9972369681
0.9975061454
0.9964697042
0.9925117328
0.01154668773
0.007685495946
0.007685527661
0.007685302573
0.007685223964
0.007685183069
0.007685179106
0.007685180144
0.007685175032
0.00768516124
0.007685137368
0.00768510196
0.00768505668
0.007685002484
0.007684944736
0.007684884398
0.007684829958
0.007684779936
0.007684748055
0.007684726837
0.007684739647
0.007684764829
0.007684833524
0.007684889018
0.007685051764
0.007685073503
0.007685394338
0.007685546106
0.007689140229
0.008947345422
0.01177395198
0.9699545751
0.981719653
0.980370396
0.9762423426
0.9842225812
0.9871911544
0.9884754882
0.9901573354
0.9909966275
0.9902602623
0.9903753494
0.05042226529
0.01524635519
0.007683025755
0.007683371165
0.00768353119
0.007683728517
0.007683950278
0.007684184351
0.00768442507
0.007684666335
0.007684889648
0.00768508888
0.00768527688
0.007685443543
0.007685594341
0.007685754871
0.007685935299
0.007686043085
0.007686116222
0.007686145845
0.007686231026
0.007686064727
0.007685630105
0.007685729154
0.007685854355
0.00860533411
0.01169625571
0.9727808305
0.986578119
0.9944581339
0.9957889188
0.9941212937
0.0146250835
0.008619554452
0.007685830938
0.007685719996
0.007685373735
0.007685033524
0.01166647042
0.9898470962
0.01862316881
0.01778340738
0.9912634644
0.9936979373
0.9942594173
0.9929821732
0.9924346076
0.9904251212
0.9387070342
0.01373105519
0.0103634479
0.8855438724
0.9899758729
0.9920385806
0.9710990892
0.008228715115
0.007685026917
0.007685191779
0.007685196022
0.007685133816
0.007685038444
0.007684987362
0.007684992709
0.007685123023
0.007685113584
0.00768491499
0.007685073756
0.007685028714
0.00797514966
0.009576715466
0.01852483677
0.9916751748
0.9919806086
0.9933892043
0.9943140105
0.9959142554
0.9964340157
0.9956408702
0.994423329
0.9904708875
0.008798367301
0.007685398077
0.007685217361
0.007685191125
0.00768517018
0.007685169848
0.007685173807
0.007685172807
0.007685160767
0.00768513578
0.007685096415
0.007685046631
0.007684986243
0.007684923415
0.007684854834
0.007684795682
0.007684735089
0.007684699501
0.007684670853
0.00768468757
0.007684699584
0.007684811426
0.00768478978
0.007684964664
0.007684930449
0.007685608702
0.008155205734
0.01042840702
0.02693545818
0.9920692412
0.9913259083
0.9889483456
0.98235153
0.9783730434
0.9801389109
0.979880939
0.9751269459
0.9756946855
0.9822772525
0.9864985528
0.990101449
0.977826753
0.0152463529
0.007683023347
0.007683372497
0.007683541852
0.00768375326
0.0076839861
0.007684225365
0.007684469847
0.007684715677
0.007684931091
0.007685111403
0.007685283017
0.007685412739
0.00768551528
0.007685650031
0.00768584394
0.007685906677
0.007685926799
0.007685867237
0.007686043607
0.007685962479
0.007685563493
0.007781696877
0.009279369235
0.01416973014
0.9895381771
0.9908116627
0.9901941498
0.9915089147
0.9912468946
0.9888144788
0.01180892588
0.007686068348
0.007686201969
0.007685893751
0.007686301953
0.008251725216
0.009695764705
0.9758548203
0.9914929185
0.9946698272
0.9954292707
0.9956058914
0.99457748
0.9917511417
0.9828852692
0.01560933871
0.009756201832
0.008203867693
0.007686978613
0.009573194842
0.9919179562
0.9944205109
0.9916605928
0.0108495753
0.007684941001
0.007685236218
0.007685246495
0.007685175378
0.00768505061
0.007684972582
0.007684918384
0.007685104557
0.007685142693
0.007684859786
0.00768534713
0.008350702324
0.01035505881
0.7919094111
0.9929248811
0.9939611096
0.9927489764
0.9926554935
0.993949973
0.9949050647
0.9946049609
0.9927040701
0.9942709315
0.9952769754
0.01700624992
0.007685943176
0.007685145377
0.007685162067
0.007685149499
0.007685158769
0.007685168699
0.007685173885
0.00768516509
0.007685140129
0.007685096417
0.007685041961
0.007684972671
0.007684904268
0.007684822092
0.007684755455
0.007684678208
0.007684635075
0.007684578061
0.007684622638
0.007684554299
0.00768466254
0.007684588701
0.007684974266
0.008053457258
0.009464409162
0.01542380612
0.9837547741
0.9951701584
0.9957106393
0.9942377095
0.9910512034
0.987311382
0.9850744553
0.9827364803
0.9780685942
0.9508267438
0.9297160897
0.899190567
0.9826838951
0.991660864
0.9855981708
0.01524634865
0.007683019833
0.007683374754
0.007683558174
0.00768379017
0.00768403512
0.007684276585
0.007684525446
0.007684781371
0.007684984329
0.007685143054
0.007685317775
0.007685406185
0.007685428488
0.007685528378
0.007685772595
0.007685742556
0.007685723056
0.00768542987
0.007685518764
0.007685123891
0.008030870295
0.01010236211
0.0450821471
0.9936147749
0.9947290345
0.9930130557
0.9879903032
0.9861848231
0.01625998227
0.969796413
0.9741237238
0.008509271508
0.007687803417
0.00824410662
0.009879306658
0.01545673317
0.9756954666
0.9875194794
0.9942300001
0.9957664354
0.9959338245
0.9951645859
0.9931051
0.7035159862
0.01028428028
0.008407883299
0.007687084768
0.007686394462
0.007686196706
0.007685769549
0.01438119422
0.9947727899
0.994928539
0.9880975982
0.008486084774
0.007685357405
0.007685405976
0.007685294343
0.007685103563
0.007685036981
0.007684823691
0.007684931109
0.007684618507
0.007946974403
0.009213402041
0.01477406584
0.9872558547
0.9926042024
0.9944297737
0.9942690667
0.9929714404
0.9922158137
0.9922853271
0.9921589116
0.02298048876
0.01486178193
0.9942561183
0.9961537137
0.9942410067
0.009808423283
0.007684920546
0.007685068015
0.007685074625
0.007685120748
0.007685152956
0.007685174442
0.007685173368
0.007685150606
0.007685101183
0.007685043493
0.00768496232
0.007684888162
0.007684787662
0.007684713708
0.007684595496
0.007684569907
0.007684431043
0.007684471504
0.007684384715
0.007684710164
0.008026932091
0.009247741796
0.0139164007
0.9750433519
0.9937465189
0.9955891143
0.9956917962
0.9956670643
0.99412601
0.9928843604
0.9932925571
0.9918503919
0.9891876267
0.9860335578
0.9737880442
0.9759859497
0.9295507576
0.9510761956
0.9921088218
0.9898361762
0.01524634226
0.007683016039
0.007683379829
0.007683584191
0.007683848009
0.007684102441
0.007684335055
0.0076845896
0.007684870636
0.007685045384
0.007685167276
0.007685393981
0.007685470898
0.007685382658
0.007685396314
0.007685803826
0.007685645957
0.007685651816
0.007685481993
0.007687666633
0.008773826913
0.01112088001
0.9490260637
0.9939927813
0.9957208226
0.9951059236
0.9903630179
0.9228130474
0.01090616992
0.008805530966
0.01079022644
0.9813206866
0.0121828717
0.01112265682
0.02119114236
0.9853853025
0.9935621712
0.9943943857
0.9942168007
0.9957995189
0.9959763991
0.9948113347
0.9917099314
0.01726176168
0.009470740516
0.007978525529
0.007685793797
0.0076859122
0.007686058123
0.007685897371
0.007685148532
0.008478623572
0.9879484615
0.9949091796
0.9948124861
0.01446716065
0.007685807994
0.007685698471
0.00768556996
0.007685235146
0.00768527402
0.007685185969
0.007686995025
0.008599695477
0.01074362102
0.8726788263
0.992438596
0.9951939404
0.9953139959
0.9954974957
0.9941367198
0.9926378369
0.9895531252
0.9018388916
0.01166081702
0.009051363237
0.007691050593
0.01529033462
0.9955303937
0.9956998836
0.9866723728
0.008292678154
0.007684792823
0.007684915332
0.007685058879
0.007685132373
0.007685180751
0.007685189309
0.007685170188
0.007685111321
0.007685051032
0.00768495662
0.007684884155
0.007684739585
0.00768469384
0.007684488315
0.007684437418
0.007684287615
0.007684553061
0.00801351381
0.009165249474
0.01346328728
0.9703449403
0.9931462551
0.995357012
0.9956202884
0.9963133324
0.9960888303
0.9956431197
0.9948528586
0.99387556
0.9950096892
0.9957830472
0.9905324073
0.9799687607
0.7799855943
0.9273188838
0.01559329368
0.9394840062
0.9904197102
0.9898371364
0.01524633491
0.007683014919
0.00768339086
0.007683624414
0.007683943264
0.007684200815
0.007684393919
0.007684647739
0.007684995529
0.007685119984
0.007685143824
0.007685479724
0.007685603984
0.007685474797
0.007685351652
0.007685744398
0.007685332095
0.007685972573
0.008156458512
0.01009674003
0.02144602244
0.9908655472
0.991791691
0.9934914568
0.9932972445
0.9879471376
0.01343859442
0.009919614195
0.0095629969
0.01006799687
0.01552328704
0.989907306
0.9881049294
0.9871807711
0.9955127029
0.9959327091
0.9951816817
0.9954316342
0.9945626856
0.995711921
0.9952141712
0.9777173331
0.01134877746
0.008672874914
0.007687069861
0.007686296993
0.007686251815
0.007685977654
0.007685853041
0.007685639618
0.007685052435
0.007684503625
0.01082611314
0.9914649079
0.9943764699
0.9914084724
0.009442543925
0.007685520775
0.007685736961
0.007685232726
0.007685266473
0.00809376624
0.009993559756
0.02148343327
0.9918083888
0.9938104144
0.9950416582
0.9962452589
0.9954799721
0.9951504682
0.9927260297
0.9385642873
0.01275195231
0.009191731661
0.008035478946
0.007686953106
0.007686859935
0.008249598845
0.9852748536
0.9956746461
0.9957098143
0.01517046247
0.007685249675
0.007684925407
0.007685091773
0.007685151607
0.007685213525
0.007685221376
0.007685200629
0.007685126731
0.007685071518
0.007684938268
0.007684920788
0.007684698461
0.007684632964
0.007684420596
0.007684633026
0.008013189099
0.009118135396
0.01320274143
0.966922589
0.9928549571
0.9952734082
0.9956551
0.9964661138
0.9964027621
0.9967265705
0.9960699953
0.9952051422
0.9941791584
0.9903232541
0.9763267101
0.02391534433
0.01394269413
0.009720265183
0.009034806138
0.008511611403
0.008343125628
0.01283707521
0.992041523
0.987377043
0.01524633213
0.007683024365
0.007683415927
0.007683681467
0.007684099915
0.007684358704
0.007684464438
0.00768466489
0.007685128826
0.007685214022
0.007685072513
0.007685441097
0.007685467578
0.007685501222
0.00768632815
0.007701185329
0.008352236406
0.00995302621
0.01606244689
0.9773893814
0.9937352297
0.9944633878
0.9923169037
0.9895892085
0.9784478189
0.01239230763
0.0123135054
0.01559166591
0.9348139809
0.9724290542
0.9931333805
0.9952076401
0.995324652
0.9948614806
0.9956174086
0.9956736101
0.9944930687
0.9942197687
0.9919415371
0.9842477987
0.02079417589
0.01014796528
0.008007343073
0.007686798411
0.007686518394
0.007686393525
0.007686296755
0.007685911583
0.007685779073
0.007685593036
0.007685124757
0.007684706941
0.008257457255
0.9699467874
0.991616075
0.990849348
0.9807451873
0.00851898303
0.007685955587
0.008013243091
0.009110843892
0.01352920817
0.9765969475
0.9946704313
0.996186431
0.9961118631
0.9962490779
0.9965079807
0.9954643946
0.9838057734
0.01498819449
0.009324213032
0.008052782138
0.007686409104
0.007687094464
0.007687423724
0.007686687843
0.007685292422
0.009633095492
0.9940137666
0.99645446
0.9940363284
0.009641393812
0.00768481614
0.00768511699
0.007685153875
0.007685252242
0.007685262157
0.007685243674
0.00768512214
0.007685127418
0.00768492322
0.00768491006
0.007684714851
0.007685140419
0.008078028101
0.009221219295
0.01330270833
0.9648542037
0.9926179893
0.9951934719
0.9956440607
0.9965144466
0.9965635546
0.9969867463
0.9966870346
0.9968890108
0.9963621399
0.9874805311
0.7767592903
0.01238081722
0.00906544933
0.008206434684
0.007696347366
0.007693187623
0.007691237631
0.007689870474
0.007688402483
0.01163760853
0.9942142936
0.9894576346
0.0152463718
0.007683056926
0.007683476636
0.007683760806
0.007684332426
0.007684579551
0.007684593457
0.007684696128
0.007685030733
0.00768488623
0.007684954879
0.007686584802
0.008032931569
0.008359804883
0.009567549681
0.01576724718
0.06550276474
0.9894941023
0.9943910738
0.9948960255
0.9935498756
0.9923094843
0.9815761764
0.9802272808
0.02929722539
0.9709107577
0.9823562282
0.9943225353
0.9941918488
0.9929336666
0.9935031903
0.995168032
0.9958502762
0.9961146163
0.9961703832
0.9956802765
0.9834905686
0.8582465473
0.01305796963
0.009481043389
0.00828109481
0.007690141351
0.007689316885
0.00768860631
0.007687448844
0.007686788815
0.00768637163
0.00768585746
0.007685748703
0.007685638829
0.007685226164
0.007684929702
0.007685013816
0.01122252793
0.986149468
0.986402666
0.9907170471
0.01702079361
0.009261673228
0.01176108063
0.8657143846
0.9917762144
0.9945827456
0.9951270748
0.9961983963
0.9951497658
0.9942800422
0.9933501778
0.02999937406
0.01052829342
0.008163575303
0.007686516064
0.00768663548
0.007686827997
0.007687229786
0.007687449257
0.007686687265
0.007685665294
0.007685475749
0.01511024826
0.9956971603
0.9956747608
0.9854650635
0.00825787336
0.00768504959
0.007685122817
0.007685325751
0.007685300946
0.007685322432
0.007685103675
0.007685102408
0.007684927053
0.007685566118
0.008138834216
0.009561320276
0.01495488673
0.9736170526
0.9926581562
0.9951038839
0.9955693672
0.9964905641
0.9965776076
0.9970265382
0.996766281
0.9969516886
0.9963060068
0.9917532038
0.03424736345
0.01180863973
0.008400996722
0.007971286917
0.007697324921
0.007698624173
0.007696754207
0.007695755919
0.007693827452
0.00769119685
0.007688456723
0.01044477141
0.9922633092
0.9879779697
0.01524671273
0.007683153052
0.007683581062
0.007683920892
0.007684601739
0.007684570042
0.007684694538
0.007685923575
0.007797510219
0.00827278257
0.008871376376
0.01222386602
0.02082607998
0.9760874823
0.9875775705
0.9947225228
0.9973117589
0.9970134625
0.996077614
0.9957636412
0.9941686443
0.9918537475
0.9868837622
0.9823721637
0.9913780302
0.9930691154
0.99226988
0.9934144813
0.9944320937
0.9946378793
0.993762981
0.9929881465
0.9932726811
0.9931771313
0.9910087774
0.02671310469
0.01141552623
0.008424658707
0.007985603023
0.007690525913
0.00769146733
0.007691066334
0.007690543964
0.007689625775
0.007688356758
0.007687572873
0.007687109983
0.007686323818
0.007685723418
0.007685352536
0.007685144842
0.007685389721
0.007686525232
0.009327225495
0.9728580465
0.9830464578
0.9881267447
0.9883072401
0.9687880788
0.9853782338
0.9921564936
0.9941576828
0.9953752319
0.9954607731
0.9956726242
0.9936744214
0.9478508607
0.01124239081
0.008820458857
0.007690609666
0.00768729974
0.007687038842
0.007687119106
0.00768727322
0.007687254233
0.007687199765
0.007686654846
0.007686027955
0.007685827578
0.008291189642
0.9865217042
0.9956534449
0.9955913574
0.01535874816
0.007685960545
0.007685347458
0.007685620662
0.007685399581
0.007685313303
0.007685066592
0.007685724363
0.008157450353
0.009740307532
0.01628061289
0.9812647703
0.9939208333
0.9953555596
0.9953864376
0.9963522272
0.9965072424
0.9970187655
0.9967933414
0.9969947786
0.9963690453
0.9917760856
0.02963015033
0.01102667075
0.008406670209
0.007707468808
0.007705404284
0.007707478867
0.007704209388
0.007702625662
0.007699282322
0.007695997156
0.007693270169
0.007690579019
0.007687798939
0.009808663693
0.9886699417
0.9840614614
0.0152495716
0.007683510882
0.007683579944
0.007684359449
0.00769039469
0.00811682286
0.008557245128
0.01025706811
0.01906372302
0.4088262683
0.990260706
0.9937091425
0.9968902572
0.9969196103
0.9965265094
0.9968418301
0.9971187889
0.9971860738
0.9965145709
0.9958993816
0.9949596197
0.9938492547
0.9925611107
0.9922548857
0.9924195672
0.993966176
0.9926361488
0.9916605357
0.991205074
0.9936415882
0.9939273832
0.9882990762
0.9772732735
0.9814616386
0.01176743823
0.008482667947
0.007692710256
0.007690277193
0.00769178661
0.007691052302
0.007690547042
0.007690116267
0.007689334291
0.007688672719
0.007688029704
0.007687800634
0.007688203455
0.007689966933
0.007696521742
0.008120139546
0.00833103428
0.009061936792
0.01126424525
0.01578249148
0.9835006752
0.9895615875
0.9923056084
0.9931699078
0.9921174428
0.9911194471
0.9929011753
0.9945418629
0.9943556559
0.9929185154
0.9906135409
0.01801284862
0.00956035049
0.007970931412
0.007686185675
0.007686795557
0.007687119504
0.007687148269
0.007687118107
0.007687224788
0.007687224966
0.007687099716
0.00768669389
0.007686271141
0.007686594959
0.007686816074
0.009885161309
0.9941212212
0.9960694559
0.9945885251
0.01091033313
0.007685603175
0.007685925432
0.007685466469
0.007686004297
0.008165287199
0.009772624118
0.01656626527
0.9825221164
0.9943166203
0.9955911961
0.9956709007
0.9962401714
0.9961438973
0.9968262816
0.9967364514
0.9970164819
0.9964454127
0.9920350966
0.03118093593
0.01108577809
0.008398737419
0.007716515995
0.007716862913
0.007717877315
0.007715461209
0.007712890621
0.007707652234
0.007703069554
0.007699037971
0.007695572
0.007692693221
0.007690163418
0.00768759869
0.009376801625
0.9814485916
0.9768773526
0.01735595289
0.008199356953
0.008404306752
0.009561972356
0.0148822324
0.04617111489
0.9894281366
0.9932476353
0.996527884
0.9978855172
0.9977619211
0.9974412821
0.9975882158
0.9977627708
0.9975770511
0.9974967312
0.997325023
0.9970587889
0.9967730571
0.9964134025
0.9958583507
0.9953042157
0.994770541
0.9944479418
0.9941087148
0.9933709437
0.9919784207
0.9889227704
0.9801954683
0.976414294
0.02859520516
0.01833560612
0.01396111944
0.01358670053
0.01225747047
0.009734451327
0.00995532292
0.01009990941
0.01024937038
0.01041080547
0.01058594397
0.01077658316
0.0109850608
0.01121953248
0.01150124323
0.01188703892
0.01254750296
0.01417722204
0.02324503194
0.03851393549
0.9701236557
0.969979059
0.9881168026
0.9942142883
0.9943318146
0.9944414031
0.9950924878
0.9955812738
0.9953895878
0.9946918087
0.9947931354
0.9951390437
0.993729984
0.9125918073
0.01070587935
0.008555026148
0.007687147044
0.007686590041
0.007687102419
0.007687221638
0.007687032504
0.007686930098
0.007686971873
0.007687119271
0.007687225178
0.007687213639
0.007687019014
0.007686596918
0.007686604356
0.007687110115
0.007689844648
0.02028265881
0.9948786243
0.9936106288
0.989499889
0.009652715681
0.007687744828
0.008249441844
0.009904853507
0.01685661388
0.9825132545
0.9943135759
0.9955623484
0.9956019787
0.9961002301
0.995976795
0.9961554471
0.996363051
0.9969143913
0.9965478269
0.9924264771
0.03447501431
0.01124743421
0.008432924224
0.007731840687
0.007733963745
0.007736739437
0.007732007297
0.007725589282
0.007718871323
0.007713119365
0.007707395418
0.007702585312
0.007698525997
0.007695210566
0.007692431565
0.007690077046
0.007687790547
0.009071812267
0.9622384209
0.9635293995
0.9830351001
0.03251317856
0.9893390209
0.9928181881
0.9963795252
0.9979610818
0.9980058038
0.9978110513
0.9980068099
0.9981935724
0.9982807297
0.9981400736
0.998064448
0.9979786525
0.9979337236
0.9978511995
0.9976485906
0.9973877448
0.9971470797
0.9969160979
0.9966054897
0.9962856375
0.9959801051
0.995703353
0.9953436319
0.9947667487
0.9939435609
0.9929207808
0.9917062262
0.9907766872
0.9929554951
0.9946409359
0.9942098854
0.9942942827
0.9937168903
0.993036545
0.9933072755
0.9938634774
0.9942958278
0.9946690918
0.9950036416
0.9953076343
0.9955861264
0.9958441573
0.9960880216
0.9963259666
0.9965687449
0.9968316303
0.9971456708
0.997654814
0.9966885369
0.9948157922
0.9941968249
0.9940700392
0.99458637
0.9947422396
0.9952569234
0.995586891
0.9955326631
0.9951025884
0.9939676806
0.9919949419
0.02087910906
0.009750888644
0.00797452875
0.00768661384
0.007686778412
0.007686901939
0.007686942073
0.007686742604
0.007686400171
0.00768623119
0.007686318952
0.007686516133
0.00768671693
0.007686911564
0.007687162002
0.007687965045
0.007690527233
0.008160680782
0.008637622636
0.0125583155
0.9923586221
0.9912954111
0.9887156932
0.9678556859
0.01227626753
0.0208560799
0.9849101544
0.9943588504
0.9954922449
0.995477865
0.9959386593
0.9956742568
0.9956084496
0.9955830811
0.9950797279
0.994223254
0.9936115369
0.06657725686
0.01183382851
0.008509064142
0.007754192125
0.007757949628
0.00776435511
0.007757332517
0.007747325911
0.00773659843
0.007726730599
0.007718549427
0.007712129119
0.007706541762
0.007701972929
0.007698191384
0.007695138964
0.007692605526
0.007690446413
0.007688542564
0.009175362508
0.9446782364
0.9336253872
0.9936134852
0.9972997624
0.9980251405
0.9980300575
0.9983033587
0.9985060108
0.9986356704
0.9985619918
0.9985399972
0.9984955819
0.9984510784
0.9984271995
0.9983746261
0.9982783474
0.9981972576
0.9981071882
0.9979467245
0.9977469599
0.9975562589
0.9973788622
0.9971852435
0.9969889029
0.996796855
0.9966067519
0.9963805325
0.9960995585
0.9958140549
0.9956101746
0.9955610395
0.9957008021
0.9959056419
0.9965711377
0.9967778455
0.9968532271
0.9968033343
0.9966500318
0.9966052104
0.9967203979
0.9968525881
0.9969769138
0.9970930332
0.9972017061
0.9973031166
0.997396702
0.9974808169
0.9975519647
0.9976033801
0.9976226811
0.9975888663
0.9974770137
0.9972787914
0.9963661875
0.9955346392
0.9946927141
0.9941724107
0.9942470188
0.9942291196
0.9938748672
0.9935081441
0.9923870275
0.9891949757
0.01269796516
0.00880365824
0.007689076882
0.007687845665
0.007687903621
0.007687979829
0.007689963821
0.007695829536
0.008099675117
0.008252905494
0.00861807796
0.008919965014
0.009231017223
0.009550101918
0.009914469093
0.01042159885
0.01144795928
0.0157794675
0.02184642115
0.9146881904
0.9713626206
0.9903793702
0.9926493367
0.9916252151
0.9895452942
0.9877834453
0.9951825675
0.9955381434
0.9952652954
0.9957643377
0.9955042193
0.9954255859
0.9953841296
0.9946494337
0.9939810575
0.9909514223
0.8692076667
0.01120403447
0.008984651489
0.007802763645
0.00779319775
0.007804283753
0.007794143971
0.007779364805
0.007763924223
0.007749216727
0.007736326575
0.007725985342
0.007717679299
0.007711190376
0.007705803156
0.007701483745
0.007697987585
0.007695238863
0.007693057082
0.007691162958
0.007688771118
0.008909408436
0.6910499118
0.9406386546
0.9967664622
0.9983095228
0.9987793407
0.9988457345
0.9988892868
0.9988907184
0.99887458
0.9988643471
0.9988346975
0.9987660518
0.9986961921
0.9986460214
0.9985932788
0.9985127871
0.9984264121
0.9983300409
0.9982023341
0.998054287
0.9979084254
0.9977713906
0.997636503
0.9975069984
0.9973829752
0.9972621445
0.9971350198
0.9970062428
0.9969050406
0.9968622361
0.9968887659
0.9969650654
0.9970358107
0.9971187477
0.9972718169
0.9973826898
0.997394008
0.9973261144
0.9972661263
0.9972743693
0.9973189578
0.9973735191
0.9974284464
0.9974806645
0.9975283074
0.9975689732
0.9975987194
0.9976110779
0.9975959227
0.9975385391
0.9974213235
0.9972388097
0.9970208752
0.9967694018
0.9963134554
0.9956820242
0.9950808542
0.9945033978
0.9934210602
0.9905694878
0.98273321
0.9680597459
0.01513886598
0.01117827572
0.009550544722
0.01003116071
0.01054974633
0.01120729131
0.01216413479
0.01407767601
0.02301736952
0.03478028286
0.9623343082
0.948498212
0.9797348213
0.9866214948
0.9899865043
0.9919584451
0.9933118235
0.9943572789
0.9952884336
0.9964547054
0.9948876499
0.9919311088
0.9932003399
0.9945439468
0.9950192164
0.994958883
0.9945485154
0.9948284358
0.9951823484
0.9949823731
0.9951058062
0.9952528869
0.9945696275
0.9940687513
0.9913200336
0.9357373537
0.01246609835
0.009083417502
0.008115930175
0.007842028817
0.007870954149
0.007849363296
0.007825789987
0.007803438671
0.007782533817
0.007763917459
0.007748767168
0.007735597829
0.007725247405
0.007716988153
0.007710595984
0.007705341909
0.007701216324
0.007697918704
0.00769540726
0.007693522569
0.007692250696
0.007690539224
0.008908159468
0.9283846547
0.9517532248
0.9979302228
0.9989060824
0.9990815723
0.9991590714
0.9991757596
0.9991481749
0.9991064466
0.9990689835
0.9990278764
0.9989646471
0.9988950768
0.9988322669
0.9987695211
0.9986955498
0.998613858
0.9985227171
0.9984168405
0.998302523
0.9981898086
0.9980835689
0.9979840282
0.9978929877
0.9978100702
0.9977339889
0.9976629584
0.997601902
0.9975629909
0.9975551158
0.9975765321
0.9976127183
0.9976408152
0.9976647312
0.9977132071
0.9977703812
0.9977843291
0.9977522972
0.9977101994
0.9976880399
0.9976848523
0.9976925964
0.9977040114
0.9977151151
0.9977233476
0.997725988
0.9977191636
0.9976971731
0.9976522729
0.9975758391
0.9974634761
0.9973279366
0.9972034151
0.9970903403
0.996902299
0.9966005712
0.9962698097
0.9958853448
0.9952400567
0.9940142172
0.9919666683
0.9893575953
0.9908089705
0.9924782971
0.9929525511
0.9939348166
0.9949318936
0.9956855646
0.9962740361
0.9967461926
0.997153179
0.9976591797
0.996706653
0.9950015152
0.994665009
0.9947935306
0.9950953271
0.9954042921
0.9956539602
0.9958032866
0.9958050584
0.9956183323
0.9953112507
0.9940834081
0.994221396
0.9951609401
0.9957865666
0.9959362558
0.9957354471
0.9955521497
0.9949286611
0.9950800564
0.9945007758
0.9941835867
0.9917713261
0.9496226599
0.01304020386
0.009294606459
0.008256761942
0.007917389116
0.00797656447
0.007936605107
0.007900125435
0.007864041921
0.007830958871
0.007803179195
0.007782178579
0.007763618441
0.007748822224
0.007735280361
0.007725002824
0.007716723179
0.007710487794
0.00770527698
0.007701303852
0.00769811872
0.007695795283
0.007694147008
0.007693449819
0.007694269413
0.008238105676
0.9053693706
0.04377711641
0.9986418012
0.9992491551
0.9993290481
0.9993551162
0.9993500809
0.9993172462
0.9992712566
0.999223263
0.9991723492
0.9991120116
0.9990464553
0.9989810321
0.9989143189
0.9988423977
0.9987654296
0.9986820971
0.998591724
0.9984986097
0.9984082053
0.9983239285
0.9982475425
0.9981806476
0.9981233607
0.9980751147
0.9980355405
0.9980069006
0.9979932229
0.9979959607
0.9980115994
0.9980316389
0.9980461101
0.9980560835
0.9980721151
0.9980898247
0.9980900254
0.9980668714
0.9980328109
0.9980010168
0.9979747691
0.9979535514
0.9979348851
0.9979163718
0.9978961269
0.9978722804
0.9978424512
0.9978035153
0.997752017
0.9976859811
0.9976091694
0.9975365739
0.9974883162
0.9974583475
0.9974063612
0.9973174159
0.9972148917
0.9970959348
0.9969252448
0.9966982728
0.9965005803
0.9964562351
0.9965023531
0.996825343
0.9969352561
0.9970354607
0.9972043296
0.9973652031
0.9974940843
0.9975762914
0.9975915526
0.9975247021
0.9973932678
0.9966929713
0.9962376071
0.995942056
0.9957955947
0.9957175598
0.9956367856
0.9954834335
0.9951905726
0.9947478664
0.9943553922
0.9943584147
0.9946236576
0.9951426075
0.9956667449
0.9958599425
0.9957105838
0.9958889432
0.9949445705
0.9945996456
0.9927637798
0.9630350115
0.01350590274
0.009454861321
0.008414611736
0.008048065322
0.008132216812
0.008073760682
0.008032531085
0.007968249745
0.007914468499
0.007865703455
0.007833608939
0.007804234445
0.00778388179
0.00776484239
0.007750789089
0.007735826165
0.007725576007
0.007717060063
0.007711099475
0.007705751798
0.007701962104
0.00769878619
0.007696652062
0.007695186488
0.007694984663
0.007696678212
0.007700755453
0.01880659808
0.9689408646
0.9991413118
0.9994793335
0.9995000169
0.9994940415
0.9994709221
0.9994335255
0.9993872453
0.999337045
0.9992835097
0.9992248504
0.9991624515
0.9990979977
0.9990311832
0.9989609503
0.9988874054
0.9988102377
0.9987301262
0.9986502042
0.9985741534
0.998504767
0.9984440243
0.9983933906
0.9983532767
0.9983234143
0.9983033908
0.9982934753
0.9982940001
0.9983036896
0.9983190611
0.9983348901
0.9983460874
0.9983522021
0.9983563722
0.9983565655
0.998345602
0.9983209631
0.9982868847
0.9982488267
0.9982094653
0.9981700587
0.9981305742
0.9980903917
0.9980488419
0.9980053775
0.9979595841
0.9979113327
0.99786135
0.9978124935
0.9977716319
0.9977501319
0.9977572313
0.9977860459
0.9978161009
0.9978388577
0.9978587052
0.9978726907
0.9978729145
0.9978618249
0.9978561468
0.9978669216
0.9978677926
0.9978285567
0.9977769927
0.9977241596
0.9976832091
0.9976462746
0.9975985734
0.9975250177
0.997410103
0.9972555471
0.9971100955
0.9969904153
0.9967540997
0.9964579569
0.9961942825
0.9959512281
0.9956998531
0.9954058626
0.9950480421
0.9946712401
0.9944394514
0.9944668093
0.9945826439
0.994693227
0.9948792482
0.9950001317
0.9951564214
0.995429393
0.993320712
0.9803391476
0.01499723998
0.009574814409
0.008291618685
0.008064992234
0.008231998265
0.008188854383
0.008135981211
0.008058549904
0.008002780546
0.007931565555
0.007887369243
0.007842713597
0.007814230019
0.007787422335
0.007769861954
0.007755392727
0.007742377598
0.007729150038
0.007720020238
0.007712811912
0.007707304675
0.007703151796
0.007699891105
0.007697631434
0.007695766262
0.007694698038
0.007694702792
0.007697225786
0.007700850843
0.01452474889
0.9897385525
0.9995180702
0.9996415976
0.9996176925
0.9995894523
0.9995552975
0.9995150266
0.9994699314
0.9994212224
0.9993689236
0.9993125945
0.9992528354
0.9991901914
0.9991245592
0.9990557965
0.998984264
0.9989104606
0.9988358139
0.9987631113
0.9986954947
0.9986356408
0.9985855904
0.9985466724
0.998519285
0.9985031216
0.9984974945
0.9985015703
0.9985139434
0.9985320041
0.9985520428
0.9985699988
0.9985826875
0.9985892222
0.9985898667
0.99858289
0.9985652803
0.9985363756
0.9984982781
0.9984536684
0.9984044688
0.998352094
0.9982972826
0.998240299
0.9981813061
0.9981207749
0.99805992
0.9980012414
0.9979492047
0.9979108391
0.9978954657
0.9979120199
0.9979629771
0.9980390815
0.9981251005
0.9982120588
0.9982963071
0.9983727642
0.9984365255
0.9984857038
0.9985188277
0.9985291711
0.9985021194
0.9984265229
0.9983126072
0.9981821628
0.9980389357
0.9978818597
0.9977105795
0.9975264557
0.9973402763
0.9971832073
0.9970991951
0.9970674079
0.9969682814
0.9967454844
0.9964566217
0.9961262754
0.9957645544
0.9953892316
0.9950467542
0.9948260762
0.994803908
0.9948900353
0.9948160059
0.9943214782
0.9931353154
0.9909122378
0.988760187
0.9899350815
0.02167222009
0.01169384953
0.009623536724
0.009015125958
0.00940036988
0.009890544012
0.01022364866
0.009748939917
0.01007115454
0.009434602994
0.00971296206
0.009472055666
0.009557043614
0.00925483372
0.009515023348
0.009209681799
0.009580481509
0.00931550963
0.009629197739
0.0092294836
0.009386032295
0.009136378935
0.009489066178
0.009243856713
0.009423838699
0.009289520164
0.009532176079
0.009430433162
0.009414947561
0.009835655314
0.009302919115
0.01175896537
0.9760337187
0.9991059289
0.9995376652
0.9993782174
0.9992823374
0.9992026711
0.9991229775
0.9990383894
0.998947401
0.9988486167
0.9987411646
0.9986261815
0.9985046384
0.9983764561
0.9982415387
0.9981007035
0.9979552426
0.9978083072
0.9976656534
0.9975338847
0.9974188584
0.9973250801
0.9972554048
0.9972106018
0.9971898372
0.9971913414
0.997212822
0.9972506839
0.9972989774
0.9973496808
0.9973944503
0.9974270821
0.9974455784
0.9974498914
0.9974368539
0.9974012308
0.9973417905
0.997261973
0.9971663695
0.9970584772
0.9969411866
0.9968163494
0.9966848802
0.9965473369
0.9964048793
0.9962605664
0.9961210541
0.9959985818
0.9959123392
0.99588676
0.9959432024
0.9960852223
0.9962898693
0.9965216458
0.9967562995
0.9969815317
0.9971856473
0.9973594204
0.9974986795
0.9975983608
0.9976427291
0.9976043248
0.9974603092
0.9972177005
0.996908409
0.9965463695
0.9961276019
0.9956520126
0.9951352925
0.9946343697
0.9942710046
0.9941663742
0.9942437679
0.9942190049
0.9939167868
0.9933695404
0.9926306768
0.9917528363
0.9908260533
0.9900412966
0.9896931642
0.9899520297
0.9905147989
0.9907221113
0.9898763225
0.9866614625
0.9749038762
0.9349168836
0.03673609234
0.03197689239
0.9708213479
0.02928308928
0.9621115452
0.0344978973
0.9523523446
0.0832603781
0.9374873942
0.1889035699
0.8954122463
0.1732794285
0.8376340597
0.2533135504
0.8384406198
0.2835640708
0.8271279912
0.372160918
0.7449870155
0.5841312202
0.6846534689
0.4453637897
0.7548584518
0.5017869867
0.6840531303
0.5347172719
0.6638526741
0.6304148888
0.583364678
0.6396664973
0.7629585699
0.4806846624
0.8407714185
0.06702612165
