0.9930122986
0.9947794504
0.9926418992
0.991352169
0.9901581374
0.9888920527
0.9874926683
0.985948077
0.9842748844
0.982493266
0.9806275194
0.9787207025
0.9768237613
0.974978337
0.973213111
0.9715487999
0.9700065519
0.9686103324
0.9673871364
0.9663641158
0.9655619836
0.964985996
0.9646164074
0.9644047956
0.9642797317
0.9641615093
0.9640205847
0.9638946352
0.9638223458
0.9638184058
0.9638932257
0.9640592037
0.9643226903
0.964674685
0.9650742399
0.9654197755
0.9655228988
0.9651486104
0.9641363759
0.9625039911
0.9604489311
0.9583017188
0.9564825241
0.9554395731
0.9555063895
0.9567394175
0.9588963731
0.9615598371
0.9642649481
0.9666330665
0.9684304492
0.9695395051
0.9699157623
0.9695371337
0.9686194963
0.9674626228
0.9662198386
0.9648963728
0.9634237893
0.9617205113
0.959733727
0.957432426
0.9547811677
0.9517406957
0.9482873354
0.944425079
0.940151818
0.9354111751
0.9300946029
0.9241103188
0.9175491368
0.9109820434
0.9056942019
0.9031127061
0.9033334083
0.9048517594
0.9061098039
0.9066060337
0.9068265338
0.907737528
0.9099633042
0.9130437961
0.91523009
0.9139736635
0.9057405393
0.8831133194
0.8252903178
0.6102444506
0.5587637632
0.6086483455
0.6325383589
0.6381390271
0.6391756618
0.6290370714
0.626659343
0.624536312
0.623402985
0.6234054543
0.6241509866
0.6248667164
0.6250837432
0.6253940692
0.6249599658
0.6240468378
0.6234080227
0.6226059029
0.6218422691
0.6212875868
0.6203130785
0.6185794634
0.6156878038
0.6113301284
0.605491053
0.5993678588
0.5920011006
0.5983209629
0.536220991
0.5553307489
0.4758463813
0.2807761826
0.4769448565
0.9913751769
0.9966953328
0.9960780381
0.99543277
0.9947976406
0.9941349429
0.9934190105
0.9926403019
0.9918032237
0.9909132686
0.9899771003
0.9890121594
0.9880417662
0.9870851896
0.9861567093
0.9852674934
0.9844290235
0.983654055
0.9829564647
0.9823508805
0.9818504039
0.9814634536
0.9811890742
0.9810121244
0.98090249
0.9808186977
0.9807407751
0.9806827789
0.9806567599
0.9806581287
0.9806849772
0.9807399991
0.9808277541
0.980951896
0.9811071969
0.9812612387
0.9813333363
0.9812096185
0.9808057696
0.9801188904
0.9792191951
0.9782221555
0.9772810741
0.9765781757
0.9762742644
0.9764347937
0.9770132001
0.9778949258
0.9789255413
0.9799364406
0.9807814397
0.9813923727
0.9817173329
0.9816556015
0.9812839101
0.9807791695
0.980223678
0.9796297763
0.9789785793
0.9782433736
0.9774078786
0.9764766777
0.9754498909
0.9743170643
0.973071636
0.9717186933
0.9702691355
0.9687165411
0.9670294872
0.9651599179
0.9630572597
0.9607398119
0.9584697736
0.9568029476
0.9559543925
0.9554975132
0.9549200481
0.9540559072
0.9530791446
0.9523708769
0.9522923716
0.9528523615
0.9535320666
0.9535141536
0.9519849151
0.9479418222
0.9401383571
0.9249832586
0.8908281605
0.3006300269
0.1299265726
0.1107994936
0.109696932
0.1066569939
0.1046444843
0.1035172325
0.1035032122
0.1039968072
0.1045941469
0.1051494909
0.1056379844
0.105920767
0.1059164545
0.1057327665
0.1055835081
0.1057410494
0.1064678894
0.1078446036
0.109785694
0.1120475231
0.1143861658
0.1169185534
0.1200332476
0.1239424766
0.1284605827
0.1336916337
0.1487078457
0.1906266033
0.174949718
0.2504485779
0.450151771
0.9857166477
0.9941258029
0.9948498513
0.9945506988
0.9939707044
0.9932978539
0.9925577611
0.9917540252
0.9908991822
0.989992893
0.9890296127
0.9880255306
0.9870072408
0.9859914434
0.9849883854
0.9840068626
0.983059017
0.9821597266
0.9813257231
0.9805765208
0.9799326048
0.9794134853
0.9790335982
0.9787926275
0.9786586304
0.978565483
0.9784844469
0.9784521855
0.9784684466
0.9785021732
0.9785317317
0.9785615603
0.9785974685
0.9786635558
0.9787920484
0.9789854733
0.9791493936
0.9791143857
0.9787657338
0.9781205886
0.9772561576
0.9762304824
0.9751167273
0.9740589165
0.9732178877
0.9726671312
0.9723833677
0.972338737
0.9725429439
0.9730401529
0.9736685447
0.974164522
0.9747050235
0.9749693515
0.9745850939
0.9741505557
0.9737577088
0.9733849059
0.9730060463
0.9725945809
0.9721786824
0.9717569148
0.9713795239
0.9710623641
0.970752354
0.9703894644
0.9699772555
0.9695595653
0.9691352886
0.9686349727
0.9679346378
0.9668313949
0.9651368471
0.9630291256
0.9611502771
0.9594262091
0.9573987188
0.9548920211
0.9520906447
0.9495591717
0.9479168197
0.9475247334
0.948106139
0.9490805271
0.9501619649
0.951266141
0.9520704008
0.9522019619
0.9522045564
0.9492578485
0.9239651069
0.1452263154
0.08862548048
0.08144352052
0.08120989928
0.0810745265
0.08110414275
0.08120191953
0.08133510348
0.08151311411
0.08173682645
0.08201043537
0.08231112378
0.08259929355
0.08290920907
0.08333294033
0.08392949262
0.08473703835
0.08575903592
0.08700934285
0.08849678358
0.09022049691
0.09222422697
0.09451013565
0.09710168628
0.1003465448
0.1049100596
0.1145192614
0.1432707394
0.3371264831
0.7604754506
0.9786942057
0.9909416303
0.9925441704
0.9929297064
0.9926102239
0.9920487112
0.9913510742
0.9905498637
0.9896908093
0.9887707959
0.9877589161
0.9866739444
0.9855605941
0.9844367904
0.9833062175
0.9821721508
0.9810460781
0.979945226
0.9788895027
0.9779061901
0.9770292094
0.9762986452
0.9757592893
0.975453755
0.9753718213
0.9753536403
0.9753439412
0.9754166942
0.9755773216
0.9757088739
0.9757997593
0.9758308137
0.9758240417
0.9758060759
0.9758876782
0.9761784899
0.9765774251
0.976758517
0.9765012208
0.9758670937
0.9749972971
0.9738834778
0.9724215761
0.9706719745
0.9688510149
0.9670187318
0.9650357897
0.9627000713
0.959934037
0.9574891142
0.95725128
0.9590438749
0.9594921323
0.960740215
0.9610069172
0.9604575668
0.9603662505
0.9605613575
0.9610115853
0.9615600184
0.9622217935
0.9630186361
0.9639137165
0.9650462679
0.9663506448
0.9675265388
0.9684570293
0.9692545319
0.9700510734
0.970823986
0.9714565401
0.9717353119
0.971193715
0.9690503289
0.9649453654
0.9613130141
0.9578342634
0.95391888
0.9492405972
0.9440536165
0.9399867155
0.9384443301
0.939346271
0.9417690572
0.9450273963
0.9489270606
0.9527225742
0.9552308472
0.9559100765
0.9567144712
0.957824818
0.949812562
0.8602325774
0.1145730033
0.08360724391
0.08083671473
0.08067256087
0.08077957415
0.08100765452
0.08127153687
0.08154231393
0.08184466812
0.08221901705
0.08267314776
0.08321569547
0.08383956074
0.08457318732
0.08547072305
0.08655396396
0.08783343613
0.08929708058
0.09093931496
0.09268393714
0.09449353945
0.09622818023
0.09779438231
0.09983339731
0.09780438768
0.1221639548
0.3779674978
0.742095817
0.9657634693
0.9852638763
0.9887125763
0.9904240708
0.9903749896
0.9901873321
0.9897045373
0.9889632561
0.9881542003
0.9872705865
0.986211675
0.9850033898
0.9837421994
0.9824514905
0.981125751
0.9797589793
0.9783601689
0.9769489026
0.9755420579
0.9741659899
0.972861163
0.9716932245
0.9707642855
0.9702325745
0.9702676387
0.9706685404
0.9709743549
0.9714439159
0.9719327933
0.9724698622
0.9726227612
0.9728473152
0.9727761679
0.9726466013
0.9724607873
0.9726432295
0.9732929725
0.9738605765
0.9738195351
0.9733516655
0.9728059585
0.9720649599
0.9707290139
0.9683659102
0.9651524899
0.9614550549
0.956958247
0.9507164445
0.9402260808
0.9198754256
0.8857704988
0.8707271528
0.8708919766
0.8613322442
0.8169334984
0.8314884659
0.8471054765
0.8640185118
0.8794577473
0.8924789899
0.9038942233
0.9132440506
0.9220378659
0.9304398192
0.9379728392
0.9447166353
0.9498431212
0.9536404116
0.9569728036
0.9602172311
0.9633387271
0.9663122648
0.9687954537
0.9693396406
0.9647553267
0.9576927628
0.9528633073
0.9494951295
0.9463404081
0.9408320648
0.9301814767
0.9229250436
0.9219382682
0.9255410109
0.9311403656
0.9380098567
0.9459448768
0.9524142638
0.9549041522
0.9553333712
0.956108344
0.958374084
0.957621848
0.9474688896
0.3856422185
0.1015366046
0.0818335386
0.0807428858
0.08082589959
0.08105983303
0.08143172016
0.08184514581
0.08226050692
0.08270590995
0.0832267357
0.08386366931
0.08462324318
0.08551932034
0.08654735554
0.08771593818
0.08899594578
0.0903230831
0.09163785465
0.09292659282
0.09413858425
0.09511159598
0.0960148119
0.09408063219
0.1119648518
0.6658768049
0.7837174053
0.4864073387
0.9593047838
0.9718657733
0.9836632097
0.9860456993
0.9865206123
0.9874192322
0.9870995977
0.9862095854
0.9855425007
0.9844996214
0.9831034572
0.9815981878
0.9800323919
0.9783994808
0.9766800123
0.9748674996
0.97298218
0.9710321617
0.9690244522
0.966937062
0.9647561007
0.9625685373
0.9606552165
0.9597206687
0.9607369749
0.9642668502
0.9653883209
0.9664014317
0.9672090187
0.9676459185
0.967716704
0.9678735777
0.9675272221
0.9670322047
0.9665902623
0.9670483405
0.9681960097
0.9689782935
0.9691795715
0.9698343945
0.9707092308
0.9711672459
0.9702419924
0.9659926695
0.9597486586
0.9538615767
0.9477649104
0.9403542135
0.9266955591
0.8970177842
0.7782524747
0.1852547045
0.1325072319
0.1128189329
0.1186194022
0.1159814481
0.1270663067
0.1388678537
0.1370360873
0.1261334825
0.1188220131
0.1158705652
0.1146337996
0.1158786064
0.1189797621
0.1233420931
0.1278040513
0.1330889102
0.1407464135
0.1528167119
0.1736504085
0.2186734332
0.3383498216
0.5694071318
0.8004403851
0.8453329006
0.8838822587
0.9092747869
0.9259178186
0.9206419365
0.9016014985
0.8842263034
0.8851333408
0.8913019279
0.8998578233
0.9152901902
0.9342140155
0.943576338
0.9519716718
0.9535920735
0.9562000462
0.9592226277
0.9628367045
0.9618219342
0.9410424236
0.1924240996
0.09593759205
0.08139629504
0.0808476633
0.08111064248
0.08148770145
0.08199204116
0.08256160458
0.08315056623
0.08378316535
0.08446984005
0.08527570913
0.08621491969
0.08729205984
0.08847513736
0.08972385295
0.09087818152
0.09185164914
0.09272290275
0.09328162712
0.09355949754
0.09203662488
0.1152108436
0.780342878
0.5381708178
0.1519990467
0.09190758528
0.1002542337
0.1781554733
0.8244510572
0.9660348403
0.977654721
0.9826126183
0.9828476458
0.9829438042
0.9831235982
0.9813299658
0.9793904313
0.9772621949
0.9750462696
0.9728465806
0.9704883479
0.9679534207
0.96520752
0.9623373043
0.9593222509
0.9557677453
0.9510562172
0.9446730215
0.9359401577
0.9258579812
0.9343258088
0.9438285117
0.942982681
0.9437824482
0.940723446
0.9404280439
0.9424962581
0.9370652919
0.9390471853
0.9407959848
0.9407863449
0.9437197407
0.9457786424
0.9460938802
0.9499393793
0.9558623794
0.9618936568
0.9674460543
0.9668171369
0.9600413087
0.9531883056
0.9483206248
0.9485277796
0.9494899556
0.9465325131
0.9421301857
0.9303516245
0.8963697069
0.1709780695
0.1241729263
0.119156511
0.1548059929
0.168783425
0.1500755841
0.1174763292
0.1076986329
0.1001894263
0.09555806326
0.09192092882
0.09011936695
0.08877733379
0.08792118689
0.08743361345
0.0870705158
0.08677693126
0.08662592972
0.08670144208
0.08744571527
0.08954170514
0.09168833596
0.09362676476
0.09836676161
0.1069094737
0.1303246063
0.2456123018
0.6537781802
0.7542677412
0.7861342052
0.8077029366
0.8225367191
0.8505681715
0.8762566341
0.8720412754
0.9227144702
0.9485384262
0.9567829421
0.9591607713
0.96131211
0.9634838388
0.9642535349
0.9575255426
0.9307361485
0.1618749535
0.09394855901
0.08127522028
0.08116043887
0.08160685391
0.08215703479
0.08278171308
0.08348560832
0.08422058074
0.0850510774
0.08589481842
0.08682089865
0.08783966228
0.08895101978
0.0900599087
0.09097038432
0.09151799737
0.09176983109
0.09155216653
0.09152461998
0.1319791083
0.8394186922
0.5082722007
0.1429439104
0.08015648083
0.08017008202
0.08083727
0.08470758069
0.09654787633
0.1349320947
0.4250400725
0.9999987659
0.9673786748
0.9774698818
0.9790210467
0.9776456646
0.9746313129
0.970906441
0.9674629564
0.9650755328
0.9621714504
0.9584086264
0.9540835902
0.9500310798
0.9467600167
0.9428740195
0.9357495622
0.9239610906
0.8990257581
0.8547369218
0.3303462677
0.1741465252
0.1359186873
0.1224635762
0.1163136454
0.1194840021
0.1273000403
0.1325944339
0.1371284927
0.1909470867
0.3489277395
0.3952371978
0.2033291264
0.140718477
0.1375082094
0.1525425606
0.2019211784
0.3721563859
0.841413263
0.917708814
0.9252423726
0.936907202
0.9483741125
0.9528704021
0.949104536
0.9462925706
0.9447526922
0.9392850624
0.9171086491
0.1962450129
0.1314670898
0.1668364425
0.1261712123
0.1090941554
0.0996202876
0.09494618558
0.09226552312
0.09057985982
0.09013717144
0.08938813423
0.08876523578
0.08825225434
0.08793689145
0.08754619955
0.08709577633
0.08661984789
0.08608640739
0.085460535
0.08474486496
0.0841531234
0.08407424768
0.08442011682
0.08586928999
0.09063976779
0.1148682069
0.2365927942
0.7283225177
0.8191950122
0.8563817021
0.8658028922
0.8335757721
0.1780596547
0.1175393318
0.1983093194
0.9199396626
0.9518367163
0.9615958605
0.962832287
0.9629397605
0.9631009973
0.9624456348
0.9536333753
0.9215469141
0.1504076666
0.09218131698
0.08131506679
0.08169274054
0.08232626852
0.08304890026
0.0837735186
0.08458782803
0.08547506637
0.08640645642
0.08729090996
0.088240285
0.08919120127
0.08994114706
0.09028940865
0.09019415024
0.08954771468
0.09154547843
0.1708557443
0.8816551816
0.5302445851
0.1423148629
0.0791911061
0.08004049219
0.08028774504
0.08062239271
0.08082519048
0.0811120046
0.08335633496
0.09144894596
0.1073824898
0.1949002182
0.9153000393
0.9625998329
0.9675348477
0.9664371513
0.958978954
0.9524895769
0.9569785397
0.9529168329
0.9464358963
0.9380411274
0.9317723923
0.9333368834
0.9399344418
0.9381482165
0.9380771501
0.937151379
0.9386706188
0.9246981068
0.8698695115
0.3680421608
0.1365589665
0.1049189452
0.1011444619
0.1064028543
0.1239365532
0.3819916217
0.6653311484
0.6312438588
0.2078337352
0.1067208702
0.09269018277
0.08906344307
0.08834624813
0.09016584676
0.09758363352
0.1191857094
0.2529799503
0.8226133785
0.9039560993
0.9355443054
0.9444940077
0.9452103312
0.9448250901
0.9497036904
0.9572899859
0.9548385767
0.9170751707
0.1769946083
0.110287031
0.106789877
0.09885058861
0.09436892638
0.09141617326
0.08994778971
0.08848441493
0.0882621241
0.08830685868
0.08768550112
0.08714485577
0.0867444094
0.08643752329
0.08622464182
0.08608144285
0.08597208747
0.08579422086
0.08537744501
0.08504670053
0.08494088554
0.08510649796
0.08962799612
0.125904002
0.7007040413
0.8687189679
0.8732825068
0.8838027243
0.8607591791
0.3778327039
0.1079996259
0.08742490673
0.08494780261
0.09568383153
0.1608819208
0.9265673579
0.9576776585
0.9624258663
0.9618339869
0.9616477802
0.9611328608
0.9598112221
0.9491837822
0.907828905
0.1388313977
0.09030015113
0.0816885951
0.08254593073
0.08329792447
0.08408041102
0.08486769352
0.08575159934
0.08665794308
0.08755505247
0.08836321141
0.08892896397
0.08903726898
0.08861888276
0.08753100733
0.09126624879
0.26453394
0.8984262523
0.5587886791
0.1421425478
0.07891407368
0.07971077173
0.08001495049
0.08032638249
0.08058129162
0.0807747924
0.08107406577
0.08138863155
0.08143987473
0.08185006632
0.08732156052
0.106281069
0.1938405837
0.9340861886
0.9494405966
0.9309267267
0.9228103569
0.9468431355
0.9451573145
0.9335100836
0.911241347
0.8875905839
0.9130586012
0.9383974454
0.9419634606
0.9488194632
0.948708497
0.951438327
0.9486409155
0.9492011562
0.9427678616
0.8983328576
0.8117885782
0.3590031761
0.2040287152
0.2659501415
0.6174837575
0.302395683
0.1102876139
0.09469543835
0.0923773689
0.08989446806
0.08783123061
0.08716608304
0.08782929672
0.09644623024
0.3541612698
0.8014427783
0.7011761211
0.5460056247
0.5659776019
0.9181722006
0.9291265174
0.9412773431
0.9532454182
0.9603447092
0.9609337113
0.9529172447
0.3936444181
0.1047168298
0.09398352475
0.09151998445
0.09017256303
0.08921051749
0.08853498426
0.08802682676
0.08736262218
0.08728158103
0.08692899907
0.08642070752
0.08609720702
0.08593912804
0.08585189667
0.08587000822
0.08589325898
0.08561500401
0.08515771812
0.0846618471
0.08503043032
0.09653899178
0.2578909914
0.8851049964
0.8842757528
0.8791437186
0.8527912363
0.4888635209
0.1107300209
0.08888947936
0.08645295241
0.08580830661
0.0841404007
0.08294290689
0.09542449481
0.2141033188
0.9364357194
0.9556454072
0.9592203169
0.9592768486
0.9592433984
0.9583324742
0.9562460854
0.9434486019
0.8869026522
0.1288043193
0.08942755503
0.0824556406
0.08353956144
0.08429464272
0.08507832919
0.08584512707
0.08674064876
0.08753513136
0.08792018735
0.08787858078
0.08721628709
0.08585973653
0.09175449912
0.3834693231
0.9025765445
0.5921560071
0.1420716559
0.07878329889
0.07948946224
0.07976827906
0.080070543
0.08032748434
0.08053702132
0.08076046591
0.08096814203
0.08111134748
0.081231447
0.0811404642
0.08093235611
0.08133586311
0.09464330547
0.1936475861
0.9227957906
0.8803764142
0.294740648
0.910712204
0.927684615
0.9256837998
0.8854695789
0.7455194726
0.5647330792
0.893944486
0.9315238328
0.944510586
0.9457651316
0.950005663
0.9509496625
0.9517026313
0.9467527769
0.9403648828
0.9418746854
0.938528776
0.9040595515
0.8054367173
0.2225130406
0.111047735
0.09376304398
0.09134581964
0.08959044314
0.08814359065
0.08696703118
0.08870386504
0.1036374626
0.5607752413
0.7958236516
0.562277246
0.1300226015
0.1159030254
0.1383977893
0.2283310313
0.8554041181
0.9253900861
0.9503269463
0.9569353886
0.961184889
0.9592811606
0.9061969265
0.1178759108
0.08918744008
0.08976421084
0.08905103301
0.08834147421
0.08780761834
0.08733234876
0.08683214518
0.08650716361
0.0863365633
0.08602441233
0.08579769556
0.08560956894
0.08561607813
0.08577269651
0.08567347031
0.08517940956
0.08470941285
0.08970697399
0.1274905832
0.8406537294
0.9127899803
0.9045752037
0.8587351814
0.6143748998
0.1119920552
0.08927611624
0.08447056384
0.08414866612
0.08386722078
0.08486077028
0.0849307564
0.08333188606
0.08291090837
0.1026769044
0.6633703208
0.9369823199
0.9529535126
0.9565303976
0.9568174513
0.9562854659
0.9551319665
0.9528228197
0.9392179562
0.8596505786
0.124238395
0.08979570627
0.08322880066
0.08433775864
0.08503067228
0.08588728041
0.0866747484
0.08695681101
0.08688697336
0.0862167707
0.08476911477
0.09316626261
0.4727133026
0.9050878014
0.6259439269
0.1420298666
0.07870527819
0.07933624014
0.07958218808
0.07985930915
0.08011260603
0.08033185977
0.08053874557
0.08071450021
0.08084323529
0.08099927762
0.0810949331
0.08098561229
0.08084965388
0.0808931865
0.08231159164
0.119720684
0.8977398626
0.8641105579
0.119048913
0.1431490925
0.8856232466
0.9290371587
0.9104363879
0.7896836035
0.1439034161
0.1267710791
0.1889468846
0.758156562
0.8981708983
0.9351734248
0.9411914886
0.941844355
0.9395853516
0.9411741948
0.9488933364
0.9491169602
0.9388921284
0.9188105522
0.6304344971
0.1191305164
0.08984772894
0.08769631526
0.0869624005
0.08671764281
0.09146707392
0.1470752576
0.7273940007
0.8048782763
0.2619862696
0.1163225549
0.1006298493
0.1062980141
0.1561112934
0.6079233906
0.7262946828
0.8890727983
0.9385921523
0.9521797291
0.9583242063
0.9582186429
0.9434231303
0.1935006109
0.09363662932
0.08808134817
0.08785921822
0.08760092839
0.08717517169
0.08669541026
0.08627276757
0.08592342826
0.08583025616
0.08566875205
0.08541238543
0.08530938238
0.08538068883
0.08532486504
0.08470176766
0.08540170013
0.104276598
0.5624996355
0.9152169809
0.9232969849
0.8866508731
0.7300273832
0.1135100832
0.08959696917
0.08424981606
0.08416879228
0.08385643426
0.08319679841
0.0826619244
0.08265484231
0.08296907378
0.08298309577
0.08175899639
0.08589775695
0.116983809
0.860535136
0.9412805425
0.9539575052
0.9547892317
0.9539529063
0.9531900787
0.9526954923
0.9508489595
0.936453255
0.8454242763
0.1255660966
0.09234760429
0.08425064859
0.0842648297
0.08567596262
0.08638275907
0.0862645686
0.08611387522
0.08470166382
0.09476194858
0.5613951107
0.9061388405
0.6691144003
0.1419984139
0.07865111959
0.07922470881
0.07944438145
0.07969661173
0.07994070147
0.08016358313
0.08036818411
0.08054218974
0.08067691123
0.08081582948
0.08096706631
0.08102958641
0.08095028184
0.08086450419
0.08094180572
0.0812556423
0.107060483
0.8990833399
0.8594298568
0.09817503046
0.09494497586
0.234685937
0.9151198489
0.9259348971
0.9126008848
0.2855724415
0.1008753849
0.09416424725
0.1019366381
0.1414025958
0.5946629279
0.8745589657
0.9108309008
0.9225397992
0.9358268843
0.9464729025
0.9478729423
0.9462461045
0.945271876
0.9287145476
0.3151299126
0.1028695971
0.0875530632
0.08752244134
0.1001402212
0.3110123263
0.8328951165
0.6607486493
0.1465402574
0.1043042063
0.09999897465
0.1128600589
0.35178369
0.8283270855
0.7668882517
0.1622764982
0.2087944518
0.9073656203
0.9477543752
0.9576258478
0.9615491238
0.9590045139
0.840414322
0.1055108862
0.08663816047
0.08751062185
0.08712064398
0.08667956585
0.08621461293
0.08576118575
0.08555431039
0.08547223636
0.08530483669
0.08509175424
0.08500764674
0.08477999605
0.08393277342
0.09224450406
0.1702098893
0.9102945447
0.9371484129
0.9166818884
0.7898343816
0.1180958036
0.08986579313
0.08347809301
0.0834494086
0.08352017408
0.08340357558
0.08307943964
0.0827853904
0.08239323775
0.08212264025
0.08201995668
0.08172985257
0.08160576183
0.08197129518
0.08991536919
0.1367363948
0.9062163135
0.9469878583
0.9523277212
0.9512037796
0.9504075218
0.9494247751
0.9491833171
0.9481306057
0.9335741659
0.8740913267
0.1623787701
0.1033095571
0.09128734957
0.08744904279
0.08620112917
0.08701390673
0.08676495852
0.09745931587
0.6377021637
0.9023832058
0.7165344607
0.1419734211
0.07861060901
0.07914095721
0.07934173529
0.07957432906
0.07980837661
0.08003167734
0.08023868055
0.08042062887
0.08057325574
0.08071123162
0.08085511676
0.0809934091
0.08106106277
0.08103815082
0.08102958602
0.08104080579
0.08100525887
0.10676271
0.89927547
0.8610851828
0.1003173767
0.08455171094
0.1075604998
0.781692026
0.9269189196
0.9336981878
0.8758297882
0.1477552301
0.09660054683
0.09127387289
0.1003038196
0.1235045881
0.2408543218
0.7568704537
0.8725067666
0.91444263
0.930105623
0.937092687
0.9410344771
0.9456408204
0.9403922623
0.8984583369
0.1718384626
0.1078569875
0.1212480486
0.5990600415
0.8331727121
0.4750689707
0.1144034695
0.1003766024
0.1037073498
0.1575042111
0.7576694258
0.8414307673
0.2341881395
0.1070832523
0.08825545807
0.1024598052
0.7855261466
0.9432782656
0.9569030074
0.9619835026
0.9609931324
0.9343200681
0.1561104133
0.09055184553
0.08658539601
0.08651397721
0.08614178205
0.08575716719
0.08540582093
0.08519624191
0.08498231155
0.0846530241
0.08435760589
0.08406975977
0.08752058416
0.1204397061
0.868302795
0.9401425281
0.9382130092
0.8710833474
0.1248941639
0.09017971815
0.08285800303
0.08242398303
0.08269398548
0.08288665131
0.08289946883
0.08279025069
0.08261453751
0.08245618471
0.08232699648
0.0820833872
0.08181889769
0.08147890302
0.08129661381
0.08129148427
0.08179285878
0.09561177003
0.2870127639
0.9197026955
0.9429524992
0.9469666056
0.9450479977
0.9427681667
0.9412476228
0.9414788952
0.9419210787
0.9369575519
0.9092668132
0.7424686074
0.2142353027
0.1261366241
0.1117182586
0.1106973895
0.1149333753
0.7179991281
0.8957221176
0.7645754694
0.1419537539
0.07857947239
0.07907720926
0.07926496339
0.0794834606
0.07970935613
0.07993239113
0.08014474394
0.08033818887
0.08051138221
0.08066863609
0.08081435001
0.080964968
0.08111382019
0.08121144242
0.08124554761
0.08122423773
0.08110308754
0.08098052207
0.1054863267
0.8958059494
0.8668892649
0.1018356294
0.08352695765
0.08846495324
0.1368814899
0.8743094245
0.9250952276
0.9163006255
0.8044637576
0.145891901
0.1132824281
0.1208132462
0.2910836089
0.5321842065
0.6655992608
0.7597715063
0.7830568886
0.8788666707
0.9194805321
0.9319530895
0.9353032088
0.9332765607
0.9149926876
0.8419363376
0.5500697438
0.7366774059
0.8003951861
0.2375240686
0.1135162963
0.1034210965
0.1224151797
0.5078452117
0.8611133068
0.5699357698
0.1106680908
0.08947076284
0.08543479351
0.08342684537
0.08794534093
0.1435487571
0.9191157037
0.952427151
0.9609878507
0.9621115353
0.9582568754
0.6549985475
0.1023148564
0.08553169276
0.0860998572
0.08566013202
0.08537535012
0.08498165409
0.08454494103
0.08406220368
0.0836039165
0.08481676514
0.1081152343
0.6845755035
0.9342202229
0.9439465999
0.9126595656
0.1617776656
0.09252439479
0.08252087293
0.08232498957
0.08231143943
0.08240023824
0.08247848572
0.08254595017
0.08251712321
0.0824637685
0.08232442122
0.08219269737
0.08204421781
0.0818684022
0.08164862389
0.08141157067
0.08117667241
0.08098738368
0.080909288
0.08347465283
0.1039740031
0.7070931472
0.9238599304
0.9401773322
0.9384203684
0.931591825
0.9252959695
0.9234492905
0.9260913096
0.9295874177
0.9217203359
0.920094777
0.9026098974
0.8245548653
0.6549828804
0.4889653635
0.822685245
0.8944888035
0.7983429312
0.1419382349
0.07855548124
0.07902861083
0.07920752332
0.07941641514
0.07963656173
0.07985978647
0.0800783998
0.08028502877
0.08047718571
0.08065736796
0.08082492428
0.08098239853
0.081150986
0.08131462886
0.08142956214
0.08145134321
0.08135297928
0.08116639928
0.08093976602
0.1033963691
0.8905666661
0.872827253
0.1024447675
0.08356840349
0.08328352031
0.09459155788
0.4909890914
0.8898672241
0.9094665062
0.8764061598
0.7504467641
0.3714399382
0.3690362993
0.7027307544
0.7573744352
0.7265652836
0.6432121306
0.4425711249
0.5071488858
0.8824579364
0.9200896788
0.9224031309
0.9170484923
0.9121487662
0.8924326059
0.8620267172
0.6653863106
0.1964400557
0.1160212564
0.1207621448
0.236065646
0.8228241397
0.7936913504
0.1457018489
0.09187527957
0.08523586976
0.08411229159
0.08328218837
0.08267674484
0.08238887944
0.1007184709
0.8234296751
0.9484829085
0.9591616827
0.9633598711
0.9623593785
0.9292369903
0.1452678818
0.0898984808
0.08537786193
0.08528065626
0.08490246524
0.0841629619
0.08358296658
0.08308982349
0.09519309023
0.2268708974
0.9339040159
0.9455465284
0.9276351444
0.4628304201
0.099720488
0.08289335807
0.08211129052
0.08230121713
0.08230899153
0.0822952573
0.08229115611
0.08233092825
0.08233660561
0.08230930561
0.08221686137
0.08208113395
0.08191334526
0.08173790955
0.08154955984
0.08139779306
0.0812595574
0.08113311923
0.0809842287
0.08086009174
0.08092105834
0.08686804272
0.1205945227
0.8561839896
0.9305916643
0.9312773672
0.9151814776
0.9020368663
0.8950228489
0.8918444394
0.8877317802
0.8818427737
0.8781576877
0.8468939153
0.822737768
0.8323905137
0.8720117536
0.8958928715
0.8064596536
0.1419259282
0.0785371519
0.07899181647
0.07916474558
0.079367295
0.07958388178
0.07980780579
0.08003256254
0.08025170461
0.08046191216
0.08066267909
0.08085452699
0.08103469892
0.08120852867
0.0813831701
0.08153997244
0.08161998598
0.08157490393
0.0814023291
0.08117052279
0.08083786834
0.1020227194
0.8840796807
0.8789934989
0.1039468131
0.08371242612
0.08355548856
0.08602625172
0.1083706427
0.7619474219
0.8612570463
0.8583174115
0.8233639275
0.7958628115
0.7683689604
0.7546608716
0.7268335516
0.4649758206
0.3992167434
0.3049261103
0.3235346136
0.741846165
0.9044693859
0.9120887257
0.9158585338
0.9215643639
0.9149997418
0.868721264
0.5994880033
0.1907897479
0.2009836359
0.6778891018
0.8518703007
0.3775626422
0.0993255288
0.0855054532
0.08415827638
0.08362835734
0.08309099853
0.08271677688
0.08235519832
0.08169475761
0.08786416966
0.1579256149
0.9277189934
0.9535682089
0.9610334214
0.9601659935
0.9511917996
0.6805980302
0.1075785242
0.08523567385
0.08483843561
0.0839670024
0.08326630526
0.08960971473
0.1272543329
0.9056704368
0.9487186102
0.9360194493
0.7666481002
0.1074616625
0.08475122778
0.08179052666
0.0818815667
0.08213132206
0.08219010897
0.08218254151
0.08217718422
0.08219348791
0.08219531709
0.08216645086
0.08207733977
0.08197243599
0.08181939861
0.08165784815
0.08149095742
0.08135315121
0.08125247658
0.08116627954
0.08108092348
0.08098285801
0.08087015775
0.08080952316
0.08149733408
0.09388691771
0.3678881418
0.9124049794
0.9168715169
0.8967145563
0.8773744789
0.8649169247
0.8569882121
0.8471078118
0.8305208903
0.797904254
0.7869067865
0.8244072168
0.8832250277
0.8903643408
0.7750724637
0.1419168601
0.07852338369
0.07896428864
0.07913331177
0.07933171821
0.07954625508
0.07977138769
0.0800011821
0.08023046133
0.08045558114
0.08067318189
0.08088440874
0.08108405382
0.08127214627
0.08144401776
0.08159814786
0.08170517585
0.08171612514
0.08159684484
0.08136929311
0.08110050917
0.08073888971
0.1007129535
0.8763537082
0.8858143134
0.1070039309
0.08449628624
0.08483824401
0.08484626426
0.09758271865
0.4547949835
0.7903873423
0.8444970487
0.8710084763
0.8552279726
0.7771157362
0.5818149427
0.4369802469
0.2722494638
0.2606378479
0.2821859375
0.2582343275
0.6197226413
0.8685655313
0.9019801911
0.9145024733
0.9154158543
0.8959263864
0.871073789
0.808879109
0.6250221124
0.8302126397
0.6879879909
0.1190809266
0.0884956855
0.08418081383
0.08377213464
0.08331102083
0.08302460367
0.08273207001
0.08251723413
0.08209797772
0.08165408943
0.08258189641
0.1026094982
0.8424818498
0.9500458219
0.9574313072
0.9578185976
0.9554693584
0.93392826
0.2024771922
0.1010327807
0.0850244404
0.09009040954
0.1177531996
0.8032257732
0.9403160186
0.9461509418
0.8822704852
0.1174710301
0.08615672723
0.08140338722
0.08171938396
0.08187158414
0.08207166859
0.08211441404
0.08209484709
0.08207542876
0.08208463366
0.08206662989
0.08203771594
0.08195458848
0.08186860995
0.08174356921
0.0815995862
0.08145496396
0.0813341177
0.08124505877
0.08118622918
0.08111909658
0.08105548053
0.08099024355
0.08092618291
0.08094056459
0.08122680935
0.08567667238
0.1200896521
0.8502642956
0.8946314057
0.8725556029
0.8566504682
0.8566060927
0.8595707627
0.860733341
0.8561231988
0.8561183601
0.8629655622
0.8904608018
0.8748451734
0.6801523415
0.1419100482
0.07851333597
0.0789441865
0.07911064497
0.07930663665
0.07952007514
0.07974646017
0.07998024966
0.08021667981
0.08045201178
0.08068278377
0.08090601342
0.08111980648
0.0813187163
0.08149461771
0.08164113521
0.08174399809
0.08178207228
0.0817224674
0.08155606047
0.08131857006
0.08103007952
0.08072164358
0.0995247845
0.8675624672
0.891957459
0.1135410729
0.08610000347
0.08709908519
0.09360848693
0.1230417613
0.5670069435
0.8174055576
0.8797344383
0.8791017303
0.8229745478
0.6304561061
0.3491920133
0.2758352362
0.2332671657
0.2513514787
0.2473393746
0.2772130501
0.5283699511
0.8231974968
0.8853567211
0.8985350661
0.8943170405
0.897685084
0.9034218043
0.8596908348
0.7650748986
0.2316816615
0.09614560202
0.0849622885
0.08402779413
0.08373240181
0.08336398023
0.08296117283
0.08271884869
0.08237034114
0.08214151318
0.0817949991
0.08173684063
0.08170229994
0.08925685374
0.3213032425
0.9378261943
0.9477740535
0.9477457839
0.9494688324
0.9448775977
0.9156652779
0.1736201321
0.1278419015
0.6659510132
0.9279735289
0.9459555328
0.9269840719
0.1669733896
0.09139603656
0.08141419084
0.08163747341
0.08182469121
0.08198161052
0.08204142895
0.0820360338
0.08200802487
0.08198654269
0.08198280726
0.0819676881
0.08190862906
0.081860944
0.08177428961
0.08166045953
0.08154872914
0.08143030302
0.08132863278
0.08124940743
0.08119567331
0.08115657615
0.08111475561
0.08109398686
0.08108679262
0.08112937296
0.08120448076
0.08167218671
0.08350665147
0.1020439643
0.7681118199
0.8643356166
0.8487529282
0.8619047134
0.8791889594
0.8931038756
0.9021639746
0.9060491049
0.896618932
0.8910874261
0.8305864132
0.5232740556
0.1419054704
0.0785063636
0.07893016229
0.07909506161
0.0792898041
0.07950295488
0.0797302771
0.07996667512
0.08020739345
0.08044802854
0.08068544483
0.08091532826
0.08113418155
0.0813379734
0.08151707908
0.08166522584
0.08176528142
0.08181003872
0.08178506654
0.08168489091
0.08150792375
0.08125840617
0.08101326242
0.08088788902
0.09856718304
0.8588884962
0.8938736514
0.1397387529
0.09372813149
0.1140853654
0.3320097911
0.7083618887
0.8056151199
0.8545369243
0.8496699012
0.8000180615
0.6837979098
0.4607244868
0.2625908466
0.2277668134
0.2239302053
0.225820143
0.2907906554
0.3982010862
0.6547175878
0.8075317771
0.8646509571
0.8879145672
0.9100779518
0.9254348048
0.915087568
0.7765616453
0.1146233457
0.08783718213
0.08444418542
0.08392961949
0.0836364557
0.08331065769
0.0829634008
0.08265658549
0.08251128823
0.08221567578
0.0819858522
0.08193546555
0.08201835541
0.08205203578
0.08472890346
0.1195779241
0.8918788362
0.9263668694
0.9243516592
0.928957281
0.9367780503
0.9334857991
0.9158658521
0.9208187037
0.9347991882
0.9307232518
0.5592980409
0.1028637658
0.08268007412
0.08180666537
0.08187025154
0.08199204495
0.08201448845
0.08201624134
0.08197879235
0.08195649039
0.08191962624
0.08189906469
0.08185179618
0.08183288158
0.08176404481
0.08169754571
0.08160156805
0.0815102623
0.08141254738
0.08132604338
0.08125364533
0.08120533423
0.08117603538
0.08116537899
0.08116528314
0.0811883629
0.08126440075
0.0813573981
0.08159223481
0.08242534644
0.08393373115
0.1048684413
0.7217282168
0.84157935
0.8726312576
0.8983037457
0.9154985671
0.926634431
0.9310275197
0.9190051432
0.887784663
0.7264875936
0.4439011884
0.1419026564
0.07850199052
0.07892123472
0.07908547865
0.07927995555
0.07949345626
0.07972158628
0.07995898056
0.08020096257
0.08044264211
0.0806802956
0.08091007748
0.08112787576
0.08132950882
0.0815091951
0.08165876028
0.08176519378
0.08182256022
0.08182550626
0.08176883422
0.08163211078
0.08145595188
0.0812988928
0.08135848932
0.08181630516
0.101479621
0.8563657588
0.8814356278
0.3084066231
0.2810749906
0.7164751958
0.8123983771
0.8107098573
0.7969767334
0.7370942434
0.7165994253
0.6763153726
0.6200490467
0.4345225403
0.2851998485
0.2291571025
0.236803806
0.3154799997
0.5151789474
0.7052754753
0.7734822054
0.8208117015
0.862212824
0.8985266924
0.9165482182
0.9152584925
0.8930054346
0.1942346569
0.08649427407
0.08388178082
0.08364531516
0.0834444634
0.08317881683
0.08294041863
0.08271701302
0.08252002457
0.08230360375
0.08212173063
0.08205663091
0.08211994433
0.08236951845
0.08286783919
0.08341410797
0.1041298305
0.8224042773
0.8923263001
0.9006864755
0.9254358292
0.9476360857
0.958540943
0.9552710673
0.9358340206
0.8450255372
0.12786048
0.08740954054
0.0823424459
0.08194840133
0.08191915818
0.08196769106
0.0819212474
0.08192018372
0.08189204058
0.08183988452
0.0818342907
0.08179872962
0.08178840142
0.0817476778
0.08170898881
0.08163371214
0.08156645439
0.08147961474
0.0813989572
0.08132697825
0.0812616128
0.08121700024
0.08118789767
0.08118134692
0.08120020167
0.08123736822
0.08135512669
0.08145293136
0.08166512388
0.08236425052
0.08440021984
0.09868225209
0.2231592376
0.8231490719
0.8829251908
0.9083227513
0.9231386142
0.9332770801
0.9375368371
0.9272380809
0.8890387444
0.6226050548
0.4435244187
0.1419009922
0.07849991705
0.07891686704
0.07908135801
0.07927666169
0.07949111783
0.07971995457
0.07995711176
0.08019719079
0.08043563682
0.08066784281
0.08089042149
0.08110112581
0.08129515656
0.08146980989
0.08161865824
0.08173148841
0.08180386485
0.08183120185
0.08179046487
0.08167005888
0.08153931165
0.08150609407
0.08178459057
0.08223460447
0.08315945978
0.1160623823
0.7955618492
0.8358007432
0.8060122558
0.8353953472
0.8387794257
0.7938897077
0.7024175688
0.403563934
0.4870253413
0.6384371821
0.598739453
0.5727334914
0.4429028618
0.2653978951
0.2617940413
0.4407799239
0.6958679792
0.7811093436
0.7900020841
0.800569513
0.8251430547
0.859803804
0.878870651
0.8797059685
0.8910247503
0.847804677
0.1053473431
0.08365739161
0.08317574187
0.08310735223
0.08300349985
0.08281371966
0.08270153419
0.0825254126
0.08237773024
0.08222445004
0.08215252163
0.08217322539
0.08238215616
0.08286681197
0.08354675852
0.0842521914
0.1107811696
0.7824066158
0.8848565267
0.927001038
0.9533795842
0.9664924533
0.9668389613
0.9497462319
0.5470361269
0.09708051844
0.08309873229
0.08238516786
0.08200223818
0.08189384253
0.08183961947
0.08183101616
0.08181492581
0.08176205661
0.08181006448
0.08174950159
0.08176573774
0.08172793518
0.08169203791
0.08165235133
0.08160088625
0.08152621981
0.08146764045
0.08139585097
0.08133063724
0.08127159698
0.08122266394
0.08119401623
0.08118212539
0.08119827484
0.08120297953
0.08131726052
0.08135534568
0.08152340453
0.08346401636
0.09624549441
0.1473205074
0.7728915618
0.8472919829
0.8872513866
0.9048764168
0.9147172926
0.9238754904
0.9294972518
0.9215079837
0.894605871
0.713657316
0.4588713328
0.1419016335
0.07849999795
0.07891684791
0.07908271132
0.07928010576
0.07949653763
0.07972617179
0.07996199208
0.08019794932
0.08042908
0.08065111237
0.0808611527
0.08105943288
0.08124181415
0.08140782069
0.08155179669
0.081664461
0.08174529059
0.08177593414
0.0817515501
0.08168414967
0.08161456655
0.08169208636
0.08202712459
0.08247970811
0.08897441573
0.1139073733
0.687127618
0.885292521
0.9042519322
0.8832919597
0.8213208216
0.6635163248
0.2757077057
0.1681525168
0.2404792136
0.489577247
0.7214974114
0.5686133684
0.5538539911
0.3931707494
0.4740597699
0.7147901727
0.8112959035
0.8243153335
0.8195647429
0.8237331222
0.8179840917
0.8056812225
0.7873079906
0.8164594321
0.8521288702
0.8817425725
0.5521384561
0.08915325809
0.08276700564
0.08270959561
0.08272497012
0.08267301755
0.08261314788
0.08252432897
0.08237571853
0.08227193099
0.08219665559
0.08216106998
0.08235285282
0.08284091363
0.08355212515
0.08831601221
0.1082047051
0.4420907947
0.8780184079
0.9233918595
0.9469199986
0.9610247822
0.9635340761
0.9512358271
0.9107034742
0.115326548
0.08272393297
0.08215164252
0.08185070792
0.08175540448
0.08171748225
0.08167611888
0.08168277859
0.08169687188
0.08165914719
0.08169437085
0.08166234181
0.08166754939
0.08164453146
0.08160839877
0.08156040135
0.08151900371
0.08145335903
0.08139523544
0.08133253119
0.08127729445
0.08123153368
0.08118858045
0.08115334518
0.08115864588
0.08105482359
0.08108352813
0.08102577771
0.08493501658
0.1003631076
0.1829725837
0.8292159542
0.8734679532
0.8732805176
0.8771235711
0.888744391
0.890376016
0.8949737528
0.9055819139
0.9037719008
0.8920235042
0.8280548807
0.5275618689
0.1419033877
0.07850225469
0.07892141156
0.07909016542
0.07929133749
0.07951109326
0.07974223039
0.07997602023
0.0802058778
0.0804276558
0.08063582063
0.08083002138
0.08101292667
0.08118046357
0.08133544858
0.08146795501
0.08156507384
0.08162383706
0.08163219816
0.08164356258
0.08163437708
0.0816635489
0.08171085449
0.08325084141
0.09145234744
0.1209659135
0.6913411217
0.8599556655
0.9029624141
0.9168491778
0.885682881
0.7052976555
0.1892293225
0.1487269774
0.1290372182
0.16149068
0.3448589592
0.585046881
0.5803466117
0.5373875068
0.6391002656
0.783579692
0.8507959739
0.8655307392
0.8664339939
0.863836808
0.859293437
0.8357506702
0.6170864819
0.4519410466
0.7072319548
0.803298556
0.8664475348
0.8456863264
0.1340590801
0.0837847172
0.08239067655
0.08240418438
0.08251228701
0.08256225186
0.08249499045
0.08237911449
0.08226702995
0.08214725274
0.08196743749
0.08212273622
0.08243655894
0.08758214153
0.108240873
0.3533372733
0.8623235219
0.8954813222
0.9196702335
0.9299959912
0.93947018
0.9430813426
0.9363762079
0.9317190105
0.8605245799
0.09244414328
0.08182701395
0.08156575567
0.08155844839
0.08156259094
0.0815499803
0.0815709252
0.08159409215
0.08163442398
0.08163632918
0.08166074128
0.08163189863
0.08161366981
0.0815826508
0.08153723871
0.08149377172
0.08144205948
0.08138776739
0.08133922641
0.08128358696
0.08123868463
0.08118909451
0.08108973962
0.08107526385
0.08092201726
0.08173193252
0.08864065257
0.111626035
0.4830653345
0.8808403901
0.9063140081
0.8978352635
0.8783487837
0.8748936584
0.8749973584
0.8620044851
0.8521296762
0.8652734392
0.8759740084
0.8829577453
0.8680889766
0.6421601744
0.1419066819
0.07850683618
0.07893122458
0.07910499031
0.07931219584
0.07953717295
0.07977100124
0.08000261815
0.08022505741
0.08043638845
0.08062894788
0.08080453759
0.08097078443
0.08111681343
0.08125069653
0.08135418914
0.08141813606
0.08143552189
0.08141999499
0.08148829739
0.08155418456
0.08147830424
0.08469703569
0.09861487102
0.1946147737
0.8340058333
0.8970412934
0.9017397495
0.8897414614
0.8637001318
0.7831169541
0.3329226144
0.1533219437
0.1541184268
0.1338633343
0.1328398835
0.1625583948
0.3754167649
0.6518690662
0.7989415801
0.8537872945
0.8911242973
0.9019455392
0.8998480278
0.8909979415
0.8629883253
0.7366645271
0.2677427744
0.1579526707
0.1295860638
0.5658929124
0.7802297021
0.8250606867
0.8662124715
0.6946929447
0.09524460543
0.082569
0.08227717055
0.08247168727
0.08258030035
0.08251343519
0.08231237361
0.08216685672
0.08204759995
0.08185420633
0.08270470055
0.09043938787
0.1141678932
0.6305914844
0.8971238771
0.9201272229
0.920102776
0.9276723832
0.9271857926
0.9210735126
0.8897352919
0.8751856616
0.9301112355
0.9393953523
0.1689520017
0.08264916866
0.08130914454
0.08134501031
0.08139563681
0.08144427202
0.08151084692
0.08155104212
0.0816202958
0.08161063326
0.08161024894
0.0816029258
0.08156834101
0.08154882187
0.08151652937
0.08147686775
0.08144297374
0.08139159141
0.08135682537
0.08129042632
0.08120460419
0.08112617989
0.08094174626
0.08100562087
0.08545384684
0.1008360542
0.171753341
0.8305397843
0.9117392822
0.9275120678
0.9213897574
0.9026900071
0.8932641798
0.8889985935
0.8826735467
0.8587454889
0.8486691846
0.8340683162
0.828969252
0.869757564
0.8795402078
0.7338116439
0.1419116141
0.07851405424
0.07894756566
0.07912939224
0.07934543318
0.07957806433
0.07981659304
0.08004597975
0.08026010102
0.08046176588
0.08063687575
0.08079184409
0.08094076427
0.0810554055
0.08115194575
0.08121707893
0.08128107305
0.08130818405
0.08133087293
0.08157885467
0.08172174804
0.08708413718
0.1054419554
0.5488952525
0.8948817638
0.9239133545
0.9200393241
0.889782268
0.7547499854
0.417096945
0.4422818251
0.7236392708
0.3775126141
0.1603547933
0.1216602484
0.1464552106
0.3112859437
0.7602051702
0.864198906
0.8990377269
0.9124667676
0.919808577
0.9148759936
0.8947971948
0.8279561557
0.4290881824
0.1260258915
0.1021653282
0.09596769908
0.09342091934
0.1393594769
0.7567513409
0.7785484951
0.8295866495
0.8478373526
0.2805852258
0.08752299062
0.08272352695
0.08265966654
0.08262656335
0.08246239694
0.08213977449
0.08194063232
0.08173838954
0.08514523166
0.09958704215
0.1633533127
0.856016517
0.9231997587
0.9379877545
0.9403569742
0.9340964659
0.9354503779
0.9245764726
0.8198541558
0.1889280203
0.1320517897
0.9016562468
0.9501642319
0.9212722222
0.1025624357
0.08126349121
0.08112536063
0.08120397732
0.08132832349
0.08145834467
0.08155480116
0.08160612002
0.08163158556
0.08162683757
0.08158973165
0.08157815951
0.08153509921
0.08151271444
0.08147706317
0.08145755784
0.08139667557
0.08134563054
0.08125712391
0.08108696638
0.08095171464
0.08476161607
0.09551344951
0.1371546052
0.7325120841
0.9189633632
0.9400308663
0.9410687477
0.9398851932
0.9323385274
0.9269739935
0.9212102706
0.9136948165
0.9070619792
0.892904595
0.8848354704
0.8644143577
0.6602892318
0.8522150012
0.8793938607
0.7630638685
0.1419180784
0.07852437436
0.07897257506
0.07916660699
0.07939488499
0.07963829642
0.07988416132
0.08011121577
0.08031662713
0.08051136526
0.08066690767
0.08079747283
0.08093203697
0.08100052672
0.08105294667
0.08109086387
0.08124287781
0.08137188689
0.08162672003
0.08262781953
0.09208149547
0.1207320282
0.7633390843
0.9102164204
0.9263902026
0.9166082746
0.8491102548
0.4370069881
0.1646378776
0.1557240403
0.2087942641
0.6117092199
0.3037063987
0.2122246928
0.3234518077
0.7645774247
0.8882121153
0.9143058245
0.9217277669
0.9274051857
0.9277821759
0.9223294251
0.8961897585
0.7285678876
0.26108465
0.1129719236
0.09504748081
0.09011156145
0.08970695518
0.088872467
0.09497836074
0.5953351988
0.8254130052
0.7586368436
0.8461543966
0.7981460157
0.1192318412
0.08556032791
0.08335221311
0.08274249845
0.08237900152
0.08203369197
0.08321985668
0.09075280828
0.1145879482
0.632067116
0.9191290581
0.9436459039
0.9502429705
0.9490940626
0.9452852212
0.9323880515
0.8570457617
0.3422228886
0.1283386448
0.09770298901
0.08787590809
0.1356052207
0.951012291
0.9541853884
0.8250344506
0.08905724946
0.08103707368
0.08100343828
0.08125329212
0.08147100267
0.08159421624
0.08165799555
0.08165522526
0.08164060564
0.08160152659
0.08156908018
0.08152386798
0.08151478034
0.08146488978
0.08144897447
0.08137081778
0.0812429676
0.08105516883
0.08447916038
0.09340830945
0.1286406996
0.6432969891
0.9125261846
0.9430384117
0.9497912533
0.9529340071
0.9501887852
0.9490212978
0.9430500433
0.9426824961
0.9409747637
0.9082386404
0.8369962956
0.6733554935
0.5259630562
0.2421320703
0.2216789763
0.8267562619
0.8822144676
0.7440417946
0.1419262546
0.07853863993
0.07900991808
0.0792213721
0.07946545597
0.07972408517
0.07998130575
0.08020376068
0.08040144704
0.08060243163
0.08073116184
0.08082963021
0.08096450564
0.0809799184
0.08103573736
0.08113250703
0.08144923815
0.08176897561
0.08548024115
0.101987473
0.1700679176
0.8786841765
0.9213043333
0.9322864225
0.9111234754
0.7936815432
0.1383652066
0.1133743107
0.1142675714
0.1428658102
0.3393380728
0.5770902965
0.7729358194
0.8419460315
0.9085447833
0.9297485362
0.9312020543
0.9320686508
0.9284891496
0.9265740759
0.9136455203
0.8490066243
0.4067268701
0.1391102457
0.1407017869
0.1208289442
0.09516382967
0.09070686783
0.08858162069
0.08699604884
0.08613936695
0.1258023389
0.7764897232
0.7694286818
0.6915682005
0.8587704193
0.5953729804
0.09788281149
0.08507382787
0.08304003134
0.08236113254
0.08628215612
0.1034162465
0.224521133
0.8778913792
0.9355954293
0.9511227188
0.9553544652
0.9518291933
0.9408763151
0.8895147015
0.3296536445
0.127021257
0.09808655754
0.09186592841
0.08939228712
0.08775949955
0.08693494335
0.3337639886
0.9582217488
0.9504169528
0.2547410977
0.08336843309
0.08098130747
0.08122750902
0.08151468759
0.08171353591
0.08171829992
0.08171934674
0.08167128492
0.08162022104
0.08157527274
0.08151261166
0.08149795972
0.08141608485
0.08131873532
0.08112002539
0.08418910991
0.09222790529
0.1255381337
0.5681103273
0.9078606782
0.944927863
0.9538783317
0.9574302196
0.9580459502
0.9566399344
0.9524468468
0.9493719061
0.9304303793
0.843788747
0.4687198339
0.1796258376
0.1140609275
0.09970087402
0.0952247262
0.1034411103
0.1322598625
0.8266224498
0.8983255868
0.6715329501
0.1419356311
0.07855843494
0.07906652223
0.07930069078
0.07956155974
0.07984184487
0.08011876505
0.08032377651
0.08050430955
0.08073809584
0.08082191789
0.08082870841
0.08099677309
0.08098462022
0.08108957389
0.08134400386
0.08224073323
0.08931578295
0.1157402911
0.4529587561
0.9156882801
0.929432862
0.9229627505
0.8911903364
0.42404333
0.1346515637
0.1222535637
0.1685506904
0.5289057528
0.7301652945
0.8573628168
0.9036428663
0.9242861185
0.9340168313
0.9377446629
0.9389107347
0.9326357766
0.9281024188
0.9111038299
0.8233211066
0.526271611
0.1398931471
0.1062459283
0.1008548693
0.1298087544
0.2149615079
0.09777724198
0.09068385781
0.08806779941
0.08615739316
0.08570312617
0.09256527022
0.7106149537
0.8288954824
0.722196577
0.7700227401
0.8528762415
0.3924309619
0.09187939628
0.08781072539
0.09588284432
0.1306603862
0.7460831477
0.9270248591
0.9482695117
0.9558610087
0.9553112627
0.9478724201
0.9232746262
0.5907175484
0.1301655215
0.09729442012
0.0901537136
0.08908015287
0.09068133967
0.0904424754
0.08807813594
0.08544088621
0.09467226737
0.9026205782
0.9557361794
0.9337751317
0.1155734107
0.08142701477
0.08124334318
0.08166889858
0.08186674814
0.08186688577
0.0817727076
0.08169090872
0.08159024862
0.08153807667
0.08142993029
0.08132410637
0.08112568455
0.08389113845
0.09137955415
0.1229776256
0.5072449631
0.9038872257
0.9463763933
0.9558822216
0.9589972528
0.9610758672
0.9601338898
0.9578682841
0.9526049644
0.9235739477
0.7930375963
0.186622066
0.1097087682
0.09328682581
0.09037159782
0.08827032966
0.08711244614
0.08616753411
0.08551019781
0.1032727514
0.7796144064
0.9086098293
0.5605088
0.1419506866
0.07858694148
0.07915524276
0.07941619778
0.07968522414
0.07999110313
0.08030990249
0.08047735481
0.08059210688
0.0808922188
0.08096273206
0.08088123717
0.08108855215
0.08114573966
0.08206350038
0.08771700478
0.1022543236
0.155988096
0.8133951728
0.9193967183
0.9247377754
0.9007072091
0.8120853316
0.3754142372
0.2958194106
0.558875517
0.8142549004
0.8988116796
0.9290919994
0.9336262346
0.9349223872
0.9381469795
0.9443641786
0.9443416245
0.9420062686
0.9329662162
0.8869265899
0.7300096541
0.2911861453
0.1346162597
0.1093616601
0.1037107096
0.099896782
0.105489198
0.1288150388
0.2144909457
0.09773979665
0.08870650207
0.08746050992
0.08637242163
0.08562934735
0.09057632174
0.1866542336
0.8490009601
0.6175777159
0.7166908227
0.7875654265
0.7965010038
0.1442129723
0.1334169361
0.4987484722
0.8956367551
0.9380393056
0.9522460337
0.9568064187
0.9551179182
0.943512517
0.8278191703
0.1526194952
0.1023938163
0.09009212615
0.08719030238
0.08888930633
0.09026686758
0.09081980104
0.09047001406
0.08838802751
0.08615370289
0.08445975524
0.1184149277
0.9435094701
0.9520444241
0.858746289
0.09408959502
0.08141101267
0.08180762485
0.08204422589
0.08198033998
0.08180243755
0.08166640664
0.08149174604
0.0813388193
0.08112707625
0.08369447154
0.09073464853
0.1209074307
0.451428685
0.8996144338
0.9466392463
0.9565547667
0.9594705822
0.9619156138
0.9612845437
0.9596802265
0.9541834708
0.926988365
0.7445446437
0.1579360988
0.1003429894
0.0898544703
0.08601541212
0.08604935876
0.08662700468
0.08784876021
0.08865117598
0.08772380722
0.0859804886
0.09626379991
0.7115054175
0.9166776694
0.4626414158
0.141992375
0.07863418334
0.07929872816
0.07958950209
0.07984869362
0.08016346818
0.08055657557
0.08070233609
0.08072807186
0.08100824609
0.08101700864
0.08136441009
0.08348882685
0.08923776535
0.1038733338
0.1725784094
0.7661815153
0.920488674
0.934100197
0.9264679391
0.9043333427
0.8412782683
0.7289933178
0.8019382049
0.8892876071
0.9266928345
0.9344594367
0.9372934234
0.9402789407
0.9418173249
0.9389577431
0.939418034
0.9431081404
0.9301850059
0.8558413081
0.5577037867
0.1589040735
0.1134142763
0.1085746787
0.1076381782
0.1084908764
0.1153067647
0.1074968765
0.1012025426
0.1093970124
0.1707228635
0.1145303248
0.09096927565
0.08804146066
0.08667574006
0.0863887727
0.08887981877
0.1479822764
0.7589533402
0.8190503649
0.6195075696
0.7486909814
0.7832489219
0.7668385046
0.8443905459
0.9271077179
0.9436093392
0.9535761863
0.9545163012
0.9462994027
0.9144237166
0.2928164493
0.1157414743
0.091032347
0.08589205201
0.08721463868
0.08862159317
0.08950994895
0.09028640617
0.09076601597
0.09062126055
0.08899739308
0.08682737044
0.08542627832
0.08607935744
0.2544796155
0.951665745
0.935436786
0.6874007533
0.08972666631
0.08212646353
0.0822405286
0.08204340175
0.08172198478
0.0815029502
0.08121077531
0.08366314146
0.09044858387
0.1193077895
0.415688905
0.8938970262
0.9460516632
0.9564025263
0.9593363075
0.9618687439
0.9614234539
0.9592558306
0.9536450396
0.9302234937
0.7410559589
0.1523270027
0.09884027466
0.08859330751
0.08495942388
0.08549770058
0.08644902118
0.08797185197
0.0889250395
0.08917821487
0.08933665924
0.08872630784
0.0865378682
0.09358263142
0.6024218306
0.9194721759
0.3996708492
0.1421452144
0.07874416174
0.07952733989
0.07982550214
0.08008126302
0.08038121397
0.08072518336
0.08084217297
0.08146809727
0.08416826392
0.08857885617
0.09753014164
0.1488144308
0.3453438465
0.8973032552
0.9380416206
0.9540599911
0.9510265129
0.9434412592
0.9271270893
0.9041137363
0.8811753907
0.8910025581
0.9119594138
0.9267935051
0.9340154975
0.9376697322
0.9346109929
0.9299523148
0.9278975883
0.9117434547
0.8419241111
0.6959643183
0.240167138
0.1364295345
0.1124062451
0.1070829336
0.102457282
0.1143421979
0.1302265096
0.1213734047
0.1161787944
0.1086071678
0.1041658435
0.1110723854
0.2310825211
0.1554086088
0.09402485059
0.08728182981
0.08777067836
0.09100930549
0.0981772898
0.1236181452
0.5903236265
0.8102481468
0.8032911576
0.8484981576
0.8990719092
0.9171402304
0.9302454266
0.9420947639
0.9489949073
0.9500446401
0.9387837514
0.749572303
0.1338224229
0.09792837736
0.08737520535
0.08670926179
0.08750558959
0.0880176435
0.0888902775
0.08957509354
0.09030638902
0.09078298022
0.09083807154
0.08962812264
0.08754899343
0.08601868322
0.08552801414
0.09979350986
0.8992139927
0.9373508441
0.9217934704
0.3286596663
0.08768309869
0.08264949266
0.08205376554
0.08157451353
0.0841244942
0.09074006852
0.1183948913
0.3926629925
0.8883981739
0.9447280094
0.9556169817
0.9587819009
0.9615124736
0.9612847066
0.9584889448
0.9531871231
0.9318678096
0.7725517283
0.1512519517
0.09890054722
0.08783201654
0.08403804679
0.08457024493
0.0856361354
0.0871363628
0.088136777
0.08899408532
0.08987148457
0.09022829145
0.09032896865
0.09020801941
0.08883797417
0.09172748182
0.4974428151
0.9137136597
0.3773643192
0.142730303
0.07908132881
0.07985621823
0.07992701112
0.08042747912
0.08208549681
0.08716657167
0.09205174412
0.1064905974
0.1858475305
0.4713294912
0.9190618021
0.9441045343
0.9671746772
0.9675323082
0.9633970116
0.961573358
0.9556603969
0.9460987478
0.934546475
0.9238503375
0.9175218596
0.9180339324
0.922321027
0.9218194429
0.9201404144
0.9186680794
0.9025384636
0.8348409546
0.777180057
0.3315422465
0.1671985728
0.1456359332
0.1356137744
0.1118975919
0.1146717217
0.1257807674
0.1147742957
0.1150298545
0.1221707879
0.1140049373
0.108146528
0.1043564208
0.1022260966
0.1056597098
0.1254134326
0.1293488388
0.1109838653
0.1103140558
0.1313418212
0.211953613
0.5035773254
0.7432946312
0.8579309232
0.9050315588
0.9151416758
0.9219824476
0.9337473222
0.9437784187
0.9486915253
0.948177671
0.938981882
0.9092917539
0.2395741391
0.1127575851
0.09088418955
0.08609371222
0.08700215357
0.08759310399
0.08782575172
0.0880637894
0.08861217348
0.0892497528
0.0898541163
0.09025149482
0.09038450139
0.08984826542
0.08831972293
0.08684317889
0.08611969993
0.08666516326
0.1487916577
0.9072939952
0.9172233064
0.9171394901
0.1807668199
0.08563450388
0.08619728082
0.09250516972
0.1226756844
0.396347235
0.8832481251
0.9429883913
0.9544026915
0.9579689998
0.960911504
0.9611475955
0.9581878894
0.9536042182
0.9339089775
0.8018169733
0.1557498382
0.09951482295
0.08709513226
0.08307156017
0.0834653381
0.08444716355
0.0857709885
0.08685986991
0.08789351607
0.08893115105
0.08982544774
0.09070232999
0.09124003843
0.09143781285
0.09174962745
0.0923560765
0.09253002521
0.3487463951
0.9025912904
0.3833870409
0.1457787747
0.07979462597
0.08294244481
0.08759487631
0.0966208905
0.1365374947
0.3548757637
0.8771538805
0.9437652283
0.9619129321
0.9753815304
0.9751856325
0.9729522217
0.9730990166
0.9727371689
0.9690390001
0.9649777453
0.9593292516
0.9531188453
0.9461621683
0.9394320539
0.9329558241
0.9257040513
0.9132594294
0.8886327903
0.837737766
0.728153344
0.3027434543
0.1697629146
0.1404267485
0.1365863353
0.1300649677
0.1432407975
0.1911191082
0.1656713508
0.1360963228
0.1396615838
0.138841427
0.1408563588
0.1529738749
0.1637373499
0.1734842217
0.1909657528
0.2324049453
0.3507360212
0.5456548614
0.7844563406
0.8167801529
0.8760953348
0.9059303096
0.9279974874
0.9333089391
0.9264367498
0.9244532378
0.9300552896
0.9362970958
0.940647887
0.9454775858
0.948432536
0.9464095704
0.9306700867
0.7980369532
0.1396315272
0.1002588289
0.08802009276
0.08777095444
0.08826267465
0.08770585058
0.08786546838
0.08811362075
0.08839052313
0.08874130884
0.08887735609
0.08895774941
0.08918079514
0.08938506901
0.08921722896
0.08831332019
0.08783729985
0.0899317416
0.09628955316
0.1190297803
0.7947261718
0.8855802153
0.8945455461
0.8647514387
0.1290364503
0.1411659601
0.5272260677
0.8801490253
0.9417686997
0.952549245
0.9565352715
0.9598780731
0.9606954232
0.9576491987
0.9539657757
0.9369024004
0.820698957
0.1657918417
0.1008333646
0.08673474188
0.08234566755
0.08243388104
0.08320243033
0.08427199103
0.08527171079
0.08630228187
0.08742422334
0.08850686156
0.08960941632
0.09065402401
0.09163248828
0.09233618289
0.09268714491
0.09341906461
0.09464437095
0.09341184115
0.1849287546
0.8949252169
0.436549921
0.2271356356
0.1181644477
0.2159351198
0.6358737082
0.9398741467
0.9618526532
0.9756158464
0.9813518476
0.9805575672
0.9794329208
0.9802142666
0.9803890227
0.97866869
0.9770008323
0.9746834913
0.9723194483
0.9694769017
0.965643144
0.9617063168
0.9576779632
0.9535752463
0.9492231184
0.9440575985
0.9372831013
0.928500966
0.920280088
0.9167150704
0.9267324493
0.9382951775
0.9365306488
0.9369648189
0.9297644834
0.9266832193
0.9543205089
0.8217721112
0.9936303208
0.9453156825
0.9483826545
0.9518786274
0.9537536136
0.9565603742
0.9596657962
0.9624745068
0.9647681499
0.9665603651
0.9669580694
0.962073883
0.9559775707
0.952756978
0.949303545
0.9461547345
0.9423848692
0.9371293524
0.9335061579
0.9345320146
0.9371991396
0.9401199684
0.9443966424
0.9417281359
0.9228380385
0.6764780332
0.139407517
0.1009457434
0.0899941939
0.08869505866
0.08795451528
0.08749212104
0.0869877383
0.08683169928
0.08699649946
0.08742628771
0.08843245629
0.09050516339
0.09334530935
0.09568605097
0.09844984407
0.1026647131
0.1092582898
0.1220042545
0.1617587392
0.2889799829
0.6507243987
0.8409406475
0.8920813294
0.8980349931
0.8928394439
0.8544802698
0.8924157529
0.9400096938
0.9475723037
0.9529622783
0.9573131118
0.959365616
0.9569364322
0.9543863764
0.9394401928
0.8424847322
0.1780558013
0.103150023
0.08679996236
0.08188246345
0.08162698148
0.08215127266
0.08295993314
0.08377191024
0.08461096433
0.08560996887
0.0866573099
0.08782221342
0.08906482045
0.0903599664
0.09162368283
0.09282672295
0.09368780099
0.09435449153
0.09580951037
0.09681572867
0.09423968459
0.1329842883
0.8691234314
0.5062804253
0.9443840307
0.9661547908
0.977144252
0.9839767563
0.9843814343
0.9838853952
0.9847880998
0.9853681233
0.9853628251
0.9843102448
0.9834221967
0.9822994258
0.9813029131
0.9799583522
0.9780284092
0.9760757697
0.9740855109
0.9717447421
0.9693872424
0.9671180568
0.9649714603
0.9629378518
0.9610392985
0.9593755394
0.9584062102
0.958638131
0.960287376
0.9626973615
0.9658296828
0.9679450215
0.9686898936
0.9701836315
0.973207214
0.9745286352
0.9757968665
0.9750330409
0.9718775374
0.9713334823
0.9716039862
0.9717632782
0.9719954321
0.9725411274
0.9730604705
0.9731038892
0.972630428
0.9715454093
0.9697007896
0.9659806209
0.9622693095
0.9577578354
0.952464886
0.9462491847
0.9395984815
0.9328814661
0.9246112535
0.9129419541
0.8940053587
0.8758473335
0.7140456436
0.2246057517
0.1489397232
0.112510931
0.102532587
0.101832982
0.09964212153
0.101199393
0.1046069838
0.108989498
0.1147221191
0.122805649
0.1355548375
0.1606756271
0.2234510998
0.3889186442
0.6413082924
0.7653797159
0.8386181542
0.8819277164
0.907605929
0.9254084437
0.9379188028
0.9333923278
0.9247559656
0.9284392063
0.9348793968
0.9381207905
0.9365445837
0.9380273073
0.9444528231
0.9500042749
0.9551819003
0.9547471847
0.954227844
0.9419900372
0.8620708898
0.1960314074
0.1058118212
0.08699417845
0.08169690591
0.08108410188
0.0813547727
0.08193496073
0.0825287122
0.08316384136
0.08396305296
0.08479058748
0.08577207134
0.08688103597
0.08815408699
0.08957305002
0.09112317135
0.09276319317
0.09442420253
0.09574451802
0.0970594649
0.09935535398
0.09913254196
0.09718001811
0.1186109913
0.8153422319
0.5488776926
0.9723278213
0.9854409373
0.9882224675
0.9893934763
0.9897053416
0.989119106
0.98865154
0.9879986518
0.9873633382
0.9867358931
0.9858383498
0.9846961323
0.9836269723
0.9824759267
0.9810354256
0.9795453805
0.9780719828
0.976555274
0.9750968909
0.9737595301
0.9725877617
0.9716093274
0.9708591905
0.9704069273
0.9703512011
0.9707633425
0.9715240548
0.972475328
0.9734588797
0.9745717139
0.9754438592
0.9758355409
0.9766337765
0.9773350577
0.9774697149
0.9778114929
0.9767820712
0.9758915099
0.9753439149
0.9750165169
0.9746973053
0.9743845863
0.9740432155
0.9735168083
0.9727309197
0.9717611487
0.9706165384
0.969084835
0.9667106495
0.963551615
0.9597502736
0.9553064804
0.9503625106
0.9443420318
0.9354544615
0.9201825953
0.8932482448
0.8326497813
0.7585108054
0.7410347934
0.7886113986
0.7007256419
0.6887099829
0.7847551598
0.8320018865
0.8762658355
0.9027113093
0.920494055
0.9328194636
0.9422804829
0.9498174512
0.9558790956
0.9607049911
0.9636402222
0.9623725832
0.9574804828
0.9517096567
0.9474033372
0.9452315443
0.9434622591
0.9404659869
0.9371330118
0.9361614653
0.9415630518
0.9475055347
0.9510880586
0.9519711742
0.9510902106
0.9503902271
0.9509090829
0.9523940493
0.942925441
0.8838451672
0.2380016499
0.1104554681
0.08779638366
0.08186298273
0.08087306118
0.08088799904
0.08123061454
0.08159332927
0.08201594483
0.08259585162
0.08321657507
0.08398246894
0.08485454471
0.08587601233
0.08705915059
0.08844600356
0.09005437102
0.09189659762
0.09398718004
0.0963342879
0.09831447758
0.1005451522
0.1045363232
0.1026621643
0.1058648697
0.1164388656
0.666539514
0.6332653025
0.9829783681
0.9906243682
0.9918483431
0.9921127936
0.9918688067
0.9914756115
0.9908907883
0.9901056899
0.9893129619
0.9885512322
0.9876960088
0.9866842756
0.9856619817
0.9846084919
0.9834635397
0.9823057895
0.9811809318
0.9801018291
0.9791178097
0.9782587171
0.9775506961
0.9770090907
0.976644459
0.976468181
0.976492464
0.9766996748
0.977024471
0.9773764623
0.9777359546
0.9781147685
0.9784038042
0.9784499219
0.9783341168
0.9782620459
0.9781900039
0.9781073103
0.9780162957
0.9776260288
0.9771123624
0.976664025
0.9762450574
0.9757636303
0.9751906135
0.9745495675
0.9738732401
0.973207772
0.9725651499
0.9717783888
0.9706008765
0.9689896766
0.967150443
0.965274272
0.9635138698
0.9617600804
0.9596614494
0.9570037028
0.954211297
0.9530038979
0.9534166021
0.9547057794
0.9557267871
0.9581261464
0.962398468
0.9630475745
0.9615299888
0.960270474
0.9599927616
0.9610198958
0.9624804056
0.9639458139
0.9652325604
0.966141826
0.9664580299
0.965953063
0.9643182957
0.9611575908
0.9570603599
0.9524975295
0.947837399
0.9429470043
0.937979691
0.9349926603
0.9372610368
0.9432023296
0.9484221079
0.9517025238
0.9528181932
0.9522790312
0.9486195617
0.9397995441
0.9072505063
0.3975318848
0.1193488486
0.08972657888
0.08244889843
0.08090051702
0.08065809604
0.0808163132
0.0809786158
0.08118987633
0.08154959345
0.08196198417
0.08249327621
0.08312225016
0.08389655091
0.08482751319
0.08595434997
0.08728543239
0.0888727164
0.09074008525
0.09295462922
0.09556461829
0.09867835939
0.1017647047
0.1046053075
0.108124144
0.1108407965
0.1722045468
0.1236958858
0.4732614145
0.7401352992
0.9895835953
0.9936959421
0.9940392997
0.9939222621
0.9935280789
0.9930139293
0.9923936666
0.9916362944
0.9908312117
0.9900187238
0.9891610062
0.9882339452
0.9872833289
0.9863175341
0.9853361871
0.9843795247
0.9834757026
0.9826484729
0.9819296383
0.9813377302
0.9808845118
0.9805726749
0.9803964338
0.9803435812
0.9803956588
0.9805208616
0.9806702589
0.9807934338
0.9808680946
0.9808926786
0.980819972
0.9805896936
0.9802374121
0.9798712945
0.9795651077
0.9793393848
0.9791709403
0.9789233388
0.9785089094
0.9780406818
0.9775572205
0.9770352665
0.976471615
0.975908304
0.9754019245
0.974996238
0.9746876948
0.9743879372
0.9739843273
0.9734842957
0.9730137574
0.9727096297
0.9726537184
0.9727991496
0.9730222123
0.9732439315
0.9735000317
0.9738653434
0.9743545914
0.9746339226
0.9745902537
0.9741038175
0.9739093066
0.9734535843
0.9722896167
0.970900104
0.9694357838
0.9681986396
0.967171476
0.9662229547
0.9652305868
0.964050014
0.9625519531
0.9606971797
0.9586221922
0.9564214285
0.9538350467
0.950599236
0.946710489
0.9424152308
0.9384054182
0.9360762335
0.9366698342
0.9394296372
0.9421855268
0.9435490987
0.9427793866
0.9376697693
0.9137281331
0.6889525784
0.1297299895
0.09460440271
0.08478946199
0.08178288365
0.08111558746
0.08106590207
0.08100798778
0.0809711253
0.08106599501
0.08118904456
0.0814189099
0.08174767985
0.08218392155
0.08269855067
0.08332465088
0.08411172492
0.08512259248
0.08639462059
0.08797656645
0.08993303103
0.09235107434
0.0953233531
0.09902597085
0.1029857278
0.1075527868
0.106297148
0.1165190578
0.2041565885
0.1260770043
0.2663175418
0.7918732318
0.9942453305
0.9957480476
0.9955125617
0.9951487144
0.9946632313
0.9940986437
0.9934565219
0.9927287656
0.9919447131
0.9911262329
0.9902696397
0.9893750078
0.9884637198
0.9875484696
0.9866475909
0.9857932344
0.985011552
0.9843274613
0.9837657344
0.9833406838
0.9830571297
0.9829093651
0.982881395
0.9829477593
0.9830741959
0.9832176975
0.9833304037
0.9833699949
0.9833112577
0.9831402987
0.9828371914
0.9823954853
0.9818639764
0.9813305105
0.9808706972
0.9805220472
0.9802534371
0.9799604428
0.9795674002
0.9790910771
0.9785631704
0.9780034173
0.9774455554
0.9769499696
0.9765810256
0.9763771298
0.9763273444
0.9763719508
0.9764585937
0.9766081536
0.9769008385
0.9774109025
0.9781553242
0.9790665067
0.9800282486
0.9809313403
0.9816935416
0.9822371446
0.982472326
0.9823303991
0.9817902001
0.9808580516
0.9795899193
0.9782359257
0.976892068
0.9753772154
0.9735931247
0.9715259091
0.9691997162
0.9666348538
0.9638228648
0.960785688
0.9576369239
0.9546326585
0.9521003394
0.9500727214
0.9480589714
0.9455434195
0.9425060197
0.9393617144
0.9367480701
0.9350459929
0.9336076134
0.9306380561
0.924152452
0.9113808302
0.8814197193
0.7860321295
0.2651152857
0.1435166337
0.1198345777
0.1108203974
0.1088470934
0.1076847323
0.1060773942
0.1055222465
0.105549007
0.1053198166
0.1049626498
0.1046775116
0.1045014213
0.104535445
0.1049349108
0.1055867859
0.1063687295
0.107339953
0.1085489066
0.110061857
0.1120197244
0.114585414
0.1179247004
0.1220169885
0.1273353658
0.1316182811
0.1393689892
0.1421107438
0.1635329696
0.5138423251
0.1362725751
0.2066998552
0.7313133689
0.9893972976
0.9945359302
0.9927977466
0.9916731413
0.9906051538
0.9894866533
0.9882508041
0.9868588475
0.9853438818
0.9837370106
0.9820454163
0.980281816
0.9784862557
0.9766865005
0.974924101
0.9732658796
0.9717686822
0.970484955
0.9694650987
0.9687385974
0.968313381
0.9681735842
0.9682801611
0.9685723699
0.968969479
0.9693726147
0.9696759284
0.969786655
0.9696435686
0.9692072551
0.9684374338
0.9673338179
0.9660098251
0.9646665626
0.9635020416
0.9626415138
0.9620444387
0.9614879571
0.9607713947
0.9598646371
0.9587969469
0.9576234237
0.9564438835
0.955418248
0.9547172854
0.954443911
0.9545780013
0.9549905669
0.9555649705
0.956323922
0.9574085345
0.9589512237
0.9609714929
0.9633218467
0.96575388
0.9680228124
0.9699310925
0.9713006885
0.9719510773
0.9717426858
0.970624082
0.9685931476
0.9657509181
0.9625426248
0.9594559995
0.9562755899
0.9525059498
0.9478513125
0.9421486457
0.9353517161
0.927442719
0.9185482637
0.9092073594
0.9005455429
0.8939209388
0.8897057655
0.886529183
0.8825729701
0.8773322821
0.8719260258
0.868328743
0.867422305
0.8664150183
0.8582948277
0.8315967466
0.7655893937
0.6106668494
0.4016086517
0.4699241062
0.6084668919
0.5899625793
0.6612357503
0.6546077061
0.6568313956
0.6549604047
0.6563276071
0.6538612961
0.6535833489
0.6542151377
0.6537037602
0.6533337246
0.6530747168
0.6525738502
0.6514419479
0.6505787009
0.6493878226
0.6476089527
0.6452873439
0.6423589498
0.6386046121
0.6339057354
0.6276032284
0.6209305647
0.6106219225
0.6040605685
0.6071656976
0.5970762674
0.5819655908
0.2193522717
0.6800975066
0.2418333015
