0.9991467236
0.9993572589
0.9990862944
0.9989426497
0.9988284539
0.9987161393
0.9985963004
0.9984658382
0.9983232225
0.998167541
0.9979982122
0.9978149646
0.9976188113
0.9974127095
0.9972006192
0.9969862515
0.9967730482
0.9965652347
0.9963690289
0.9961929716
0.9960464521
0.9959370853
0.9958688251
0.9958413429
0.9958496921
0.9958837311
0.995927019
0.9959573802
0.9959524453
0.9958982175
0.9958111164
0.9957414293
0.9957427517
0.9958398699
0.9960181808
0.9962247803
0.996392066
0.9964713754
0.9964488012
0.9963339864
0.9961453083
0.995904291
0.9956384795
0.9953875835
0.9952060861
0.9951535039
0.9952660311
0.9955270737
0.995867486
0.996198653
0.9964508269
0.9965983369
0.996642343
0.9965778826
0.9964244769
0.9962150034
0.9959696367
0.9956948159
0.99538985
0.9950506189
0.9946707864
0.9942416054
0.9937513338
0.9931891996
0.9925782144
0.9920671844
0.9919208313
0.9921658228
0.9925149643
0.9927275068
0.9927345119
0.9925539261
0.9922209423
0.991762971
0.9911956885
0.9905296871
0.9897945344
0.9890935269
0.9886511742
0.9887451591
0.9894068773
0.9902928029
0.9909704133
0.9910993997
0.9903099468
0.9877300775
0.9794373036
0.9531049236
0.04391414221
0.03353193624
0.9270902938
0.06646058309
0.9339965792
0.04055922836
0.9303988282
0.07243420142
0.9201720292
0.1538372305
0.907297135
0.2152879796
0.8848821117
0.2543871992
0.85220719
0.2929649784
0.8101633011
0.3510482879
0.7596099149
0.4135985139
0.703630081
0.481394857
0.6388075941
0.5403728974
0.591083713
0.5594838742
0.6017210555
0.5919698311
0.5589250901
0.4732772262
0.7801750774
0.05234492772
0.2635119106
0.9989591737
0.9995990759
0.9995211959
0.9994482118
0.9993838293
0.9993204623
0.9992547617
0.9991853267
0.9991111177
0.999031374
0.9989455928
0.9988534038
0.9987550588
0.9986518231
0.9985454732
0.9984375983
0.9983295933
0.9982231819
0.998121006
0.9980268445
0.9979449895
0.9978790684
0.9978313188
0.9978025949
0.9977924982
0.9977991347
0.997817644
0.9978382964
0.9978482807
0.997836574
0.9978061402
0.9977767135
0.9977707294
0.9978011681
0.9978675095
0.9979506499
0.9980199948
0.9980516904
0.9980388062
0.9979858617
0.9979002973
0.997789622
0.997662799
0.9975335113
0.9974228972
0.9973578813
0.9973605058
0.9974341566
0.9975619712
0.9977133538
0.9978439232
0.9979299057
0.9979683414
0.9979533898
0.9978936061
0.9978105976
0.9977150617
0.9976107133
0.9974985241
0.9973783805
0.9972495925
0.9971106526
0.9969579775
0.9967830567
0.9965710525
0.9963270033
0.9961560522
0.9961267345
0.9961613004
0.9961671695
0.9961147919
0.9960077703
0.9958556705
0.9956664973
0.9954441499
0.9951871551
0.9948902046
0.9945597095
0.9942570849
0.9941129231
0.9942113816
0.9944680978
0.9947121609
0.994798049
0.9946149956
0.994016306
0.9926305662
0.989704628
0.9850699725
0.9569735886
0.01535599038
0.01401107752
0.01480991576
0.01474782989
0.01559062614
0.01661478275
0.0160668272
0.01677165012
0.015673477
0.01550639911
0.01490539252
0.01453423591
0.01425117834
0.01381829081
0.01374857118
0.01331545239
0.0134595812
0.01300604692
0.01333878451
0.01292038222
0.01327804034
0.01303652799
0.01324237926
0.01321569898
0.01327937569
0.01341609213
0.01333543631
0.01427861053
0.0131652481
0.02079596491
0.8584364649
0.9983090718
0.9992982452
0.9993794656
0.9993496327
0.9992921351
0.9992243152
0.9991514041
0.9990754271
0.9989959428
0.9989119865
0.9988227386
0.9987272205
0.9986253887
0.9985188825
0.9984097291
0.9982989614
0.9981869247
0.9980744083
0.997963644
0.9978586441
0.997764112
0.99768363
0.9976191786
0.9975721865
0.9975447554
0.997540368
0.9975611401
0.9975998091
0.9976351657
0.9976413891
0.9976181928
0.9975907474
0.9975793135
0.9975962201
0.9976509265
0.9977268272
0.9977828129
0.9977888848
0.9977460476
0.9976705046
0.9975735548
0.9974576699
0.9973212837
0.9971665387
0.9970073523
0.9968723612
0.9967913899
0.9967729691
0.9968108838
0.9969212331
0.9970852956
0.9971987044
0.9972578505
0.9972486503
0.9971953331
0.9971512212
0.9971209738
0.9970968892
0.9970751622
0.9970545598
0.9970345927
0.9970142137
0.9969900335
0.996952427
0.9968759095
0.9967020719
0.9964018251
0.9961869603
0.996051767
0.9958957996
0.9957106791
0.9955281771
0.995364115
0.9952173392
0.9950775488
0.9949265248
0.9947323677
0.9944425389
0.9940215964
0.9936194624
0.993451933
0.9935279082
0.9937013238
0.9938593731
0.9939789585
0.9940401728
0.9939134166
0.9934321984
0.9927853815
0.9922581119
0.9916515974
0.02666316535
0.01453352168
0.01371579878
0.01705294921
0.01652701977
0.01585947877
0.0149914889
0.0135874605
0.01303302234
0.0123264189
0.01204456221
0.01170193844
0.01154652032
0.01136711765
0.01127618808
0.01117959349
0.01112658814
0.01107499715
0.01104508064
0.01101724521
0.01099950275
0.01098398813
0.01097332447
0.01096554251
0.01096156339
0.01096225354
0.01098064016
0.0111533568
0.03730149648
0.9639915392
0.9974718035
0.9989475185
0.9991130148
0.9991656696
0.999141079
0.99908108
0.9990067586
0.9989279829
0.9988460229
0.998759796
0.9986682083
0.998569033
0.9984616136
0.9983489383
0.9982344281
0.9981184935
0.9979994286
0.9978761027
0.9977501483
0.9976268386
0.9975128473
0.9974123065
0.9973260526
0.9972545118
0.9972012876
0.9971772632
0.9971988242
0.9972721233
0.997369558
0.9974205979
0.997413256
0.9973926748
0.9973771834
0.9973642868
0.9973964234
0.9974767808
0.9975371215
0.9975195219
0.9974301335
0.9973091484
0.9971828239
0.9970510681
0.9968957032
0.9966938023
0.9964413106
0.996171001
0.9959301276
0.9957175897
0.9954819275
0.9952878872
0.9954795384
0.9960845683
0.9961828993
0.9961520013
0.9960706888
0.9961043076
0.996219345
0.9963589752
0.9965007794
0.9966376781
0.9967677413
0.9968902989
0.9970043414
0.9971071216
0.997190427
0.9972185499
0.9970323352
0.9961606218
0.9957331443
0.995391526
0.9950697974
0.9948225792
0.9946767335
0.9946151632
0.9946044884
0.9946085328
0.994584497
0.9944599979
0.9940803313
0.9932861378
0.992591677
0.9923675159
0.9925452688
0.992941636
0.9934679924
0.9940480965
0.9944667428
0.9944948123
0.9941274054
0.9937479561
0.9944707469
0.9946730726
0.9904463123
0.02051339211
0.01519012911
0.01572734597
0.0159450127
0.0144538269
0.01351118254
0.01298248405
0.01242573143
0.01212143934
0.01181514504
0.01162831259
0.01145236336
0.01133610989
0.01123468685
0.01116424568
0.01110738614
0.0110669526
0.0110354152
0.01101226503
0.01099438392
0.01098117706
0.01097190335
0.01096680223
0.0109664852
0.01097423455
0.01179576078
0.05239354395
0.9896719187
0.9962934246
0.9984595534
0.9987402339
0.9988767526
0.9989060671
0.9988668025
0.9987982939
0.9987234891
0.9986450632
0.9985613948
0.9984714961
0.9983701575
0.9982551023
0.9981328898
0.9980109421
0.9978889309
0.9977611385
0.9976225359
0.9974734413
0.9973220677
0.9971800115
0.997052743
0.9969372829
0.9968283379
0.9967259445
0.9966476779
0.9966340718
0.9967291429
0.9969406352
0.9971491495
0.997225119
0.9972565626
0.997275394
0.9972353915
0.9971496337
0.9971792469
0.9972408635
0.9971914726
0.9970238746
0.9968277393
0.9966647485
0.9965352294
0.9963987063
0.9961889505
0.9958349451
0.9953564855
0.9948438165
0.9942685764
0.99331573
0.9914322442
0.9887383418
0.9909104314
0.9927503885
0.9922458657
0.9908491263
0.9912306928
0.9920800856
0.9929028515
0.9936207344
0.9942348372
0.9947607848
0.9952150763
0.9956134739
0.9959735105
0.9963201397
0.9966936318
0.9971226367
0.9961471509
0.9943297496
0.9937953151
0.9934853478
0.9933955278
0.9934924103
0.9937013464
0.9939588482
0.9942256128
0.9944786974
0.994697103
0.9948098999
0.9944543527
0.9922098222
0.9908348928
0.9906192807
0.9912648321
0.9922361736
0.9933087783
0.9942668595
0.9946841676
0.9943202715
0.9936133256
0.9935232775
0.9941925556
0.9945842773
0.9929761423
0.9854514964
0.01830878922
0.01415458477
0.01402993271
0.01345562808
0.01273928193
0.01231110247
0.01201815559
0.01176229992
0.01158113238
0.01142713694
0.01131456437
0.01122222221
0.01115390168
0.01110015264
0.0110603661
0.01102965034
0.01100660156
0.01098879515
0.01097538327
0.01096560002
0.01095945581
0.01095725821
0.01095932339
0.0123741791
0.8057470032
0.94190987
0.9942906324
0.9977985825
0.9981486311
0.9984101468
0.9985420765
0.9985432774
0.9984900175
0.9984323904
0.9983684272
0.9982962381
0.9982182498
0.9981207634
0.9979958079
0.997858258
0.9977260587
0.9975988231
0.997463345
0.9973063844
0.997124048
0.9969296133
0.9967465299
0.9965853701
0.9964345603
0.9962718343
0.9960778941
0.9958632725
0.995692479
0.9956748049
0.9959612192
0.9965488441
0.997227345
0.9973368703
0.9974071694
0.9974142144
0.9972545319
0.9967006909
0.9967167926
0.9966515249
0.9963510715
0.9960362515
0.9958615429
0.9958165249
0.9958221172
0.9957802209
0.9955364288
0.9948766528
0.9940470074
0.9932494345
0.992095231
0.9896216402
0.9829787938
0.9710202255
0.03358996177
0.02428184261
0.01419136431
0.01382620251
0.01422067731
0.01457853075
0.01505376464
0.01560994067
0.01625669053
0.01700819627
0.01789830107
0.01901015542
0.02059774364
0.02363872299
0.03727042097
0.07021008784
0.9718635195
0.9662399604
0.9780916175
0.9823449707
0.9851119235
0.9870815451
0.9886036832
0.9898583181
0.9909674965
0.9920487291
0.993256551
0.9947221594
0.993019271
0.9887130659
0.9857297956
0.9866422246
0.9883984071
0.990097961
0.9920183936
0.9936988153
0.9942429972
0.9934071816
0.9931182868
0.9935995641
0.9940731852
0.9942498873
0.9940587742
0.9917042596
0.9721994899
0.01538519293
0.01235044636
0.01265112525
0.01231381208
0.01198926799
0.01175017889
0.01157055417
0.01142388122
0.0113113009
0.01122145589
0.01115278502
0.01109952131
0.01105926399
0.01102840319
0.01100486123
0.01098663575
0.01097255853
0.01096198277
0.01095467624
0.01095058249
0.01094628317
0.0127099717
0.46309199
0.9428674749
0.9829881526
0.9956317273
0.9968404585
0.9972675756
0.9978270927
0.9981141613
0.9980274793
0.9980156538
0.9979831011
0.9979268162
0.9978845194
0.9978123538
0.9976776959
0.997513301
0.9973623961
0.9972293437
0.9970918282
0.9969204472
0.9966964466
0.9964362123
0.9961874495
0.9959824366
0.9958021386
0.9955850926
0.9952535698
0.9947612882
0.9941260085
0.9934097754
0.9929719725
0.9939596723
0.9962102949
0.9971764749
0.9968975815
0.996877422
0.9970115488
0.9958860636
0.994682799
0.9952679648
0.9947953281
0.9943628947
0.994378526
0.9946866313
0.9950892792
0.995497312
0.9958298576
0.9957799277
0.9942961167
0.9933789709
0.993077752
0.9926156117
0.9916332541
0.9904032554
0.9894118291
0.9911027016
0.03269266197
0.01450151732
0.01146277335
0.0110032664
0.01097109315
0.01094702812
0.01093572899
0.01092927013
0.01092549777
0.01092315724
0.01092173811
0.01092176646
0.0109256974
0.01094759173
0.01158875186
0.0118473852
0.01239159121
0.0128122715
0.0131553453
0.01345402118
0.01374069309
0.01404389108
0.01440271152
0.01490908508
0.01586555253
0.01923879173
0.02578856135
0.9549112586
0.9507560585
0.9662377004
0.9767080149
0.9798704117
0.983706879
0.9864108525
0.991755683
0.9932293887
0.9936753434
0.9938308165
0.9941555802
0.9944233548
0.9945719592
0.9945727082
0.994171811
0.9937235192
0.04226493529
0.01383296002
0.0118296746
0.01195055148
0.01176802209
0.01157708455
0.01143095384
0.01131732551
0.01122702544
0.01115689376
0.01110270856
0.01106150734
0.01102996612
0.01100568472
0.01098667918
0.01097161598
0.01095996111
0.01095139565
0.01094574186
0.01093845811
0.01234258242
0.8947761274
0.960239842
0.02455587851
0.01547242096
0.02521922378
0.9855678203
0.9936152343
0.996900152
0.9972945359
0.9972526498
0.9975290198
0.9973719216
0.997382568
0.9974361577
0.9973201092
0.9971073166
0.9969098765
0.9967444255
0.9966027947
0.9964462543
0.9961999828
0.995855417
0.9954906136
0.9951958972
0.9950099604
0.9948283473
0.9944215837
0.9936194312
0.9922938234
0.9898806138
0.984161722
0.9656338081
0.9779372538
0.1163432522
0.047928064
0.02903211551
0.03296447512
0.03546243326
0.9708771599
0.9847982498
0.9858360924
0.9830240388
0.9855700919
0.9883966306
0.9906516627
0.992579815
0.9944124164
0.9961591319
0.9955724919
0.9934662993
0.9934344257
0.9937684308
0.9935304346
0.9927398532
0.9923243872
0.9931750855
0.9942126368
0.9929763858
0.96737854
0.01491417801
0.01095976431
0.01095544463
0.01094241237
0.01093411352
0.01092916791
0.01092571405
0.01092268794
0.01091985469
0.01091751569
0.010915367
0.01091319343
0.01091011975
0.01090937662
0.01090976162
0.01091011829
0.01091041127
0.01091069973
0.01091102325
0.01091137175
0.01091171054
0.01091228134
0.01091397458
0.01091891547
0.01287615662
0.01935216065
0.9431518058
0.9687263912
0.9785964719
0.9747187655
0.8961263796
0.0166315462
0.02280985308
0.9881806469
0.9929151645
0.9944633223
0.9946456005
0.9948307052
0.9950061881
0.9951590369
0.9958281405
0.9960463674
0.9936679738
0.02541479923
0.01311621623
0.01150303483
0.01155914752
0.01145314583
0.01133235773
0.01123838081
0.0111652472
0.0111088646
0.01106612069
0.01103351095
0.01100828719
0.01098823867
0.01097183018
0.01095879465
0.01094874993
0.0109415008
0.01093262434
0.01267190903
0.8660818156
0.9331461452
0.02157315119
0.01090623314
0.01090639108
0.0114037524
0.01261051966
0.01955275728
0.3132160079
0.9918608969
0.9954914226
0.9962795841
0.9961846915
0.9967688456
0.9971431061
0.9967592461
0.9964201156
0.9961100754
0.9958227165
0.9957385354
0.9956697569
0.9953165268
0.9947673108
0.9941883788
0.9938403377
0.9939803733
0.994000788
0.9933091535
0.9921639235
0.9906827403
0.9881187854
0.9820136184
0.9713501588
0.0317864904
0.01711507435
0.01279579424
0.01195322555
0.01103045856
0.01874963746
0.9766486931
0.01645823822
0.01290317186
0.01299996902
0.01345249579
0.01398311863
0.01478072741
0.01649785044
0.02448256743
0.1108386503
0.9855241051
0.987867325
0.9918019184
0.9929481852
0.9934845505
0.9919563926
0.9921777679
0.9937594598
0.9951292586
0.9944344061
0.9943719998
0.03904394325
0.01224157082
0.01093371052
0.01093045006
0.01092527288
0.01092201521
0.01091928809
0.01091689432
0.01091518871
0.01091423019
0.01091340419
0.01091171078
0.01091041739
0.01091014203
0.01091034626
0.0109106656
0.01091102209
0.01091142333
0.01091186158
0.01091212854
0.01091210826
0.01091143223
0.01091778426
0.01437569059
0.9227267142
0.9828175049
0.9851242238
0.983001541
0.9676652405
0.0157857802
0.01188228334
0.01091328128
0.01231007354
0.01856560273
0.9883345149
0.9934756292
0.9948325182
0.99493784
0.9950576622
0.9953707748
0.9958880945
0.9961888506
0.995350494
0.9921768364
0.02210104029
0.01278818656
0.01128949859
0.01132287155
0.01125741317
0.01117773527
0.01111718435
0.01107221285
0.01103826781
0.01101209848
0.01099093051
0.01097287436
0.01095826213
0.01094658597
0.01093780605
0.01092790293
0.01291518868
0.9533697137
0.9569292988
0.02156929638
0.01090302106
0.01090458386
0.01090469875
0.01090507557
0.01090766804
0.0110160857
0.01210228541
0.01496668607
0.02867518567
0.9838708429
0.9917716872
0.9961900241
0.9965448413
0.9960746238
0.9953779084
0.9944663057
0.9936847346
0.9948710003
0.9955011659
0.9945545575
0.9933196551
0.9917062378
0.9915132713
0.993898187
0.9945131521
0.9932485535
0.992930214
0.9929830111
0.9925968695
0.9924313946
0.9935850665
0.9940199451
0.9867786652
0.9811019755
0.06220669724
0.07254402006
0.990314837
0.01704044176
0.01091988377
0.01091502741
0.01091152694
0.01091058688
0.01091075348
0.01091184582
0.01091598929
0.01095924402
0.01437244416
0.9364109238
0.9724453065
0.9810802632
0.9925490697
0.9927992059
0.9909349054
0.9927735223
0.9946155986
0.9952055756
0.9957489062
0.9955854769
0.9886967426
0.01478465864
0.01092302317
0.01092360679
0.01092088847
0.01091810734
0.01091574185
0.01091423837
0.01091352705
0.01091292848
0.01091183937
0.01091077312
0.01091014522
0.01090995595
0.01091000152
0.01091016054
0.01091038837
0.01091069315
0.01091095263
0.01091086469
0.01090874468
0.0121256737
0.02526945704
0.9892894888
0.9892599644
0.9872877111
0.9781710115
0.0167610551
0.01213367022
0.0109119163
0.01091200826
0.01090997782
0.01090802831
0.0121979945
0.01883575308
0.9886697165
0.9934839074
0.9948376708
0.9951222459
0.9955038504
0.9957861605
0.9958972173
0.9958534828
0.9947893306
0.9913071384
0.02169605838
0.01271913416
0.01115231434
0.01117109987
0.01112742522
0.01107910042
0.01104331469
0.01101662656
0.01099461811
0.01097474611
0.01095861073
0.01094517555
0.01093477782
0.01092427978
0.013376702
0.9733851533
0.9664314446
0.02156846259
0.01090212376
0.01090369196
0.01090441727
0.01090494503
0.0109058006
0.0109068822
0.01090685249
0.01090645055
0.01091030197
0.0115988942
0.01275222614
0.01880484679
0.08519536457
0.9918410222
0.9929545577
0.9927548293
0.988248148
0.9871394744
0.995248114
0.9951592693
0.9939220831
0.9904282822
0.9806009455
0.9866476263
0.9945194522
0.9940721882
0.9931097115
0.9941258229
0.9948027528
0.9937710067
0.9936171679
0.9943638692
0.9936913231
0.9932332381
0.9950156322
0.9957297004
0.9920652475
0.02290599752
0.01160000856
0.01091672342
0.01091360808
0.01091118949
0.01091063524
0.01091077672
0.01091119164
0.01091775937
0.01785238818
0.9836927766
0.02124754614
0.01315557818
0.01555424086
0.02570522638
0.9797711202
0.9841719933
0.9919992887
0.9943284422
0.9947960234
0.9950363674
0.9947846272
0.9934804101
0.02508541225
0.0117848871
0.01091903241
0.01091825763
0.01091557211
0.01091395598
0.01091323514
0.01091257238
0.01091168675
0.01091082964
0.0109101808
0.01090976788
0.01090954709
0.01090946301
0.01090938924
0.01090918969
0.01090876374
0.0109093171
0.01127835785
0.01517876329
0.9860801363
0.9931803939
0.9923750311
0.9865291318
0.0180649639
0.01227296397
0.01091142941
0.01091233929
0.01091175374
0.01091079469
0.01090930485
0.01090803173
0.01090760428
0.01218067161
0.01843258374
0.9880109262
0.9935740307
0.9952155592
0.9955383218
0.9956757672
0.9956493826
0.9955520799
0.9955404326
0.9946475314
0.9914574804
0.02181848269
0.01261752484
0.01106048982
0.0110699861
0.01104671793
0.01102113785
0.01099939918
0.01097740233
0.01096048001
0.01094521814
0.01093279933
0.01092191869
0.0140108985
0.9834463947
0.9760039481
0.02156824512
0.01090181862
0.01090319267
0.01090394794
0.0109046331
0.01090541278
0.01090634484
0.01090695521
0.01090721441
0.01090791403
0.01090839016
0.01090810549
0.0109103634
0.0109349567
0.01246194205
0.01702686918
0.9818975174
0.9907567353
0.9852261395
0.0258206197
0.06062071346
0.9906518771
0.9923362645
0.988077685
0.9571190739
0.02450323271
0.02916044377
0.9793412192
0.9871774757
0.9943690766
0.9943602246
0.993224308
0.9937294251
0.9928960153
0.9930114913
0.9944945594
0.9960025998
0.9952552444
0.9911266034
0.9715473118
0.01419681967
0.01091570833
0.01091160039
0.01091032493
0.01091017533
0.01090949495
0.0114503744
0.02445455588
0.9850284956
0.01649515519
0.01091979588
0.01091520449
0.0118482087
0.02017832689
0.9528923422
0.9741837387
0.988811317
0.9939068463
0.9946063795
0.994627052
0.9953426866
0.9946097706
0.980134216
0.01299868505
0.01091690396
0.0109165493
0.01091434805
0.010913465
0.01091252575
0.01091159264
0.01091083194
0.01091022151
0.01090969318
0.01090927368
0.01090908037
0.01090896134
0.01090855876
0.01090722475
0.01091220557
0.01369292415
0.9276679984
0.9908097463
0.9930861713
0.9894968907
0.022003768
0.01247218769
0.01091065993
0.0109114596
0.0109116751
0.01091139454
0.01091073881
0.01090982894
0.01090885598
0.01090808407
0.0109074737
0.01090721279
0.01210338384
0.01837554096
0.9893206367
0.9943351724
0.9956417644
0.9955666619
0.9953098909
0.995266471
0.9953783517
0.9954900116
0.9945649078
0.9910331144
0.02087339702
0.01259833709
0.01099553412
0.01100358668
0.01100167153
0.01098025293
0.01096404138
0.01094848641
0.01093262925
0.01092132027
0.01493472393
0.9884705301
0.9822989169
0.0215681843
0.0109016947
0.01090291445
0.01090361308
0.01090434264
0.01090513874
0.0109059957
0.01090669203
0.01090718692
0.01090774453
0.01090814631
0.01090819681
0.01090865607
0.0109094582
0.01090928772
0.01090817424
0.01208878635
0.02321419299
0.9935365357
0.9903503213
0.01408634213
0.01280584783
0.02284443317
0.9889100122
0.9891619264
0.989298717
0.02326082604
0.01429195703
0.01304614713
0.01678568959
0.02902709316
0.9773185887
0.9895688888
0.9915633332
0.9907056283
0.9935391437
0.9953834887
0.9954485209
0.9939932726
0.9927648601
0.9921818529
0.02671719749
0.01243083058
0.01090920753
0.01090921005
0.01090895565
0.0122932173
0.9503615593
0.9576212439
0.01248423596
0.01091184717
0.01091911933
0.01397575263
0.9626696567
0.9764601662
0.8878034684
0.01577958751
0.02283307613
0.9907767048
0.9935652819
0.9947957241
0.9950226936
0.9942892888
0.9907389414
0.01812167311
0.01092907339
0.01091519859
0.01091413072
0.01091266041
0.01091153545
0.01091086815
0.01091035208
0.01090973691
0.01090908677
0.01090878998
0.01090888337
0.01090883036
0.01090637796
0.01216516044
0.02718665312
0.9918966391
0.9925005176
0.9906572588
0.6662944449
0.01335563439
0.01091207226
0.0109103591
0.01091067216
0.01091083971
0.01091069649
0.01091036049
0.01090977518
0.0109090778
0.01090842999
0.01090793169
0.01090757961
0.0109073152
0.01090738199
0.01220782086
0.02012574289
0.991684883
0.9952555616
0.9953070298
0.9948872397
0.9949905914
0.995077396
0.9951489355
0.9951939598
0.9940776174
0.9904892421
0.02481076894
0.01368338755
0.01169844465
0.01096047374
0.01095176765
0.01094842129
0.01094104645
0.0109223081
0.01677351827
0.9913364311
0.9864664688
0.02156816686
0.01090163883
0.01090275739
0.01090339617
0.01090411127
0.01090489202
0.01090569925
0.01090640742
0.01090698752
0.0109075235
0.01090790392
0.01090811245
0.01090854046
0.01090927038
0.01090982215
0.01090990604
0.01091042719
0.01091490847
0.01790695591
0.9933165221
0.991514088
0.01428788064
0.01091584351
0.01347273786
0.9111059259
0.9899829228
0.9932655536
0.9886627602
0.01701225858
0.01188996883
0.01092000896
0.0117209568
0.01339759472
0.01940757977
0.974726865
0.9870635635
0.9936402735
0.9945415444
0.9934284623
0.9926468365
0.993896741
0.9941288885
0.9884832616
0.01755705961
0.0120622218
0.01091546146
0.01534894922
0.9866882857
0.02822959069
0.01155362732
0.01091340689
0.01235767971
0.05084718388
0.993265249
0.9818663205
0.01535998004
0.01187327342
0.01091165536
0.01350938203
0.9772360186
0.9941938009
0.995320383
0.9952312817
0.9956450029
0.9958019249
0.05582373436
0.01227381805
0.01091289656
0.01091248167
0.01091125201
0.01091088153
0.01091064427
0.01090997155
0.01090893481
0.01090823492
0.01090809099
0.01090913453
0.01125100895
0.01499127226
0.9871216591
0.9944808011
0.9927804117
0.9753140581
0.01465740562
0.01132519972
0.01090974254
0.0109092487
0.01090957348
0.01090989109
0.01090999656
0.01090986746
0.01090951888
0.01090903436
0.01090852906
0.01090808923
0.01090776879
0.01090761587
0.01090761005
0.01090766662
0.01090825806
0.01257239887
0.02722528702
0.991986799
0.9932362595
0.9940450251
0.9943578756
0.9945264879
0.9945523484
0.994466373
0.9943946084
0.9936955682
0.9900948743
0.9643391408
0.02190098973
0.01528692368
0.01252543859
0.01202161592
0.01172913936
0.01801280388
0.9933857117
0.9893471858
0.02156816328
0.0109016133
0.01090266886
0.01090325759
0.01090393828
0.01090468584
0.01090545439
0.01090616375
0.0109067878
0.01090734898
0.01090779754
0.01090816755
0.01090867319
0.01090934963
0.01090995059
0.01091029559
0.01091070115
0.01091182155
0.01091292878
0.01630041102
0.9931183886
0.9917470242
0.01451558905
0.0109138618
0.01139308012
0.01480767429
0.9806621795
0.9919669095
0.9915715061
0.9820900932
0.01623003947
0.01195295925
0.01091461639
0.01208854823
0.02167352017
0.9804035864
0.9862967434
0.9897221871
0.9903902396
0.991456909
0.9922304491
0.9930569937
0.9933234051
0.9910187816
0.9818653978
0.01911722875
0.02216866332
0.9822584335
0.01959908926
0.01092505732
0.01127276517
0.01475729348
0.9828781725
0.993377443
0.0509651383
0.01272221464
0.01091069093
0.01091100636
0.0109086281
0.01172287539
0.02239882817
0.992380767
0.9944520279
0.9954576501
0.9963341561
0.9961826436
0.9904141814
0.01519503465
0.01091485163
0.01091077983
0.01091080056
0.01091127369
0.01091078348
0.01090938345
0.01090835259
0.01090811203
0.01092072629
0.01446369122
0.9571752059
0.9923684373
0.9948791524
0.9905708833
0.01686040662
0.0115399768
0.01090800576
0.01090971295
0.01090930233
0.01090928643
0.01090945749
0.01090954742
0.01090948078
0.01090924499
0.01090889191
0.01090849469
0.01090811816
0.01090781041
0.01090760489
0.01090750267
0.01090749767
0.01090749575
0.01090744382
0.01091010574
0.01340659872
0.9362507571
0.9895039207
0.9930548285
0.9937187301
0.9938676543
0.993552239
0.9928691074
0.9924072555
0.9923427887
0.9899959767
0.9905718282
0.9896987377
0.9580331409
0.9384230964
0.02226356083
0.9266172507
0.9922309973
0.9912411392
0.02156816536
0.01090160331
0.01090262079
0.01090317023
0.01090381471
0.01090452739
0.01090526652
0.01090597692
0.010906634
0.01090723851
0.01090777117
0.01090826942
0.01090884669
0.01090950988
0.01091012679
0.01091061423
0.01091112768
0.01091193241
0.01091261188
0.01091175897
0.01588535703
0.9928887456
0.9920102308
0.01477082187
0.01091310068
0.01091108293
0.01181711626
0.01697110055
0.9848383821
0.9917334909
0.9908544369
0.9785511634
0.01784803131
0.01558349631
0.9760571821
0.9896740739
0.9833919556
0.01793834374
0.01696634914
0.9757264024
0.9908752992
0.992395228
0.9920112371
0.9916277322
0.9910520889
0.990401281
0.9880583594
0.9692983068
0.0145211578
0.01091494548
0.01289192461
0.6815648126
0.9879982703
0.9602140961
0.01383083362
0.01092410387
0.01091000796
0.01090984154
0.01090892802
0.01090762179
0.01090904385
0.0137336996
0.9790698993
0.9943308493
0.9957389527
0.9960438409
0.9958258604
0.9944595117
0.03058486855
0.0123302121
0.01090902734
0.01091157607
0.0109124708
0.01091055692
0.01090910258
0.0109090048
0.0128112687
0.04293997418
0.9933443641
0.9930066554
0.9932947936
0.04168345284
0.01272351108
0.01090785758
0.01090919352
0.01090996672
0.01090967681
0.01090940461
0.01090932497
0.01090929175
0.01090919796
0.01090900349
0.01090872464
0.01090840307
0.0109080824
0.0109077991
0.0109075779
0.01090742193
0.010907321
0.01090724422
0.0109072085
0.01090723828
0.01090650824
0.01138661582
0.01485398198
0.9760013182
0.9909775151
0.9936025578
0.9933569227
0.9918951695
0.9899233009
0.9883843045
0.9866469184
0.9848802392
0.9858644979
0.9768717678
0.9460300692
0.9695963671
0.9756254316
0.9900586422
0.9895066451
0.02156817041
0.01090160198
0.0109025975
0.01090311717
0.01090373081
0.01090441429
0.01090513264
0.01090584549
0.01090653019
0.01090717969
0.01090778685
0.0109083798
0.01090901683
0.01090969473
0.01091034325
0.01091092468
0.01091150769
0.0109121579
0.01091258497
0.01091226066
0.01091092023
0.01554030744
0.9926557665
0.9922621232
0.01504781253
0.01091310288
0.01091402808
0.01091123275
0.01205118046
0.01776450335
0.9872600545
0.9905298401
0.9885777709
0.9881482417
0.9844060416
0.9906600226
0.0358826516
0.01282679238
0.0109119642
0.01187014576
0.01774358691
0.9852147356
0.9901355515
0.9904294545
0.9888536735
0.9897289467
0.9910997947
0.9848126395
0.9636060086
0.01738265019
0.018752304
0.9831056241
0.9867455186
0.02050138195
0.01155930668
0.01090958732
0.01090938443
0.01090901259
0.01090836558
0.01090760013
0.01090751589
0.01090684286
0.01167427446
0.02162157907
0.9927692351
0.9952767748
0.9959173291
0.9960124246
0.9952304883
0.9886612222
0.01638020926
0.0115593045
0.01091391207
0.0109140275
0.01090993158
0.01187792888
0.01734631929
0.9906340234
0.9948649842
0.9923244113
0.9555317879
0.01441153567
0.01091985688
0.01090868312
0.01090898375
0.01090951039
0.01090943354
0.01090928786
0.01090917363
0.0109090852
0.01090897072
0.01090879668
0.01090856542
0.01090830033
0.01090803134
0.01090778669
0.01090758856
0.01090744809
0.0109073713
0.01090736161
0.01090744837
0.01090763787
0.01090752306
0.01090686527
0.01090656806
0.01174663895
0.01630422042
0.9860397269
0.9936047194
0.9931397904
0.9890125459
0.9847471659
0.9812353805
0.9780284096
0.9736803211
0.9631986452
0.9177005996
0.9322447044
0.9780262314
0.9877772748
0.9857222532
0.02156817713
0.01090160554
0.01090258962
0.0109030876
0.01090367795
0.01090434004
0.01090504493
0.01090576122
0.01090646809
0.01090715534
0.01090781904
0.01090847693
0.0109091578
0.01090985561
0.01091053138
0.01091116161
0.01091175829
0.01091229696
0.01091256811
0.01091229533
0.01091152776
0.01090999357
0.01522654847
0.9924148631
0.9925062416
0.01535411507
0.0109148829
0.0109163445
0.01091485672
0.01091482562
0.01245642738
0.02792456888
0.9882101145
0.9928300183
0.9918108455
0.9715276782
0.01638682305
0.01107504253
0.01091355343
0.01091107834
0.0109092295
0.01279087937
0.8992736394
0.9894310923
0.9893258089
0.9883166694
0.9900144168
0.9881995084
0.9856361595
0.9862915462
0.9807973711
0.9855475287
0.8213608715
0.01310598934
0.01090974823
0.01090998716
0.01090964032
0.01090897654
0.01090832485
0.01090777875
0.0109076267
0.01090738813
0.01090682806
0.01090862456
0.01392427986
0.9858057945
0.9954391614
0.9959412167
0.9951350663
0.9942697774
0.9909873893
0.9677197606
0.01452857132
0.01093436974
0.01172270213
0.01538698049
0.9773340772
0.9923313791
0.9943468352
0.9868300467
0.01491344976
0.01124441982
0.01090859766
0.01090780216
0.01090824217
0.01090880799
0.01090900753
0.01090903602
0.01090899049
0.01090890777
0.0109087903
0.01090862981
0.01090843009
0.01090820688
0.0109079822
0.01090777858
0.01090761636
0.01090750996
0.01090747192
0.01090751144
0.01090764275
0.01090783372
0.010907871
0.01090768662
0.01090793281
0.01090851914
0.01090880674
0.01215250303
0.02359047185
0.9921899084
0.9898827912
0.9830127763
0.9792302445
0.9788644386
0.9784336878
0.9765670636
0.9730840197
0.9712940041
0.9771590207
0.9843920753
0.974057808
0.02156818457
0.01090161156
0.01090259116
0.01090307433
0.01090364914
0.01090429761
0.0109049949
0.01090571476
0.01090643763
0.01090715132
0.01090785123
0.01090854709
0.01090925218
0.01090996016
0.01091064752
0.01091129317
0.01091187388
0.01091232864
0.0109125023
0.01091224235
0.01091156135
0.0109105331
0.01090904585
0.01493823996
0.992162796
0.9927385124
0.01574670905
0.0109163516
0.0109161045
0.01091440532
0.01247047186
0.02216051859
0.988409417
0.9915666257
0.9917929001
0.9719268707
0.01337712774
0.01091540041
0.01091407236
0.01091242713
0.01091149562
0.01091071477
0.01152935088
0.01809545991
0.9877344259
0.9884537263
0.9901072147
0.9901683545
0.9901894741
0.9913105462
0.9874397152
0.9704513872
0.01560983929
0.01133990577
0.01090906214
0.01090963727
0.01090943897
0.01090894482
0.01090838221
0.01090792309
0.01090768884
0.01090744033
0.01090719903
0.01090776806
0.01090756414
0.01190406129
0.03065461624
0.9949954662
0.9949144718
0.9937102435
0.992666159
0.9917970843
0.9924260317
0.04901565937
0.01790406181
0.947547584
0.9845245853
0.9909349298
0.9915492727
0.0273630357
0.01214518227
0.01090692985
0.01090918483
0.01090870468
0.01090856781
0.01090873128
0.01090884389
0.01090888101
0.01090885047
0.01090877092
0.01090865248
0.01090849947
0.01090831945
0.0109081252
0.01090793425
0.01090776451
0.01090763406
0.01090755594
0.01090754263
0.01090759713
0.01090771995
0.01090786573
0.01090793117
0.0109079064
0.01090815683
0.01090873018
0.01090966252
0.01091064557
0.01091309295
0.01573205579
0.985012343
0.9836577817
0.9811115408
0.9840228222
0.985929767
0.9870164985
0.9874078548
0.9865122923
0.983526647
0.9842834672
0.9505566121
0.02156819192
0.01090161833
0.01090259815
0.01090307259
0.01090363927
0.01090428125
0.01090497559
0.01090569857
0.0109064311
0.01090715868
0.01090787449
0.01090858351
0.01090929121
0.01090999224
0.01091067249
0.0109113124
0.01091186775
0.01091226688
0.01091238663
0.01091213454
0.01091150174
0.01091057339
0.01090955291
0.01090829246
0.01469521353
0.9918936757
0.9929079451
0.01703734872
0.01091673596
0.01211036946
0.01772719159
0.9861216991
0.990014452
0.9884638172
0.9865851695
0.9805242489
0.9024450969
0.01168301651
0.01091362182
0.01091240861
0.01091141842
0.01091085101
0.01091186456
0.01253601987
0.02345795573
0.9852777183
0.9895166856
0.9915116367
0.9928175266
0.9936205524
0.9918159482
0.9649082874
0.01287377067
0.01090894934
0.01091007941
0.0109101255
0.01090958963
0.01090904534
0.01090851359
0.01090808674
0.01090783144
0.01090765058
0.01090761248
0.01090804525
0.01090836627
0.01090845474
0.01091441517
0.01702070824
0.9907608237
0.9922616628
0.9903235205
0.989743149
0.9926476385
0.9947091094
0.9933648963
0.9893302536
0.9883333641
0.9890670454
0.9528360079
0.01395898926
0.01091283187
0.01090807987
0.01090908081
0.01090899407
0.01090882166
0.01090877372
0.01090877593
0.01090877515
0.0109087377
0.01090865787
0.01090854067
0.01090839313
0.01090822551
0.01090804969
0.01090788136
0.01090773471
0.01090762637
0.0109075657
0.01090756469
0.01090761769
0.01090772098
0.01090782154
0.01090788236
0.0109078761
0.01090805438
0.01090842418
0.0109093468
0.0109103022
0.01091131739
0.01091127982
0.01554192388
0.9745318526
0.9833478349
0.9878208004
0.9898625318
0.9911409912
0.9918182372
0.9912341582
0.9857125574
0.9816716216
0.06441966643
0.02156819848
0.01090162465
0.01090260798
0.01090307947
0.01090364519
0.01090428724
0.0109049825
0.01090570806
0.01090644461
0.01090717396
0.01090788639
0.01090858573
0.01090927393
0.01090994772
0.01091060194
0.01091122225
0.01091174988
0.01091211944
0.01091222474
0.01091199686
0.0109113699
0.01091045122
0.01090961815
0.01090895277
0.01090784287
0.01474030493
0.9911912681
0.9924728057
0.02120593217
0.01819662054
0.9834870625
0.9905105529
0.9886954491
0.9729340244
0.01834251752
0.02051849878
0.987714094
0.01827161246
0.01091231831
0.01091234304
0.01091022667
0.01090803869
0.0118241885
0.01580635786
0.9734188437
0.9799958767
0.9846352727
0.9890827412
0.9920195697
0.9929242859
0.9913902063
0.9847535359
0.01539480613
0.01090810906
0.01090933628
0.01090971034
0.01090942065
0.01090898394
0.01090854217
0.01090817552
0.01090794373
0.01090781448
0.01090784212
0.01090809133
0.01090825713
0.01090840911
0.01090922815
0.01090983727
0.01384015779
0.9813054872
0.9862123735
0.9847647665
0.9898425164
0.9942029288
0.9957898144
0.9951301722
0.9908782714
0.985272475
0.0190038855
0.01153634029
0.01090941521
0.01090821113
0.010908639
0.0109087521
0.01090877206
0.01090875086
0.01090872683
0.01090870145
0.01090865217
0.01090856773
0.01090844936
0.01090830342
0.01090814152
0.01090797449
0.01090781832
0.01090768356
0.01090758793
0.01090753622
0.01090754424
0.01090759577
0.01090770005
0.01090778285
0.01090786502
0.01090786463
0.01090799752
0.01090808623
0.01090901599
0.01090964049
0.01090932044
0.0118411461
0.01513207899
0.9406094539
0.982272354
0.988705608
0.9907654591
0.9920426407
0.9927923796
0.9924334815
0.9872987685
0.9673986519
0.04127236353
0.02156820371
0.01090162973
0.01090261929
0.01090309378
0.01090366575
0.01090431406
0.01090501359
0.01090574154
0.01090647828
0.01090719891
0.01090789008
0.01090855903
0.01090920593
0.01090983098
0.01091044105
0.0109110311
0.01091152169
0.01091187506
0.01091200094
0.01091185475
0.01091121977
0.01091015623
0.0109093741
0.01090911187
0.010908474
0.01090766687
0.01577287845
0.9871050794
0.9903201316
0.9881308818
0.9909026209
0.9898702692
0.9747837652
0.01531655772
0.01207320126
0.0115019177
0.9314281983
0.9807092464
0.01300007674
0.01091143938
0.01090991809
0.0117931744
0.01513072657
0.9599452431
0.9780591605
0.9760416137
0.9688438588
0.9797119564
0.9851856532
0.9881804066
0.9873309866
0.9865072473
0.9655728883
0.01189963771
0.01090846465
0.0109090937
0.01090908255
0.0109088299
0.01090849678
0.01090819531
0.01090801607
0.01090795593
0.01090806032
0.01090826603
0.01090851578
0.01090918087
0.01091004579
0.01091093531
0.01091171077
0.0134184763
0.9764227825
0.985410936
0.9907028778
0.994700061
0.9964437126
0.9965698496
0.994323021
0.9760874458
0.01368401284
0.01091091617
0.01091043869
0.01090915592
0.01090881539
0.01090872101
0.01090872413
0.01090872033
0.01090869663
0.01090865803
0.01090859574
0.01090850153
0.01090837672
0.01090822614
0.01090806281
0.01090789498
0.01090774142
0.01090760781
0.01090751759
0.01090746777
0.01090749121
0.01090754905
0.01090768902
0.0109078073
0.01090798834
0.01090802686
0.01090844371
0.01090823126
0.0109092639
0.01090903595
0.0118616311
0.01494102482
0.911647934
0.9685327973
0.9776996993
0.9861006686
0.9888209016
0.9904462452
0.9915997857
0.9916381827
0.9891096947
0.9813017114
0.04117854291
0.02156820717
0.01090163331
0.01090263211
0.01090311621
0.01090370202
0.01090436235
0.01090506863
0.01090579929
0.01090653558
0.01090723985
0.01090789364
0.01090851438
0.01090909861
0.01090965233
0.01091020338
0.01091075919
0.01091118534
0.01091150417
0.01091166027
0.01091169716
0.01091115471
0.01090988472
0.01090898721
0.01090908069
0.01090839959
0.01195205548
0.01540721564
0.9747942703
0.9925480892
0.9938216888
0.9921961899
0.9824785184
0.01601164978
0.01177275017
0.0109098441
0.01090919206
0.0124667671
0.9736364049
0.9649446776
0.01181538239
0.01234749256
0.01650007161
0.9736600157
0.9867360823
0.9869456209
0.9848439245
0.9808183197
0.9829073911
0.98006385
0.9397810264
0.9780137455
0.9842469766
0.9839712658
0.01517715637
0.0109070174
0.01090838501
0.01090868952
0.0109086399
0.01090841824
0.0109081612
0.01090802849
0.01090804631
0.01090827395
0.01090841064
0.01090859435
0.01090968222
0.01091091006
0.01091198821
0.01091776913
0.01324731576
0.02394470609
0.9871066983
0.9912729199
0.9942252012
0.9960933705
0.9964720627
0.9950253881
0.9895158061
0.01645974069
0.01090947857
0.01090962033
0.01090895638
0.01090874112
0.01090864077
0.01090864966
0.01090866848
0.0109086635
0.01090862812
0.01090855959
0.01090845475
0.01090831967
0.01090815788
0.01090798616
0.01090780758
0.01090764816
0.01090750308
0.01090741421
0.01090735663
0.01090740226
0.01090748104
0.01090769196
0.01090785365
0.01090834956
0.01090838745
0.01090935462
0.01090976118
0.01092089768
0.01274647075
0.01697276921
0.9629920081
0.9767984569
0.9752419527
0.9701275066
0.9791524139
0.9827204084
0.9842565582
0.9864113406
0.9875403563
0.9865513393
0.9866097923
0.08102314049
0.0215682085
0.01090163577
0.0109026483
0.01090314975
0.01090375753
0.0109044346
0.01090514813
0.0109058818
0.01090662189
0.01090730613
0.01090790941
0.01090846994
0.01090896983
0.01090942585
0.01090990779
0.0109104477
0.01091076494
0.01091097862
0.01091107817
0.01091138946
0.01091102405
0.01090979023
0.01090929363
0.01091120858
0.01234071417
0.01668850443
0.9674688078
0.9827775451
0.9922487834
0.9939651812
0.9913118519
0.02028061871
0.01218734817
0.01091026032
0.01091007048
0.01090911824
0.0109080382
0.01651002961
0.9852072548
0.0263218097
0.02590146956
0.9875796472
0.9908755482
0.9924226166
0.990583623
0.989106938
0.985532256
0.9058809257
0.01926726238
0.01466958632
0.893108196
0.9864149103
0.9890228351
0.9595076674
0.01167948747
0.01090801879
0.01090855393
0.01090858734
0.01090840665
0.01090812006
0.01090796038
0.01090796733
0.0109083591
0.01090832855
0.01090776381
0.01090828698
0.01090813015
0.0113377643
0.01363877257
0.02636891598
0.9882457276
0.988804482
0.9907835698
0.9920477053
0.9942303104
0.994960433
0.9938682736
0.9921832835
0.9866447588
0.01250825345
0.01090918597
0.01090867292
0.01090862413
0.01090858743
0.01090860858
0.01090863673
0.01090864428
0.01090861399
0.01090854181
0.01090842486
0.01090827638
0.01090809645
0.0109079105
0.01090770855
0.01090753716
0.01090736249
0.01090726593
0.01090718845
0.01090724866
0.01090728613
0.01090763229
0.01090754503
0.01090807172
0.01090791601
0.01091003708
0.01159870037
0.01489918668
0.04004456859
0.9890225302
0.9882448535
0.985312173
0.9771602154
0.9722549442
0.9742302906
0.9737971712
0.9677147203
0.9679362356
0.9762519657
0.9817618409
0.9864117089
0.9694857706
0.02156820735
0.01090163852
0.0109026724
0.01090320056
0.010903839
0.01090453483
0.01090525167
0.01090598764
0.01090674245
0.01090740551
0.01090795023
0.01090845574
0.01090884825
0.01090916661
0.01090957186
0.01091014831
0.01091030852
0.01091030963
0.01091002655
0.01091038817
0.01090984142
0.01090811569
0.01131520763
0.01340387229
0.0222856312
0.9860712633
0.9881771569
0.9866634137
0.9877535112
0.9872727316
0.9832286449
0.01644152489
0.01091073713
0.01091144446
0.01091060445
0.01091203651
0.01175452709
0.01387963665
0.9664935097
0.9879979721
0.9926328378
0.9937563835
0.994037863
0.9935313214
0.9908756815
0.9702980077
0.0207326079
0.01365605417
0.01164263356
0.01091381493
0.01369894335
0.9889549187
0.9922658167
0.9883647715
0.01542796392
0.01090775667
0.01090870583
0.01090875794
0.01090854665
0.01090817112
0.0109079251
0.01090774335
0.01090830247
0.01090840019
0.01090755985
0.01090896974
0.01185361384
0.0148150268
0.7825290681
0.9901323291
0.9915181865
0.989929828
0.9898345721
0.9915331329
0.9927922665
0.992361592
0.9898007732
0.9919872052
0.9933482185
0.02446907593
0.01091085444
0.01090842406
0.01090851637
0.01090850886
0.01090856148
0.01090860829
0.01090863403
0.01090861255
0.01090853955
0.01090840883
0.01090824614
0.01090803967
0.01090783807
0.01090759642
0.01090740495
0.01090718256
0.01090706659
0.01090690389
0.01090705287
0.01090683112
0.01090715994
0.01090688901
0.01090809773
0.01145278308
0.01351400417
0.022355575
0.9779400958
0.9931985279
0.9939663158
0.9919881388
0.9877203867
0.9827458902
0.9798310948
0.9769138395
0.9711939812
0.9411193022
0.9208836496
0.8951119953
0.976929964
0.9885324514
0.9800908717
0.02156820403
0.01090164475
0.01090271269
0.0109032791
0.01090395822
0.01090466837
0.01090537483
0.01090611107
0.01090690306
0.01090753608
0.01090801375
0.01090851732
0.01090879907
0.0109089027
0.01090922289
0.01090998326
0.01090990836
0.01090986069
0.01090899561
0.01090937107
0.01090823224
0.01159372858
0.01452588058
0.6013813319
0.9903330155
0.9928457882
0.9914284884
0.9857910387
0.9759368768
0.02190829638
0.9580012391
0.9632248048
0.01207333947
0.01091612792
0.01171000054
0.01403969206
0.02239600669
0.9689509751
0.9832162856
0.9919074259
0.994009179
0.9942059675
0.9929445204
0.9909821904
0.4361427425
0.01501285423
0.01175572605
0.01091330137
0.0109120269
0.01091157693
0.01091042169
0.02085899437
0.9927525098
0.9929034347
0.9832803874
0.01205391775
0.01090908878
0.01090926722
0.01090891998
0.0109083455
0.01090812692
0.01090744418
0.01090775761
0.01090680373
0.01129524359
0.01311443165
0.02103903265
0.982095682
0.9899001903
0.9923428286
0.9920691872
0.9903325455
0.989379376
0.9893784739
0.9889333875
0.03334408014
0.02143246314
0.991975569
0.9945853234
0.9918964292
0.01396396858
0.01090769211
0.01090820429
0.01090826172
0.0109084314
0.01090854713
0.01090862136
0.01090862142
0.01090855337
0.01090840412
0.01090823122
0.01090798866
0.01090777088
0.01090747542
0.01090726371
0.01090691912
0.010906862
0.01090643833
0.01090657148
0.01090626736
0.01090728104
0.01141369394
0.01319911901
0.02014301034
0.9674761967
0.9913339975
0.9938323283
0.9939449726
0.9939071282
0.9918174043
0.9900958802
0.9905485902
0.9885658526
0.9850398019
0.9807870264
0.9659360946
0.9692577497
0.9236869261
0.9396582961
0.9891388415
0.9858004608
0.02156820271
0.01090166217
0.01090278259
0.01090339974
0.01090413586
0.01090484459
0.01090550327
0.01090623544
0.01090711997
0.01090768387
0.0109080483
0.01090868033
0.01090894651
0.0109087652
0.01090886761
0.01091016531
0.01090975083
0.01090988168
0.01090955548
0.01091789335
0.01266332826
0.01677007087
0.9612100352
0.9894045724
0.9927603326
0.9923611583
0.9860685031
0.6547179136
0.01523921281
0.0123123533
0.01547615148
0.9751854507
0.01751111833
0.01577411012
0.03017467505
0.9791194728
0.9909281363
0.9921801666
0.9918691647
0.9939413497
0.9941563384
0.9922927056
0.9866083663
0.02183776008
0.01340792158
0.01127633824
0.01091225625
0.01091177522
0.01091170316
0.01091099729
0.01090856245
0.0120621409
0.9834856679
0.9929056171
0.9927371514
0.02077617976
0.01091054261
0.01091020751
0.01090977169
0.01090874011
0.01090882924
0.01090847815
0.0109135388
0.01220070516
0.01534513709
0.8589374867
0.9894907315
0.9932470266
0.9934622509
0.9937257156
0.9918884297
0.9898835709
0.9855978699
0.8876295993
0.01670213363
0.01287044629
0.01092690215
0.0221056796
0.9937422816
0.9939704811
0.9814653314
0.01178240022
0.01090733549
0.01090775784
0.01090823132
0.01090847308
0.01090862651
0.0109086523
0.01090859247
0.01090841235
0.01090823071
0.01090794747
0.01090773436
0.01090730682
0.01090718412
0.0109065639
0.010906434
0.01090595456
0.01090678911
0.0113935931
0.01307455415
0.01944972705
0.9618693211
0.990537987
0.9935452276
0.9939019369
0.9948236187
0.9944968242
0.9939188663
0.9927887251
0.9914292842
0.9929178509
0.9939517066
0.9866855108
0.9721970502
0.7917495002
0.9118561905
0.022741024
0.925373317
0.9869749014
0.9858074392
0.02156822222
0.01090171101
0.01090290435
0.01090357439
0.01090440277
0.01090509058
0.01090561626
0.01090630929
0.01090742363
0.01090785478
0.01090792952
0.01090883476
0.01090926486
0.0109089866
0.01090870547
0.01091007373
0.01090879777
0.01091082598
0.01159807304
0.01452550759
0.03374320743
0.9884379589
0.9891006508
0.9905078085
0.9893532042
0.9822990456
0.01797908522
0.01396307764
0.01318007335
0.01433969641
0.0220179919
0.9854997985
0.9832725028
0.9818893367
0.9935674549
0.9941994035
0.9932542716
0.9934835193
0.9921373596
0.993625707
0.9927286929
0.9626073376
0.01565832517
0.01213848047
0.01091317943
0.01091178976
0.01091191223
0.01091135107
0.01091090515
0.01091017092
0.01090827576
0.01090649457
0.01547666861
0.9882471461
0.9921969936
0.9881537991
0.01347066081
0.01090970366
0.0109103239
0.01090873216
0.01090867237
0.01149215581
0.01418483238
0.0304365626
0.9883045226
0.9914340012
0.9931467387
0.9947225949
0.9936885856
0.9931960506
0.9898044418
0.9243998879
0.01828657924
0.01308178361
0.01142521896
0.01091409825
0.01091382541
0.0117278068
0.9797732154
0.9939465927
0.99397252
0.02178756664
0.01090874291
0.01090778761
0.01090833184
0.0109085257
0.01090871375
0.0109087311
0.01090866208
0.01090843329
0.01090826412
0.01090786218
0.0109078145
0.0109071381
0.01090696043
0.01090630136
0.01090698907
0.01139299736
0.01300346018
0.0190471288
0.9577114818
0.990128551
0.9934274
0.9939476119
0.9950322801
0.9949369189
0.995362436
0.9944696425
0.9934140738
0.9920374611
0.9861562994
0.966692345
0.03432294323
0.01983197192
0.01384838449
0.01284022963
0.01209459312
0.01187934307
0.01865288197
0.989143382
0.9824809896
0.02156833188
0.01090184175
0.01090312308
0.01090379876
0.01090477935
0.01090545566
0.01090575499
0.01090624829
0.01090775292
0.01090803477
0.01090760586
0.01090856312
0.01090877904
0.01090893228
0.01091108258
0.01093911766
0.01183397355
0.01407424287
0.02277465048
0.9690538139
0.9913678062
0.9923177433
0.9890650743
0.9839270707
0.9639144159
0.01776096618
0.01715895968
0.02196904475
0.8899314693
0.9597179838
0.9901683768
0.9930711215
0.9932872885
0.9926930177
0.9937385603
0.9938540536
0.9925045242
0.9920156901
0.9876479781
0.9746491735
0.02715011135
0.01414287305
0.01134290194
0.01091390798
0.0109132096
0.01091239523
0.01091184051
0.01091082381
0.01091049933
0.01090993228
0.01090846454
0.01090712515
0.01173467178
0.9599139799
0.9885350619
0.9876032305
0.9746488415
0.01213084847
0.0109111632
0.01139340085
0.01294904343
0.01914600536
0.9674251414
0.9924192406
0.9945827855
0.9945288758
0.9947277559
0.9950440574
0.993570769
0.9776027107
0.02138177802
0.01326831317
0.01144929121
0.01091236893
0.01091441945
0.01091549529
0.01091325471
0.01090888317
0.0137241174
0.9916175209
0.9950118377
0.9916395085
0.01373166631
0.01090742181
0.01090840586
0.01090852563
0.01090881829
0.01090883456
0.0109087661
0.0109083895
0.01090839985
0.01090776768
0.01090773334
0.0109071123
0.0109083764
0.01147870983
0.0131386953
0.0191822132
0.9552255801
0.9897921356
0.9933116692
0.9939275206
0.995092741
0.9951489876
0.9957121044
0.995276871
0.9955304461
0.9947416397
0.9827379865
0.7394810437
0.01773243982
0.01283458941
0.01165413542
0.01093283686
0.01092451802
0.01092033983
0.01091852842
0.01091677923
0.01680594014
0.9920109079
0.9852352504
0.02156883566
0.01090216628
0.01090353166
0.01090406349
0.01090520696
0.01090587584
0.01090601537
0.01090628737
0.01090764948
0.01090699579
0.01090698884
0.01091074528
0.01137245603
0.01181571254
0.01341455606
0.02143100503
0.07341493767
0.9840668158
0.9917569607
0.9926014688
0.9907099862
0.9888086203
0.9717133047
0.9672403963
0.03877817161
0.9579440407
0.9742942175
0.9915500885
0.9917306487
0.9900366055
0.9908342081
0.9930819759
0.9940368875
0.9944171521
0.9944512792
0.993665531
0.9771387433
0.7968796889
0.01839833404
0.01325543704
0.01170967874
0.01092242197
0.01092144734
0.01091947574
0.01091594054
0.01091365282
0.01091211352
0.01091056649
0.01091028483
0.01090997434
0.0109087309
0.01090781072
0.01090807196
0.01602038414
0.9812687521
0.9819274397
0.9875166579
0.02510546638
0.01316295092
0.01683481636
0.8488370339
0.9884942705
0.9923877229
0.9931954609
0.9946581988
0.993271201
0.9920566085
0.9905826595
0.04439254486
0.01499736165
0.01159949204
0.01091254915
0.01091294544
0.0109135942
0.01091484895
0.01091555312
0.01091322523
0.01091003851
0.0109094383
0.021723669
0.9939588175
0.9939450179
0.979991805
0.01173786933
0.01090820177
0.01090843095
0.0109090321
0.01090893261
0.01090897733
0.01090829054
0.01090827955
0.01090770775
0.01090956023
0.01155835069
0.01358601676
0.02140633603
0.9647819545
0.9898204512
0.9931876486
0.993821664
0.9950561202
0.9951678377
0.9957689066
0.9953915789
0.9956290206
0.9946823037
0.988099506
0.048364207
0.01665317287
0.01194504969
0.01132572109
0.01092511978
0.01092756837
0.01092599175
0.01092670183
0.01092509687
0.01092137322
0.01091671827
0.01500775662
0.9894107496
0.983218464
0.02157147425
0.01090304899
0.01090416292
0.01090445674
0.01090552091
0.01090556225
0.01090601171
0.01090873873
0.01093938572
0.01161980722
0.01236637642
0.01644136908
0.0263915103
0.9575006863
0.980214062
0.9919053675
0.9959445156
0.9955451041
0.9942030091
0.9937499675
0.9913612212
0.987770329
0.9800013235
0.9736765971
0.9874318135
0.9901702205
0.9892401275
0.9906887547
0.9919232877
0.9922082109
0.9910443574
0.9900171878
0.9903837588
0.9901826241
0.9868714092
0.03656234053
0.01599179906
0.01198041413
0.01135617217
0.01092496941
0.01092803939
0.01092667761
0.010925204
0.0109226651
0.01091872857
0.01091609731
0.01091447632
0.01091197015
0.01091003059
0.01090901389
0.01090846855
0.01090928419
0.01091290734
0.01326878768
0.963195771
0.9773683529
0.9840184722
0.9842640901
0.9589751662
0.9795672029
0.9893601037
0.9920050356
0.9935646476
0.9936793214
0.9939390227
0.9912190074
0.9357231843
0.01608532097
0.01254058538
0.01092634588
0.01091496998
0.01091418193
0.01091444645
0.01091495758
0.01091491951
0.0109147705
0.01091310329
0.01091115666
0.01091048617
0.0117828039
0.9812991497
0.9939064631
0.9938235182
0.02218063723
0.01091108327
0.01090914553
0.01090993483
0.01090920998
0.01090891955
0.01090812228
0.01091003873
0.01158375446
0.01382560224
0.02316677532
0.973831216
0.9913980097
0.9934863396
0.9935732789
0.994865825
0.9950679298
0.9957566685
0.9954316739
0.9956942828
0.9947811015
0.9881909922
0.04231359856
0.01562771004
0.01192488531
0.01094051695
0.01093208078
0.01093513305
0.01093357816
0.01093423813
0.01093109567
0.01092761494
0.01092460262
0.01092048049
0.01091495062
0.01407185761
0.9848363838
0.9780750586
0.02160578591
0.01090683708
0.01090463036
0.01090482267
0.0109106883
0.01140322588
0.01194727313
0.01386252068
0.02286596154
0.08932302683
0.9841435289
0.9897496338
0.9951148697
0.9953101133
0.994819261
0.9952996583
0.9957169001
0.9958270304
0.9948571644
0.9939515009
0.9925363698
0.9908672893
0.9890200643
0.9888146285
0.9892577694
0.9914675582
0.989777816
0.9884981245
0.987661522
0.9907433638
0.9911119747
0.9830434659
0.9672653039
0.9733648338
0.01668571947
0.01204111579
0.01093011577
0.01092385273
0.0109283794
0.01092634428
0.01092492453
0.01092363774
0.01092139254
0.01091953801
0.01091759886
0.01091683688
0.010918098
0.01092382346
0.01094647197
0.01155161622
0.01185973164
0.01292423807
0.01614128736
0.0228305128
0.9772834259
0.9856215709
0.9893623798
0.990536394
0.9891318067
0.9878599481
0.99024577
0.9924584935
0.9922041477
0.9902728892
0.9869478459
0.02610763268
0.01363808908
0.01133014155
0.01091149221
0.01091341977
0.01091443759
0.01091448878
0.01091443525
0.01091479925
0.01091482211
0.01091445208
0.01091321047
0.01091191815
0.01091287239
0.01091346347
0.01408734729
0.9917365333
0.9944670364
0.9924379411
0.01561217434
0.01090991696
0.01091085579
0.01090937296
0.01091093013
0.01159620274
0.01387273266
0.02356033442
0.975413729
0.9919107756
0.9937670132
0.9939086405
0.994706756
0.9945870332
0.9954900152
0.9953533672
0.9957273794
0.9948974633
0.988592951
0.0448315639
0.01571852063
0.01190974156
0.01094381283
0.01094009722
0.01094164171
0.01094244233
0.01094321286
0.01093982641
0.01093630976
0.01093246707
0.01092832269
0.0109243661
0.01091989918
0.01091412004
0.01344584524
0.9763044341
0.9690880233
0.02167346462
0.01094039338
0.01150886202
0.01237316186
0.01720801369
0.0341837317
0.9790808965
0.988332213
0.9942992955
0.9967979941
0.996684927
0.9961751268
0.9963929
0.9966640295
0.9964265995
0.9963244841
0.9960830131
0.9956982101
0.9952797849
0.9947525416
0.9939387426
0.9931401944
0.9924119464
0.992033374
0.9916472792
0.990667037
0.9887481799
0.984529037
0.9723087001
0.9655710516
0.0401578525
0.02585735471
0.01977766799
0.01927474233
0.01742609336
0.01384395907
0.01416032463
0.01436499034
0.01458044756
0.01481288176
0.01506487376
0.01534028054
0.01564214913
0.0159830286
0.01639474451
0.01696315971
0.01794666494
0.02039991231
0.03439279684
0.06218722921
0.9606301685
0.96130997
0.9837871847
0.9919176184
0.9920558069
0.992222276
0.9931417091
0.9938227916
0.9935690059
0.9926295376
0.9927607902
0.9931860094
0.9912242094
0.899394137
0.01532979701
0.01216647094
0.01091464994
0.01091277848
0.01091435385
0.0109147582
0.01091422129
0.0109138753
0.01091400915
0.01091448409
0.01091482682
0.0109148049
0.01091420859
0.01091292336
0.01091288036
0.01091439784
0.01092305309
0.029498471
0.992800134
0.991122656
0.9856951462
0.01379078645
0.01091622054
0.011717456
0.01406577414
0.02401405835
0.9754246946
0.9919044265
0.99371997
0.9938091636
0.9945110374
0.9943548985
0.9946101863
0.994853248
0.9955744191
0.9950234236
0.9891915799
0.05029420675
0.01595887971
0.01194948901
0.01095377227
0.01095072326
0.01095412579
0.01095358329
0.01095071897
0.01094738467
0.01094503115
0.01094151937
0.01093763119
0.01093359717
0.01092946347
0.0109250796
0.01092022854
0.01091445838
0.01300191575
0.9564610252
0.9538075114
0.08701199151
0.02407239266
0.1162177736
0.9885684995
0.9931076965
0.9964839871
0.9967835833
0.9966153076
0.9969735524
0.9972868835
0.9974776002
0.9972648547
0.9971695306
0.9970513023
0.9969886013
0.9968752795
0.9965917191
0.996220537
0.9958723047
0.9955362653
0.9950901937
0.994640896
0.9942280799
0.9938704703
0.9934002397
0.9926179336
0.9914613345
0.9899756812
0.9881768664
0.9867793445
0.9898436897
0.9922476435
0.9916603572
0.9918113949
0.9910250217
0.9901062947
0.9905062041
0.991292866
0.9919054489
0.9924352534
0.9929103054
0.9933420605
0.9937377277
0.9941045156
0.9944513739
0.9947899439
0.995135311
0.9955089098
0.9959511295
0.9966502042
0.9953095292
0.992784524
0.9919524818
0.9917286732
0.9924102443
0.9926421197
0.9933729937
0.993836654
0.9937640751
0.9931608739
0.9915845688
0.9887811125
0.03007678318
0.01389618434
0.01133882604
0.01091286232
0.01091336008
0.01091371756
0.0109138122
0.01091326026
0.01091227211
0.01091174446
0.01091201653
0.01091262486
0.01091325031
0.01091386452
0.01091465929
0.01091712901
0.01092500727
0.01160787313
0.01229767226
0.01793501173
0.989248193
0.987928036
0.9847103852
0.9586132902
0.01749570496
0.02976431248
0.9787104073
0.9919693207
0.9936197109
0.99363435
0.9942868784
0.9939525443
0.9938909491
0.9938470952
0.9932217209
0.9920162665
0.9908046094
0.1013544536
0.01678994235
0.01204896561
0.01096938832
0.01096481494
0.01097016665
0.01096842811
0.01096379863
0.01095827704
0.0109530238
0.01094869314
0.0109455165
0.01094223881
0.01093879653
0.01093515127
0.01093132771
0.01092701609
0.01092176879
0.01091594784
0.01303639942
0.932169308
0.9239068451
0.9938436216
0.996594319
0.9976126596
0.9977475047
0.9976084335
0.9977933936
0.9979719206
0.9978869461
0.9978668164
0.997809642
0.9977451316
0.9977146125
0.9976522741
0.9975202571
0.9974047392
0.9972764095
0.9970511699
0.9967694099
0.9964975433
0.9962433295
0.9959686951
0.9956957568
0.9954357531
0.9951837349
0.9948821588
0.9944990112
0.9940962587
0.993789984
0.9936928941
0.993877098
0.9941665676
0.9950937603
0.9953909786
0.9955074993
0.9954470682
0.9952410861
0.9951843001
0.9953477069
0.9955340222
0.9957095494
0.9958737039
0.9960274431
0.9961709641
0.9963034247
0.9964224419
0.9965229953
0.9965954272
0.996622172
0.9965735593
0.9964127468
0.996127511
0.9948707377
0.9937280534
0.9925577188
0.9918282391
0.991941615
0.9919515933
0.9915096315
0.991026785
0.9894453137
0.984950092
0.0181598354
0.01251899412
0.01092033021
0.01091654454
0.01091676963
0.01091704917
0.01092307469
0.01094100457
0.01151548373
0.01174013375
0.0122613147
0.01268013908
0.01312298113
0.01357767226
0.0140986264
0.01482550758
0.01629515979
0.0224314468
0.03167666036
0.8970498534
0.9617373765
0.9864977187
0.9896720213
0.9883436205
0.9856117169
0.9830681144
0.9931214923
0.9936703399
0.9933254558
0.9940329185
0.993705839
0.993626605
0.9935702305
0.9926322157
0.9916777642
0.9874373381
0.8624905134
0.01598882563
0.01266618225
0.01102349243
0.01098696189
0.01099388475
0.01098954695
0.01098163239
0.01097324847
0.01096528948
0.01095848949
0.01095314762
0.01094905839
0.01094592951
0.01094297671
0.01093999395
0.01093688279
0.01093364594
0.01093008235
0.01092525429
0.01091726587
0.01265090413
0.743349126
0.9199001251
0.9960663554
0.9980568467
0.9984134612
0.9985745725
0.9985099577
0.9984714091
0.9984177116
0.9983849578
0.9983359233
0.9982357785
0.9981319354
0.9980585412
0.9979890177
0.9978784516
0.9977567029
0.9976200269
0.9974403212
0.9972320543
0.9970258045
0.9968314868
0.9966414238
0.9964615507
0.9962924137
0.9961297714
0.9959582186
0.9957812193
0.9956364372
0.9955665896
0.9955914443
0.9956909376
0.9957902621
0.9959066476
0.9961194294
0.9962765847
0.996295886
0.9962045672
0.9961235901
0.9961366438
0.9961995386
0.9962761444
0.9963532657
0.9964266066
0.9964935039
0.9965505228
0.9965920537
0.9966089373
0.9965869065
0.9965053742
0.9963399689
0.9960832675
0.995775778
0.9954195114
0.9947801546
0.9938986886
0.9930582931
0.9922513674
0.9907566313
0.9868782874
0.9765032934
0.956904505
0.02175517123
0.01593184535
0.0135817299
0.01426789747
0.01500781117
0.01595131361
0.01733362513
0.02012033605
0.03324429866
0.05211413659
0.9498190919
0.934669713
0.972421713
0.9813012196
0.9859065577
0.9886410966
0.9905318906
0.9919976121
0.9933002248
0.9949228281
0.992836886
0.9889257047
0.9905298709
0.992336392
0.9929988789
0.9929310316
0.9923748424
0.9927380946
0.993219442
0.9929765215
0.9931718248
0.993377151
0.9924962998
0.991777354
0.9879213007
0.9202005168
0.0176768889
0.01277569503
0.01139955271
0.01100591019
0.01102889278
0.01102046413
0.01100813329
0.01099509416
0.01098271208
0.01097215218
0.01096400962
0.01095764586
0.01095284036
0.01094922869
0.01094642503
0.01094384056
0.01094122708
0.01093850533
0.01093573704
0.01093296302
0.01093002508
0.01092393284
0.01270845143
0.9133475815
0.9341592331
0.9972522813
0.9985696911
0.9987925775
0.9988654705
0.9988706185
0.9988344565
0.9987646653
0.9986992604
0.9986324117
0.9985383547
0.9984362127
0.9983452873
0.9982578055
0.9981548426
0.9980401218
0.997911644
0.997762757
0.9976019861
0.9974430553
0.9972930312
0.9971529302
0.9970258424
0.9969113605
0.9968071164
0.9967094929
0.9966239136
0.9965662313
0.9965491602
0.9965723171
0.9966181899
0.9966560396
0.9966895369
0.9967565467
0.9968357436
0.9968555464
0.9968115872
0.996753549
0.9967231471
0.9967188667
0.9967295731
0.9967452801
0.9967604903
0.9967716183
0.996774817
0.9967646154
0.9967329929
0.9966691213
0.9965610586
0.9964029126
0.9962124497
0.9960360971
0.9958730289
0.9956052893
0.9951816326
0.9947185535
0.9941794651
0.9932762694
0.9915708193
0.9887493873
0.9851952474
0.9871220277
0.9893797167
0.9900349435
0.9914111939
0.9928086084
0.9938683257
0.9946982503
0.9953655052
0.9959381356
0.996639456
0.995325393
0.9930512924
0.9926059881
0.9927209658
0.9931096798
0.9935243733
0.9938647694
0.994069813
0.9940719803
0.9938111179
0.9933867648
0.9917602798
0.9919545084
0.9932288156
0.9940839212
0.9942981772
0.9940287672
0.9937708717
0.9929242425
0.9931347507
0.9923828574
0.99192443
0.9885631822
0.9364078668
0.01843959378
0.01296915523
0.01148817976
0.01102603216
0.01107315314
0.01106262213
0.01104976856
0.01103037341
0.01101056105
0.01099309079
0.01098019666
0.01096991584
0.0109623942
0.010956722
0.01095258323
0.01094948801
0.01094708619
0.01094486815
0.01094253718
0.01094000526
0.01093741627
0.01093513552
0.01093378649
0.01093518518
0.01172778319
0.8970738903
0.07378758344
0.9981277768
0.9989728635
0.999080835
0.9991111649
0.9990981094
0.9990585643
0.9989942577
0.9989226005
0.9988463546
0.9987581119
0.9986633619
0.9985698538
0.9984759709
0.9983751487
0.9982670829
0.99814993
0.9980229203
0.9978919075
0.9977644069
0.9976453404
0.9975374625
0.9974432235
0.9973628001
0.9972951039
0.9972390729
0.9971972342
0.9971748552
0.9971742925
0.9971916331
0.9972161776
0.9972345224
0.9972475435
0.9972690448
0.9972927623
0.9972922733
0.9972594739
0.9972115945
0.9971669452
0.9971299813
0.9970999079
0.997073279
0.9970467838
0.9970178049
0.9969837219
0.9969411933
0.9968858539
0.9968129183
0.9967197349
0.9966116698
0.996509466
0.9964404504
0.9963958142
0.9963206603
0.9961956665
0.9960531314
0.995888029
0.9956508099
0.9953356825
0.995061848
0.9950012767
0.9950656553
0.9955098127
0.9956602272
0.995799353
0.9960346068
0.9962589213
0.9964388298
0.9965535519
0.9965746843
0.9964798508
0.9962952089
0.9953423127
0.9947318665
0.9943187228
0.9941054298
0.9939873826
0.9938686144
0.9936529188
0.9932487949
0.9926425792
0.9921050801
0.9921126258
0.9924989771
0.9932237047
0.9939374311
0.9942037882
0.9940032572
0.9942350104
0.9929535155
0.9924693488
0.9899310483
0.9523354387
0.0192055818
0.01310063114
0.01148798018
0.01102005504
0.01108252043
0.01109772316
0.01110599576
0.01108380994
0.01106311903
0.01103172364
0.01101099368
0.01099107462
0.01097815246
0.01096802767
0.01096135707
0.01095629334
0.01095276525
0.01095007166
0.01094801701
0.01094613822
0.01094411481
0.01094176167
0.01093921401
0.0109371967
0.01093718864
0.01094153596
0.01095129446
0.02685208223
0.9605549984
0.9987909998
0.9992710725
0.99930057
0.9992927504
0.999261652
0.9992142694
0.9991527533
0.9990830968
0.9990072366
0.9989238796
0.9988353165
0.9987442272
0.9986503386
0.9985517971
0.9984485486
0.9983401341
0.9982275028
0.9981149155
0.9980074627
0.9979091219
0.9978227849
0.9977505758
0.9976930516
0.9976496896
0.9976196767
0.9976031644
0.9976005789
0.9976104189
0.997628344
0.9976475825
0.9976612372
0.9976684149
0.9976730814
0.9976722401
0.9976559064
0.9976205928
0.9975722033
0.9975183465
0.9974627016
0.997406961
0.9973510503
0.9972941093
0.9972352203
0.9971736343
0.9971087894
0.9970405321
0.9969699227
0.99690101
0.996843403
0.9968128297
0.9968219028
0.9968610791
0.9969025044
0.9969348327
0.9969639745
0.9969852312
0.9969870956
0.9969727042
0.9969651446
0.9969797469
0.9969805111
0.9969249772
0.9968515746
0.9967764611
0.9967181546
0.9966653852
0.9965975945
0.9964939628
0.9963334143
0.9961187567
0.9959164358
0.9957492398
0.9954248164
0.9950207008
0.9946584116
0.9943214633
0.9939733257
0.9935683851
0.9930783261
0.9925633226
0.9922430156
0.9922755979
0.9924448362
0.9926205797
0.9928901416
0.9930560442
0.9932239064
0.9935711045
0.9906707749
0.9733379644
0.02160135479
0.01351823814
0.01151889408
0.01092685498
0.01097016924
0.0110302071
0.01106619962
0.01108476773
0.0110880311
0.01106681472
0.0110456891
0.01101649717
0.01099452322
0.01097732548
0.01096495563
0.0109571837
0.01095169701
0.0109482439
0.01094564927
0.01094380372
0.01094230715
0.01094098747
0.01093974193
0.01093820308
0.01093632322
0.01093492616
0.01093519862
0.01094164326
0.01095015452
0.02030440121
0.9851083553
0.9993121145
0.9994906686
0.9994580989
0.9994207721
0.9993766232
0.9993255296
0.9992669377
0.9992018425
0.9991302686
0.9990520641
0.9989684883
0.9988806847
0.9987887072
0.998692293
0.9985918954
0.9984881942
0.9983831373
0.9982805216
0.9981846957
0.9980994406
0.9980276766
0.9979712976
0.9979308387
0.9979057887
0.9978950864
0.9978975287
0.9979112651
0.9979329366
0.9979577222
0.9979802226
0.9979960383
0.9980037416
0.9980034505
0.9979926048
0.9979669476
0.9979255344
0.9978713084
0.9978080306
0.9977383725
0.997664277
0.9975867485
0.99750615
0.9974227224
0.9973371509
0.9972511703
0.9971683185
0.9970948792
0.9970406948
0.9970187601
0.9970414816
0.9971123084
0.9972185664
0.9973394108
0.9974624449
0.9975822596
0.9976912575
0.9977821153
0.9978518797
0.9978983864
0.9979123684
0.997873763
0.9977673359
0.997607238
0.9974238221
0.9972226987
0.9970024969
0.9967627956
0.9965056552
0.9962461211
0.9960266903
0.99590642
0.9958566513
0.9957165308
0.9954104458
0.995015793
0.9945639998
0.994069774
0.9935582063
0.9930917567
0.9927881489
0.9927490613
0.9928565467
0.9927529271
0.992090133
0.9905312072
0.9877142398
0.9847709293
0.9858063838
0.03193778061
0.01686854276
0.01388730356
0.01244264196
0.01287652343
0.01205933154
0.01235061257
0.01290978433
0.01330100501
0.01346391085
0.01393030587
0.0133763923
0.01397100145
0.01291843446
0.01358497817
0.01273101413
0.01326778416
0.01284132261
0.01314518923
0.01303730184
0.01320518447
0.01323019081
0.01332000036
0.0133688508
0.0134191879
0.01348908808
0.01358981006
0.01375300349
0.01369720366
0.01428335093
0.013431884
0.01675559651
0.9644397309
0.9987172703
0.9993376691
0.9991105113
0.9989796295
0.9988765433
0.9987773518
0.9986705185
0.9985521694
0.9984198407
0.998272693
0.9981130849
0.9979433126
0.997763905
0.9975748361
0.9973772586
0.9971729586
0.9969662089
0.9967648123
0.9965778683
0.9964136192
0.9962785059
0.9961766203
0.9961090313
0.9960744455
0.9960702325
0.996093164
0.9961384958
0.9961985237
0.9962627673
0.9963200876
0.9963618806
0.9963849699
0.9963887696
0.9963685106
0.9963167107
0.9962315682
0.9961178959
0.9959821756
0.9958293208
0.9956633402
0.9954867706
0.9953008599
0.995106397
0.9949050543
0.9947011955
0.994504239
0.9943314058
0.9942095745
0.9941728364
0.9942509173
0.9944488866
0.9947352974
0.9950613673
0.9953933725
0.9957133901
0.9960039939
0.9962512855
0.9964487495
0.9965890671
0.996650467
0.9965951403
0.9963917952
0.9960505448
0.9956158452
0.9951077299
0.994521335
0.9938570971
0.9931373061
0.9924405629
0.9919323123
0.9917752357
0.991865315
0.9918191014
0.9913997472
0.9906506122
0.9896416605
0.9884451631
0.9871850948
0.9861189064
0.9856384648
0.9859711092
0.9867167669
0.9869855436
0.9858174418
0.9814449345
0.9662031244
0.9156498527
0.05443120635
0.04711771004
0.9623431911
0.04497688146
0.9519796573
0.04513191081
0.93299529
0.115074062
0.9016727842
0.1924070469
0.8894452951
0.2700321763
0.8730280772
0.3198029527
0.8391242854
0.3765650487
0.7695556199
0.4772241973
0.6822681365
0.5571736727
0.6275786219
0.5887032912
0.6017322533
0.5920669107
0.5989303283
0.5987000843
0.6114958715
0.6118060387
0.5960255092
0.5947331996
0.6278792341
0.5585366337
0.8028650021
0.1008076114
