0.998800198
0.9990946813
0.9987069919
0.998498191
0.9983345277
0.9981769856
0.998009121
0.997823281
0.9976154247
0.9973846873
0.9971334576
0.9968652326
0.996582813
0.9962888228
0.9959865527
0.9956805379
0.9953776871
0.9950878043
0.9948223245
0.9945928021
0.9944096972
0.9942804647
0.9942076623
0.9941876427
0.9942092324
0.994253206
0.9942939198
0.9943039883
0.9942634569
0.994183133
0.9941048816
0.9940753685
0.9941219705
0.9942470569
0.9944307657
0.9946347991
0.9947957587
0.9948458767
0.9947674274
0.9945943329
0.9943675523
0.9941092121
0.9938348188
0.9935751411
0.99338556
0.9933360556
0.9934770037
0.9937993577
0.9942269511
0.9946517384
0.9949816158
0.9951770309
0.9952344647
0.9951438218
0.994930397
0.994639162
0.9942981114
0.9939164331
0.9934935051
0.9930240592
0.9925000062
0.9919103879
0.9912405228
0.9904742183
0.9896189426
0.9887939267
0.9883021197
0.9883714232
0.9888038673
0.9892090249
0.9893691273
0.9892480694
0.9888814406
0.9883126485
0.9875734697
0.9866886584
0.985706822
0.9847705596
0.9841747157
0.9842820727
0.9851432205
0.98631637
0.9872198245
0.9873748432
0.9862562801
0.9826620577
0.9713264582
0.9369512474
0.06449917158
0.05000499153
0.9000200676
0.09164162178
0.8991784869
0.1482641943
0.8632028681
0.2178829549
0.8031963744
0.3068551901
0.7199532528
0.4261720121
0.6356712341
0.5089389622
0.5768574512
0.5438986227
0.5603829079
0.5599820724
0.5697516664
0.5790175896
0.5890361992
0.5966472507
0.6026718066
0.6064890269
0.6066291368
0.6030142309
0.6145479199
0.6042457565
0.5792212559
0.5566720664
0.7483290792
0.06595004329
0.4512385675
0.998536003
0.9994354684
0.999323138
0.9992169946
0.999124561
0.9990354147
0.9989433165
0.9988447011
0.9987371282
0.998619567
0.998492754
0.9983580923
0.9982166097
0.9980692799
0.9979174517
0.9977629657
0.9976086945
0.9974588944
0.9973186179
0.9971930357
0.9970870703
0.9970046629
0.996948097
0.99691778
0.9969118082
0.996924888
0.9969466623
0.9969623731
0.9969580698
0.9969345429
0.9969084797
0.9968980673
0.9969132857
0.9969571542
0.9970269849
0.997110968
0.9971797918
0.9971975467
0.9971543839
0.9970686958
0.9969601078
0.9968351209
0.9966956788
0.9965509992
0.996422889
0.9963435268
0.9963423798
0.9964282211
0.996584592
0.9967757651
0.9969446513
0.9970576344
0.9971079406
0.9970855865
0.997001211
0.9968843795
0.9967499517
0.9966031517
0.9964453783
0.9962765253
0.9960957722
0.9959014863
0.995690062
0.9954530024
0.9951739618
0.9948455572
0.9945415558
0.9943934949
0.994396882
0.9944253559
0.9943915233
0.994277317
0.9940917108
0.9938465377
0.993549468
0.9932012541
0.9927976167
0.9923499834
0.9919411794
0.991742107
0.9918641715
0.992199818
0.9925221712
0.9926303855
0.9923676577
0.9915299673
0.9896168706
0.9856165149
0.9793233061
0.9427737145
0.02254408865
0.01837831262
0.01849557179
0.01874493828
0.01878041002
0.01849268259
0.01882171755
0.01833014025
0.01887914841
0.01843347333
0.01891378206
0.01868696129
0.01894461135
0.0189258267
0.01905295092
0.01912571612
0.01923672011
0.01934926701
0.01947641077
0.0196060909
0.01973151144
0.01984758035
0.01996910869
0.0200907121
0.02019383805
0.02040648105
0.0204376248
0.02101067636
0.02020513244
0.03034082922
0.5917048813
0.997624784
0.9990127249
0.9991233634
0.9990766414
0.9989938646
0.998899896
0.9987990695
0.9986917772
0.9985762513
0.9984514512
0.9983188398
0.9981800992
0.9980353507
0.9978845696
0.9977284197
0.9975679183
0.9974053016
0.9972446841
0.9970908959
0.9969486945
0.9968229338
0.9967177899
0.9966362932
0.9965812204
0.9965558375
0.9965631307
0.9965988532
0.9966411029
0.9966591999
0.9966505095
0.9966386936
0.9966410689
0.9966578243
0.9966877273
0.9967408963
0.9968231337
0.9968920804
0.9968830904
0.9967911955
0.9966655812
0.9965394894
0.9964047186
0.9962422415
0.9960472738
0.9958365938
0.9956477797
0.9955216965
0.9954738182
0.9955006889
0.99562831
0.9958371063
0.9959857737
0.9960651238
0.9960512774
0.9959748307
0.9959104942
0.9958655378
0.995829408
0.9957967571
0.9957658403
0.9957361019
0.9957066174
0.9956742417
0.9956297358
0.9955484113
0.9953730551
0.9950425002
0.9946660184
0.994415258
0.9942100243
0.9939668938
0.9937028184
0.9934529267
0.9932274198
0.9930160843
0.9927938761
0.9925161808
0.9921116677
0.9915349573
0.9909890797
0.9907576118
0.9908540318
0.9910869706
0.99130274
0.9914663788
0.9915497075
0.9913773956
0.9907249797
0.9898413763
0.9890927489
0.9881942198
0.03947786504
0.0181110479
0.01569013759
0.01569891665
0.01568045696
0.01568518029
0.01568305526
0.0156897907
0.01569562359
0.01570682456
0.01571902881
0.01573264436
0.01574650177
0.01575962738
0.01577156541
0.01578161726
0.01578951985
0.01579504803
0.01579819201
0.01579900751
0.01579768669
0.01579464659
0.01579055567
0.01578665455
0.01578568594
0.01579299294
0.01583442832
0.0164618778
0.04854423254
0.9464584331
0.9964469204
0.9985232545
0.998749372
0.998813518
0.9987760414
0.998696755
0.9985982654
0.9984892315
0.9983692626
0.9982373602
0.9980976631
0.9979538195
0.9978046045
0.9976481647
0.9974842233
0.9973124707
0.9971341905
0.99695396
0.9967771782
0.9966087449
0.9964541805
0.9963180834
0.9962031713
0.9961131073
0.9960563393
0.9960501196
0.9961122552
0.9962233542
0.9963006464
0.9963223201
0.9963317239
0.9963552617
0.9963807379
0.9963931921
0.9964123119
0.9965042505
0.996619894
0.9966018369
0.9964263773
0.9962101461
0.9960381908
0.9958835938
0.9956860901
0.995406589
0.9950441007
0.9946456936
0.994276982
0.9939408422
0.9935701739
0.9932508025
0.9934627895
0.9942878174
0.9944293565
0.9943935202
0.9942813068
0.9943284831
0.9944921484
0.9946921643
0.9948962163
0.9950938506
0.995282157
0.9954602441
0.9956270756
0.9957799177
0.995910879
0.9959890563
0.9958820474
0.9952289134
0.9942308165
0.9936951872
0.9932255102
0.9928159295
0.9925297441
0.9923741122
0.9923110235
0.9922863295
0.9922336049
0.9920467085
0.9915105656
0.9904188094
0.989480203
0.9891817493
0.9894328332
0.9899883595
0.9907230805
0.9915317522
0.9921194496
0.9921704577
0.9916707253
0.991141091
0.9921252602
0.9923944456
0.9864269167
0.02702532581
0.01729594365
0.01567593666
0.0156879159
0.01569396494
0.01569935384
0.01570833972
0.01572020738
0.01573518435
0.01575064274
0.01576681714
0.01578203014
0.01579580296
0.0158072864
0.01581610668
0.01582204124
0.01582508921
0.01582536918
0.01582308168
0.01581863668
0.015812665
0.01580635346
0.0158020656
0.01580508655
0.01582397134
0.01723594317
0.09736326586
0.9823783253
0.9946173525
0.9978455582
0.9982404381
0.998402969
0.9984344685
0.9983903206
0.9983083755
0.9982104952
0.9980951687
0.9979591746
0.9978133369
0.9976664477
0.9975140359
0.9973508731
0.9971763499
0.9969884425
0.9967869027
0.9965775814
0.9963669088
0.9961599397
0.9959641928
0.9957849213
0.995621035
0.9954709668
0.9953423903
0.9952699764
0.9953210648
0.9955437989
0.995825668
0.9959720873
0.9960491347
0.9961197333
0.9961684923
0.996168092
0.9961170585
0.9961186508
0.9962904395
0.9963568798
0.9960748678
0.9956759804
0.9954114867
0.9952432755
0.9950393245
0.994704696
0.994159639
0.993436201
0.9926585363
0.9917902309
0.9903903508
0.987655433
0.9835418346
0.9863251736
0.989014948
0.9883382906
0.9863143301
0.9869126801
0.9881975557
0.989437838
0.9905181299
0.9914408694
0.9922298181
0.9929095614
0.9935025288
0.9940315962
0.9945265404
0.9950353527
0.9955893948
0.9953765628
0.9935986662
0.9916452557
0.9910893451
0.9907856415
0.9907735214
0.9909747022
0.991288537
0.9916425322
0.9919909878
0.9922952789
0.9924489146
0.9919437228
0.9888337683
0.9869873397
0.9867078711
0.9876107135
0.9889664564
0.9904599715
0.9918049401
0.9924064806
0.9919126001
0.9909314595
0.9907963262
0.9917188344
0.9922600944
0.9899804343
0.979134329
0.02324158283
0.01656040184
0.01569019844
0.01570406436
0.01571090521
0.01572337464
0.01573753689
0.01575266233
0.01576804834
0.01578253985
0.01579532387
0.0158056275
0.01581305867
0.01581750161
0.01581906334
0.0158179475
0.01581436023
0.01580858164
0.015800949
0.01579214338
0.01578329607
0.01577675243
0.01577249847
0.01762713995
0.8284954991
0.9516656449
0.9906265525
0.996670111
0.9976068298
0.9977909692
0.9979074766
0.9979198241
0.9978669553
0.9978082085
0.9977229597
0.9975921742
0.9974445507
0.9973023839
0.9971521883
0.9969816776
0.9967930256
0.9965831458
0.9963496917
0.9961013283
0.9958443251
0.9955812943
0.9953256059
0.9950872245
0.9948548855
0.9946048926
0.9943187766
0.9940285752
0.9938656576
0.9940551245
0.9947811761
0.9958018597
0.9959866734
0.9960789202
0.9961256386
0.9961225874
0.9960583281
0.9958902336
0.9955149098
0.995804629
0.9959801457
0.9951960139
0.9945554495
0.9943453121
0.9942248249
0.994026398
0.9935727141
0.992557546
0.9913157458
0.9901460882
0.9885036467
0.9850427239
0.9758718542
0.9592586676
0.04731271599
0.0335271555
0.02031573528
0.01983114005
0.02041571242
0.02082314902
0.02145619049
0.02221102294
0.02310176726
0.02414072302
0.0253673567
0.0268708196
0.02890103185
0.03234168909
0.04245813578
0.08450110222
0.9413962803
0.9601093522
0.9639214772
0.9733925872
0.9777927703
0.9808780177
0.9831994593
0.9850809966
0.9867295222
0.9883272238
0.9900989142
0.9922369995
0.9898322445
0.9839227755
0.9799406571
0.9811839524
0.9836073727
0.9859396489
0.9885762241
0.9909665659
0.991743968
0.9905887476
0.9901926034
0.9908690241
0.99153241
0.991781144
0.991489423
0.9881072713
0.9595282353
0.02030206212
0.01570237088
0.01570890256
0.01572556538
0.01573788829
0.01575205458
0.01576657054
0.01578025603
0.01579209704
0.01580125493
0.01580734093
0.01581034176
0.01581047879
0.0158080276
0.01580315116
0.01579599029
0.01578658886
0.01577532435
0.01576269016
0.01574936647
0.01573115015
0.01817104299
0.4940617801
0.9127831058
0.9574149464
0.9909541106
0.9957278535
0.9966875469
0.996852742
0.9972315284
0.9971358451
0.9971541988
0.9972063856
0.9971134901
0.9969706839
0.9968502881
0.9967134505
0.996533291
0.9963219267
0.9960777231
0.9958005428
0.9955083403
0.9951989667
0.9948565836
0.9945064405
0.9941867323
0.9938791958
0.9935029959
0.9929415006
0.9921137204
0.9910625219
0.9900305439
0.9903898009
0.9937285849
0.9955378243
0.9949681439
0.9947272599
0.9946257957
0.9946427074
0.9947160764
0.9933310865
0.9930253516
0.9944941269
0.9949091203
0.993044299
0.9924444132
0.9927103461
0.9931482259
0.9935782562
0.9935377355
0.991344012
0.9900631405
0.989741259
0.9891709568
0.9878725215
0.9863477149
0.9851224259
0.9869489348
0.04747490237
0.02094686826
0.01658051735
0.01590303905
0.01582275462
0.01575745535
0.01572686691
0.01570943464
0.01569911515
0.01569270888
0.01568863558
0.01568706254
0.01569190429
0.01572312767
0.01623868485
0.01688188221
0.01740304731
0.01814123748
0.01870731973
0.01918412216
0.01962121299
0.02006672081
0.02058376176
0.02130810203
0.02267165805
0.0274376372
0.03682376849
0.9368182083
0.9343590792
0.954512337
0.9679591304
0.9721078448
0.9769673877
0.9805817763
0.9880696755
0.9902045017
0.9908924974
0.991167661
0.9916374255
0.9920139067
0.9922182629
0.9922055605
0.9915989911
0.9907912096
0.05766973756
0.01873058899
0.01570204871
0.0157294786
0.01574794228
0.01576154721
0.0157746854
0.0157858881
0.01579411872
0.01579902001
0.01580073067
0.01579963652
0.01579611428
0.01579026579
0.01578210119
0.01577135949
0.01575834454
0.01574330948
0.0157265677
0.01570397741
0.01796609473
0.8873645894
0.9442925065
0.03344051929
0.01938325055
0.025907581
0.1794057766
0.9895925059
0.994432831
0.9955958561
0.9956313762
0.9962807133
0.9966903154
0.9963952863
0.9963175284
0.99620929
0.9960072993
0.9957611637
0.9954420968
0.9950805705
0.9947637428
0.9944444754
0.9940147403
0.9934989248
0.9930258127
0.9926729576
0.9923011472
0.9915588087
0.9901055257
0.9875561405
0.9825220663
0.9684819484
0.9511986113
0.1523559416
0.05193004544
0.0332101875
0.03028967055
0.03023391991
0.03264049905
0.08695485308
0.9820097325
0.9778145828
0.9460217996
0.9429858666
0.9736630056
0.9811062227
0.9864836654
0.9903838501
0.9937094659
0.992938554
0.989843531
0.9900679549
0.9906842144
0.9903791671
0.9893126406
0.9888124453
0.9900788897
0.9915587692
0.9897646457
0.9525889662
0.02148864013
0.01579187825
0.01577797068
0.01574369895
0.01572224592
0.01570927899
0.0157003226
0.01569253855
0.01568499507
0.0156783433
0.01567372629
0.01566741391
0.01565933036
0.01565462594
0.0156545336
0.01565567217
0.01565662094
0.01565750048
0.01565845579
0.01565950096
0.01566061943
0.01566246385
0.01566734434
0.01568100035
0.01857344725
0.02826764057
0.9282483688
0.9587569117
0.971085546
0.9657263113
0.8845265652
0.0239557633
0.03251485351
0.9827985047
0.9898131988
0.9920775132
0.9923425052
0.9925961257
0.9928303342
0.9930207845
0.9939199384
0.9941724886
0.9905797916
0.03466027395
0.01804380074
0.01571298659
0.01574696554
0.01576647605
0.01577740198
0.01578502376
0.01578902597
0.01578967697
0.01578762193
0.01578340499
0.01577705627
0.01576847152
0.01575698563
0.01574306234
0.01572685983
0.01570868172
0.01568585091
0.01829627148
0.8799006673
0.9216978907
0.03076918023
0.01564337281
0.01564577469
0.01569096176
0.01710782043
0.02149379788
0.04807175646
0.9823636807
0.9905510642
0.9952761108
0.9956709897
0.995388352
0.9957791771
0.9953799928
0.9951298325
0.994710964
0.9940072539
0.9936620784
0.9936432536
0.9932570234
0.992470164
0.991552526
0.990948526
0.9910547756
0.991016586
0.9899165105
0.988114827
0.9859476512
0.9824849362
0.9726853424
0.9686349334
0.03894314663
0.02345639527
0.01823788726
0.01713802142
0.01585996725
0.02630642358
0.9872087303
0.02871190531
0.01759720463
0.01738520504
0.0175409075
0.01838727624
0.01965964681
0.02184442737
0.030134307
0.06812624087
0.9749387428
0.9810101
0.9874927948
0.9892588902
0.9901081638
0.9879881335
0.9883500943
0.9907763352
0.9928474412
0.9918863835
0.9917657344
0.05771497109
0.01760755363
0.01571885736
0.0157119805
0.01569826912
0.0156897478
0.01568258525
0.01567604405
0.01567099207
0.01566819619
0.01566623401
0.01566262388
0.01565840569
0.01565644799
0.01565650696
0.01565730774
0.01565834254
0.01565954097
0.01566086853
0.01566187661
0.01566224499
0.01566069536
0.01567892317
0.02081072365
0.9044026451
0.9765751834
0.9796674984
0.9768940796
0.9582773023
0.02290644615
0.01710108893
0.01566426214
0.01765626051
0.02660914699
0.9832591984
0.9906830625
0.9926192763
0.9927793309
0.9929326867
0.9933365717
0.9940202242
0.9943978921
0.9931037643
0.9882029528
0.03029132284
0.01782599803
0.01572477374
0.01576024115
0.0157755285
0.01577872119
0.01577838191
0.01577556575
0.01577100118
0.01576462507
0.0157562553
0.01574458309
0.01573057535
0.01571424955
0.01569610484
0.01567472165
0.01879456538
0.9429663782
0.9367835835
0.03076215256
0.01563686447
0.01564209734
0.01564382713
0.01564375645
0.01564364113
0.01565522018
0.01672003506
0.01863389013
0.02897208572
0.22624959
0.9871702848
0.9928074551
0.9941216918
0.9938725259
0.9943137583
0.9928195364
0.9907952186
0.9924462826
0.9934966122
0.9921597522
0.9902538133
0.9877816768
0.9874027577
0.9909570346
0.9919609914
0.9902467304
0.9899403158
0.9901460258
0.9895780188
0.989272514
0.991333542
0.9910604236
0.9802546074
0.9712368279
0.07700675948
0.0790918128
0.9874023368
0.02975162415
0.01570166209
0.01568531911
0.01566615816
0.01565579679
0.01565429842
0.01565615824
0.01566326578
0.01569367411
0.02062702393
0.9120458834
0.957018501
0.9684036758
0.988152375
0.9888980295
0.986190201
0.9891213661
0.992043289
0.9929773872
0.9937713238
0.9935326283
0.9835757023
0.02125431049
0.01569160545
0.01569320836
0.01568606309
0.01567869097
0.01567224864
0.0156678767
0.01566578633
0.01566444422
0.01566224621
0.01565931674
0.01565708667
0.0156560821
0.01565596542
0.01565633778
0.01565697611
0.01565784611
0.01565875147
0.01565882507
0.01565339132
0.01746558293
0.03714274034
0.9847223016
0.984924894
0.9824428949
0.9706185296
0.02438936946
0.01748322821
0.01566109166
0.01566146335
0.01565616687
0.01565074376
0.01750965689
0.02711314558
0.9839078096
0.9907845199
0.9926963886
0.9930709772
0.9935608986
0.9939073144
0.9940069548
0.9938731615
0.9922034576
0.986713095
0.02978881143
0.01789139163
0.01573113302
0.01576126119
0.01576831269
0.01576478973
0.01575978701
0.01575374828
0.0157461503
0.01573463666
0.01572131779
0.01570556665
0.01568825733
0.01566922634
0.01949144594
0.9665648954
0.9536646861
0.03076028022
0.01563476476
0.01563947508
0.01564196146
0.01564370624
0.01564482523
0.01564709731
0.01564888447
0.01564882082
0.01565521197
0.01573276042
0.01731128512
0.02126332436
0.04104908639
0.9796927111
0.9913201273
0.9933919703
0.988446099
0.9819461813
0.9924085628
0.9928336416
0.9910629086
0.9859484938
0.971213158
0.980130631
0.9920305862
0.9915795594
0.9903703667
0.9917404263
0.9925592916
0.9910204413
0.9909176395
0.9920698152
0.9909528947
0.9901679741
0.9926495847
0.9937024024
0.9892114066
0.03801307685
0.01675296256
0.01567720985
0.0156724379
0.01566220787
0.01565718002
0.01565589412
0.01565595025
0.01569137024
0.02612268966
0.9774733973
0.03088999928
0.01877992817
0.02163861729
0.03408955851
0.9637451498
0.9751077733
0.9881472153
0.9917097613
0.9924073254
0.9927558651
0.9924018545
0.9905178466
0.03612652564
0.01692494844
0.01568027139
0.01567851844
0.01567135295
0.01566684257
0.01566482095
0.01566326862
0.01566136072
0.01565916349
0.01565722894
0.01565584134
0.01565504235
0.01565472497
0.01565448299
0.01565385703
0.01565285036
0.01565465752
0.01622182348
0.02212294299
0.9807604439
0.990153915
0.989180345
0.9814733376
0.02636949299
0.01767681984
0.01565989787
0.01566199005
0.01566069484
0.01565823205
0.01565437864
0.01565110267
0.01564966568
0.01750208714
0.02677595889
0.9834487851
0.9910311024
0.9932625363
0.9936653151
0.9938008202
0.9936964697
0.9934769027
0.9933715033
0.9919385952
0.9868703366
0.03007121665
0.01789272198
0.01572614991
0.0157470469
0.01575026957
0.01574459879
0.01573870482
0.01572690702
0.01571542038
0.01570072612
0.01568439253
0.01566828979
0.02049324799
0.9779490106
0.9657172829
0.03075972086
0.01563399589
0.01563810672
0.01564053828
0.0156427584
0.0156445302
0.01564652593
0.01564825136
0.01564915143
0.01565105631
0.01565395996
0.01565356337
0.01565123686
0.0156606671
0.01689181263
0.02114071684
0.1163902295
0.9911495789
0.9833284967
0.03424642615
0.05600489555
0.9858674595
0.9889484044
0.9831652559
0.9418630725
0.03567639271
0.04361219117
0.9726804811
0.9824247328
0.9919035767
0.9918138397
0.9902965674
0.991139347
0.9899818839
0.9899762083
0.9920087323
0.9942427601
0.99339819
0.9882083288
0.966828452
0.02093144657
0.01567930198
0.01566526189
0.01565950176
0.01565677064
0.01565326551
0.01643255765
0.03562257999
0.9781569595
0.02348151448
0.01567973136
0.01566158571
0.0166858813
0.02554118662
0.9004757783
0.9635725978
0.9839663186
0.9910793081
0.9921121009
0.9921651255
0.9932037812
0.9921517723
0.9712571626
0.01868066248
0.01567436416
0.01567369183
0.01566773041
0.01566531901
0.015662992
0.01566080209
0.01565888496
0.01565718788
0.01565561724
0.01565436561
0.01565379876
0.0156533742
0.01565189699
0.0156482921
0.01566354152
0.01969327649
0.9100088355
0.9869408073
0.9897081403
0.9846564356
0.03292543222
0.01800035416
0.01565788696
0.01565947791
0.01566011909
0.01565951123
0.01565789616
0.01565561091
0.01565316476
0.01565117037
0.0156495832
0.01564889402
0.01743023898
0.02697628194
0.9854566666
0.9921336913
0.9938774382
0.9937121789
0.9932714901
0.9931212823
0.9931914697
0.993263597
0.9918052845
0.9864478467
0.02990797745
0.01816556299
0.01571826014
0.01572100755
0.01573019198
0.01572083658
0.01571157569
0.01570085115
0.015684118
0.01567190943
0.02198858853
0.9842494111
0.9742577321
0.03075954693
0.01563367642
0.01563734722
0.01563951986
0.01564174266
0.01564375032
0.01564572076
0.01564739275
0.01564864652
0.01565034702
0.01565267531
0.01565410707
0.01565437314
0.01565614084
0.01565756496
0.01565959677
0.0157333275
0.02698312349
0.9894207943
0.9872260502
0.02070412672
0.01823331109
0.0331579634
0.98453899
0.9849168273
0.9849462832
0.0339331145
0.02068314367
0.01887794267
0.02425563629
0.04155650286
0.9675251074
0.9855189489
0.9883481875
0.9868802087
0.9905425624
0.9933576187
0.9936626513
0.9918295586
0.9903526715
0.9897972701
0.04347128367
0.01802750768
0.0156565787
0.01565567359
0.01565302769
0.01761896413
0.9217649653
0.9312607862
0.01785255213
0.01566330949
0.0156601961
0.0190163636
0.8725928043
0.9675914429
0.9164314672
0.02326859283
0.03255071303
0.9863923753
0.9906117167
0.9924037998
0.9927414176
0.9916913063
0.9865459556
0.02624115357
0.01573607663
0.01566959844
0.01566694036
0.01566322754
0.01566045625
0.01565877162
0.01565735215
0.0156555606
0.01565368406
0.01565288332
0.01565312694
0.01565214514
0.01564580161
0.01744081628
0.03900082004
0.9882863898
0.9893641855
0.9859584807
0.6819206953
0.0191907974
0.01566344316
0.01565628927
0.01565708635
0.01565762522
0.01565744694
0.01565673249
0.01565535548
0.01565367085
0.01565206017
0.01565078798
0.01564987571
0.01564926381
0.01564956751
0.01761549876
0.02997490425
0.9887159488
0.9934336599
0.9934268403
0.9927517356
0.9927836962
0.9927683334
0.9927603262
0.992804151
0.9913624985
0.9871128728
0.04012604587
0.02009856564
0.01683255015
0.01570531214
0.01569372726
0.01569552947
0.01570293121
0.01567772169
0.02509197142
0.9879934868
0.9801150631
0.03075948743
0.0156335229
0.01563689507
0.01563881194
0.01564089434
0.01564292466
0.0156448926
0.01564663806
0.015648163
0.01564990239
0.01565188697
0.01565339426
0.01565423509
0.01565530707
0.01565622312
0.01565749483
0.01566276175
0.01566880809
0.02253305271
0.9890788906
0.9877533681
0.02087426314
0.01567198556
0.01946522483
0.903745022
0.9860142891
0.9904481378
0.9838943232
0.02448526486
0.01708364509
0.01568239633
0.01683037852
0.0193529952
0.0287650343
0.9642248417
0.9801684224
0.9907677567
0.9924389639
0.9910142446
0.9899552069
0.9917055992
0.9921021498
0.9849238466
0.02588043896
0.01736938953
0.01567606837
0.02206711518
0.9809108582
0.04122278561
0.01657379014
0.01567256424
0.01685241016
0.03464224968
0.9848981003
0.9707904871
0.02388033236
0.01734263145
0.0156614794
0.01932324111
0.9660084321
0.9914690242
0.9931366368
0.9930235678
0.9936076828
0.9937945154
0.09944779613
0.01765543656
0.01566354556
0.01566276575
0.01565964385
0.01565870591
0.01565800331
0.01565599271
0.01565296726
0.01565092728
0.01565066489
0.01565236263
0.0161402594
0.02151013467
0.9813696914
0.9920276405
0.9898036821
0.9673682352
0.02088591659
0.01624111478
0.01565416267
0.01565306577
0.01565401807
0.01565502435
0.01565549527
0.01565533723
0.01565458819
0.01565346138
0.01565223528
0.01565113529
0.01565032338
0.01564998556
0.01565002391
0.01565025766
0.01565230178
0.01820361957
0.04281786064
0.989187249
0.9906953381
0.9916672028
0.9918580738
0.9917987854
0.9916557036
0.9917117963
0.9920512772
0.991499069
0.987145581
0.9572420696
0.03251162021
0.02211947796
0.01799875052
0.01727346113
0.01687479339
0.0269824843
0.9907598467
0.9842619527
0.03075946165
0.01563343629
0.01563660703
0.01563831902
0.01564024236
0.01564221381
0.01564416462
0.01564598445
0.01564768243
0.01564945561
0.01565126627
0.01565274476
0.01565380852
0.01565481109
0.01565565589
0.01565686437
0.01565984782
0.01566236038
0.01565925716
0.02204475593
0.9888906334
0.9879574973
0.02106060566
0.01567289229
0.01638855784
0.02150145284
0.973962072
0.9887240025
0.9881019398
0.9748735741
0.02350083004
0.01725132528
0.0156712196
0.01743185459
0.02986673618
0.95874712
0.9818496869
0.9868732884
0.986594679
0.9878285468
0.9890877663
0.99040851
0.990848529
0.9877470703
0.9753939529
0.02773487715
0.03245617456
0.975827845
0.02883481511
0.01570869815
0.01571589425
0.02117426095
0.9550266741
0.9862540772
0.3254853115
0.0185363901
0.01566127524
0.01566013508
0.01565277481
0.01680510081
0.03166512884
0.9887467292
0.9918878426
0.9933344175
0.9945583515
0.9943259512
0.985880729
0.02182428552
0.01566918515
0.01565842153
0.01565851816
0.01565975197
0.01565826074
0.01565435917
0.01565160182
0.01565151139
0.0156687485
0.02069699982
0.9391355586
0.9890585138
0.9926659056
0.9868992998
0.02481373536
0.01663616198
0.0156489847
0.01565449359
0.01565357889
0.01565351906
0.01565400157
0.01565434037
0.0156542906
0.01565380284
0.01565299629
0.01565204489
0.01565111586
0.01565034771
0.01564985615
0.01564962866
0.01564967
0.01564972021
0.0156497167
0.01565958301
0.0195246566
0.9355847019
0.9861296959
0.9904993444
0.9907213267
0.9901832721
0.9897413195
0.989415574
0.9892621758
0.9893308283
0.9860719271
0.9867364183
0.9854510382
0.943195727
0.913836446
0.03209415574
0.9106612502
0.9889436549
0.9870524292
0.03075944633
0.01563338037
0.01563641328
0.01563797298
0.01563975911
0.01564165284
0.01564357594
0.01564544424
0.01564724862
0.01564906068
0.01565082596
0.01565235372
0.01565361794
0.01565479156
0.015655905
0.01565732013
0.01565953912
0.0156611813
0.0156600921
0.01565626664
0.02180255274
0.9886925885
0.9881656663
0.02125820846
0.01567137683
0.01566457928
0.0170221706
0.02475264911
0.979218558
0.9884496817
0.9869709131
0.9709770654
0.02658022614
0.02205511319
0.9376439423
0.9731031282
0.971678939
0.04066094429
0.02564489067
0.962834133
0.9866299938
0.9892172701
0.9889262113
0.9884495845
0.9875846568
0.9864699548
0.9831509251
0.9589545999
0.02119416208
0.01566979617
0.0182633908
0.1110601116
0.990099854
0.9622294888
0.02071922189
0.01605235901
0.0156577552
0.01565646871
0.0156534149
0.01564975386
0.01565318507
0.01965198294
0.9693462256
0.9917301585
0.9937456633
0.9941631423
0.9938476737
0.9918982843
0.0438581166
0.0176884462
0.01565364325
0.01566067915
0.01566291633
0.01565764679
0.0156537268
0.01565378555
0.01833948507
0.05689892928
0.9904482267
0.9901244595
0.990524949
0.0720183172
0.01842237205
0.01564995719
0.01565239111
0.01565506528
0.01565456375
0.01565390432
0.0156537152
0.01565368248
0.01565351914
0.01565310497
0.01565246659
0.01565169879
0.01565091154
0.01565020546
0.01564965595
0.01564926372
0.01564900888
0.01564880818
0.01564874416
0.01564891243
0.01564717568
0.01639886875
0.02198077976
0.9739729963
0.988976366
0.989677976
0.9882060544
0.9869871273
0.9848777892
0.982767503
0.9803604786
0.9780225177
0.9796478805
0.967459275
0.9278523083
0.9578206973
0.9666151025
0.9858379052
0.9845490204
0.0307594354
0.01563334123
0.01563627852
0.01563772914
0.01563940919
0.01564123231
0.01564312663
0.01564502299
0.01564689594
0.01564875533
0.01565054954
0.01565217953
0.01565364388
0.015655039
0.01565641881
0.01565797116
0.01565978028
0.01566094916
0.01566035125
0.01565826489
0.01565445621
0.02157942443
0.9884943832
0.9883690925
0.02146185142
0.01566738416
0.01567003759
0.0156610966
0.01735234002
0.02595059944
0.981579062
0.985884973
0.9826861085
0.9811472569
0.9723117719
0.9773254324
0.6743563899
0.01982758389
0.01594362529
0.01699574945
0.02512208318
0.9787056681
0.9864180778
0.986899628
0.9847057728
0.9856950319
0.9874930227
0.9791847836
0.9532905895
0.0248644979
0.02275615816
0.9785559336
0.989017722
0.04290141813
0.0170397618
0.01565280574
0.01565591907
0.01565435811
0.01565193362
0.01564960457
0.01564936551
0.01564752023
0.0167529926
0.03097321542
0.9894274524
0.9930650817
0.9939928766
0.9941432278
0.9930196774
0.9834155772
0.02346236552
0.01658954862
0.01566687483
0.01566670391
0.01565567238
0.0170148383
0.02470769468
0.9864272509
0.992673358
0.9892783736
0.94529157
0.0209687952
0.01570337465
0.0156518802
0.01565214068
0.0156538367
0.0156538385
0.01565356061
0.01565331077
0.01565312498
0.01565288358
0.01565249664
0.01565196023
0.01565132527
0.01565066516
0.01565005402
0.01564955166
0.01564918103
0.01564895731
0.01564888573
0.01564905479
0.01564948347
0.01564911331
0.01564709201
0.01564616189
0.01711595683
0.02713674602
0.9806146616
0.9854020133
0.9856193941
0.9811621601
0.9747019851
0.970203521
0.9666379194
0.9615406099
0.9482459795
0.8947122682
0.9133849698
0.9695809584
0.9826174766
0.9792178693
0.0307594275
0.01563331294
0.01563618369
0.01563755847
0.01563916226
0.01564093076
0.01564280126
0.01564471378
0.01564663303
0.01564854023
0.01565039061
0.01565213043
0.01565376466
0.01565534519
0.01565690559
0.01565850782
0.01566005959
0.01566096293
0.01566058848
0.01565901864
0.01565648684
0.01565281582
0.02136650912
0.9882922046
0.9885682122
0.02168558082
0.01566886794
0.01567201076
0.01566821439
0.01566785843
0.01802331319
0.04536958373
0.9814389902
0.9889647319
0.9873698064
0.9763178925
0.02593696583
0.01681393405
0.0156651004
0.01565756367
0.0156522154
0.01834779692
0.8849619291
0.9855839374
0.9852812663
0.9836158502
0.985838888
0.983366692
0.9795243505
0.9797753862
0.9655916325
0.975912559
0.905349877
0.01871771425
0.01565546785
0.01565240408
0.01565449961
0.01565351856
0.01565165394
0.0156500509
0.01564962539
0.01564902182
0.01564755941
0.01565238105
0.01996302459
0.9791163212
0.9932899074
0.9940296918
0.9928788811
0.991648519
0.9869724126
0.9531948371
0.02086198494
0.01571881566
0.01681087027
0.02199331642
0.9669392953
0.9890279035
0.992018163
0.9821104625
0.02173154476
0.01616875351
0.01565177656
0.01564955399
0.01565043477
0.01565205533
0.01565269494
0.01565285745
0.01565279527
0.01565262286
0.01565236056
0.01565199094
0.01565151998
0.01565098261
0.01565043182
0.01564992413
0.01564951008
0.01564922037
0.01564908202
0.01564911021
0.01564933556
0.01564965305
0.01564947302
0.01564847528
0.01564822913
0.01564867925
0.01565109811
0.01847197597
0.8707615732
0.9845079195
0.9834325168
0.9712763714
0.9667790793
0.9679286941
0.9684338745
0.9665124867
0.9622299317
0.9603779597
0.9684539347
0.9779614441
0.9629918101
0.03075942217
0.01563329237
0.01563611746
0.01563744183
0.01563899525
0.01564072685
0.01564258092
0.01564450292
0.01564645259
0.01564839808
0.01565029999
0.01565212589
0.01565387897
0.01565557972
0.01565723375
0.01565883193
0.01566022171
0.01566099225
0.01566075612
0.01565951779
0.01565739648
0.01565465624
0.01565130863
0.02116504843
0.9880796025
0.9887579633
0.0220011596
0.01566946864
0.01566912495
0.01566570697
0.01785900507
0.03063457854
0.9819502562
0.9882457566
0.9888485542
0.9697005537
0.02044879129
0.0156642709
0.0156664356
0.01566170483
0.01565880402
0.0156566826
0.01656499548
0.02646628461
0.9826840225
0.9833189494
0.9855298294
0.9856315041
0.9856382228
0.9873465531
0.9821277644
0.9702908415
0.02522497154
0.01640835218
0.01565165063
0.01565345293
0.01565403329
0.01565319615
0.01565177274
0.01565047714
0.01564980641
0.01564913149
0.01564848914
0.01565000974
0.015649324
0.01707928615
0.04393338412
0.9926364724
0.9925474548
0.9908326875
0.9893810141
0.9881658991
0.9889167109
0.07068916107
0.0256192474
0.9250448703
0.978218211
0.9873624235
0.9883646678
0.04209755179
0.01753450179
0.01564759034
0.01565337375
0.01565203026
0.01565153322
0.0156519654
0.01565229297
0.01565243271
0.01565239113
0.01565221696
0.01565194128
0.01565157867
0.01565114805
0.01565067957
0.01565021556
0.01564979986
0.01564947546
0.01564926909
0.01564920565
0.015649283
0.01564949388
0.0156497026
0.01564961832
0.0156491685
0.01564930677
0.01565028626
0.01565247973
0.01565180173
0.0166628336
0.03077193372
0.9844804344
0.9773177194
0.9729021511
0.9768162964
0.9796056506
0.9812435286
0.981851755
0.9806306571
0.9765315933
0.9774756373
0.9303081329
0.03075941888
0.01563327729
0.01563607259
0.01563736683
0.01563889229
0.01564060411
0.01564244962
0.01564437679
0.01564634314
0.0156483099
0.01565024026
0.01565211211
0.01565392556
0.01565567663
0.01565735022
0.01565891223
0.01566020272
0.01566093313
0.01566082611
0.01565984277
0.01565801359
0.01565559478
0.01565311092
0.01565046956
0.0210084375
0.9878508203
0.9888516034
0.0234358236
0.01566924781
0.01741072805
0.02532859259
0.9792427
0.9854637222
0.9851355361
0.9847395277
0.9841858711
0.5702250369
0.01633529697
0.01566319221
0.01566152688
0.01565971814
0.0156584904
0.01566124431
0.01770149969
0.03182039652
0.9772888215
0.9842630279
0.9874459231
0.9895701848
0.9909766681
0.9888767879
0.9610475735
0.01932590371
0.01565616987
0.01565616763
0.0156559802
0.01565486497
0.01565348602
0.01565208602
0.01565092007
0.01565020676
0.01564970856
0.01564961186
0.01565079407
0.01565164473
0.01565175758
0.01566922232
0.02436390209
0.9864828006
0.9887478116
0.9859887922
0.9851582557
0.9892448963
0.9922049925
0.9902622343
0.9846447804
0.9837386775
0.9851100748
0.9444275787
0.02031663216
0.0156675898
0.01565085535
0.01565327998
0.0156528623
0.01565229598
0.01565214288
0.01565213598
0.01565214028
0.01565205722
0.01565186751
0.0156515841
0.01565122664
0.01565082217
0.01565040066
0.015650001
0.01564965818
0.01564941161
0.01564927869
0.01564928339
0.01564940248
0.01564962557
0.01564981284
0.01564988202
0.01564978262
0.01565026757
0.01565150686
0.0156546653
0.01565701084
0.01565918415
0.01594623695
0.02889318109
0.9713303722
0.977623759
0.9828478316
0.9854677166
0.9872041847
0.9881359232
0.9872900173
0.9794734135
0.973477853
0.09432361292
0.03075941679
0.01563326589
0.01563604432
0.01563732619
0.01563884421
0.0156405527
0.01564239739
0.01564432644
0.01564629688
0.01564826368
0.01565019003
0.01565206149
0.0156538782
0.01565561273
0.01565723854
0.01565873358
0.0156599502
0.01566069913
0.01566075184
0.01566002515
0.01565835463
0.01565600166
0.01565396972
0.01565276058
0.01565060628
0.02127475169
0.9869479156
0.9880308256
0.02888341584
0.0263441712
0.9766577514
0.9863603636
0.9842061359
0.9681787977
0.0283897036
0.04165817884
0.9870625981
0.02493051454
0.0156610336
0.01566020093
0.0156569014
0.01565177395
0.01694008002
0.02199542125
0.9471617252
0.9676558668
0.9768367974
0.9839793872
0.9885623457
0.9902516354
0.9886515386
0.9808073484
0.02247729471
0.01565157855
0.01565425917
0.01565498781
0.01565438566
0.01565326436
0.01565209815
0.01565112533
0.01565050625
0.01565016256
0.01565024911
0.0156509455
0.0156514216
0.01565186729
0.01565415364
0.01565577832
0.01985187388
0.9731226107
0.9802394236
0.9780935716
0.98526447
0.9915322726
0.993853211
0.9929621128
0.9871550203
0.9801668961
0.02815854751
0.01661216859
0.01565475318
0.01565120896
0.01565213966
0.01565227936
0.01565221908
0.01565211171
0.01565201423
0.01565192885
0.01565179312
0.01565157467
0.01565127607
0.01565091474
0.01565052188
0.01565012646
0.01564976944
0.01564947809
0.01564929542
0.01564922606
0.01564930336
0.01564947449
0.01564976932
0.0156499963
0.01565024121
0.01565030909
0.0156508533
0.01565134328
0.01565415232
0.01565544171
0.01565446036
0.01704308061
0.02209817139
0.9390800116
0.9763409946
0.9842930407
0.9869257892
0.988601009
0.9895842262
0.9889973942
0.9816984388
0.9531114893
0.05932811017
0.03075941471
0.01563325654
0.01563602997
0.01563731709
0.01563884831
0.01564057011
0.01564242157
0.01564434989
0.01564631374
0.01564825801
0.01565014356
0.01565196779
0.01565373816
0.01565539458
0.01565690552
0.01565829178
0.0156594066
0.01566018038
0.01566042669
0.01566007915
0.01565853406
0.01565581506
0.01565376556
0.01565370232
0.01565275188
0.01565110214
0.02296804819
0.9810054244
0.9851880901
0.9826597399
0.9870188881
0.9855721696
0.9665338099
0.02261619487
0.01750094715
0.01672003991
0.930036296
0.9665330055
0.01835745868
0.01565555722
0.01565450096
0.0169175618
0.0216591995
0.9266481697
0.9635519283
0.9642382385
0.9572796118
0.9725538927
0.9793668292
0.984085492
0.9839579436
0.9828661204
0.9574443152
0.0171212835
0.01565211504
0.01565362918
0.01565356281
0.01565286341
0.01565196402
0.01565116657
0.01565069965
0.01565055209
0.01565084761
0.01565141741
0.01565209484
0.01565389546
0.0156562199
0.01565847075
0.01566027328
0.01930181641
0.9665451555
0.9790248412
0.9865483079
0.9922982259
0.9948296154
0.9950346709
0.9918639646
0.9665996584
0.01979200274
0.01565939881
0.01565747023
0.01565379963
0.01565267944
0.01565225136
0.01565213566
0.0156520486
0.01565193149
0.01565179122
0.01565160156
0.01565134004
0.01565101103
0.01565062897
0.01565022993
0.01564983806
0.01564950236
0.01564924021
0.01564910994
0.01564909229
0.01564926217
0.01564949883
0.01564993862
0.01565030156
0.01565085171
0.01565102816
0.01565228661
0.01565177901
0.01565467571
0.01565368844
0.01706849092
0.02162300556
0.8973429987
0.9574633075
0.9706435557
0.9811481297
0.9845537765
0.9865729551
0.9880118919
0.9878284103
0.9834858
0.969961671
0.05864002322
0.03075941096
0.01563324787
0.01563602903
0.01563734111
0.01563890824
0.01564066112
0.01564252682
0.01564445247
0.01564640311
0.01564830312
0.0156501087
0.01565184171
0.0156535298
0.01565505198
0.01565638116
0.01565761671
0.01565853711
0.01565924989
0.0156596553
0.0156599005
0.01565877716
0.01565561536
0.01565302347
0.01565401846
0.01565317958
0.01725603036
0.02242872928
0.9659806363
0.989186814
0.9909839527
0.9886302697
0.9744320734
0.02309989879
0.01697784787
0.01565832636
0.0156557411
0.01790509535
0.9542959781
0.9333686904
0.01740650114
0.01780863791
0.02356472322
0.9605176573
0.9789310777
0.979385862
0.9786302189
0.9748905527
0.9784426117
0.9766338351
0.9388595616
0.9753742294
0.9812004816
0.9792219873
0.02211179445
0.01564839657
0.01565199011
0.01565264554
0.01565239828
0.01565175769
0.01565107336
0.01565073459
0.01565080762
0.01565145149
0.01565185881
0.01565235957
0.01565528154
0.01565846561
0.01566099064
0.01567663576
0.01891819787
0.03414217878
0.9813537383
0.9873947785
0.9916431276
0.9943326885
0.9948909897
0.9928245058
0.9848462457
0.02352258733
0.01565479152
0.01565519389
0.01565319965
0.01565246543
0.01565204883
0.01565195298
0.01565191476
0.01565183211
0.01565168275
0.01565145761
0.01565114939
0.01565077757
0.01565035537
0.01564993083
0.01564951742
0.01564918292
0.01564892201
0.01564884062
0.01564885476
0.01564913575
0.0156494618
0.01565012016
0.01565059381
0.01565196136
0.01565203391
0.01565462842
0.01565549447
0.01569739379
0.0183632709
0.02460822974
0.951001252
0.968422917
0.9667517413
0.9617188502
0.9728369966
0.9770957939
0.9788187948
0.9815649034
0.9826101781
0.9798012011
0.9777871664
0.1570378196
0.03075940305
0.01563323898
0.01563604389
0.01563740474
0.01563903399
0.01564083718
0.01564272396
0.01564464612
0.01564658478
0.01564842026
0.01565010414
0.01565170778
0.01565330074
0.01565463334
0.01565571001
0.01565679573
0.01565738692
0.01565782394
0.01565810017
0.01565908076
0.01565847844
0.01565567429
0.01565396897
0.01566235566
0.01788638991
0.02475485064
0.9587770225
0.9762568191
0.98878909
0.9911700611
0.9872895847
0.02878627894
0.01747282518
0.01565859973
0.01565848466
0.01565558796
0.01565127751
0.02264328051
0.9712553941
1.451321137e-07
0.03601148069
0.9808645407
0.9863005444
0.9877521614
0.9858235864
0.9854830759
0.9825513119
0.9244209689
0.03000003697
0.02169047377
0.8412328637
0.9839993636
0.9858216731
0.9542202967
0.01683617349
0.01565111869
0.01565237043
0.01565227331
0.01565170971
0.01565094965
0.01565054522
0.01565060879
0.01565173899
0.01565178826
0.01565039542
0.015651949
0.01565129013
0.01628164043
0.01949466243
0.03676454944
0.9824148809
0.9837494779
0.9867595967
0.9885918626
0.9916717867
0.9927121417
0.9911317364
0.9886409682
0.9804516989
0.0179423664
0.0156540092
0.01565246449
0.01565215826
0.01565191602
0.01565185297
0.01565183082
0.01565176788
0.01565161373
0.01565135756
0.01565099462
0.01565056682
0.0156500816
0.01564961259
0.01564914432
0.0156487961
0.01564849607
0.01564844993
0.01564846996
0.01564884507
0.01564906938
0.01565008578
0.01564983112
0.01565120336
0.01565062281
0.01565674598
0.01668182148
0.02154105403
0.0622660614
0.9842408998
0.9832864118
0.979367009
0.9687620144
0.9633762032
0.9665397912
0.9661827848
0.9587019262
0.9612055721
0.9693691194
0.9734456037
0.9778990345
0.9488955204
0.0307593875
0.01563323006
0.01563608154
0.01563752082
0.01563924248
0.01564111437
0.01564302579
0.01564494747
0.01564689251
0.01564863949
0.01565015113
0.01565160361
0.01565313036
0.01565419773
0.01565492543
0.01565593243
0.01565607199
0.01565594472
0.01565518092
0.01565612876
0.01565475806
0.01565007081
0.01624818707
0.01930210039
0.03377600116
0.9815410713
0.9833889014
0.9812064241
0.9822848786
0.9812329608
0.9758237001
0.02382266357
0.0156597407
0.01566181714
0.01565964627
0.01566479529
0.01698188517
0.02013164987
0.9286302588
0.9790139988
0.9874146624
0.9896808314
0.990384784
0.9882318293
0.9827476831
0.9702895974
0.03479875004
0.0203481641
0.0168243395
0.01567210068
0.01959818105
0.9846616655
0.9893829681
0.9847025371
0.02267991654
0.01565044296
0.01565273697
0.01565266087
0.01565200925
0.01565103422
0.01565039783
0.01564997549
0.01565158138
0.01565208412
0.01565008799
0.01565508858
0.01707987375
0.02133639547
0.7548550932
0.9854442782
0.9875580778
0.9855899918
0.9856279148
0.9879856807
0.9896953359
0.98905472
0.9851603911
0.9882709719
0.9902522748
0.03492879567
0.01565834307
0.0156517964
0.01565187878
0.01565171564
0.01565173577
0.01565175717
0.01565173049
0.01565158015
0.01565129642
0.01565086742
0.01565037281
0.015649794
0.01564926893
0.01564870127
0.015648318
0.01564794321
0.01564791875
0.01564777486
0.01564843326
0.01564791863
0.01564882255
0.01564793299
0.01565141888
0.01646036233
0.01948517449
0.03261440413
0.9694302194
0.9901935561
0.9912162448
0.9883500645
0.9823282822
0.9756559286
0.9721932733
0.9689198636
0.9616545683
0.9339559
0.9326959983
0.919626809
0.9653246869
0.981317044
0.9675028668
0.03075936091
0.01563322426
0.01563615616
0.01563771076
0.01563956052
0.01564151098
0.01564343575
0.0156453695
0.01564738818
0.01564900732
0.01565025126
0.01565156981
0.01565319169
0.01565384654
0.01565408104
0.0156553242
0.01565491506
0.01565478878
0.01565268168
0.01565382898
0.01565116872
0.01670202409
0.02069727726
0.6230095952
0.985521495
0.989593894
0.9868912155
0.9774263581
0.9657782313
0.03132403332
0.9374173238
0.9510817439
0.01738980508
0.01568142954
0.01687191488
0.02038047986
0.03384433509
0.9615834831
0.9764435225
0.9876850496
0.9908118014
0.9914795323
0.9900804539
0.9859226086
0.6745097035
0.02114664046
0.01732403389
0.01567459448
0.01566485718
0.01566323902
0.01565852133
0.02897744784
0.9893540004
0.9901367687
0.9777244945
0.01736822722
0.01565351986
0.01565384914
0.01565284069
0.01565139133
0.01565076121
0.01564895329
0.0156498461
0.01564747454
0.01622555572
0.01900170876
0.03150667312
0.9743498058
0.9853285269
0.9889584046
0.9886358344
0.9864764314
0.9852975825
0.985254406
0.984481947
0.05048699761
0.03093324331
0.9881374448
0.9920311546
0.9880916525
0.0199929083
0.01564981227
0.01565108338
0.01565108202
0.01565140758
0.01565160628
0.01565169692
0.01565158168
0.01565128065
0.01565076378
0.01565019907
0.01564948574
0.01564888921
0.01564817945
0.01564775103
0.015647129
0.01564735056
0.01564655431
0.01564718411
0.01564630553
0.01564936846
0.01640617468
0.01902893681
0.02933344
0.955844084
0.9876594541
0.9911369805
0.9912877055
0.9911240346
0.9880869824
0.9856925669
0.9864211139
0.9837954404
0.9789115565
0.9705411336
0.9448124699
0.9582360681
0.757778331
0.9297543252
0.9822764101
0.976756026
0.03075932658
0.01563323404
0.01563629302
0.01563800352
0.01564003164
0.01564205203
0.01564392831
0.01564588641
0.01564817581
0.0156496383
0.01565038036
0.01565154422
0.01565378656
0.01565388778
0.01565309304
0.01565538646
0.01565433141
0.01565491111
0.01565450575
0.01567986519
0.01823561129
0.02438642241
0.9506857458
0.9836303353
0.9889095853
0.9887415704
0.9783176223
0.7112980865
0.0216987084
0.01770287483
0.02205072378
0.9636181534
0.02531169775
0.02315009772
0.0475041767
0.9719856482
0.9875525978
0.9891697869
0.9883385148
0.9909060779
0.9912493618
0.9891805943
0.9832995416
0.03704954567
0.01946049655
0.0162582719
0.01565739953
0.01565884912
0.01566079921
0.0156598566
0.01565329247
0.01727864685
0.9760018895
0.9899530781
0.9897657434
0.03017084253
0.01565721539
0.01565614924
0.01565484888
0.01565225384
0.01565238687
0.01565125662
0.01566406502
0.01746233535
0.02202801474
0.8487535437
0.9856348741
0.9901467748
0.99026554
0.9908904937
0.9885004088
0.9860326853
0.9805390363
0.8826426508
0.02430234416
0.01856802002
0.01570620706
0.03141375093
0.9908045371
0.9911661573
0.9724149644
0.01688923407
0.0156487466
0.01564975083
0.01565089434
0.01565143206
0.01565172656
0.01565165618
0.0156513415
0.01565069405
0.01565004765
0.01564915877
0.01564850733
0.01564745273
0.01564720933
0.01564592314
0.01564610457
0.01564516464
0.01564808395
0.01638200604
0.01887642066
0.02844678456
0.9495748214
0.9866086727
0.9907858186
0.9912560139
0.9924870437
0.9920027979
0.9910474455
0.9895605769
0.9877385057
0.989925613
0.9914720555
0.9820414958
0.9616424635
0.8402694782
0.8843344436
0.03322675906
0.8894971466
0.9800132477
0.9774989064
0.03075931703
0.01563329949
0.01563653913
0.0156384218
0.01564071513
0.0156427972
0.01564445282
0.01564636004
0.01564933364
0.01565075417
0.01565068609
0.01565123541
0.015654791
0.01565464858
0.01565203016
0.015654466
0.0156516514
0.01565685984
0.01664868032
0.02090685332
0.04996140751
0.9836839999
0.9847970112
0.9864156779
0.9846790554
0.9756218486
0.02623920129
0.02004570877
0.01909890572
0.0205210954
0.03128283736
0.9786044751
0.9761503409
0.9756202582
0.9910538625
0.9918372267
0.9905979348
0.990699471
0.9885182561
0.9904153203
0.9890683648
0.9511143594
0.02322629811
0.0177729303
0.01566882235
0.01566340526
0.01566260713
0.01565994767
0.01565867233
0.01565718445
0.01565250696
0.01564708188
0.0223651216
0.9836932372
0.9890031578
0.9830690995
0.01929400158
0.01565472535
0.01565618593
0.01565207653
0.01565129368
0.01644350644
0.02008822013
0.04118032252
0.9823765572
0.9874971307
0.9901885965
0.9918559181
0.9906124903
0.9902974107
0.9860690733
0.9172484263
0.026944504
0.01892276917
0.01642961834
0.0156676114
0.01566684449
0.01682191533
0.970098931
0.9911452241
0.9911244749
0.03081583358
0.01565225426
0.01564982882
0.01565118899
0.01565161533
0.01565200063
0.0156518822
0.01565150434
0.01565066574
0.01564997933
0.0156486895
0.01564829266
0.01564653193
0.01564610352
0.01564471806
0.01564729628
0.01636599564
0.01878544461
0.02797745389
0.9458899781
0.9861702275
0.990675868
0.9913593436
0.9928271672
0.9926626902
0.9932077722
0.991898878
0.9900716175
0.9880596269
0.9811446074
0.956824217
0.05521527136
0.02976432249
0.02042060061
0.01895175438
0.01842994611
0.01951136856
0.4650852195
0.9802734541
0.9730772754
0.03075947093
0.01563352711
0.01563699859
0.01563895397
0.01564163443
0.01564384662
0.01564507852
0.01564655354
0.01565067929
0.01565225747
0.01565170933
0.01565135285
0.01565500369
0.01565336577
0.01565436971
0.01568321891
0.0168695729
0.01994515256
0.03196102198
0.9553141427
0.9875111023
0.9888604545
0.9841779969
0.9757225913
0.9448879581
0.02643185353
0.02534393843
0.03224542656
0.8681535609
0.9434183071
0.9857140144
0.9899391492
0.99035188
0.9896510198
0.9910601835
0.9912375815
0.9896470407
0.9887616062
0.9806322426
0.9585079012
0.03747337939
0.02028778601
0.01633071675
0.01566763633
0.01566514662
0.0156645932
0.01566395999
0.01565993366
0.01565745757
0.015656302
0.01565332925
0.01564937714
0.01689777486
0.9511181458
0.9842926792
0.982550167
0.9617693373
0.01735617466
0.01565865595
0.01634165515
0.01841879724
0.02626563753
0.9453120078
0.9883672644
0.9918166595
0.9917468167
0.991940801
0.991703686
0.9888564496
0.9728751284
0.03297978135
0.0193596647
0.0164845414
0.01566364236
0.01566861784
0.01567155144
0.01566552389
0.01565349697
0.01966252716
0.9877187728
0.9926707475
0.987594048
0.01961050107
0.01564887929
0.01565146628
0.0156517042
0.01565236421
0.01565220611
0.01565179873
0.01565049815
0.01565017978
0.01564821452
0.01564767833
0.01564587963
0.01564828542
0.01638059415
0.01874700913
0.02767284537
0.9426786548
0.9858458782
0.9905725296
0.9913660413
0.992937772
0.9929894018
0.9937499432
0.993115697
0.9934616109
0.9923681235
0.9746356057
0.699648308
0.02551434101
0.01863967302
0.01680586131
0.01573030334
0.01570033642
0.01568724545
0.01567966195
0.01567320227
0.02750211042
0.9850223152
0.9701177679
0.03076042992
0.01563415804
0.01563788896
0.01563957928
0.01564262491
0.01564503327
0.01564597329
0.01564679012
0.01565119009
0.01565098098
0.01565127332
0.01565708927
0.01573397163
0.01675340333
0.01798651323
0.02665735533
0.06524304117
0.974292417
0.9875384904
0.9891503182
0.9866825118
0.9840300234
0.9621347448
0.9504597933
0.07296901692
0.9421533509
0.9678464346
0.9883488629
0.9882046464
0.9857122632
0.9869702342
0.9901243991
0.9914860569
0.9918816487
0.9917898271
0.9904026272
0.9670956214
0.7474247807
0.02593353468
0.0187169414
0.01675674171
0.01568996935
0.01568715898
0.01568254071
0.01567306631
0.0156676906
0.01566478252
0.01566078573
0.01565705331
0.01565601699
0.01565442016
0.01565114381
0.01565182477
0.02366837659
0.9756532177
0.9752729569
0.9820216301
0.0353402364
0.01865639822
0.02376762092
0.790525466
0.9827578592
0.9886371627
0.9900623129
0.9922450308
0.9903571171
0.9888534021
0.9850986472
0.4471007865
0.0218785094
0.01690699578
0.01566598464
0.01566501274
0.01566660232
0.01566993608
0.01567176294
0.01566540892
0.01565668314
0.01565471169
0.03105664409
0.9911730638
0.991113463
0.9697073595
0.01681668196
0.01565096901
0.01565156103
0.01565307197
0.0156525533
0.01565242208
0.01565030505
0.01564987656
0.01564806908
0.01565212105
0.01650404131
0.01899454919
0.0282051492
0.9423324286
0.9855692608
0.9904452015
0.991299385
0.9929217695
0.9930280788
0.9938296234
0.9932752169
0.9935957085
0.9922170106
0.9827321729
0.07807709222
0.0242985974
0.01716429744
0.01625665418
0.01569439999
0.01570126695
0.01569846932
0.01570110582
0.01569719471
0.01568719518
0.01567539362
0.02352628584
0.9863883863
0.9729655874
0.03076572669
0.01563597888
0.01563930036
0.01564038452
0.01564314816
0.01564415598
0.01564515713
0.01564932677
0.01567797484
0.01652075993
0.01730004428
0.02016337364
0.03388767461
0.1568686433
0.9767648507
0.98543951
0.9934403321
0.9931994689
0.9914330186
0.9908500613
0.9875273523
0.9825407489
0.9720749079
0.964673771
0.9810125288
0.9851386383
0.9849246999
0.9869343816
0.9886480467
0.9890970287
0.9874709959
0.9861082669
0.9867289007
0.9858465098
0.979675932
0.04834770559
0.02239619269
0.01718148275
0.01629706735
0.01569227146
0.0157014541
0.01569966289
0.01569696487
0.01569038916
0.01567991177
0.01567350555
0.01567033261
0.01566725751
0.01566049127
0.0156545213
0.01565270833
0.01565296224
0.01565831894
0.01917610186
0.9555748647
0.9690616026
0.9769815953
0.9768535601
0.9333955175
0.9671759853
0.9850209905
0.9888998497
0.9908444717
0.9911627062
0.9916272589
0.9882743044
0.9375920863
0.02449460239
0.01828323423
0.01611543367
0.01566583521
0.01566583146
0.01566781028
0.01566955547
0.0156696663
0.01566938912
0.01566496419
0.01565972457
0.01565781729
0.01691253656
0.9728139346
0.9910963541
0.9908527793
0.03121827009
0.01565842109
0.01565362828
0.01565568534
0.01565350572
0.01565243971
0.01565008184
0.0156556583
0.0166116261
0.01960964625
0.03145036631
0.9542331052
0.9859035647
0.9903665092
0.9911631209
0.9928538798
0.9930107631
0.9938474466
0.9933291168
0.9936623215
0.9922992888
0.9826853683
0.06269336548
0.02249991829
0.01716183909
0.01574762559
0.01571221821
0.01572082308
0.01571758307
0.01571949598
0.01571229076
0.0157030239
0.01569485853
0.01568465912
0.01567164663
0.02128700104
0.9811983546
0.9672698845
0.03081772581
0.01564376005
0.01564031971
0.01564076737
0.01565191668
0.01633960924
0.01707094793
0.01941435682
0.02954724121
0.07105737612
0.9717588189
0.982277727
0.9912484977
0.9950568033
0.9947120152
0.9937169267
0.9938912433
0.9939585834
0.9925902054
0.9912737851
0.9891960424
0.986744749
0.9840167601
0.9836002729
0.9842604818
0.9870648232
0.9853050697
0.9839335102
0.9832796689
0.987487985
0.9888239474
0.9754484211
0.9566201368
0.9569945297
0.02343148232
0.01720792899
0.01570455194
0.01568919465
0.01569992796
0.01569595212
0.01569430955
0.01569207005
0.01568681262
0.0156816785
0.01567588387
0.01567294052
0.01567418153
0.0156811229
0.01570370794
0.01586305114
0.01678977803
0.01751599308
0.02122902589
0.02903127037
0.9647174868
0.9791666113
0.9844171528
0.9860895118
0.9841085615
0.9826441132
0.9862331121
0.9895343707
0.9891181519
0.9867883604
0.9830263013
0.04200206518
0.02004044171
0.01636523719
0.01565911025
0.01566594626
0.01566888426
0.01566757529
0.01566775077
0.01566896085
0.01566923254
0.01566841089
0.01566522733
0.01566181223
0.01566431343
0.01566588998
0.02026305769
0.9880056957
0.9918447923
0.9887048765
0.02223013647
0.01565592793
0.01565846245
0.01565421181
0.0156600537
0.0166771617
0.01997717822
0.03401325056
0.9643764551
0.9878889897
0.990802657
0.9909203771
0.9926049774
0.9928352075
0.9937886685
0.9933429074
0.9937165829
0.9924108343
0.9830786913
0.06512007939
0.02252963146
0.01711868686
0.01574180125
0.01572739678
0.01573393133
0.01573820195
0.01574181166
0.01573481972
0.01572635431
0.01571666613
0.01570537147
0.01569439465
0.01568282881
0.01566893502
0.02008915519
0.9721765108
0.9552084132
0.03091534196
0.01567950881
0.01642565537
0.01755026171
0.02342918899
0.04391817645
0.9659068902
0.9820238385
0.9910435482
0.995027675
0.9949841734
0.9943905549
0.9948775222
0.9953469575
0.9955881433
0.9950307047
0.9946323922
0.9939792939
0.9932815554
0.9924570108
0.991217268
0.9899804211
0.9888258081
0.9881563089
0.9874728737
0.98591502
0.9828474295
0.9761294407
0.9642244004
0.9579627741
0.06648353448
0.03655754455
0.02676570824
0.0265498449
0.02405098854
0.01962595589
0.02000812817
0.02031100726
0.02059821143
0.02092275935
0.021256348
0.02162376463
0.02202077243
0.02245458199
0.02294601861
0.02355208115
0.02442195211
0.02602196348
0.03039602274
0.05991240977
0.2744679046
0.9584131614
0.9645431943
0.9857808761
0.9875630665
0.988643698
0.9900986247
0.9910956796
0.9907744973
0.9895900591
0.9899523074
0.9906127255
0.9879853004
0.9026135423
0.02251673722
0.01764188641
0.01567325741
0.01566324117
0.01566681938
0.01566992231
0.0156700042
0.01566772633
0.0156673377
0.01566851069
0.0156695163
0.01566958534
0.01566814564
0.0156645739
0.01566395467
0.01566833294
0.01569386311
0.04335868323
0.9895549495
0.9869696213
0.978803996
0.01971052446
0.01568297712
0.01689966258
0.02045545265
0.03607073771
0.9673008663
0.988566663
0.9911506627
0.9913287942
0.9924113527
0.9922128581
0.993347908
0.9931714676
0.9937114375
0.9925220726
0.983516321
0.06970115058
0.02272310118
0.01715437251
0.01575465995
0.01574304529
0.01575616879
0.01576026147
0.01575714282
0.01575240702
0.01574874371
0.01574119689
0.01573155291
0.01572087477
0.01570930894
0.01569698761
0.01568364336
0.01566817374
0.01934368631
0.9559895112
0.93410232
0.09710272924
0.03114869722
0.08888859124
0.9814699412
0.9891568295
0.9945293062
0.9952635625
0.9951108604
0.9955298042
0.9960012983
0.9963306915
0.9961028153
0.9960353836
0.9958842681
0.9956873159
0.995524464
0.995242025
0.9947025225
0.9941443227
0.9935975481
0.9928954551
0.9921819095
0.9915095727
0.9909000195
0.9901020203
0.9887883035
0.9867435477
0.9837612264
0.9823515064
0.9754951763
0.9616068577
0.9867273295
0.9877775298
0.985938387
0.9851947326
0.9841585215
0.9850220227
0.9864302847
0.9874955269
0.9883515513
0.989100297
0.9897635647
0.9903764754
0.9909409607
0.9914658145
0.9919649811
0.992457334
0.9929678489
0.9935339039
0.9942212491
0.995156028
0.9931690575
0.9894931853
0.9882973554
0.9890922669
0.9896536694
0.9907040616
0.9913449399
0.9912606043
0.9905008197
0.9885384614
0.9850670341
0.04810243865
0.02025207162
0.01631527844
0.01566366955
0.01566492269
0.0156650563
0.0156645954
0.01566540166
0.01566423912
0.0156624373
0.01566253962
0.01566383746
0.01566548493
0.01566734741
0.01567007863
0.01567864557
0.01570772213
0.01671136716
0.01775457337
0.02621251934
0.9847620213
0.9827616971
0.9780899049
0.9382698798
0.02582984947
0.04838903438
0.9724384045
0.9889670075
0.9911522065
0.9911561535
0.992129604
0.9918796111
0.9921817135
0.9924219328
0.993319465
0.9924445585
0.9843128005
0.079969325
0.02305350051
0.01720436967
0.01576699647
0.01575390395
0.01577319657
0.0157805028
0.01577872758
0.0157738714
0.01576684153
0.01575963421
0.01575344335
0.01574576532
0.01573665079
0.0157264288
0.01571529377
0.01570276434
0.01568781738
0.01566976929
0.01883354219
0.9273905768
0.8989548102
0.9905357298
0.9946992722
0.9963306265
0.9965932967
0.9964180213
0.99671606
0.9969960362
0.996924342
0.9968977746
0.9968367406
0.9967713701
0.9967541064
0.9966792904
0.9964664594
0.996219552
0.9960131922
0.9957825208
0.9954146432
0.9950118063
0.9946142579
0.9941830528
0.9937535876
0.9933433634
0.9929477721
0.9924909937
0.9919354156
0.9913796698
0.9910289274
0.9910344395
0.9921557138
0.9926180774
0.993975661
0.9941311203
0.9932540431
0.9930440295
0.9928361857
0.9927589733
0.9930376619
0.9933317951
0.9935871425
0.9938324715
0.9940530941
0.9942627693
0.9944610565
0.9946446803
0.9948087461
0.9949444655
0.9950357218
0.9950536661
0.9949491178
0.9946501676
0.9940776761
0.9920639811
0.9902931205
0.9890280538
0.9889955044
0.9889574855
0.9883945094
0.9878111334
0.9857787071
0.9801131689
0.0270047226
0.01815347224
0.01569226281
0.01567474477
0.01567513228
0.01567660324
0.01569513166
0.01576255076
0.01656363834
0.01688780678
0.01764831642
0.0182555193
0.0189043187
0.01958020006
0.02036366209
0.02147428662
0.02376278303
0.03363505218
0.04960872612
0.8889484538
0.9514716786
0.9813334291
0.9854648915
0.9836314803
0.9799114764
0.9769766841
0.9906021497
0.9912199556
0.9906960999
0.9916524934
0.9912018192
0.9911992764
0.9911006046
0.9902141842
0.9884231817
0.9860243329
0.2631250821
0.02416681977
0.0173617658
0.01578332068
0.0157614863
0.0157848915
0.01579470761
0.01579483876
0.01579275729
0.01578735196
0.01578018726
0.01577262999
0.01576528546
0.01575831092
0.01575054941
0.01574188999
0.01573249637
0.01572254656
0.01571155953
0.01569722286
0.01567484628
0.01827710056
0.846108257
0.8223559834
0.9941573655
0.9970948787
0.9976337715
0.9978878407
0.9978041051
0.9977586591
0.9976892655
0.9976457961
0.997586754
0.9974627079
0.9973293616
0.9972326288
0.9971287474
0.9969438893
0.9967233658
0.9965132209
0.9962946692
0.99602673
0.995739069
0.9954518808
0.9951642585
0.9948910592
0.9946374821
0.9944020577
0.9941695224
0.9939512407
0.9938034886
0.993786849
0.9939133863
0.9941286328
0.9945282238
0.994516271
0.9949747599
0.9948352932
0.9946551307
0.994458708
0.9943286168
0.9943295699
0.9944225056
0.9945288697
0.9946406002
0.994744107
0.9948402452
0.9949275026
0.995000425
0.995049326
0.9950585914
0.9950040814
0.9948507446
0.9945556729
0.9940989673
0.9935347458
0.9928926574
0.9918896418
0.9906657631
0.9894223548
0.9872832491
0.9820596901
0.9688071672
0.9445379643
0.03191315218
0.02290422493
0.0193725375
0.02036274904
0.02143155025
0.02280390927
0.0248470866
0.02906779334
0.04951152549
0.08817389446
0.9320484969
0.9183948223
0.9626346285
0.9741308713
0.9803381705
0.9841046026
0.9867318718
0.9887792847
0.9905951924
0.9928281335
0.989879816
0.9845355307
0.9867420858
0.9891677915
0.990081199
0.9900021941
0.9892617285
0.9897816748
0.9904258589
0.9900592997
0.9903278901
0.9905117869
0.9894498227
0.988091159
0.9814847762
0.8140191345
0.02299231818
0.01815669551
0.01593061187
0.01576712549
0.01579127014
0.01580260048
0.01580405052
0.0158045671
0.01580178708
0.01579706763
0.01579132716
0.0157846456
0.01577747116
0.01577029323
0.01576313277
0.0157553873
0.01574697659
0.01573816789
0.01572936634
0.01572062401
0.01571124368
0.01569331512
0.01827128337
0.9153712686
0.8312124687
0.9959886611
0.9979046553
0.9982329451
0.9983423939
0.9983527037
0.9983042073
0.9982064722
0.9981134821
0.9980217786
0.9978969109
0.9977580958
0.9976291309
0.9974958746
0.9973285596
0.9971387024
0.9969459681
0.9967481782
0.9965351126
0.9963183991
0.9961062847
0.9959034989
0.9957186625
0.995554855
0.9954119664
0.9952879308
0.9951916487
0.9951432161
0.9951548172
0.9952141921
0.9952857426
0.9953397981
0.9953913583
0.9954690654
0.9955850648
0.9955538153
0.9954269008
0.9953127965
0.9952544348
0.9952379892
0.9952498157
0.9952721359
0.9952945755
0.9953128429
0.9953233205
0.9953208639
0.9952967501
0.9952376114
0.9951251743
0.9949389438
0.9946677803
0.9943387012
0.9940270857
0.9937452045
0.9933390819
0.9927252042
0.9919141835
0.9905653502
0.9880775782
0.9839414447
0.9786075792
0.9810525137
0.9842151221
0.9851488769
0.9872642358
0.9893929164
0.9909936619
0.9922399604
0.993237665
0.9940852575
0.9950605125
0.9931960293
0.9901006932
0.9895430138
0.9896937558
0.9902221987
0.9908003897
0.9912779935
0.9915656677
0.9915658542
0.9911867303
0.9905767652
0.9883161432
0.9885979516
0.9903600544
0.991545657
0.9918475914
0.9914630017
0.9910315144
0.9897844128
0.9900229154
0.9889907639
0.9880591715
0.982610685
0.8968078353
0.02530674848
0.01824006262
0.01632488549
0.0157541794
0.01579004522
0.01580205412
0.01580478164
0.015807657
0.0158075149
0.01580567695
0.01580296799
0.01579897297
0.01579387535
0.01578801081
0.01578152794
0.01577467194
0.01576760866
0.01576001817
0.01575167655
0.01574302556
0.01573484839
0.0157277293
0.01572367894
0.01572512937
0.01693481504
0.8838368446
0.1011749624
0.9972939303
0.998512122
0.9986692389
0.9987134723
0.9986946765
0.9986381895
0.9985460196
0.9984429311
0.9983346533
0.9982112251
0.9980772662
0.9979412265
0.9977989913
0.9976408978
0.9974712724
0.9972976356
0.9971216053
0.9969433289
0.9967696759
0.9966055697
0.9964551155
0.996323415
0.996212621
0.9961227955
0.9960534115
0.9960076161
0.9959906169
0.9960020116
0.9960307891
0.9960580375
0.9960710378
0.9960823129
0.9961163809
0.9961604604
0.9961609674
0.9960942959
0.9960080083
0.9959334081
0.9958743876
0.9958282409
0.9957900459
0.9957538812
0.9957157958
0.9956724176
0.9956202192
0.9955541643
0.9954672487
0.9953516557
0.9952030848
0.9950304717
0.9948678312
0.9947601199
0.9946986898
0.9946072821
0.9944447328
0.9942021649
0.9938338468
0.9933472369
0.9929172369
0.9927943227
0.9928599527
0.9934649952
0.9936738814
0.9938750823
0.9942177042
0.9945455671
0.9948088757
0.9949767585
0.9950084229
0.9948695043
0.9945919259
0.9932741186
0.9924390071
0.9918667523
0.9915614425
0.9913870522
0.9912103763
0.9908951332
0.9903118025
0.9894433766
0.9886785302
0.9887002957
0.9892567429
0.9902800434
0.9912705412
0.9916299898
0.9913155612
0.99154245
0.9895988986
0.9886968824
0.984526738
0.9212878479
0.02654152861
0.01860864209
0.01645953251
0.01575670217
0.01580273628
0.01580504934
0.01580483866
0.01580673407
0.01580563755
0.01580533512
0.01580560961
0.01580486535
0.01580298754
0.01579997006
0.01579581628
0.01579080242
0.01578509277
0.01577865404
0.01577175369
0.01576458797
0.01575656747
0.01574771479
0.01573990412
0.01573375449
0.0157331451
0.01574964344
0.01578103428
0.04299457726
0.9423360371
0.9982636312
0.9989516388
0.9989944106
0.9989829121
0.9989375426
0.9988687801
0.9987796035
0.9986785309
0.9985688657
0.9984487214
0.9983199593
0.9981851834
0.9980432322
0.9978919298
0.9977342828
0.9975745096
0.99741529
0.9972597128
0.9971131511
0.9969797332
0.996862858
0.9967656245
0.9966892872
0.9966334935
0.9965970662
0.9965794869
0.9965799952
0.9965948695
0.9966163105
0.996634475
0.9966436838
0.9966492669
0.9966605973
0.9966713949
0.9966580104
0.9966095795
0.99653871
0.9964598985
0.9963797334
0.9963007705
0.9962228116
0.9961445232
0.9960643138
0.9959807216
0.9958927597
0.9957998
0.9957018554
0.9956009324
0.9955039883
0.9954269859
0.9953951707
0.9954276952
0.9955092831
0.9955970734
0.9956652014
0.995703345
0.9957011704
0.9956707004
0.9956490156
0.9956605142
0.9956547619
0.995568946
0.9954566674
0.9953432414
0.995254189
0.9951733893
0.9950711111
0.9949173033
0.9946824882
0.9943719123
0.9940788134
0.9938338281
0.9933716072
0.9927988203
0.9922802132
0.9917915601
0.9912828798
0.9906901751
0.9899736029
0.9892217441
0.9887533117
0.9887970085
0.989048071
0.9893217423
0.9897178768
0.9899237721
0.9900323586
0.9903934537
0.9859573349
0.9568522525
0.02920835582
0.0191558717
0.01653934536
0.01574809008
0.01578419373
0.01578200079
0.01578635867
0.01578755626
0.01578099283
0.01577808504
0.01577671666
0.01577683344
0.01577713191
0.01577722367
0.01577643766
0.01577471476
0.01577203782
0.01576855242
0.01576455412
0.01576022944
0.01575513718
0.01574942563
0.01574447934
0.01573820197
0.01573112376
0.01572693347
0.01572653763
0.01574750044
0.01577892574
0.03109164178
0.9808697882
0.9990157677
0.9992710931
0.9992249296
0.9991712498
0.9991072426
0.999032945
0.9989475739
0.9988525291
0.9987478841
0.9986330773
0.998509085
0.9983769483
0.9982367201
0.9980890561
0.9979370244
0.9977843978
0.9976347964
0.9974924887
0.9973625032
0.9972489213
0.9971548368
0.9970822802
0.9970316379
0.997001833
0.9969907844
0.9969959002
0.9970136078
0.9970386238
0.9970644638
0.997085374
0.9970991135
0.9971080634
0.9971142757
0.9971119516
0.9970893214
0.9970410581
0.9969716027
0.9968870547
0.9967923786
0.9966912469
0.9965855617
0.9964759239
0.9963623768
0.9962450451
0.9961250538
0.9960054267
0.9958922203
0.9957959521
0.9957327465
0.9957232817
0.9957861138
0.9959240234
0.9961138316
0.996319397
0.9965149486
0.9966854269
0.9968216192
0.9969224505
0.9969875763
0.9970056101
0.996948847
0.9967953357
0.9965640615
0.9962975801
0.9960045016
0.9956831546
0.9953330103
0.994957204
0.9945774693
0.9942537672
0.9940672062
0.9939755862
0.9937560652
0.993303962
0.9927251153
0.9920608049
0.9913316922
0.9905751275
0.9898826289
0.9894259986
0.9893535704
0.9894934794
0.989327038
0.9883597141
0.9861476956
0.9822294113
0.9775252117
0.9774284839
0.04359303097
0.0236304381
0.02014141839
0.01852577784
0.0199061958
0.01849913575
0.01928070284
0.01869375176
0.01910769101
0.01879328347
0.01911180816
0.01890567072
0.01909572593
0.019043056
0.01914118699
0.01916764372
0.01923139569
0.01928318849
0.01933895267
0.01938708672
0.01941505451
0.01947896841
0.01961063861
0.0195930611
0.01963579922
0.01983653262
0.01977434933
0.01977797705
0.02007401699
0.02007685829
0.01970774798
0.02442914662
0.9358385569
0.9981670242
0.999053798
0.9987316115
0.998545178
0.9983966218
0.9982524546
0.9980964266
0.9979230775
0.9977288399
0.9975116739
0.9972732459
0.9970155661
0.9967393995
0.99644706
0.996145254
0.9958421504
0.9955460423
0.9952665178
0.9950144314
0.994798728
0.9946258829
0.9944996519
0.994420137
0.9943843151
0.9943869705
0.9944215266
0.994479231
0.9945481706
0.9946147436
0.9946680525
0.9947049034
0.9947305887
0.994748819
0.9947488598
0.9947092948
0.9946184914
0.9944816158
0.994307801
0.994105627
0.993883048
0.9936454194
0.9933952408
0.9931332558
0.9928599877
0.9925780451
0.9922949452
0.9920267616
0.9918022498
0.991665174
0.9916690889
0.991857185
0.9922298759
0.9927288636
0.993268812
0.9937853209
0.9942416439
0.9946179792
0.9949101559
0.9951133245
0.9952009148
0.9951217048
0.9948316917
0.9943437394
0.9937188431
0.9929852485
0.9921368102
0.9911743861
0.9901300715
0.9891157549
0.9883634983
0.9880969814
0.9881682256
0.9880442546
0.9873943378
0.9862734923
0.9847722152
0.9829895498
0.9811074486
0.9795091631
0.9787771173
0.9792453552
0.9803164402
0.980671899
0.9788860306
0.972345899
0.9500664852
0.8757860822
0.07227561911
0.06217263617
0.9263545839
0.06283230481
0.9045665916
0.4156039605
0.7751761118
0.4490063267
0.7296838775
0.5422247091
0.6659483376
0.5731445682
0.6468716902
0.5930649448
0.6270316161
0.6072155445
0.617840566
0.6134732099
0.6160112976
0.615471989
0.6150042274
0.6104146586
0.6099452553
0.6207390171
0.6092864089
0.6135200627
0.6527658985
0.610808685
0.6287826213
0.6284757437
0.6131058915
0.6367419962
0.7910737327
0.381349146
