0.9991332047
0.999346919
0.9990732835
0.9989325992
0.9988250844
0.9987212887
0.9986087404
0.9984813977
0.9983368402
0.998175222
0.9979976806
0.9978054151
0.9976004221
0.9973862309
0.9971670763
0.9969467372
0.9967286065
0.99651684
0.996317648
0.9961396525
0.9959923555
0.9958834171
0.9958167221
0.9957917765
0.9958034149
0.9958412615
0.9958886231
0.9959230024
0.9959215627
0.9958697067
0.9957827882
0.9957110952
0.9957102869
0.9958073769
0.9959881328
0.9961983231
0.996368857
0.9964503677
0.996428954
0.9963145317
0.9961257887
0.9958845738
0.9956188111
0.9953686472
0.9951889344
0.9951391653
0.9952549854
0.9955191157
0.9958619977
0.9961948838
0.9964480679
0.996596004
0.9966399877
0.9965751043
0.9964208817
0.9962102159
0.9959632864
0.9956865096
0.995379139
0.9950369632
0.9946535114
0.9942198306
0.9937238349
0.9931541628
0.9925333285
0.9920120588
0.9918610864
0.9921092756
0.9924641221
0.9926802021
0.9926873526
0.9925037583
0.9921650018
0.9916986611
0.9911203026
0.9904402225
0.9896880293
0.9889690099
0.9885136309
0.988607927
0.9892844741
0.9901905241
0.9908843993
0.991020939
0.9902255284
0.9876097944
0.9791166555
0.9518926499
0.04237870887
0.0327550541
0.9264786189
0.07757002173
0.9329433515
0.03848106876
0.9280923513
0.1050434124
0.9112543688
0.1476766589
0.8907669465
0.199533468
0.8693432641
0.2437539465
0.841564177
0.2915970553
0.8082702186
0.3413535284
0.7694795314
0.3981074166
0.7206190016
0.4594959948
0.6706185239
0.5067626577
0.6273912542
0.5612314273
0.5988587978
0.5493977005
0.651394833
0.5555731487
0.7439481761
0.05017059138
0.1791729505
0.9989447905
0.9995930097
0.9995142834
0.9994419299
0.9993799384
0.9993201689
0.9992578814
0.9991901142
0.999115301
0.9990331721
0.9989439891
0.9988480077
0.9987458902
0.9986391447
0.9985296712
0.9984190944
0.9983087936
0.9982004662
0.9980967548
0.9980014807
0.9979189953
0.997852956
0.9978055825
0.9977776747
0.9977687648
0.9977768902
0.9977971184
0.9978196256
0.9978314164
0.9978211733
0.9977912342
0.9977611538
0.9977543098
0.9977847724
0.997852225
0.9979369792
0.9980077525
0.9980403797
0.9980279602
0.9979751476
0.9978895012
0.9977786414
0.9976516701
0.9975224556
0.9974123368
0.9973483065
0.9973522359
0.9974272539
0.9975563535
0.9977088594
0.9978402317
0.9979266329
0.9979651696
0.9979500428
0.9978898335
0.9978062192
0.9977099387
0.9976047214
0.9974915384
0.9973702667
0.9972402022
0.9970998165
0.9969454807
0.9967685416
0.9965537588
0.9963057838
0.9961314904
0.9961013451
0.996136461
0.996142503
0.9960893305
0.9959805603
0.9958258579
0.9956332958
0.995406762
0.995144642
0.9948413377
0.9945031427
0.9941927852
0.9940444113
0.994144741
0.9944073436
0.9946574946
0.9947469527
0.9945630712
0.9939563001
0.9925452384
0.9895407574
0.9847667242
0.9547433709
0.01508083782
0.01514540385
0.01773523251
0.01535592797
0.01593854103
0.01757444124
0.01587909389
0.01505920265
0.01438140849
0.01413382778
0.01382096248
0.01369656749
0.01351835538
0.01345278484
0.01336123342
0.013284551
0.01327315493
0.01316535983
0.01325874152
0.01300502248
0.01329306296
0.01291730305
0.01324599589
0.01309712072
0.01328482378
0.01316830578
0.0132636247
0.01433239636
0.01306347899
0.0201160688
0.8773900587
0.9982912379
0.9992888405
0.9993700343
0.999340341
0.9992848191
0.9992208565
0.9991517226
0.999077003
0.9989960003
0.9989091278
0.9988166982
0.9987181936
0.9986136789
0.9985048006
0.9983935623
0.9982809452
0.9981672351
0.9980531843
0.9979410441
0.9978349131
0.9977395964
0.9976587228
0.9975942513
0.9975475627
0.9975207268
0.9975172449
0.9975392796
0.9975796133
0.9976170358
0.9976254111
0.9976031179
0.9975748049
0.9975622442
0.997579308
0.9976356242
0.9977134798
0.9977708108
0.9977773958
0.9977345171
0.9976586701
0.9975612769
0.9974448372
0.997307831
0.9971525496
0.9969931762
0.9968584923
0.9967781146
0.9967602606
0.9967987318
0.9969101094
0.9970756684
0.9971899306
0.9972493154
0.9972398974
0.997186078
0.99714152
0.9971109424
0.9970865985
0.997064653
0.9970438609
0.997023732
0.9970032235
0.9969789464
0.9969412403
0.9968643909
0.9966890386
0.9963846968
0.9961665507
0.9960296395
0.9958716282
0.9956837931
0.9954984526
0.9953317693
0.9951826226
0.9950405641
0.9948870585
0.994689566
0.9943942906
0.9939644631
0.9935528786
0.9933806883
0.9934573572
0.9936341875
0.9937961758
0.9939194505
0.9939836511
0.9938567749
0.9933685179
0.992712259
0.9921867845
0.9915822613
0.02583912662
0.01562842245
0.01503217559
0.0183125379
0.01666759085
0.01460629038
0.01354147316
0.01254089863
0.01215084499
0.01174381955
0.01156842831
0.01136059013
0.01126066851
0.01113996175
0.01107748992
0.01100414192
0.01096372352
0.01091831588
0.01089220523
0.01086543131
0.01084945969
0.01083472508
0.01082578451
0.01081869346
0.01081585361
0.01081771977
0.01083718405
0.01097853059
0.03508605737
0.962587085
0.9974628209
0.9989375144
0.9990990032
0.9991498396
0.9991268197
0.9990726855
0.9990048227
0.9989275499
0.9988420252
0.9987509716
0.9986556674
0.9985541624
0.998445362
0.9983318433
0.9982167301
0.9981002015
0.9979803935
0.9978561062
0.9977290215
0.9976045902
0.9974896894
0.9973885359
0.9973019176
0.9972301725
0.9971768665
0.9971529917
0.9971751628
0.9972497469
0.9973493848
0.9974041254
0.9973989008
0.9973773118
0.9973602648
0.9973471739
0.997381148
0.9974642834
0.9975260693
0.9975084987
0.9974183353
0.9972963424
0.9971689651
0.9970360363
0.9968792169
0.9966756022
0.9964215206
0.996150094
0.9959082233
0.9956939086
0.9954550124
0.9952576623
0.9954517923
0.9960642953
0.9961629231
0.9961311516
0.9960488092
0.996082973
0.9961995926
0.9963411033
0.9964847687
0.9966234106
0.9967550787
0.9968791105
0.9969945172
0.9970985959
0.9971832512
0.9972129423
0.9970271567
0.9961448627
0.9957113379
0.9953656174
0.9950393211
0.9947883993
0.9946404743
0.9945783092
0.9945679729
0.9945726837
0.9945489723
0.9944232827
0.9940378943
0.9932283747
0.9925177894
0.9922850425
0.9924634082
0.9928671347
0.9934043266
0.9939959146
0.9944226037
0.9944524875
0.9940807282
0.9936982271
0.9944381949
0.9946484152
0.990363717
0.02067384617
0.01514732414
0.01513778391
0.0144513725
0.0133242095
0.01262766959
0.01220317101
0.01184548286
0.0116364958
0.01144181279
0.01131872029
0.01119964718
0.01112074662
0.0110448536
0.01099368757
0.01094535799
0.01091214282
0.01088282608
0.01086229269
0.01084547666
0.01083389672
0.01082508556
0.01082025416
0.01082158484
0.01083298065
0.011609988
0.04807256857
0.989682698
0.9963369317
0.9984616298
0.9987268749
0.9988502709
0.9988758367
0.9988460728
0.9987914895
0.9987200408
0.9986343532
0.9985427244
0.9984488083
0.9983466721
0.9982324616
0.9981117563
0.9979913579
0.9978704869
0.9977431737
0.9976043089
0.9974543209
0.9973017687
0.9971586479
0.9970305814
0.9969144653
0.9968047925
0.9967014591
0.9966221908
0.9966079648
0.9967032679
0.9969160136
0.9971283638
0.9972102581
0.9972426422
0.9972613515
0.9972218762
0.9971363049
0.9971683961
0.9972318037
0.9971814762
0.9970118681
0.9968136332
0.996648797
0.9965175149
0.9963787665
0.9961656521
0.9958074903
0.9953247915
0.99480748
0.9942246368
0.9932547028
0.9913284546
0.9885548652
0.9907948439
0.9926762189
0.9921565687
0.9907232223
0.9911166056
0.9919893768
0.9928322775
0.9935657961
0.9941918225
0.994726907
0.9951882691
0.9955921992
0.9959566357
0.9963069598
0.9966846356
0.9971205138
0.996139291
0.9942966044
0.9937525038
0.9934388574
0.9933479648
0.9934473217
0.9936605561
0.9939228993
0.9941943454
0.9944516732
0.9946737835
0.9947891432
0.9944300345
0.9921460486
0.9907381662
0.9905071491
0.9911628227
0.9921551187
0.9932480323
0.9942219348
0.994646431
0.9942772207
0.9935589461
0.9934701617
0.9941548164
0.9945559155
0.9929299711
0.9852561917
0.01782613102
0.0134320153
0.01301528726
0.01262398927
0.01209230309
0.0117873761
0.01158040031
0.01140934631
0.01128652081
0.01118042527
0.0111013673
0.01103286987
0.01098145215
0.01093750289
0.01090458999
0.01087748108
0.0108571995
0.01084112072
0.01082926663
0.01082041623
0.01081490582
0.01081352589
0.01081709104
0.0122125034
0.812261942
0.9420359632
0.9945186866
0.9978587844
0.9981702359
0.9983908847
0.9984730891
0.9984785625
0.9984617074
0.998417596
0.9983417617
0.9982590081
0.9981799353
0.9980862232
0.997966303
0.9978338383
0.9977060607
0.9975820303
0.9974483481
0.9972917645
0.9971085756
0.9969126481
0.9967281813
0.9965660552
0.9964144317
0.9962505588
0.9960547135
0.9958374921
0.9956639605
0.9956438874
0.9959283146
0.9965163016
0.997191358
0.9973276299
0.9974018178
0.9974113023
0.9972513278
0.9966930682
0.9967099852
0.9966430044
0.9963378793
0.9960191249
0.9958417657
0.9957950746
0.9957990212
0.9957538305
0.9955027692
0.9948334573
0.9939933526
0.9931833766
0.9920050887
0.9894668613
0.9825701747
0.9698886526
0.0321261251
0.02351572297
0.01393007985
0.01357840132
0.0139572607
0.01431271836
0.01477429469
0.01531213228
0.01593541355
0.01665777126
0.01751079907
0.01857201523
0.02007778765
0.02293372559
0.03539487797
0.06364665554
0.9710057885
0.964948284
0.9775796463
0.9820324256
0.9848997519
0.9869297514
0.9884916564
0.9897745388
0.9909051955
0.9920042508
0.993228889
0.9947110269
0.9929856527
0.9885906105
0.9855155586
0.9864281434
0.9882377102
0.9899806344
0.9919343189
0.993648951
0.99419942
0.9933463392
0.9930517853
0.9935452229
0.9940303124
0.9942128924
0.9940235181
0.9916370301
0.9714232841
0.01481809989
0.01182663837
0.01202840077
0.01180510214
0.0115739182
0.01140677293
0.01128104707
0.01117776106
0.01109696698
0.01103013698
0.01097779346
0.01093502748
0.01090195214
0.01087553629
0.01085517171
0.01083913996
0.01082681691
0.01081749167
0.01081111282
0.01080787043
0.01080482423
0.01252341318
0.4237233529
0.9483004967
0.9847192508
0.9959598863
0.997043692
0.9973941569
0.9978140912
0.9978001313
0.9978747295
0.9979538863
0.9979185997
0.9978579377
0.9978278967
0.9977697629
0.9976463053
0.997491092
0.9973472444
0.9972188389
0.9970838758
0.996913098
0.9966878735
0.996425349
0.9961744452
0.9959681528
0.9957871374
0.9955689596
0.9952348586
0.9947384667
0.9940983024
0.9933759874
0.9929262719
0.9939009248
0.9961591681
0.9971514485
0.996924132
0.9968929767
0.9970214806
0.9958875044
0.9946719298
0.9952576284
0.9947757794
0.9943356645
0.9943497557
0.9946591051
0.9950639083
0.9954736923
0.9958041361
0.9957358734
0.9942332101
0.993304769
0.9930004658
0.992529379
0.9915260727
0.990268905
0.9892626879
0.9910202371
0.03129273246
0.01423845837
0.01129685325
0.01085273399
0.0108249955
0.01080437833
0.01079463618
0.01078905319
0.01078579629
0.01078376434
0.01078251468
0.01078248838
0.01078573812
0.01080396126
0.01143063459
0.01168345428
0.01221376745
0.01262396192
0.01295779535
0.01324825575
0.01352684038
0.01382125414
0.01416930082
0.01465971089
0.015584121
0.01883080338
0.02505131939
0.9530286514
0.9480869208
0.9650481782
0.9760969401
0.9794265635
0.9833659712
0.9861739056
0.991668324
0.9931600968
0.9936122309
0.9937728171
0.9941066777
0.9943821185
0.9945363579
0.9945404423
0.9941388199
0.9936961545
0.03987760499
0.01341918473
0.0114451293
0.01154368815
0.01142404795
0.01128926381
0.01118425303
0.01110107811
0.01103327724
0.01097927668
0.01093604708
0.0109023855
0.0108758779
0.01085518647
0.01083878282
0.01082575759
0.01081565543
0.01080827974
0.01080357424
0.01079761071
0.01214914702
0.9037766152
0.9615719542
0.02458408236
0.01583621424
0.02858372335
0.9886982204
0.9949507133
0.9961802149
0.9963492747
0.9970514931
0.9974570414
0.9972864122
0.9973325378
0.9974099192
0.9973059276
0.9971022928
0.9969110512
0.9967486243
0.9966083508
0.9964517903
0.9962035183
0.9958554799
0.9954871129
0.9951898345
0.9950030653
0.9948210686
0.9944114264
0.9936030937
0.9922688718
0.9898404555
0.9840584903
0.9652302596
0.9778083803
0.2333686799
0.04986272179
0.029025078
0.03233696858
0.03434475651
0.97034767
0.9846406498
0.9856684406
0.9827889071
0.9853959261
0.9882801022
0.9905735357
0.9925316813
0.9943899678
0.9961273505
0.99551964
0.9933745388
0.9933586272
0.9937019362
0.9934604814
0.9926549616
0.9922356218
0.9931136972
0.9941740466
0.9929151482
0.9658399878
0.01462603798
0.01081503302
0.01081158612
0.01080038508
0.01079321555
0.01078896501
0.01078598774
0.01078336567
0.01078090454
0.01077887045
0.01077702626
0.01077514596
0.01077243947
0.01077177634
0.01077211415
0.01077242961
0.01077268949
0.01077294605
0.01077323374
0.01077354249
0.01077383923
0.01077433123
0.01077578508
0.01078005036
0.01268598758
0.018876349
0.9385404061
0.9677277221
0.9781516409
0.9740161759
0.8911362505
0.01630263169
0.0221212084
0.9879548116
0.9928311225
0.9944128837
0.9946012502
0.994792694
0.9949743011
0.9951329538
0.9958150934
0.9960395024
0.9936432361
0.02451377536
0.01279667936
0.01121924824
0.01127234554
0.01120098992
0.01111246368
0.01104141979
0.01098467849
0.01093976318
0.01090498823
0.01087789626
0.0108566672
0.01083960695
0.01082558406
0.01081442577
0.01080585337
0.01079973051
0.01079222737
0.01248298239
0.8555922262
0.9353093825
0.02129822875
0.01076994588
0.01077054029
0.01137698233
0.01339360477
0.02216424228
0.9999999775
0.9911690971
0.9960458207
0.9964501622
0.9962752268
0.9968309042
0.9971772512
0.9967918286
0.9964528076
0.9961401086
0.9958503999
0.9957642207
0.995692346
0.9953346497
0.9947805829
0.994196148
0.9938435883
0.9939844415
0.9940030262
0.9933010676
0.9921380914
0.9906241015
0.9879752462
0.9815739173
0.9702006285
0.03072365211
0.01689882607
0.01260573643
0.01178518043
0.01088040468
0.01841225946
0.9762566651
0.01612910724
0.01271284178
0.01280993677
0.01324803019
0.01376125052
0.01453370691
0.01620457533
0.02387367836
0.1164810847
0.9851724296
0.9876648389
0.9916990896
0.9928658596
0.9934133526
0.991851247
0.9920861172
0.9937068219
0.9950976215
0.9943841439
0.9943159372
0.03672800503
0.01205638114
0.01079289894
0.01079002342
0.01078559172
0.0107827837
0.01078041628
0.0107783346
0.01077684926
0.01077602024
0.01077531346
0.01077383379
0.01077269527
0.01077245031
0.01077262947
0.01077291202
0.01077322943
0.01077358896
0.01077398418
0.01077423116
0.0107742212
0.01077363679
0.01077905094
0.01412762581
0.9133109345
0.9825823359
0.9849643029
0.9827941329
0.9670330524
0.01550837735
0.01172051754
0.010775074
0.0121272387
0.01811511834
0.9881117134
0.9934029709
0.9947875599
0.9948975494
0.9950227483
0.995344723
0.9958727779
0.9961799949
0.9953376577
0.9921348112
0.02146869252
0.01253112136
0.01106928231
0.01110220398
0.01105535935
0.01099369033
0.01094548486
0.01090899338
0.01088100416
0.01085919981
0.01084137587
0.01082609398
0.01081370535
0.01080380811
0.01079638597
0.01078795951
0.01268561032
0.9521227443
0.9585172065
0.02129386435
0.01076638489
0.01076772308
0.01076730605
0.01076722045
0.01076916994
0.01129688655
0.0122856911
0.01699358553
0.03669432435
0.9860495117
0.9922877535
0.9963107357
0.9966138067
0.996137806
0.9954400073
0.9945278187
0.9937494011
0.9949257454
0.9955419462
0.9945912769
0.9933507931
0.9917243069
0.9915274069
0.9939201624
0.9945262194
0.9932401685
0.9929036629
0.9929398581
0.9925283116
0.9923434393
0.993511103
0.9939420263
0.986566088
0.9808262383
0.0571468393
0.06639033489
0.990273076
0.01669546986
0.0107805993
0.01077643326
0.01077345164
0.01077267988
0.01077285116
0.01077383562
0.01077761954
0.01083268506
0.01416603132
0.9337788922
0.9715232739
0.9805724736
0.992457797
0.992710001
0.9908038489
0.9927027473
0.9945769166
0.9951693318
0.9957174597
0.9955482626
0.9884590441
0.01449958063
0.01078354257
0.010784146
0.01078180795
0.01077938855
0.01077733254
0.0107760247
0.01077540845
0.01077489397
0.010773946
0.0107730118
0.01077245911
0.01077229184
0.01077233274
0.010772476
0.01077268365
0.01077296488
0.01077321518
0.01077315069
0.01077132048
0.01196669069
0.02443232614
0.9890306928
0.9891526148
0.9872015535
0.977888837
0.01646484922
0.011969802
0.01077390505
0.01077400247
0.01077222926
0.01077052061
0.01201920981
0.01836992619
0.9884523488
0.9934077363
0.9947905199
0.9950841899
0.9954762242
0.995766338
0.9958821972
0.9958416078
0.9947716336
0.9912523618
0.02112219811
0.01249479081
0.01096819452
0.01098655379
0.01095282017
0.01091382688
0.01088447349
0.01086242256
0.01084401941
0.01082731998
0.01081373995
0.0108024063
0.01079363412
0.01078469792
0.01312516023
0.9720483544
0.966269469
0.0212929007
0.01076539901
0.01076672466
0.01076727186
0.01076766782
0.0107683274
0.01076891312
0.01076923126
0.01077081707
0.01077672083
0.01153901261
0.01271058497
0.019022507
0.1141999067
0.9920587537
0.9931006277
0.9928612415
0.9883917431
0.9873485071
0.9953259891
0.9952149055
0.9939728241
0.9904663713
0.9805332122
0.9866926064
0.9945530957
0.9940848626
0.9930991426
0.9941137145
0.9947910495
0.9937398742
0.9935736594
0.9943241108
0.9936478798
0.993202556
0.9950141772
0.9957253572
0.9919815311
0.02216648138
0.01143397615
0.0107779504
0.01077520513
0.01077318441
0.0107727375
0.01077287237
0.01077326867
0.01077913855
0.01755880427
0.9835773875
0.02071951754
0.01294752642
0.0152501072
0.02477284046
0.9790814091
0.9838361108
0.9919169931
0.9942778054
0.9947507354
0.9949934212
0.9947328361
0.9933959524
0.0241898272
0.01161824756
0.01078021799
0.01077951851
0.01077718769
0.01077578332
0.01077515699
0.01077458236
0.01077381137
0.01077306143
0.01077249107
0.01077212672
0.01077193214
0.01077185976
0.01077179948
0.01077163387
0.01077128559
0.0107717807
0.01114022696
0.01499561551
0.9860115096
0.9930369791
0.9923077591
0.9865046697
0.01773969805
0.01210442532
0.01077351507
0.01077426461
0.01077374911
0.01077291281
0.01077161895
0.01077051836
0.01077014353
0.01200178709
0.0179802902
0.9877532529
0.9934965365
0.9951747305
0.9955072489
0.9956509003
0.9956282236
0.9955337072
0.9955255829
0.9946274616
0.9914024626
0.02125826084
0.01241339436
0.01089662876
0.01090542378
0.01088654473
0.01086572383
0.01084763714
0.01082923577
0.01081508532
0.01080225252
0.01079180259
0.01078252495
0.01372104534
0.9829014744
0.9759346113
0.02129266353
0.01076510534
0.01076628115
0.01076698945
0.01076763009
0.01076828707
0.01076888548
0.01076937351
0.01077019725
0.01077134446
0.01077165153
0.01077096835
0.01077303162
0.0108122038
0.01234509128
0.01689802193
0.9822389715
0.9908467224
0.9852836109
0.02554586569
0.06179943625
0.9907554636
0.9923965099
0.9880491062
0.9557782895
0.02397893825
0.02842384454
0.9791336218
0.9871058046
0.9943711138
0.9943534986
0.9931898984
0.993685031
0.9928352024
0.9929734773
0.9944853753
0.9959961455
0.9952211042
0.9909603968
0.9696680069
0.01391084464
0.01077685305
0.0107735406
0.01077250326
0.01077239602
0.01077180077
0.01129988278
0.02388571974
0.9849997254
0.01618973153
0.01078080265
0.01077721037
0.01169453155
0.0197914366
0.9535446471
0.9739387357
0.9886009538
0.9938576053
0.9945672656
0.9945822609
0.9953043273
0.9945548964
0.9794793323
0.01279049777
0.01077833209
0.01077804178
0.01077613091
0.01077536046
0.01077454113
0.01077372768
0.01077306155
0.01077252407
0.01077205681
0.01077168572
0.01077151438
0.01077140877
0.0107710523
0.01076989518
0.01077406014
0.01345893743
0.9215916387
0.9905824685
0.992744683
0.989043227
0.0217324324
0.01231253981
0.01077284371
0.01077348679
0.01077364972
0.01077340547
0.01077283654
0.01077205079
0.01077121178
0.01077054721
0.01077002556
0.01076979689
0.01192593415
0.01791949929
0.9891106788
0.994274449
0.9956083943
0.9955368031
0.9952812873
0.9952412371
0.9953577347
0.9954741449
0.9945437184
0.9909711496
0.02036699879
0.01240370669
0.01084368595
0.01085063777
0.01084924019
0.01083130566
0.01081786227
0.01080485088
0.01079155639
0.01078188793
0.01458518353
0.9881863168
0.9822794446
0.02129261632
0.01076501232
0.01076606353
0.01076673578
0.01076741878
0.01076808357
0.01076866816
0.01076918063
0.01076983646
0.01077065959
0.010771179
0.01077113497
0.01077142252
0.01077204833
0.0107717636
0.01077084718
0.01193768085
0.02282629132
0.9935810969
0.9903650632
0.01387171967
0.01264536026
0.02248677709
0.9889037979
0.9890062539
0.9891737326
0.02261437132
0.01405657385
0.01285942691
0.01649708987
0.02818960737
0.9768925832
0.9894284345
0.9914461875
0.9906184366
0.99354167
0.9953712541
0.9954164793
0.993918441
0.9926386044
0.9919983508
0.02545536105
0.01223314471
0.01077153804
0.01077156705
0.01077130971
0.0121240746
0.9491259752
0.9567477626
0.01231121443
0.0107740227
0.01078295562
0.01380423678
0.9621840922
0.976490834
0.8803568968
0.01549793808
0.02217511218
0.9906893518
0.9935135012
0.9947565471
0.9949820421
0.9942326101
0.9905948813
0.01768253411
0.01078818896
0.01077688576
0.01077594504
0.0107746575
0.0107736761
0.01077309059
0.01077263399
0.01077208773
0.01077151178
0.01077124677
0.01077132248
0.01077125742
0.01076911287
0.01197473196
0.02595358856
0.9917352043
0.9923619265
0.9900080433
0.6518097097
0.01311388708
0.01077417984
0.01077244953
0.01077271847
0.01077287227
0.01077276416
0.01077248446
0.01077198604
0.01077138906
0.01077083375
0.01077040716
0.01077010631
0.01076988521
0.01076994048
0.01202635181
0.01956958679
0.991554976
0.9952127062
0.9952707333
0.9948494357
0.9949577562
0.9950496356
0.9951263453
0.9951760438
0.994051511
0.9904151492
0.02407859121
0.0134612135
0.01153233449
0.01081475264
0.01080739602
0.01080465497
0.01079879709
0.01078259725
0.01628558811
0.9911693366
0.9864745202
0.02129261629
0.01076498326
0.01076595155
0.0107665517
0.01076720125
0.01076784908
0.01076844257
0.01076899129
0.01076960023
0.01077026097
0.01077074802
0.01077096627
0.01077130789
0.01077189404
0.01077231126
0.01077236241
0.01077281396
0.01077671154
0.01763036757
0.9933590095
0.9915345481
0.01406831539
0.01077768156
0.01328142408
0.911694391
0.9898945169
0.9932471246
0.9885420794
0.01665579571
0.01172151173
0.01078104372
0.0115629466
0.01318236362
0.01891056872
0.9744975529
0.9871834972
0.9936095329
0.9944910926
0.9933507503
0.9925464228
0.9938076663
0.9940283291
0.9881644617
0.01714113099
0.0118895483
0.01077689483
0.01507460339
0.9867068731
0.02753625437
0.01140111354
0.01077537642
0.01220766354
0.05090158843
0.9932790652
0.9811406528
0.01506753393
0.01171487429
0.01077371539
0.01329871437
0.976659742
0.9941546531
0.995290958
0.995196572
0.9956149262
0.9957750916
0.05092495046
0.01209221492
0.01077486742
0.01077449721
0.01077342666
0.01077309994
0.01077288538
0.01077228464
0.01077136718
0.01077074708
0.01077061352
0.01077149517
0.01109950731
0.01467360498
0.9867298041
0.994419902
0.9927105499
0.9750487823
0.01426659363
0.01116699913
0.01077186435
0.01077143911
0.01077174253
0.0107720389
0.01077214879
0.01077204973
0.0107717568
0.01077134393
0.0107709118
0.01077053568
0.01077026221
0.01077013362
0.01077013264
0.01077019098
0.0107706928
0.01237767064
0.0261567872
0.9918706582
0.9931611834
0.9939895214
0.9943112966
0.9944878065
0.9945196385
0.9944371739
0.9943684719
0.9936631891
0.9900038073
0.9629334294
0.0213222084
0.01501628198
0.01234927668
0.01185423319
0.01156778402
0.01746414428
0.9932831437
0.9893671121
0.02129262559
0.01076497561
0.01076589199
0.01076642726
0.0107670282
0.01076764882
0.01076824782
0.01076882507
0.01076942503
0.01077003064
0.01077053493
0.01077091948
0.01077137571
0.01077194863
0.01077243663
0.01077271576
0.01077305992
0.01077403557
0.01077498251
0.01605953097
0.9931597445
0.9917689969
0.01429252549
0.01077590804
0.01124579508
0.01458567368
0.9806646446
0.9919643068
0.991536739
0.981769654
0.01592052263
0.01178543977
0.01077634525
0.0119217274
0.02149978832
0.9814416205
0.9857778004
0.9894156225
0.990292646
0.9913962004
0.9921514989
0.9929635999
0.993226458
0.9908705897
0.9813908368
0.01867267151
0.02157486123
0.9820994104
0.01928354981
0.01078555812
0.01113269538
0.01461781693
0.9829371304
0.9933678603
0.04533727776
0.01249069401
0.01077293168
0.01077315242
0.01077110472
0.01156383722
0.02180265236
0.9923130844
0.9944092917
0.9954276745
0.9963165929
0.9961638797
0.9902871647
0.0149100754
0.01077643872
0.01077301025
0.01077302844
0.01077343481
0.01077298771
0.01077174915
0.01077083703
0.01077061517
0.01078114813
0.01418719333
0.953920174
0.9922720172
0.9948585932
0.9905632208
0.01662266635
0.01140721198
0.01077025172
0.01077198935
0.01077160497
0.0107715622
0.01077169988
0.01077177764
0.01077172246
0.01077152153
0.01077121914
0.01077087854
0.01077055589
0.01077029269
0.01077011802
0.01077003269
0.0107700315
0.01077003392
0.01076999891
0.01077222268
0.01318161748
0.9313343719
0.9893192262
0.9929718668
0.9936546037
0.9938138358
0.9935006888
0.9928118908
0.9923470866
0.9922847005
0.9898905196
0.9904761103
0.9895878138
0.9568296641
0.9371147856
0.02174670372
0.9203334396
0.9921456858
0.9912623269
0.02129263527
0.01076497574
0.01076586055
0.01076634668
0.01076690466
0.01076749902
0.01076809826
0.01076869482
0.01076930201
0.01076990289
0.01077044735
0.01077094033
0.01077147525
0.01077205928
0.01077258454
0.01077299835
0.01077343927
0.01077413852
0.01077472475
0.01077395179
0.01565213394
0.9929291865
0.9920339273
0.01454291472
0.01077525641
0.01077346899
0.01166833536
0.01671684981
0.9848324904
0.9917244018
0.9908164801
0.9781858809
0.01749900897
0.01542701294
0.9782223699
0.9904162567
0.9834371425
0.01709600239
0.01662329821
0.9756851658
0.9908684672
0.9923304562
0.9918969288
0.991510448
0.990932487
0.9902831374
0.9879008834
0.9685317837
0.01430110059
0.01077661395
0.01269716042
0.6897281805
0.9880289848
0.9576558946
0.01355891952
0.01077976516
0.01077227583
0.01077215527
0.01077137205
0.0107702351
0.01077145865
0.01351137574
0.978491958
0.9942837719
0.9957122061
0.9960220401
0.9958021909
0.9944175439
0.02935710312
0.01215158815
0.01077147264
0.01077370899
0.01077446028
0.01077276772
0.01077148593
0.01077137937
0.01260610413
0.04007042292
0.9932691101
0.992944012
0.9932805214
0.04025434889
0.01255880405
0.01077034174
0.01077133504
0.01077215458
0.01077194183
0.01077169319
0.01077160807
0.0107715707
0.01077148569
0.0107713162
0.01077107513
0.01077079797
0.01077052217
0.01077027907
0.01077008998
0.01076995741
0.01076987253
0.01076980856
0.01076977967
0.01076980727
0.01076917898
0.01123375107
0.01457270208
0.9750249157
0.9908316852
0.9935296775
0.9932887883
0.9918063723
0.9897968359
0.988225007
0.9864401029
0.9846133797
0.9856246296
0.9763789245
0.9436208121
0.9688836659
0.9748878084
0.9899520038
0.9895235287
0.02129264391
0.0107649792
0.01076584564
0.01076629721
0.01076682283
0.01076739645
0.01076799373
0.0107686031
0.01076922295
0.01076983825
0.01077042466
0.0107709905
0.01077158013
0.01077218831
0.0107727567
0.01077326263
0.01077376897
0.01077433359
0.01077469921
0.01077440093
0.01077320181
0.015312856
0.9926952008
0.9922875152
0.01481450026
0.01077525613
0.01077612285
0.01077359591
0.0118946743
0.01747367901
0.9872353477
0.9905222834
0.9886360516
0.9883312785
0.9848340223
0.9911587537
0.03014282907
0.01247231451
0.01077415552
0.01172094576
0.01747752797
0.9850665535
0.9899289889
0.9902497221
0.9886535276
0.9895729556
0.9910045812
0.9845645747
0.962147768
0.01703602854
0.01842470739
0.9836208538
0.986832648
0.01984578596
0.0113928594
0.01077195807
0.01077171841
0.01077142828
0.0107708783
0.01077021104
0.01077013774
0.01076955104
0.01151461535
0.0210239162
0.9926911121
0.9952429823
0.9958930089
0.9959907196
0.9952014995
0.9885061817
0.01606049649
0.01140362843
0.01077575164
0.01077578772
0.01077220436
0.01170897957
0.01694590437
0.9904846239
0.9948291781
0.9922645113
0.9539032415
0.01419531871
0.01078104619
0.01077104423
0.01077120787
0.01077174329
0.01077170914
0.01077159041
0.01077148445
0.01077139979
0.01077129492
0.01077114086
0.01077093902
0.01077070911
0.01077047669
0.01077026595
0.01077009593
0.01076997608
0.01076991154
0.01076990522
0.0107699823
0.01077014811
0.0107700503
0.0107694865
0.01076923832
0.01158159844
0.01595774347
0.9857004854
0.9935290457
0.9930615315
0.9888382247
0.984440259
0.9807982058
0.9774595296
0.9729022458
0.9619082701
0.9114394574
0.9278344958
0.9774922669
0.9876327678
0.9856968655
0.02129265168
0.0107649843
0.01076584109
0.01076626959
0.01076677318
0.01076733254
0.01076792798
0.01076854607
0.0107691783
0.01076981115
0.01077043102
0.01077104366
0.01077166884
0.01077229837
0.01077289888
0.01077345442
0.01077397707
0.01077444579
0.01077467566
0.01077442372
0.01077373508
0.01077237066
0.01500423747
0.9924531595
0.9925332061
0.01511464481
0.0107768448
0.01077816815
0.01077680698
0.01077680437
0.01228645685
0.02736533013
0.9883005922
0.9928968377
0.9918700521
0.9686908698
0.01562311102
0.01078330897
0.01077658509
0.01077388147
0.01077191454
0.012610236
0.8987104595
0.9892154485
0.9891483103
0.9881053221
0.9898825904
0.9880401622
0.9854099636
0.9861283392
0.9804999397
0.9859147322
0.8311133246
0.01291222794
0.01077191828
0.01077230232
0.0107719796
0.01077139968
0.01077084009
0.01077036372
0.01077022974
0.01077002087
0.01076952683
0.01077105869
0.0136877486
0.9855049564
0.9954057103
0.9959157305
0.9951008821
0.994226258
0.9908829279
0.9664441362
0.01427170597
0.01079284259
0.01156008831
0.01509238688
0.9765556718
0.9922462217
0.994313643
0.9866824601
0.01466679463
0.01109946546
0.01077108315
0.01077027834
0.01077060657
0.01077113383
0.01077132804
0.01077136309
0.01077132426
0.01077124851
0.01077114202
0.01077099926
0.01077082375
0.010770629
0.01077043385
0.0107702576
0.01077011773
0.01077002657
0.0107699949
0.01077003064
0.0107701459
0.01077031278
0.01077034638
0.010770189
0.01077040444
0.01077091415
0.01077116969
0.01197452671
0.02283255629
0.9920778251
0.9897113733
0.982584502
0.9786273398
0.9782663401
0.9778440418
0.9759466735
0.9724210416
0.9705244228
0.9765661123
0.9841324915
0.9737778137
0.02129265874
0.01076499009
0.01076584311
0.01076625725
0.01076674758
0.0107672988
0.0107678937
0.01076851776
0.01076915925
0.01076980507
0.01077044533
0.01077108256
0.01077172434
0.01077236258
0.01077297647
0.0107735493
0.01077406134
0.01077445909
0.01077460549
0.01077436608
0.01077375331
0.01077283601
0.01077151946
0.01472062399
0.9921998375
0.9927669186
0.01549883487
0.01077810295
0.01077787665
0.01077637108
0.01231299425
0.02192660538
0.9885395915
0.9915535712
0.9917412879
0.9704825545
0.01311549265
0.01077657501
0.01077579243
0.01077435837
0.01077364465
0.01077297838
0.01137642869
0.01771362703
0.9875762668
0.9882556863
0.9899731884
0.9900480159
0.9900786736
0.9912399437
0.9873050954
0.9693312888
0.0154393255
0.01120624366
0.01077151245
0.01077201475
0.01077183174
0.0107713867
0.01077088915
0.01077048459
0.01077027717
0.01077005786
0.01076984271
0.01077033447
0.01077015834
0.01173551893
0.0293431264
0.9949520872
0.9948717246
0.9936509091
0.9925916441
0.9917099894
0.9923631127
0.04555100619
0.01750247764
0.9440380569
0.9841850065
0.9908298261
0.9914835446
0.02651091158
0.01197781199
0.01076961938
0.01077156364
0.0107710737
0.01077091737
0.01077107296
0.01077118242
0.01077122292
0.01077119949
0.01077112961
0.01077102412
0.0107708884
0.01077072975
0.01077055945
0.01077039266
0.01077024482
0.01077013151
0.01077006396
0.01077005294
0.01077010113
0.01077020888
0.01077033704
0.01077039603
0.01077037813
0.01077059908
0.01077109966
0.01077191092
0.01077276377
0.01077528044
0.01541375148
0.9846289195
0.9832191262
0.9805394515
0.9836212007
0.9856362056
0.986793992
0.9872374882
0.9863405131
0.9832624993
0.984048847
0.9495563552
0.02129266505
0.01076499585
0.01076584909
0.01076625566
0.01076674014
0.01076728875
0.01076788488
0.010768513
0.01076915949
0.01076981042
0.01077045639
0.01077109797
0.01077173702
0.01077236686
0.01077297461
0.0107735437
0.01077403568
0.01077438766
0.01077449037
0.01077426079
0.0107736909
0.01077285879
0.01077195077
0.01077085127
0.01448136524
0.9919292894
0.9929379372
0.01675798287
0.01077829921
0.01193907894
0.01742826964
0.9862120696
0.9900324603
0.9882813592
0.9861433572
0.9790294683
0.8970806781
0.01155129485
0.01077580097
0.01077455285
0.01077357213
0.01077304706
0.01077389678
0.01234613671
0.02273838696
0.9849488215
0.9893539184
0.9914104763
0.9927521433
0.9935794729
0.9917618202
0.9639146696
0.0126756217
0.01077151908
0.01077238659
0.0107724108
0.01077194292
0.0107714642
0.01077099463
0.01077061756
0.0107703918
0.01077023176
0.01077019562
0.01077057001
0.01077084827
0.01077092589
0.0107759749
0.01664381432
0.9906138529
0.9921612573
0.9901842401
0.9896021455
0.9925883237
0.9946823593
0.9933136579
0.9891801099
0.9881468354
0.988918372
0.9504513372
0.0137355398
0.01077469284
0.01077060594
0.01077145306
0.01077133217
0.01077115721
0.01077111792
0.01077112495
0.01077112944
0.01077109991
0.01077103113
0.01077092814
0.01077079796
0.01077065021
0.01077049553
0.01077034767
0.01077021896
0.01077012382
0.0107700704
0.01077006918
0.01077011551
0.01077020619
0.01077029577
0.01077035179
0.01077035144
0.01077051116
0.01077083853
0.01077164629
0.01077247903
0.01077338093
0.01077334966
0.01522566627
0.9733890239
0.9828508805
0.9875589476
0.9896976553
0.9910366068
0.9917526241
0.9911743544
0.9855313568
0.9813931666
0.06077874101
0.02129267038
0.01076500092
0.01076585725
0.010766262
0.0107667472
0.01076729833
0.01076789771
0.01076852862
0.01076917601
0.01076982338
0.01077046024
0.0107710875
0.01077170464
0.01077230727
0.01077289039
0.01077344157
0.0107739099
0.01077423856
0.01077433372
0.01077413163
0.01077357037
0.01077274442
0.01077199463
0.01077143339
0.01077047511
0.01452347137
0.9912236583
0.9925005454
0.02076563161
0.01778797271
0.9832955703
0.9905011168
0.9886204677
0.9716498867
0.01782645283
0.01969842914
0.9874344686
0.01810663523
0.01077468367
0.0107746356
0.0107725946
0.0107706187
0.01167504864
0.01549926593
0.972198416
0.9793369449
0.9842807034
0.988905498
0.9919301074
0.9928664279
0.9913227438
0.9845967933
0.01515273745
0.01077074641
0.01077178002
0.0107720648
0.01077179317
0.01077140295
0.0107710106
0.01077068505
0.01077047931
0.01077036458
0.01077038678
0.01077060189
0.01077074385
0.01077087445
0.01077157435
0.01077206865
0.01360089291
0.9807063081
0.9859000426
0.9844277677
0.9897066072
0.9941639829
0.9957697982
0.9950989966
0.9907638587
0.9849852252
0.01856708405
0.01138197852
0.01077178339
0.01077070607
0.01077105845
0.01077112742
0.01077112725
0.01077110622
0.01077108632
0.01077106682
0.01077102612
0.01077095364
0.01077085036
0.01077072217
0.01077057957
0.01077043228
0.01077029437
0.01077017508
0.01077008988
0.01077004309
0.01077004861
0.01077009292
0.01077018402
0.01077025855
0.01077033368
0.01077033976
0.01077046003
0.01077054479
0.01077135532
0.01077190715
0.01077162893
0.01167069027
0.01482305263
0.9345176558
0.9816837641
0.9884692274
0.9906243491
0.9919601822
0.9927473693
0.9923984324
0.9871737032
0.9664255294
0.04008645461
0.02129267446
0.01076500485
0.01076586667
0.01076627505
0.01076676729
0.01076732586
0.0107679306
0.01076856375
0.01076920921
0.01076984509
0.01077045864
0.01077105459
0.01077163118
0.01077218737
0.0107727288
0.01077325097
0.01077368538
0.01077400047
0.01077411804
0.0107739971
0.01077343887
0.01077248383
0.01077176349
0.01077158094
0.01077107026
0.01077033214
0.0155223276
0.9870584038
0.9902736558
0.9880070489
0.9908698306
0.9898588147
0.9742803093
0.01501677649
0.01189078634
0.01133935338
0.9275743424
0.9813518605
0.0128774565
0.01077382625
0.01077238329
0.01165258936
0.0149564968
0.9581367441
0.9770594917
0.9751084145
0.9676641325
0.9792640872
0.9849198267
0.9880063545
0.9871615013
0.9863627469
0.9649521156
0.01174260919
0.0107710219
0.01077153871
0.01077150058
0.0107712634
0.01077096247
0.01077069221
0.01077053191
0.01077047819
0.01077056854
0.01077074616
0.0107709607
0.01077154929
0.01077231122
0.01077304324
0.01077377325
0.01319174685
0.9755072629
0.9850920574
0.9905841849
0.9946636086
0.9964274957
0.9965536887
0.9942781397
0.9753510209
0.0134603822
0.0107730602
0.01077266051
0.0107715218
0.0107712072
0.01077110513
0.01077109472
0.01077108687
0.01077106508
0.01077103234
0.01077097947
0.01077089837
0.0107707898
0.01077065792
0.01077051417
0.01077036593
0.01077022967
0.01077011038
0.01077002861
0.01076998208
0.0107699995
0.01077004824
0.01077016943
0.01077027475
0.01077043512
0.01077047794
0.010770844
0.01077067216
0.01077157405
0.0107713728
0.01168880807
0.01464087736
0.9002875361
0.9668796609
0.9768806883
0.9857670881
0.9886193479
0.9903268786
0.9915403178
0.9916016409
0.9890632606
0.9811372395
0.04001594499
0.02129267704
0.01076500752
0.01076587746
0.01076629528
0.01076680108
0.01076737178
0.0107679836
0.01076861909
0.01076926238
0.01076988086
0.01077045809
0.01077100818
0.01077152615
0.01077201613
0.01077250227
0.01077299037
0.01077336442
0.01077364613
0.01077378958
0.01077383436
0.01077337616
0.01077225061
0.01077139242
0.01077155971
0.01077106295
0.0118114895
0.01515338329
0.9742017076
0.9924972599
0.9938031009
0.9922189361
0.9825548341
0.01575860825
0.01161116588
0.01077196045
0.01077140838
0.01227699535
0.9733634018
0.9653915018
0.01166657564
0.01218015301
0.01628223053
0.9740894726
0.9864089266
0.986447627
0.9844681201
0.9805309527
0.9827666254
0.9799092941
0.9355674796
0.9774704927
0.9840214646
0.9838125305
0.01494430833
0.01076974722
0.01077092334
0.01077115926
0.01077109442
0.01077088711
0.01077065301
0.01077053251
0.01077054762
0.01077074672
0.01077086253
0.010771011
0.01077196664
0.01077307793
0.0107739636
0.01077935693
0.01306255426
0.02328629097
0.9868852601
0.9911696493
0.9941792035
0.9960714487
0.9964532018
0.9949888299
0.9893716339
0.01613724371
0.01077182596
0.0107719416
0.01077134738
0.01077114333
0.01077104011
0.01077103705
0.01077104816
0.01077104164
0.01077101075
0.01077095189
0.01077086142
0.01077074407
0.01077060261
0.01077045159
0.01077029366
0.0107701516
0.01077002119
0.01076993906
0.01076988401
0.01076991875
0.0107699842
0.01077016507
0.01077030893
0.01077073962
0.01077078491
0.01077163346
0.01077200683
0.01078146917
0.01254280629
0.0165646938
0.9602380324
0.9758365967
0.9743874847
0.9689907964
0.978545846
0.9823004414
0.9839277241
0.9862149926
0.9874156818
0.98645572
0.9865941908
0.07386123852
0.02129267785
0.01076500931
0.01076589128
0.01076632521
0.01076685158
0.01076743831
0.0107680574
0.01076869548
0.01076934039
0.01076993873
0.01077046904
0.01077096386
0.01077140499
0.01077180611
0.01077222822
0.01077269724
0.01077297006
0.01077315257
0.01077323785
0.01077351353
0.01077321087
0.01077216347
0.01077162886
0.01077361338
0.01221063465
0.01657505729
0.9672966462
0.9824481296
0.9921961569
0.9939403799
0.9913099538
0.01997630798
0.01203056114
0.01077240601
0.01077219911
0.01077138063
0.01077053183
0.01621825168
0.9851701759
0.02564407607
0.02499396732
0.9874720306
0.9908750713
0.99216773
0.9903000201
0.9890014645
0.9856195885
0.9064687816
0.01893409252
0.01442815094
0.8737017147
0.9861796029
0.9889219374
0.9588574988
0.01152859171
0.0107706024
0.01077103995
0.01077104525
0.01077087153
0.0107706085
0.01077046336
0.01077046888
0.01077081036
0.01077077665
0.01077024964
0.01077068447
0.01077054208
0.01117890704
0.0134159982
0.02586858075
0.9881907508
0.9886668809
0.9906716447
0.9919590321
0.9941803962
0.9949191875
0.9938089327
0.9920976604
0.9864213305
0.01232402378
0.01077156411
0.01077109899
0.01077104281
0.01077099764
0.01077100669
0.01077102599
0.0107710302
0.0107710035
0.01077094137
0.01077084046
0.01077071166
0.01077055461
0.01077039123
0.01077021258
0.01077005933
0.01076990182
0.01076981113
0.01076973662
0.01076978142
0.01076981054
0.01077010619
0.01077003744
0.01077049943
0.01077038527
0.01077217645
0.01143619238
0.01460773363
0.03764427519
0.9887702644
0.987947051
0.9849199653
0.9764686862
0.9714464238
0.9735466972
0.9731975966
0.9669856011
0.9671882803
0.9757017815
0.9815100563
0.9863931354
0.9695186002
0.02129267665
0.0107650115
0.01076591211
0.01076637017
0.01076692465
0.01076752908
0.01076815192
0.01076879205
0.01076944792
0.01077002534
0.01077050255
0.01077094787
0.01077129275
0.01077157069
0.01077192297
0.01077241815
0.01077254645
0.01077253149
0.01077226046
0.01077253859
0.01077201529
0.01077044315
0.01116807726
0.01319058665
0.02212573462
0.9863898893
0.9880353621
0.9864976205
0.9876803375
0.987164204
0.9829215258
0.01613600372
0.01077287008
0.01077343515
0.01077270395
0.01077391518
0.0115811048
0.01361946041
0.9650412059
0.9878041919
0.992497851
0.993622558
0.9938879444
0.993069777
0.9899171608
0.9713456229
0.02059624312
0.01349903262
0.01149340127
0.01077565724
0.01344181143
0.9886631064
0.9921648578
0.9882616405
0.01518179676
0.01077035969
0.0107711661
0.01077118928
0.01077099031
0.01077064718
0.01077042867
0.01077027456
0.01077076803
0.01077086128
0.01077011305
0.0107714411
0.01170856191
0.01451067323
0.7664492877
0.9899424072
0.9914527108
0.9897863663
0.989683459
0.9914236596
0.992710084
0.9922648385
0.9896311641
0.9918905197
0.9932895928
0.02371397398
0.01077297835
0.01077088471
0.01077095186
0.01077093313
0.0107709703
0.01077100611
0.01077102645
0.01077100773
0.01077094522
0.01077083273
0.01077069199
0.0107705122
0.01077033537
0.01077012186
0.0107699504
0.0107697497
0.01076963999
0.01076948944
0.01076960825
0.0107694148
0.01076969886
0.01076948017
0.01077049323
0.01129451801
0.0132723603
0.02159905342
0.9770250889
0.9931140921
0.9938955682
0.9918637897
0.9874827651
0.982391288
0.9794369498
0.9764243465
0.9706302775
0.9390927211
0.9178593392
0.8849523117
0.9765773113
0.9885631537
0.9802410658
0.0212926738
0.01076501695
0.01076594721
0.01076643927
0.01076703063
0.0107676488
0.01076826348
0.01076890424
0.01076959003
0.0107701388
0.01077055662
0.01077100075
0.01077124713
0.01077133578
0.01077161471
0.01077226947
0.01077219621
0.01077214776
0.0107713832
0.0107717004
0.01077070393
0.01145311308
0.01417807283
0.5923465262
0.989990732
0.9927585903
0.9910285513
0.9847251034
0.9761858675
0.02151137871
0.9548053882
0.9608810504
0.01189710669
0.01077745166
0.01154686933
0.01380273483
0.02164283553
0.9666400224
0.9825968798
0.991793559
0.9939520429
0.9941595653
0.9929237545
0.9905498236
0.5682283105
0.01463191117
0.01165424386
0.01077532828
0.01077406197
0.01077363934
0.01077255856
0.02016262154
0.9926229364
0.9928355949
0.98303944
0.01188827376
0.01077149295
0.01077162674
0.01077131646
0.01077079494
0.0107706038
0.01077002039
0.01077030493
0.01076946166
0.01114539051
0.01292888769
0.02069968159
0.9820277111
0.9895649272
0.992127423
0.9919421778
0.9901540884
0.9892051245
0.98921112
0.9887204927
0.03170974371
0.02079831855
0.9918720699
0.9945428935
0.9918076864
0.01372958063
0.01077025475
0.01077068554
0.01077072204
0.01077086111
0.01077095723
0.01077102042
0.0107710212
0.01077096374
0.01077083584
0.010770687
0.01077047652
0.01077028615
0.01077002575
0.01076983655
0.01076952761
0.01076946701
0.01076909019
0.01076919562
0.01076893965
0.01076978739
0.0112570752
0.0129687845
0.0195206196
0.9652903922
0.9911586955
0.9937496995
0.9938848903
0.9938444332
0.9917035788
0.9899649952
0.9904735038
0.9884635147
0.9848525036
0.980691416
0.9654298022
0.9690807904
0.9206687682
0.9366078416
0.9891977534
0.9860142158
0.02129267306
0.01076503249
0.01076600835
0.01076654517
0.01076718782
0.01076780555
0.01076837939
0.01076901788
0.01076978056
0.01077026646
0.01077058593
0.01077114569
0.0107713769
0.01077121419
0.01077130599
0.010772431
0.01077207323
0.01077219916
0.01077192869
0.01077916949
0.01249300829
0.01651061462
0.9606095724
0.9888009075
0.9925042702
0.9922687964
0.9853373254
0.7160380044
0.01496141313
0.0121653901
0.01510842726
0.9735912019
0.01705449574
0.01545182095
0.02888503403
0.9785591762
0.9907719731
0.9920406104
0.9917632052
0.9939264482
0.9941582713
0.9923352371
0.9869604981
0.0220144504
0.01321942189
0.01117851406
0.0107735911
0.0107734764
0.01077357666
0.01077303244
0.01077095382
0.01188178057
0.9829223325
0.9928148543
0.992665202
0.02024038536
0.01077270142
0.01077242942
0.01077206525
0.0107711468
0.01077123171
0.01077096611
0.01077566157
0.01204207
0.01507191727
0.8490453329
0.9893985165
0.9932078372
0.9933891028
0.9936404106
0.9918030584
0.9897196755
0.9852763359
0.8750274148
0.01635070973
0.01266399686
0.01078645647
0.02145469078
0.9936814646
0.9939158125
0.980990323
0.01161920304
0.01076993326
0.01077028559
0.01077068962
0.01077089625
0.01077102954
0.01077105395
0.01077100476
0.01077085105
0.0107706957
0.01077045107
0.01077026653
0.01076989122
0.01076978151
0.01076923374
0.01076910846
0.01076868965
0.01076938082
0.01123854885
0.01285135748
0.01888038797
0.9589272679
0.9903253468
0.993448663
0.9938243079
0.9947725333
0.994451901
0.9938441378
0.9927230566
0.9913601318
0.9929007399
0.99395373
0.9865458966
0.9719032516
0.7756921473
0.9106709256
0.02234708456
0.9209104813
0.9869212658
0.9861011751
0.02129269101
0.0107650759
0.01076611497
0.01076669861
0.01076742411
0.01076802292
0.0107684803
0.01076908777
0.0107700447
0.01077041336
0.01077048191
0.01077128712
0.01077165905
0.01077140881
0.01077116644
0.01077233287
0.01077125093
0.01077302046
0.01144484837
0.01430300784
0.03271400713
0.9884349836
0.9890296172
0.9904096723
0.9892315199
0.9825364068
0.01781052602
0.01374423768
0.01305948856
0.0140563529
0.02127040463
0.9849661471
0.9826104986
0.9812864613
0.9934904894
0.9941422033
0.9931305915
0.9934220424
0.992104303
0.9936699869
0.9928254543
0.963326968
0.01551774996
0.01202280845
0.01077522324
0.01077380606
0.01077386026
0.01077330113
0.01077293641
0.01077232546
0.01077070723
0.01076918452
0.01516780203
0.9880162825
0.9920988851
0.9879281625
0.01324500776
0.01077196174
0.01077253864
0.01077114764
0.0107711761
0.01134394228
0.01398238175
0.02973356577
0.9882713581
0.9913251099
0.9930570626
0.9946772869
0.9936011462
0.9931124502
0.9896833734
0.9179093856
0.01784932693
0.012873811
0.01127309341
0.01077581736
0.01077555214
0.01156525503
0.979187986
0.9938904104
0.9939174878
0.02117775808
0.01077114186
0.01077031267
0.01077077869
0.01077094479
0.01077110987
0.01077112854
0.01077107269
0.01077087787
0.01077073505
0.01077038836
0.01077035225
0.01076976394
0.01076960877
0.01076903476
0.01076961222
0.01124083215
0.01278988796
0.0185250672
0.9543159736
0.9899092269
0.9933330537
0.9938763836
0.9949894298
0.9948990457
0.9953375901
0.9944278202
0.9932869495
0.9918676258
0.9861741424
0.9662275479
0.03326031322
0.01943591935
0.01362920854
0.01267295244
0.01194499767
0.01171903671
0.01790143289
0.9888746642
0.9828451183
0.02129278805
0.01076519135
0.01076630641
0.01076689656
0.01076775988
0.01076834567
0.01076860079
0.01076903624
0.01077032451
0.0107705696
0.01077020687
0.01077106748
0.01077124803
0.01077138783
0.01077331321
0.01080103206
0.01167633506
0.01386461057
0.02226982834
0.9684932074
0.9913650983
0.9923134641
0.9889941698
0.9836964388
0.9630564545
0.01751878332
0.01685177882
0.02128344533
0.8800969881
0.9573695899
0.9899887908
0.9929766347
0.9931934589
0.9925932267
0.9936815432
0.9937885006
0.9922538524
0.99176844
0.9878485025
0.9751029844
0.02702870621
0.01399761776
0.01120341642
0.01077549812
0.01077482744
0.01077425542
0.0107738816
0.01077295282
0.01077264292
0.01077214913
0.01077088482
0.01076974462
0.01157363696
0.95790913
0.988341713
0.9873391243
0.9734525655
0.01194954987
0.01077318934
0.01123722503
0.01275946457
0.01883982762
0.9667965276
0.992412491
0.994569992
0.9944984123
0.9946828843
0.9950056029
0.9934953459
0.976774769
0.02083010669
0.01306064896
0.01129591146
0.01077431617
0.01077613286
0.01077704302
0.01077507026
0.01077128234
0.01349698481
0.9915182149
0.9949744056
0.9915328202
0.01350146435
0.01077000288
0.01077084582
0.01077094727
0.01077120507
0.01077122465
0.01077117076
0.01077084819
0.01077086441
0.01077032026
0.01077029906
0.01076976916
0.01077089269
0.01132668316
0.01293494201
0.01871917156
0.9520389461
0.9895798017
0.993220908
0.9938605242
0.9950552998
0.9951214399
0.9957001111
0.9952678759
0.9955351357
0.9947633768
0.9823460489
0.7450261735
0.017365662
0.01268383703
0.0115071646
0.01079634742
0.01078856964
0.01078410419
0.01078147541
0.01077872071
0.01617293778
0.9917402677
0.9853515902
0.02129322969
0.01076547562
0.01076666359
0.01076713224
0.01076814805
0.01076872184
0.01076882956
0.01076906953
0.01077017613
0.01076966779
0.0107696962
0.01077306917
0.01122486371
0.01165856727
0.01322598415
0.02101275466
0.07085749877
0.9839581003
0.9917533821
0.9925936713
0.9906749891
0.9887443565
0.9709887782
0.9663561319
0.03718871496
0.9562943898
0.9734210776
0.9914695148
0.9915943904
0.9898858366
0.9907206982
0.9930140607
0.9939846443
0.9943804188
0.9944465341
0.9937015245
0.9762562316
0.79490128
0.01801729478
0.01313773483
0.01156974142
0.01078340217
0.01078209428
0.0107803193
0.01077723404
0.01077533604
0.01077410231
0.01077275921
0.01077249787
0.01077221719
0.01077113106
0.0107703412
0.01077058614
0.01573136496
0.9808602368
0.9814236842
0.9872161948
0.02412342801
0.01298065568
0.01649661812
0.8375884105
0.9883284513
0.9923478606
0.9931455033
0.9946212345
0.9932026843
0.9919518088
0.9904195398
0.04107096918
0.01470335635
0.01144143065
0.01077450612
0.01077486796
0.01077541182
0.0107764889
0.01077709105
0.0107750517
0.01077228717
0.01077175339
0.02112962085
0.9939072022
0.9938870411
0.9793770182
0.01157430052
0.01077066881
0.01077086439
0.0107713939
0.01077131524
0.01077136207
0.01077077068
0.01077076976
0.01077028524
0.01077192292
0.01140393882
0.01337688451
0.020892375
0.9632464612
0.989674053
0.9931080402
0.9937506045
0.9950162791
0.9951392358
0.9957566059
0.9953826503
0.9956305814
0.9946903233
0.9880830266
0.04683041067
0.01643890121
0.01178592691
0.01118294496
0.01079388999
0.01079651573
0.01079333429
0.0107925541
0.01078939344
0.01078425124
0.01077853055
0.01457203908
0.9889978667
0.9832524714
0.02129555796
0.01076624273
0.01076721235
0.01076749143
0.01076845316
0.01076847148
0.01076887244
0.01077135424
0.01081103771
0.01147391435
0.0122087377
0.01620742592
0.0258220454
0.9563674365
0.9800175924
0.9919112857
0.9959555321
0.9955503208
0.9941991407
0.9937419406
0.9913214378
0.9876582176
0.9796140772
0.972961789
0.9873023163
0.9900743019
0.9890763225
0.9905641956
0.9918544122
0.9921606212
0.9909780739
0.9899205533
0.9902887148
0.9900930553
0.9868131231
0.03577253986
0.01581762175
0.01180983272
0.0112000757
0.01078508048
0.01078776994
0.01078663157
0.01078533369
0.01078305941
0.01077965622
0.01077745048
0.01077612303
0.01077398927
0.0107723202
0.01077140627
0.01077091217
0.01077160841
0.0107747052
0.01306876065
0.9619785968
0.9767152069
0.9836229025
0.9838478331
0.9569024026
0.979428157
0.9890817469
0.9918249324
0.9934947573
0.9936018345
0.9938581807
0.9910519797
0.9294438689
0.01574612216
0.01234153097
0.0107849154
0.01077656134
0.01077592229
0.01077615821
0.01077659528
0.01077655041
0.01077641232
0.01077495488
0.01077326398
0.01077270187
0.01162026148
0.9808508045
0.9938526683
0.993759849
0.02151441443
0.01077313451
0.01077148096
0.01077218104
0.01077156146
0.01077131858
0.01077063679
0.01077230446
0.01142738838
0.01360368181
0.02254211931
0.973033922
0.9913287202
0.993430095
0.993506526
0.9948181881
0.9950266856
0.9957373923
0.9954183919
0.995692457
0.994783549
0.9881430047
0.04073906699
0.01539302235
0.01178057925
0.01081313398
0.01080684567
0.01081054551
0.01080573883
0.01080425978
0.01079856654
0.01079289253
0.01078808523
0.01078273016
0.01077668396
0.01372289772
0.9840914341
0.9780366678
0.02132829793
0.01076957834
0.01076759528
0.01076784844
0.01077330233
0.01125928799
0.01179392373
0.01368697668
0.02253397522
0.1001704457
0.9840393466
0.9897678611
0.9951384322
0.9953152865
0.9948112702
0.9952988176
0.99571902
0.9958276051
0.994850113
0.9939342828
0.9924984687
0.9907955234
0.9888980309
0.9886826853
0.9891329649
0.9913903735
0.989638321
0.9883185529
0.9874981145
0.9907079889
0.9910856175
0.9828189631
0.966142314
0.9723563906
0.01634745076
0.01188126093
0.01079007858
0.01078432383
0.01078835554
0.01078645072
0.01078518413
0.01078409378
0.01078209417
0.01078043432
0.01077873858
0.0107780933
0.01077917302
0.01078399177
0.0108025934
0.01139221739
0.01169174133
0.01272049791
0.01580637181
0.02214504232
0.9766839074
0.9853702658
0.9892107109
0.990412139
0.9889738931
0.9876510862
0.9900894078
0.9923452281
0.9921244289
0.9901177433
0.9865813097
0.02499097629
0.01339439868
0.01118001479
0.0107736452
0.01077526917
0.01077614158
0.01077624083
0.01077617167
0.01077646805
0.01077647287
0.01077614131
0.010775056
0.01077392658
0.01077477295
0.01077532927
0.01385027682
0.9916536813
0.9944230271
0.9923388127
0.01529917857
0.01077215506
0.01077298792
0.01077171555
0.01077305127
0.01143877637
0.01364425778
0.02287936179
0.9746330463
0.9918356164
0.9937156425
0.9938580573
0.9946588016
0.9945303374
0.9954438015
0.9953256035
0.9957193057
0.9948973733
0.988536946
0.04299397804
0.0154820365
0.01177309638
0.0108261241
0.01082469694
0.01082569655
0.01082317111
0.01082045319
0.01081227416
0.01080499722
0.01079827062
0.01079213275
0.01078678372
0.01078158927
0.01077585539
0.01315383878
0.9748040311
0.9689263612
0.02139558908
0.01083316061
0.01137898156
0.01224288159
0.01702576297
0.03367842506
0.9790828216
0.9883465036
0.9943289815
0.9968004494
0.9966807161
0.9961739968
0.9963947928
0.9966670201
0.9964246598
0.9963217932
0.9960785186
0.9956907682
0.9952683076
0.9947341728
0.9939080999
0.9930947671
0.9923507498
0.99196382
0.9915688711
0.9905640801
0.9885922519
0.9842400667
0.9714399708
0.9644844417
0.03836991718
0.0250850471
0.01929491431
0.01878502083
0.01701004829
0.01360473965
0.01391159783
0.0141107715
0.01431887748
0.01454282316
0.01478530513
0.01504989829
0.01533949062
0.01566591687
0.0160592855
0.01660050848
0.01753221547
0.01983809007
0.03263462524
0.05605849306
0.9583896266
0.9590433959
0.9833810727
0.9918155713
0.9919715671
0.9921453705
0.9930765166
0.9937658347
0.993503526
0.9925350081
0.9926568349
0.9930991208
0.9911153596
0.8883729509
0.01502769968
0.01198026022
0.01077612191
0.01077468932
0.01077608912
0.01077640208
0.0107759195
0.01077567287
0.01077579619
0.01077619474
0.01077647738
0.01077644626
0.01077592236
0.01077480322
0.01077480402
0.01077611373
0.01078343208
0.02838054788
0.992737883
0.9910011396
0.9853509795
0.01355353256
0.01077758671
0.01155642246
0.01382872917
0.02328915602
0.9746147952
0.9918198995
0.9936638651
0.9937501353
0.9944589736
0.9942958054
0.9945350912
0.9947936592
0.995525303
0.994977331
0.9891682936
0.04825671226
0.01573511615
0.01182797156
0.01085180016
0.01085229759
0.01085520994
0.01084840612
0.0108386824
0.01082859014
0.01082033879
0.01081167097
0.01080405727
0.01079736664
0.01079157049
0.01078628741
0.0107812842
0.01077608342
0.01273859884
0.9524091217
0.9536779179
0.08656538558
0.02401040303
0.2163115491
0.9884807694
0.993164675
0.9965127734
0.9967984385
0.9966213706
0.9969773995
0.9972898138
0.9974753198
0.9972639829
0.9971674994
0.9970486981
0.996986021
0.996871858
0.9965856357
0.9962110554
0.9958593234
0.9955190145
0.9950665444
0.9946101105
0.9941904346
0.993827124
0.9933490182
0.9925517577
0.9913719179
0.9898569679
0.9880178787
0.9865688926
0.9897123113
0.9921738662
0.9915641085
0.9917066613
0.9908955226
0.9899513338
0.9903668244
0.9911764487
0.9918053518
0.9923480099
0.9928336874
0.9932744079
0.993677729
0.9940511266
0.9944037945
0.9947476183
0.9950979371
0.9954764362
0.9959245908
0.9966364017
0.995281028
0.992707655
0.9918555817
0.9916280705
0.9923303354
0.9925670268
0.9933081221
0.9937759512
0.9936971013
0.9930743478
0.9914455826
0.9885475501
0.02881697638
0.01365824438
0.01118879425
0.01077476319
0.01077519247
0.01077551841
0.01077563215
0.01077511257
0.01077423547
0.01077380285
0.01077405085
0.01077457878
0.01077511299
0.01077563147
0.01077629701
0.01077840524
0.01078509453
0.01144889922
0.01211882013
0.01754790702
0.9891166309
0.9877357699
0.9843479105
0.9559837323
0.01711941807
0.02865396652
0.9781253086
0.9918855075
0.9935632696
0.993574632
0.9942351882
0.9938879794
0.9938123854
0.9937651219
0.9930629
0.9918336051
0.9907295835
0.1141106456
0.01659518974
0.01196016435
0.01089376219
0.01089431241
0.01090095818
0.01088858452
0.01087191166
0.01085465602
0.01083932489
0.01082711906
0.01081784149
0.01080970631
0.01080282925
0.01079686545
0.01079170698
0.01078693061
0.01078215563
0.010777591
0.01284430161
0.9302486994
0.9224687707
0.9938620528
0.996621294
0.9975960685
0.9977242561
0.9976019545
0.9977936841
0.9979738657
0.9978871992
0.9978663572
0.9978085911
0.997744152
0.9977134271
0.9976496979
0.9975166823
0.9974007756
0.9972718223
0.9970446008
0.9967601571
0.9964855246
0.996228382
0.9959502825
0.9956737318
0.9954103085
0.9951550744
0.9948493937
0.9944606054
0.9940521947
0.9937427568
0.9936458305
0.993832162
0.9941215605
0.9950607015
0.9953596091
0.9954757312
0.9954136374
0.9952047616
0.9951472926
0.9953130141
0.9955020441
0.9956800697
0.9958464816
0.9960022611
0.9961476269
0.9962817507
0.9964022539
0.9965041036
0.9965775964
0.9966050479
0.9965565363
0.9963952065
0.996109158
0.9948338918
0.9936724734
0.9924793363
0.9917340491
0.9918478478
0.9918529574
0.9913929529
0.9908886066
0.9892506746
0.9845753297
0.01772170479
0.01232699393
0.01078116711
0.01077797394
0.01077815662
0.01077836004
0.01078352953
0.01079877706
0.01135899846
0.01157799406
0.01208459789
0.0124910419
0.01291971818
0.0133596607
0.01386269233
0.014562934
0.01597395109
0.02181483491
0.0303610817
0.8875668153
0.9599156394
0.9862856323
0.9895417642
0.9881637003
0.985315585
0.9826708725
0.9930683966
0.9936201016
0.993264427
0.9939829349
0.9936468943
0.993561256
0.9935048444
0.9925296253
0.9915782592
0.9871883319
0.8424532444
0.01577028908
0.01264168408
0.01101610646
0.01096384771
0.01097524941
0.0109531232
0.01092507643
0.01089719722
0.01087216293
0.0108518749
0.01083631306
0.010824439
0.01081541881
0.01080799408
0.01080188381
0.01079673537
0.01079238421
0.01078853645
0.01078444134
0.01077832192
0.01246842155
0.7245815519
0.9258641803
0.9960587613
0.9980544419
0.9984116715
0.99856551
0.9985063686
0.9984684266
0.9984154633
0.998383266
0.9983343339
0.998233923
0.9981300702
0.9980565555
0.9979861227
0.9978746663
0.9977522373
0.9976147637
0.9974336286
0.9972234894
0.99701526
0.9968189432
0.9966268364
0.9964450144
0.9962740981
0.9961097919
0.9959364075
0.9957574813
0.9956114177
0.9955415514
0.9955674095
0.9956679147
0.9957669295
0.9958826721
0.9960966255
0.9962548427
0.9962740927
0.9961818666
0.9961000736
0.9961131883
0.99617676
0.996254255
0.9963322987
0.9964065327
0.9964742654
0.9965320359
0.9965741945
0.99659151
0.9965695855
0.9964875991
0.9963207965
0.9960614458
0.9957505536
0.9953904505
0.99474279
0.9938474132
0.9929912512
0.9921659818
0.9906312172
0.9866198192
0.975666136
0.9542483681
0.02113860514
0.01562349831
0.013362033
0.01402454031
0.01473759549
0.01564392962
0.01696574116
0.01961021831
0.03178947216
0.04843153822
0.9467207914
0.9295649794
0.9714407609
0.9808542907
0.9856543359
0.988479607
0.9904207689
0.9919189647
0.993246279
0.9948969197
0.9927720475
0.9887616674
0.9904179658
0.992263073
0.9929362901
0.9928628466
0.9922902907
0.992663682
0.9931565498
0.9929061353
0.9931045274
0.9933160005
0.9924114243
0.9916918489
0.9877661385
0.9150235781
0.01756073354
0.0128139844
0.01146590437
0.01106182152
0.01111014602
0.01106034785
0.01101179586
0.01096662543
0.01092627882
0.01089298506
0.01086762897
0.01084798498
0.01083330419
0.01082222169
0.01081379337
0.01080702794
0.01080154965
0.01079703066
0.01079331344
0.01079028917
0.01078790639
0.01078362344
0.01249393349
0.9134255684
0.9386822204
0.9972463249
0.9985664425
0.9987901169
0.9988639892
0.9988694051
0.9988322894
0.9987623383
0.9986970884
0.998630366
0.9985361869
0.9984338966
0.9983427068
0.9982546122
0.9981509306
0.998035494
0.9979061874
0.997756185
0.9975940963
0.9974337906
0.9972824194
0.9971410546
0.9970128606
0.996897448
0.9967924114
0.9966940635
0.996607916
0.9965500742
0.9965333514
0.996557128
0.9966034169
0.996641018
0.9966738547
0.9967407083
0.9968202972
0.9968402056
0.9967959355
0.9967374395
0.9967067135
0.9967023339
0.9967131161
0.9967289859
0.9967443874
0.9967556981
0.9967590367
0.9967488843
0.9967171429
0.9966528602
0.9965439108
0.9963842091
0.9961915995
0.9960132465
0.9958487686
0.9955784133
0.9951493651
0.9946793996
0.9941310965
0.9932105918
0.9914667421
0.9885675788
0.984890428
0.9869012444
0.9892339429
0.989905875
0.9913150074
0.9927419736
0.9938205297
0.9946630395
0.9953390307
0.9959187012
0.9966298764
0.9953012605
0.9929851553
0.9925299332
0.9926478739
0.9930440313
0.9934673215
0.9938144148
0.994023481
0.9940262246
0.9937617743
0.9933315317
0.9916662018
0.9918652505
0.9931660946
0.9940375539
0.994252761
0.9939745508
0.9937122242
0.9928487863
0.993067199
0.9922998828
0.9918411384
0.9884139069
0.9322369709
0.01838559043
0.01317554066
0.0117399698
0.01122706984
0.01133139098
0.01123630764
0.01116192802
0.01108542168
0.01101652856
0.01096085728
0.01092050332
0.01088769996
0.01086356634
0.01084506442
0.01083152003
0.01082124891
0.0108134539
0.01080721314
0.01080219004
0.01079807855
0.01079475036
0.01079231196
0.01079138129
0.01079375981
0.01155508896
0.8884694678
0.06782694955
0.9981246634
0.9989709723
0.9990793476
0.9991102921
0.9990974467
0.9990571735
0.998992411
0.9989205736
0.9988442293
0.9987558144
0.9986608288
0.9985669766
0.9984725733
0.9983711349
0.998262394
0.9981444722
0.9980165574
0.9978845632
0.9977560837
0.9976361017
0.9975274271
0.9974325579
0.9973516799
0.997283682
0.9972274749
0.997185614
0.9971634268
0.9971632461
0.9971810107
0.9972058049
0.9972240569
0.9972367488
0.9972580253
0.9972817259
0.9972811968
0.9972481996
0.9971999967
0.9971549836
0.9971176827
0.9970873264
0.9970604579
0.9970337426
0.9970045397
0.9969702048
0.996927364
0.9968716027
0.996798065
0.9967040228
0.9965948283
0.9964914382
0.9964216548
0.9963767753
0.9963011272
0.9961748397
0.9960305044
0.9958630748
0.9956224605
0.9953028309
0.9950252615
0.9949646569
0.9950305731
0.9954813884
0.9956337308
0.9957745363
0.9960128181
0.9962399422
0.9964220746
0.9965383204
0.9965600556
0.9964649024
0.9962792213
0.9953124137
0.9946919114
0.99427177
0.9940544794
0.9939345673
0.9938141375
0.9935949724
0.9931833871
0.9925645637
0.9920146933
0.9920219464
0.9924149549
0.9931538292
0.9938840909
0.994154852
0.9939468563
0.9941860568
0.992879863
0.9923929072
0.9898124567
0.9496412911
0.01896632675
0.01331323242
0.01193159615
0.01149049013
0.01168943418
0.01154050767
0.01143198278
0.01129146535
0.01118393204
0.01108436575
0.01101797058
0.01095821215
0.01091847295
0.01088505133
0.01086223457
0.01084430301
0.01083183142
0.01082217167
0.01081493822
0.01080901594
0.01080423794
0.01080034826
0.01079725845
0.01079522963
0.0107954838
0.01080012925
0.01080957114
0.0257693839
0.9600095623
0.9987895846
0.9992700866
0.9992997126
0.9992920905
0.9992609961
0.9992132115
0.9991512746
0.9990812973
0.999005181
0.9989215559
0.9988326838
0.9987412056
0.9986468212
0.9985477059
0.9984438207
0.9983347011
0.9982213014
0.9981079318
0.9979997413
0.997900758
0.9978139188
0.9977413797
0.9976837027
0.9976403468
0.9976104729
0.9975942185
0.9975919955
0.9976022499
0.9976205481
0.9976400174
0.9976536987
0.9976607492
0.9976652678
0.9976643154
0.99764785
0.9976123323
0.9975636516
0.9975094319
0.9974533799
0.9973972113
0.9973408608
0.997283466
0.9972241015
0.9971620093
0.9970966169
0.9970277596
0.9969564902
0.9968868723
0.9968285932
0.9967975713
0.9968066503
0.9968462565
0.996888159
0.9969207736
0.9969500547
0.9969713064
0.9969729972
0.9969583742
0.996950799
0.99696574
0.9969667239
0.9969107838
0.9968367411
0.9967609297
0.9967021285
0.9966489778
0.9965806828
0.9964761554
0.9963139569
0.9960967387
0.9958918572
0.9957226794
0.9953936589
0.9949830789
0.9946146556
0.9942717794
0.993917259
0.9935044753
0.9930041389
0.9924773746
0.9921493007
0.9921824695
0.9923542845
0.9925310348
0.9928052551
0.9929719001
0.9931565531
0.9935158598
0.9905549886
0.9724524378
0.02104900839
0.0134773409
0.01169317217
0.01137120071
0.01172543942
0.01174890826
0.01168201225
0.0115003696
0.01136821293
0.01122206056
0.01113038708
0.01104198476
0.01098270925
0.0109317278
0.01089557131
0.01086806657
0.01084766334
0.01083353816
0.01082291397
0.01081537972
0.0108095539
0.01080503953
0.01080118363
0.01079806526
0.01079572528
0.01079403006
0.01079436119
0.01080063256
0.01080904146
0.01971817514
0.9848102719
0.9993115699
0.9994901839
0.9994576125
0.9994202902
0.9993760202
0.9993246134
0.9992656537
0.9992002007
0.9991282945
0.9990497588
0.9989658258
0.9988776068
0.9987851375
0.9986881625
0.9985871438
0.9984827699
0.998377013
0.9982737196
0.9981772939
0.9980915678
0.9980195021
0.9979630126
0.9979226321
0.9978978261
0.9978874987
0.997890409
0.997904658
0.9979268205
0.9979520022
0.9979747483
0.9979906446
0.9979983051
0.9979979166
0.9979869522
0.9979611427
0.9979195234
0.9978650219
0.9978013942
0.9977313175
0.9976567449
0.9975786881
0.9974975128
0.9974134584
0.9973272094
0.9972405047
0.997156901
0.9970827262
0.9970279099
0.9970055864
0.9970283276
0.9970996699
0.9972068163
0.9973286503
0.9974525999
0.9975732129
0.9976828755
0.9977742737
0.9978444871
0.9978913563
0.997905532
0.9978667615
0.9977596318
0.9975983453
0.9974134619
0.9972105949
0.9969883257
0.9967461794
0.9964861585
0.9962234045
0.9960010134
0.9958792357
0.9958293508
0.9956877785
0.9953773024
0.994976377
0.9945167408
0.9940130981
0.9934908848
0.993013929
0.9927031545
0.9926634689
0.9927741723
0.9926684942
0.9919886469
0.9903786205
0.9873911005
0.9843055336
0.9855358982
0.03044798818
0.01644958793
0.0135692365
0.01288688129
0.01345329101
0.01329229895
0.01387671694
0.01395546441
0.01427632098
0.01356482829
0.01395159748
0.0132389437
0.01362799952
0.01305260581
0.01352708302
0.0127535889
0.0134102312
0.01261015661
0.01324001902
0.01277506196
0.01313710312
0.0130147376
0.01315511682
0.01317409726
0.01325221469
0.01325741654
0.01337498753
0.01354974865
0.01340649676
0.01402494228
0.01315873942
0.01655758912
0.9642266832
0.9987164912
0.9993371982
0.9991099023
0.9989789565
0.9988756035
0.9987758095
0.99866825
0.9985491567
0.9984161144
0.9982682715
0.9981079439
0.9979373618
0.9977570073
0.9975668558
0.9973680702
0.9971624572
0.9969543463
0.9967516461
0.9965635781
0.9963984977
0.996262933
0.9961610181
0.9960938087
0.9960599532
0.996056738
0.9960808405
0.9961274021
0.9961885742
0.996253728
0.9963116211
0.9963536339
0.9963766782
0.9963803039
0.9963598225
0.9963077506
0.9962222562
0.9961081165
0.9959717863
0.9958181717
0.9956512865
0.9954736764
0.9952865927
0.9950908215
0.9948880304
0.99468259
0.9944839603
0.9943094754
0.9941862416
0.9941487056
0.994226978
0.9944262803
0.994714854
0.9950433226
0.9953775468
0.9956994711
0.9959916402
0.9962402014
0.9964387167
0.9965798784
0.9966417758
0.9965863153
0.9963819056
0.9960385674
0.9956009058
0.9950889069
0.994497437
0.9938266629
0.9930987816
0.992393121
0.9918777247
0.9917188354
0.9918116618
0.9917665021
0.9913422783
0.9905825438
0.9895574924
0.9883394928
0.9870540768
0.9859642623
0.9854725265
0.9858134305
0.9865773327
0.9868546573
0.9856665488
0.9811984999
0.9652139895
0.9131246186
0.05169021927
0.04506874405
0.9601274397
0.04224212791
0.9478083183
0.06063731321
0.9347798718
0.1108362769
0.9194515493
0.1921242963
0.9004662993
0.2493129578
0.8801313151
0.2855271426
0.8511647074
0.3439942316
0.8073327583
0.401734787
0.7520910146
0.4807603072
0.6796228028
0.5507048534
0.6264793801
0.5864279405
0.6066703271
0.6002757318
0.5996821963
0.5953214461
0.6135430655
0.594890496
0.6302157586
0.5511423177
0.8066233106
0.09299658443
