0.9993935052
0.9995425084
0.9993487561
0.9992479416
0.9991702883
0.9990950719
0.9990135401
0.9989214582
0.9988170817
0.9987004467
0.9985722671
0.9984332739
0.9982847367
0.9981289865
0.9979688331
0.9978067535
0.9976449411
0.9974861099
0.9973344244
0.9971957805
0.9970766758
0.9969822825
0.9969153336
0.9968762959
0.996864047
0.9968764451
0.9969099105
0.9969583107
0.9970132651
0.9970660393
0.9971114839
0.9971491597
0.9971819474
0.9972135723
0.9972528188
0.9973023137
0.9973446131
0.9973502416
0.9973007544
0.9971946675
0.9970405173
0.9968522132
0.9966505579
0.9964675757
0.9963475725
0.9963372784
0.9964608247
0.9966971171
0.9969851195
0.9972543233
0.9974542847
0.9975702949
0.9976067559
0.9975620686
0.9974516659
0.9973001039
0.9971222544
0.9969227769
0.9967010574
0.9964539379
0.9961765814
0.9958622476
0.9955016149
0.9950851093
0.9946271153
0.9942393027
0.9941294422
0.9943222107
0.9945952653
0.994763542
0.9947756468
0.9946460675
0.9944016217
0.9940627196
0.9936404815
0.9931416543
0.9925869376
0.9920541706
0.9917176811
0.9917940037
0.9923036761
0.9929769217
0.9934860423
0.9935819675
0.9929914874
0.9910404527
0.9845062214
0.9615426469
0.02720558324
0.02120775501
0.9183092276
0.02433260424
0.9269755777
0.02398380418
0.9269941177
0.02396193869
0.9272626158
0.02393124819
0.9276583511
0.02389476502
0.9276289582
0.0238913477
0.926654937
0.02387805999
0.9265136674
0.02387567818
0.9266658957
0.02391415545
0.9270656284
0.02394640685
0.9268737941
0.02387128283
0.9282643909
0.02392970462
0.9273786311
0.02315351036
0.9216195132
0.02454849416
0.9183780089
0.03681560727
0.1041546496
0.9992610055
0.9997149839
0.9996591212
0.9996075051
0.999563034
0.9995199851
0.9994750557
0.9994261926
0.9993722831
0.9993131052
0.9992488053
0.9991795128
0.999105633
0.9990281601
0.9989483563
0.9988672876
0.9987858481
0.998705156
0.9986270072
0.9985540495
0.9984892805
0.9984351216
0.9983929268
0.998363164
0.9983458331
0.9983407796
0.9983473175
0.998363312
0.9983851266
0.9984084831
0.998430293
0.9984489112
0.998464117
0.9984770763
0.9984932575
0.9985159676
0.9985370544
0.9985415308
0.9985205485
0.9984741763
0.9984062495
0.9983215421
0.9982265732
0.9981321607
0.9980554355
0.9980178933
0.9980357878
0.9981089352
0.998221003
0.9983463853
0.9984511781
0.9985191988
0.9985500796
0.9985406411
0.9984978812
0.998437999
0.998368915
0.9982933552
0.9982120173
0.9981248018
0.9980311935
0.9979300879
0.9978188435
0.9976910134
0.9975347331
0.9973520213
0.9972229557
0.9972024993
0.9972316678
0.9972392494
0.9972026598
0.9971247107
0.9970126517
0.9968724844
0.9967070375
0.9965149247
0.9962915361
0.9960408677
0.9958097769
0.9957004094
0.9957783976
0.99597658
0.9961626455
0.9962274002
0.9960887313
0.9956340721
0.9945646257
0.9922354785
0.9884592042
0.9585844768
0.01003753378
0.008370957569
0.008167328304
0.008308712907
0.008164761154
0.008306784237
0.008163084761
0.008305608677
0.008160682264
0.008303004438
0.008159211852
0.008301273155
0.008160649198
0.008302769485
0.008158050091
0.008300087228
0.008159881681
0.008302567608
0.008161888656
0.008305661452
0.008163163698
0.008308773914
0.008160508968
0.008309206576
0.008178264927
0.008345850203
0.008148399467
0.008354416485
0.008344555626
0.01380316769
0.950799804
0.9988032982
0.9995019822
0.9995585243
0.9995370927
0.999497371
0.9994515053
0.9994018567
0.9993482109
0.999290063
0.9992276587
0.9991611886
0.9990902477
0.999014832
0.9989360482
0.9988552477
0.9987730671
0.9986896641
0.9986055328
0.9985222588
0.9984427819
0.9983704589
0.9983075299
0.998254682
0.9982118605
0.9981793294
0.9981586088
0.9981516558
0.9981578975
0.9981735109
0.998193258
0.99821434
0.9982342076
0.9982477361
0.9982529903
0.9982643202
0.99829331
0.9983248027
0.9983319674
0.9983061229
0.9982551504
0.9981870856
0.9981040832
0.9980051823
0.9978924859
0.9977778213
0.9976849121
0.9976372644
0.9976393901
0.997683452
0.997779514
0.997910839
0.9979990467
0.998044083
0.9980375254
0.9979985839
0.9979667969
0.9979453179
0.9979283339
0.9979130251
0.9978985057
0.9978844591
0.9978701975
0.9978533878
0.9978272287
0.9977731624
0.9976469127
0.9974226179
0.9972608875
0.9971611196
0.9970460556
0.9969083811
0.9967722896
0.9966500611
0.9965409714
0.9964372917
0.9963252593
0.9961805526
0.9959624143
0.9956416755
0.995332326
0.9952042926
0.9952645973
0.9953978051
0.9955176443
0.9956084664
0.9956557625
0.9955586257
0.9951842031
0.9946817718
0.9942938477
0.9938596127
0.01668997091
0.008411851653
0.007371593801
0.007373067956
0.007371522025
0.007372868562
0.007371415585
0.007372598492
0.007371231181
0.007372444619
0.007371208865
0.007372367237
0.007371317003
0.007372436898
0.007371718683
0.007372938795
0.007372711256
0.007374280618
0.00737483769
0.007377178279
0.007378964382
0.007382599269
0.007386326146
0.007391574151
0.007398008746
0.007402553103
0.007412832224
0.007468927395
0.0296194533
0.9760100968
0.9982241805
0.9992567162
0.9993698036
0.9994050721
0.9993883596
0.9993494785
0.9993007634
0.9992454444
0.9991842963
0.9991191272
0.9990508149
0.9989779678
0.9988997817
0.998818035
0.9987348814
0.9986504222
0.998563343
0.9984728042
0.9983800772
0.9982892461
0.9982052858
0.9981307169
0.9980648273
0.9980056835
0.9979526205
0.9979091632
0.9978827952
0.997878022
0.9978900683
0.9979093626
0.9979350656
0.9979674643
0.9979943411
0.9979887996
0.9979860362
0.9980294031
0.9980900374
0.9981089219
0.9980734272
0.9980075396
0.9979310248
0.9978451439
0.9977374879
0.997591719
0.9974062425
0.9972091951
0.9970395873
0.9968956204
0.9967347446
0.9966064967
0.9967697179
0.9972250214
0.9972923949
0.9972625987
0.9971977612
0.9972207915
0.9973047551
0.9974067501
0.9975100909
0.997609621
0.9977040061
0.9977928472
0.9978755366
0.9979503368
0.998011991
0.9980363299
0.9979077216
0.997258203
0.9969351591
0.9966808049
0.9964391023
0.9962524742
0.9961426828
0.9960972295
0.9960907105
0.996095667
0.9960799135
0.9959889347
0.9957042503
0.9950963025
0.9945566863
0.9943816913
0.9945186493
0.9948227209
0.9952265879
0.9956702889
0.9959876896
0.9960048241
0.9957205359
0.9954315825
0.9959911135
0.9961511792
0.9929395599
0.01218202455
0.008090206058
0.007371347773
0.00737161403
0.007371711284
0.007371486439
0.007371454773
0.00737135935
0.007371458638
0.00737144623
0.007371682148
0.007371808494
0.007372286998
0.007372679367
0.007373584663
0.007374461972
0.00737607857
0.00737772348
0.007380410047
0.007382977061
0.00738705512
0.007390015249
0.007395625976
0.007397136316
0.007405148187
0.007825124853
0.03097593347
0.9936185417
0.9974383533
0.9989255052
0.9991118166
0.9991983009
0.9992159475
0.9991940856
0.9991544889
0.9991033013
0.999042237
0.9989768261
0.9989096474
0.9988365693
0.9987548699
0.998668441
0.998582018
0.9984950749
0.9984034763
0.998303656
0.9981961072
0.9980875003
0.9979869079
0.9978979831
0.9978169737
0.9977371126
0.9976535879
0.9975706368
0.9975043959
0.9974736755
0.9974837595
0.9975069521
0.9975425254
0.9976090896
0.9976939856
0.9977323616
0.9976770868
0.9977132713
0.997819195
0.9978539813
0.9977924191
0.9976955319
0.9976090053
0.997534972
0.9974469058
0.9972988021
0.9970388558
0.9966842529
0.9963084476
0.9958916575
0.9951898295
0.9937745856
0.9917900418
0.9935733513
0.9949307279
0.9945103564
0.9934015497
0.993666545
0.9942958226
0.9949042824
0.9954323878
0.9958817947
0.9962649098
0.9965944484
0.9968822768
0.9971413061
0.9973898862
0.9976600331
0.9979811836
0.9972780884
0.995910698
0.9954944243
0.9952613354
0.9951914886
0.9952648323
0.9954238124
0.9956192193
0.9958208905
0.9960117319
0.9961767663
0.9962641773
0.9960000642
0.9942788518
0.9931976795
0.9930280497
0.9935355174
0.9942911737
0.9951188354
0.9958461014
0.9961554935
0.9958760158
0.9953384008
0.9952762474
0.9957901276
0.9960863077
0.9948801134
0.9890157246
0.01068882235
0.007766376186
0.007371723014
0.007371720052
0.007371516459
0.007371464827
0.007371471561
0.007371574042
0.007371766188
0.007372061301
0.007372511465
0.007373095833
0.00737393853
0.007374976908
0.007376400957
0.00737807719
0.007380246082
0.007382572425
0.007385362595
0.007387707218
0.007390253419
0.007390925217
0.007393292357
0.008045511761
0.9541667228
0.8876342175
0.9961613407
0.9985091425
0.9987272913
0.998882214
0.9989413911
0.9989442558
0.9989299772
0.9988975523
0.9988434511
0.9987841318
0.9987272077
0.9986600727
0.9985746225
0.9984803399
0.9983891687
0.9983005753
0.9982053767
0.9980942457
0.9979648033
0.9978281451
0.9977030416
0.9975975472
0.9975022082
0.9973991384
0.997271679
0.9971189789
0.9969637769
0.9968425182
0.9968119837
0.9968792419
0.9969364347
0.9970508586
0.9972901314
0.997504237
0.9976986105
0.9972996237
0.9974371447
0.9975059992
0.9973847191
0.9972307336
0.997149563
0.9971368814
0.9971453722
0.9971132376
0.9969340993
0.9964475889
0.9958304596
0.9952350699
0.9943596116
0.9924309106
0.9869683236
0.9762903167
0.02110920497
0.01609089416
0.009461487186
0.009208014316
0.009447775196
0.009700906786
0.01000743295
0.01035944207
0.01076268973
0.01122584852
0.01176711691
0.01243112623
0.01335363147
0.01505048201
0.02195110127
0.03408469336
0.9775884225
0.9718549082
0.9828472412
0.986506121
0.9887784549
0.9903583665
0.9915578899
0.9925328111
0.9933844198
0.994206006
0.9951163299
0.9962090621
0.9949179164
0.9915178533
0.9891000937
0.9898580789
0.9912793171
0.9926423842
0.9941574855
0.9954304795
0.9958377641
0.9952026163
0.9949846889
0.9953522278
0.9957084596
0.9958387408
0.9956980592
0.9939193453
0.9776672825
0.00942389871
0.007373633347
0.0073718522
0.007371612438
0.007371563299
0.007371644154
0.007371864993
0.007372201803
0.007372696903
0.007373323867
0.007374158679
0.00737516439
0.007376440219
0.007377915326
0.007379682807
0.007381543613
0.007383520196
0.007385144741
0.007386479206
0.007386717545
0.007385655819
0.008254453432
0.03179283825
0.9786974622
0.9891362101
0.9971855985
0.997952515
0.9981939395
0.9984915705
0.9984937606
0.9985360083
0.9985859745
0.9985593006
0.9985141251
0.9984900572
0.99844709
0.9983592208
0.9982494953
0.998147398
0.9980560307
0.9979608052
0.9978410151
0.9976834426
0.9975024939
0.9973362231
0.9972094411
0.9971085987
0.9969917642
0.9968120795
0.9965498845
0.9962199354
0.9958305513
0.9954529665
0.995465676
0.9961043109
0.9961069231
0.9964078785
0.9968977188
0.9976599006
0.9973421441
0.9962396428
0.9968203776
0.9965992003
0.9963729684
0.9963892609
0.9965679416
0.9968024346
0.9970438932
0.9972428025
0.9971933601
0.9961207807
0.9954208256
0.99515624
0.9947625271
0.9939458318
0.9928467219
0.991927906
0.993554253
0.01966178994
0.009569129484
0.00768483806
0.007399327969
0.007389825884
0.007382918634
0.007379615067
0.007377706896
0.007376582714
0.007375860721
0.00737538486
0.007375260391
0.007375999917
0.007380163613
0.007797940728
0.007965924704
0.008315182828
0.008586255423
0.008804649759
0.008993392966
0.009173530626
0.009363130001
0.009586254037
0.009898813256
0.01048372574
0.01250765664
0.01620582328
0.9591121495
0.9544286439
0.9712987859
0.9811891433
0.9840016522
0.9874760013
0.9897835068
0.9940065007
0.9951112894
0.9954314858
0.9955401959
0.9957792358
0.9959757057
0.9960845695
0.9960846067
0.9957924536
0.9954952137
0.02419242196
0.008749227431
0.007371993275
0.007371537199
0.007371600162
0.007371841258
0.007372215318
0.0073727333
0.007373374781
0.0073741643
0.007375085851
0.007376177405
0.007377411143
0.007378807507
0.007380232162
0.007381583183
0.007382588616
0.007383104668
0.007382739695
0.007380843415
0.008207937223
0.9759739885
0.9840639913
0.01680196246
0.01072785622
0.01918716307
0.9921154862
0.9964940142
0.9974230643
0.9975469533
0.9979836651
0.9982586102
0.9981339238
0.9981591248
0.9982066822
0.9981315352
0.9979890812
0.9978545866
0.9977391855
0.9976405403
0.997532189
0.9973593763
0.9971197578
0.9968759519
0.9966939836
0.9966006204
0.9965247792
0.9963268702
0.9959427165
0.9953798755
0.9945083762
0.9928691458
0.9899665873
0.9917344413
0.9933917391
0.9915590772
0.9901705409
0.9975670652
0.9999996851
0.9934011469
0.991995245
0.992805865
0.9911161834
0.9919380676
0.9931817463
0.9943014205
0.9953448173
0.9964122327
0.9975098645
0.9970886058
0.9955809395
0.9954865267
0.9956841488
0.9954649289
0.9948099519
0.9944034327
0.9949971032
0.9957793945
0.9948490219
0.9728782056
0.009881185319
0.007386432967
0.007385454905
0.007381631092
0.007379153833
0.007377689956
0.0073766591
0.007375756477
0.007374915699
0.007374215612
0.007373615546
0.007373066938
0.007372126549
0.007371860821
0.007371953309
0.007372045116
0.00737212032
0.007372194998
0.007372279691
0.00737237039
0.007372455815
0.007372600492
0.007373043428
0.007374342461
0.008625994772
0.01262867222
0.9444902014
0.9730167869
0.9823695446
0.9787951912
0.8676686528
0.01093743384
0.01469647781
0.9912901109
0.9948704524
0.9960157635
0.9961453035
0.9962804881
0.9964110201
0.9965279121
0.9970335256
0.9972036308
0.9954792254
0.01583983702
0.00845885384
0.007371626203
0.007371641067
0.007372055902
0.007372598229
0.007373236386
0.007373967705
0.007374777547
0.007375680654
0.007376675304
0.007377769701
0.007378841892
0.007379748882
0.007380314843
0.007380356005
0.007379644208
0.007377463683
0.008483842426
0.7901105353
0.9505619787
0.01463100279
0.007371297759
0.007371548003
0.007782891883
0.009132734618
0.01518105532
0.9863766585
0.9940296238
0.9972980644
0.9975806678
0.9974523998
0.9978273158
0.9980439659
0.9977816817
0.9975484597
0.9973291738
0.9971257441
0.9970668985
0.9970185083
0.9967695059
0.9963953892
0.9960158819
0.9958039437
0.9959298186
0.9959734261
0.9955769063
0.9949503674
0.9941351982
0.9925616536
0.9883937018
0.9833750644
0.02449389786
0.01464895178
0.01133832929
0.009999374228
0.008982739436
0.0128648297
0.9801201306
0.01250485773
0.009042732198
0.008993398448
0.009301544053
0.009662538322
0.01020510227
0.01138230462
0.01699669719
0.07082423809
0.9904052636
0.9916412206
0.9943877112
0.9951395045
0.9954626106
0.9942558343
0.9943480534
0.9954943593
0.9965025217
0.9959851606
0.9959759391
0.02341258286
0.008220078851
0.00737918728
0.007378156153
0.007376626833
0.007375640723
0.007374812305
0.007374088372
0.007373564514
0.007373267905
0.007373045939
0.007372563135
0.007372164761
0.007372060512
0.007372102415
0.007372181478
0.007372273465
0.007372379761
0.007372497423
0.007372567108
0.007372555864
0.007372370755
0.007374145891
0.009616888033
0.927408882
0.9868240581
0.9883512623
0.986225325
0.9699480117
0.01035015754
0.007978180757
0.007372879388
0.008267615101
0.01214812369
0.9913792412
0.9952802099
0.9962811409
0.9963550834
0.9964451367
0.9966841541
0.9970749635
0.9973029046
0.9967014703
0.9943969543
0.01412525314
0.008370348979
0.007371867019
0.007372235737
0.007372917923
0.007373602858
0.007374299618
0.007375022948
0.00737580708
0.007376680989
0.007377502269
0.007378114493
0.007378418865
0.007378228599
0.007377419304
0.007375439765
0.008531116234
0.9611952348
0.9729163388
0.01462958502
0.007370146758
0.007370605096
0.007370461242
0.007370434877
0.007371112087
0.007738340222
0.008415949402
0.0115680077
0.02513526893
0.9905937383
0.9948260166
0.9974758542
0.9976626701
0.9973412574
0.9968579945
0.9962247652
0.9956868021
0.9965063087
0.9969348928
0.996260241
0.9954100991
0.9943035762
0.9941607732
0.995764087
0.996121204
0.9951589476
0.99482217
0.9946737243
0.9941034562
0.9937835212
0.9947613905
0.9943644453
0.98828092
0.9851374651
0.0182656998
0.01762307958
0.986486637
0.01062490085
0.007375513953
0.007373913678
0.007372981117
0.007372688389
0.007372699307
0.007372992788
0.007374247173
0.007389095498
0.00964605482
0.9579496813
0.981628364
0.9871150687
0.994920584
0.9950039327
0.9935283248
0.99481926
0.9961501269
0.9965706989
0.9969762631
0.9968710178
0.9917640893
0.009838953554
0.007375913429
0.007376177495
0.007375344969
0.007374488192
0.007373765148
0.007373297697
0.007373068065
0.007372892642
0.007372580044
0.007372263521
0.007372066471
0.007371996904
0.007371998285
0.007372035184
0.007372094339
0.007372178278
0.007372252867
0.007372224947
0.007371637836
0.008153933808
0.01623858024
0.9922657848
0.9919468379
0.9900742995
0.9813846916
0.01088141134
0.00812397572
0.007372462568
0.007372509588
0.007371962553
0.007371418349
0.008195108782
0.01229769181
0.9915968997
0.9952634808
0.996269934
0.9964853565
0.9967772526
0.9969944483
0.9970838564
0.9970615867
0.9963022142
0.9937794375
0.0140071465
0.008406460264
0.007372403994
0.007372996566
0.007373720699
0.007374290701
0.007374884397
0.007375623175
0.007376280725
0.007376710951
0.00737690568
0.007376640586
0.007375892326
0.007374208571
0.00880463403
0.9755404659
0.9749375173
0.01462927314
0.007369827296
0.0073702755
0.007370448765
0.007370570217
0.007370785138
0.007370979434
0.007371062501
0.007371575664
0.007373810005
0.007901097413
0.008738031867
0.01332139755
0.2190894327
0.9946134167
0.9953035711
0.9950863941
0.9919935905
0.9913166165
0.9968134182
0.9966915108
0.9957721164
0.9932528211
0.9860224612
0.990264604
0.9959315892
0.9954179298
0.9944293009
0.9951928577
0.9957854669
0.99499011
0.995010879
0.9955995835
0.9949179873
0.9944290597
0.9958731991
0.996286515
0.9928897227
0.01320662362
0.007893331229
0.007374050465
0.007373289998
0.007372671668
0.007372533174
0.007372584562
0.007372693436
0.007374447351
0.0121127259
0.9895872039
0.01467167611
0.008896508495
0.01048840932
0.01703390473
0.9852686996
0.9883183983
0.9942361115
0.9959256728
0.996261626
0.9964471477
0.996272546
0.9953297908
0.01603080059
0.007932713221
0.007374829823
0.007374542194
0.007373723128
0.007373224164
0.007372990985
0.007372788463
0.007372528637
0.007372274462
0.007372076968
0.007371946488
0.007371873428
0.0073718425
0.007371817089
0.007371758574
0.007371645019
0.007371804934
0.007604204545
0.01004771645
0.9896255409
0.9950935778
0.9943572208
0.989319775
0.01161977607
0.008209113105
0.007372293645
0.007372565825
0.007372406
0.007372159477
0.007371754503
0.007371407127
0.007371287579
0.008180903638
0.01202055808
0.9909877109
0.9953080476
0.9965452805
0.9967936159
0.9969044643
0.99689434
0.9968339503
0.9968395993
0.996209942
0.9939169687
0.01416613009
0.008394774516
0.00737282002
0.007373460456
0.00737394645
0.00737462305
0.007375218107
0.007375508215
0.007375751503
0.007375505015
0.007374898046
0.007373550892
0.009150534319
0.9863817244
0.9827546982
0.0146291955
0.007369730594
0.007370126795
0.007370351273
0.007370552178
0.007370761571
0.007370955525
0.007371105368
0.007371352869
0.007371710327
0.007371801791
0.007371572769
0.007372317177
0.007431645828
0.008500067365
0.01164139266
0.9875998474
0.9935502244
0.9898036898
0.01758109116
0.03687920102
0.9932693535
0.9943478674
0.9909570917
0.9626806467
0.01518149576
0.0163610221
0.9754114854
0.9869238748
0.9951585217
0.9954676827
0.9948618815
0.9954467579
0.9947311964
0.9946757378
0.9957621908
0.996907669
0.9962812566
0.9933896182
0.9816212477
0.009554963969
0.007373569444
0.007372486061
0.007372174888
0.007372201966
0.007372078681
0.007728850559
0.01650406885
0.990364753
0.01140791094
0.007375304772
0.007373839767
0.007983544315
0.01330167384
0.9643189508
0.9807207658
0.9917307438
0.9955789447
0.9961056218
0.9961301204
0.9966725946
0.9961420551
0.9848558995
0.008703422361
0.007374117385
0.007374006183
0.007373344523
0.007373063972
0.007372777022
0.00737250056
0.007372273256
0.007372088065
0.007371926191
0.007371798226
0.00737173847
0.007371701759
0.007371584516
0.007371214157
0.007372570706
0.009150628829
0.9281601407
0.9932458472
0.9950428352
0.9921437014
0.01375417001
0.008323549093
0.007372059474
0.007372298355
0.007372360751
0.007372294594
0.007372125482
0.007371881609
0.007371616179
0.007371403216
0.00737123819
0.00737116498
0.008126467407
0.01195080269
0.9919890418
0.9958759051
0.996859892
0.9968127674
0.9966331468
0.9966137332
0.9967109758
0.9968100374
0.9961603259
0.9936228405
0.01363619913
0.008416908679
0.007373492843
0.007373219428
0.007374264565
0.007374487083
0.007374796093
0.007374857632
0.007374331703
0.007373380309
0.009636914216
0.9909319212
0.9875772745
0.01462917879
0.00736969837
0.007370052043
0.007370264656
0.007370479738
0.00737069037
0.007370876502
0.007371034905
0.007371232882
0.007371484358
0.00737164083
0.007371615898
0.007371702326
0.007371888851
0.007371760013
0.00737152449
0.00815299857
0.01502163347
0.9954207516
0.9934674488
0.009564400707
0.008560794868
0.01424222451
0.9912367766
0.9916915159
0.9922281419
0.01510044514
0.009298639823
0.008451908656
0.0102905545
0.0159127632
0.9816754463
0.99304473
0.9943334949
0.9933850405
0.9952483284
0.9965148874
0.9965023924
0.9954781374
0.9948200914
0.9945289933
0.01723421492
0.008350948516
0.007371754538
0.007371796124
0.007371894824
0.008326328374
0.9669532606
0.9711943362
0.00844899254
0.007372660768
0.007376093111
0.009455561
0.9725296719
0.9827416226
0.8947210329
0.01050255236
0.01451229162
0.9931521476
0.995304689
0.9962454521
0.9964235157
0.9958851649
0.9932380624
0.01183950029
0.007376581019
0.007373605424
0.007373264538
0.007372818554
0.00737248622
0.007372284332
0.007372125393
0.007371937891
0.007371744699
0.007371658112
0.00737168558
0.007371663099
0.007370975705
0.008177914535
0.01724354202
0.9941287049
0.9944827146
0.9932050376
0.5494687524
0.008890182258
0.007372390747
0.00737198484
0.007372072112
0.007372126294
0.007372093969
0.007372009566
0.007371853666
0.00737166477
0.007371487272
0.007371349412
0.007371250974
0.007371182624
0.007371201509
0.008188687502
0.01295209307
0.9938339659
0.9965612234
0.9966058759
0.9963020902
0.9963947004
0.9964772593
0.9965493225
0.9966019994
0.9958123272
0.9932214238
0.01600141744
0.009136805629
0.007846781129
0.007374133674
0.007373425485
0.007373930046
0.007375917414
0.007373368685
0.01054611987
0.9933622412
0.9906417228
0.01462917724
0.007369686843
0.007370011994
0.007370201546
0.007370406121
0.007370610404
0.007370797126
0.007370966475
0.00737115134
0.007371351741
0.007371496814
0.007371555413
0.007371654055
0.007371823606
0.007371928105
0.007371929027
0.007372050195
0.007373207236
0.01167313128
0.9952755483
0.9942763119
0.009684916208
0.007373486127
0.008896193584
0.8543407072
0.9922874021
0.9951192381
0.9917849577
0.01141390588
0.008012866805
0.007373493835
0.007882391463
0.009145828093
0.01363697698
0.983267952
0.9906041797
0.9952256425
0.9958367861
0.9950291612
0.9946156061
0.995669586
0.9958513532
0.9915773503
0.01150307475
0.008092758799
0.007373951693
0.0106442023
0.9913176791
0.01875879465
0.007788256611
0.007372932338
0.008384204586
0.03684378301
0.9955061401
0.9868643993
0.01023933677
0.008006483095
0.007372421905
0.009001711437
0.9818089039
0.9957909868
0.9966374345
0.9965753385
0.9968917631
0.9970192088
0.02980945345
0.008234521584
0.00737291261
0.007372765633
0.007372407348
0.007372290086
0.00737220943
0.007372002073
0.007371697365
0.007371496169
0.007371459839
0.007371750011
0.007586928658
0.009934583736
0.9904323109
0.9960339413
0.9946906966
0.9792882315
0.009740373464
0.00763442647
0.007371829
0.007371683193
0.007371774392
0.007371863881
0.007371896674
0.007371865647
0.007371773269
0.007371642431
0.007371504677
0.007371383926
0.007371295064
0.007371252258
0.007371250918
0.007371274976
0.007371433346
0.008413042606
0.01681023611
0.9940415974
0.9950071861
0.995641841
0.9959013873
0.9960527863
0.9960971822
0.9960563949
0.9960236424
0.9955272704
0.9928638314
0.9713372615
0.01420265016
0.01015867272
0.008398881435
0.008073255512
0.007894119295
0.01127878685
0.9950142019
0.9927000231
0.01462917882
0.007369682445
0.007369989348
0.007370158245
0.007370347284
0.007370542146
0.007370729233
0.007370907091
0.007371089693
0.007371272827
0.00737142279
0.007371533342
0.007371665353
0.007371828714
0.007371957777
0.007372023912
0.007372106083
0.007372372197
0.007372645533
0.0107426109
0.9951778932
0.9943876749
0.00979742102
0.007372387205
0.007647883904
0.009602495789
0.982629457
0.9939621612
0.9938855352
0.9865051702
0.01059974764
0.007983002914
0.007372780725
0.008119102612
0.0140056912
0.9851740669
0.9887998849
0.9917230742
0.9925231484
0.9936011593
0.9943329319
0.9949941867
0.9951760694
0.9933676814
0.9855800737
0.01236070887
0.01524215532
0.9888789438
0.01318215431
0.007376266334
0.007609413201
0.00991264108
0.9885128238
0.9955335524
0.0305708445
0.008536862849
0.007372243381
0.007372309043
0.007371633099
0.00788803823
0.01433717511
0.9944370566
0.995986828
0.996744873
0.9974025915
0.9972946366
0.9929821324
0.01005293606
0.007373261561
0.007372268503
0.007372270821
0.007372393243
0.007372230898
0.007371820977
0.007371527575
0.007371462747
0.007374632856
0.009614952664
0.9618588494
0.9944095826
0.9963115125
0.9929640076
0.01097653921
0.007756442956
0.007371377167
0.007371814104
0.007371694539
0.007371691891
0.007371741191
0.007371768261
0.007371752665
0.007371690109
0.007371594784
0.007371486678
0.007371383648
0.007371298961
0.007371242273
0.007371214052
0.007371213226
0.007371215205
0.007371212835
0.007371872328
0.008923670894
0.9316204266
0.992002453
0.994849602
0.995389723
0.9955373185
0.995334242
0.9948521497
0.9945269348
0.9944842193
0.9926717236
0.9931376536
0.9925153598
0.9650101196
0.9470762543
0.01448568083
0.9207661656
0.9943148026
0.9940103124
0.01462918071
0.007369680845
0.007369976262
0.007370129526
0.007370304764
0.007370490736
0.007370677081
0.007370860709
0.007371045842
0.007371227659
0.007371390325
0.007371535117
0.007371691236
0.007371858568
0.007372002573
0.007372111698
0.007372226977
0.007372417947
0.007372571342
0.007372358077
0.01054741119
0.995057839
0.9945218739
0.009921006741
0.007371758235
0.007371162328
0.007892600979
0.0108855845
0.9881055651
0.9939612912
0.9932143442
0.9809568843
0.01119831648
0.01021410085
0.9820375448
0.9924744582
0.9862167521
0.01122980596
0.01093691079
0.9796056157
0.9932804153
0.9944675252
0.9941634065
0.9938604574
0.993344755
0.9928092083
0.9911964585
0.9774538887
0.009662945372
0.007373328611
0.008695623119
0.7230595556
0.9911716451
0.9680529917
0.009216111514
0.007374508193
0.007372006063
0.007371969532
0.007371712617
0.007371350262
0.007371711239
0.009154523853
0.983548289
0.9958983192
0.9969538248
0.9971834208
0.9970228297
0.99600188
0.01871350339
0.008268210697
0.007371763001
0.007372499908
0.007372710224
0.007372147358
0.007371734949
0.007371698468
0.008571625384
0.02487842692
0.9951812132
0.9948519586
0.9951083149
0.02388224442
0.00850174503
0.007371334801
0.007371697616
0.007371884174
0.007371797511
0.007371722361
0.00737170169
0.007371694057
0.007371669828
0.007371617705
0.007371542131
0.007371454494
0.00737136677
0.007371289003
0.007371228186
0.007371185274
0.007371157742
0.007371137139
0.007371127984
0.007371138013
0.007370947463
0.007670357297
0.009798817348
0.979792459
0.9931756149
0.9952725584
0.9951228338
0.9940472885
0.9925604326
0.9913710757
0.9899744143
0.9885133202
0.9893460955
0.981682534
0.9490080611
0.9748034428
0.9802271649
0.9927267804
0.9927994549
0.01462918249
0.007369680613
0.00736996899
0.007370111254
0.007370276084
0.007370455134
0.007370640437
0.007370828019
0.007371017433
0.007371204254
0.007371380847
0.007371549632
0.00737172414
0.007371901383
0.007372063012
0.007372204677
0.007372346076
0.007372505995
0.0073726072
0.007372512133
0.007372186542
0.01038609555
0.9949384741
0.9946503988
0.01005255715
0.007371821677
0.007371891999
0.007371638446
0.008083479793
0.0117284306
0.9910793494
0.9931812077
0.991158025
0.9905954604
0.9877019147
0.9929473534
0.01743199102
0.008425047166
0.007372452491
0.007971396258
0.01163932456
0.9889553732
0.9926871942
0.9929729806
0.9917296189
0.9923557473
0.9934303579
0.9882250423
0.9669626458
0.01141734668
0.01269356337
0.9881433274
0.9901452822
0.01321488032
0.007776751797
0.007371883414
0.007371803163
0.007371713821
0.007371537407
0.007371326589
0.007371312668
0.00737112738
0.007857295862
0.01388676573
0.9947441284
0.9966186646
0.997089977
0.9971551143
0.9965685893
0.9915039213
0.0107577651
0.007780727022
0.007373172884
0.007373102038
0.007371954447
0.007977761291
0.0113170682
0.9930927275
0.9963111156
0.9943559782
0.9589486345
0.009555576701
0.007374253797
0.007371555408
0.007371631831
0.007371761836
0.007371732928
0.007371690232
0.007371658401
0.007371634495
0.007371603666
0.007371556411
0.007371493338
0.007371420838
0.007371347123
0.007371279971
0.00737122556
0.007371187006
0.00737116609
0.00737116379
0.007371188169
0.007371241053
0.007371211998
0.007371034847
0.00737096152
0.007893305097
0.01065294998
0.9890162935
0.9952472106
0.9949215549
0.9917064006
0.9882112076
0.9851901572
0.9823585915
0.9783737291
0.9681767947
0.8997624273
0.9256388562
0.9823443594
0.9909580525
0.9899968012
0.01462918418
0.007369681177
0.007369965517
0.007370100442
0.007370258212
0.007370432597
0.007370617202
0.007370807668
0.007371001445
0.007371194611
0.007371383111
0.007371568665
0.007371756961
0.00737194448
0.007372120785
0.007372282623
0.007372435073
0.007372574123
0.007372645803
0.007372577896
0.00737238158
0.007372003845
0.01023700609
0.9948158668
0.9947756862
0.01019588873
0.007372431488
0.007372834298
0.007372812956
0.007373093696
0.008420085517
0.01817009409
0.9914449908
0.9947011058
0.9938322046
0.9703232105
0.01024719076
0.007375644143
0.007373223076
0.007372423683
0.007371846034
0.008588640666
0.9182075304
0.9923913269
0.9923139121
0.9913715958
0.9926513643
0.9911426404
0.9889570147
0.9897472937
0.9861192706
0.9897950927
0.817163501
0.008786463478
0.007371879618
0.007371994372
0.007371885313
0.007371696089
0.007371516993
0.007371368558
0.007371334096
0.007371275794
0.007371126564
0.007371597272
0.00928038295
0.9893977797
0.9967488905
0.9971127642
0.9965080903
0.9958441913
0.9932883942
0.9722820039
0.009615119577
0.007377864999
0.00787777454
0.01012736922
0.9814385979
0.9943564829
0.9959208758
0.9900508727
0.009853733278
0.00757957725
0.007371565245
0.007371308044
0.007371423332
0.007371569245
0.007371617654
0.00737162172
0.00737160745
0.007371584069
0.007371551619
0.007371507476
0.007371452574
0.007371391212
0.007371329432
0.007371273441
0.007371228879
0.007371199747
0.00737118955
0.007371200845
0.00737123752
0.007371290785
0.007371302309
0.007371252147
0.007371319048
0.007371483577
0.007371569715
0.008141765665
0.01470657228
0.9941034942
0.992274169
0.9864183637
0.9829679757
0.9827342866
0.9824767339
0.9809462242
0.9779884683
0.976095094
0.9815246258
0.9881500509
0.9809957352
0.01462918578
0.007369682174
0.007369964543
0.007370094941
0.007370248557
0.007370420419
0.007370604965
0.007370797638
0.007370994931
0.007371193272
0.00737139013
0.007371586337
0.007371783551
0.007371978212
0.00737216352
0.007372335221
0.007372488765
0.007372611064
0.007372664717
0.007372612089
0.00737245432
0.007372201049
0.007371822716
0.01009746264
0.9946876896
0.9948951814
0.01038407688
0.007373141412
0.007373254564
0.007372996248
0.008282900003
0.01358623597
0.9910280711
0.9936984137
0.993857914
0.9757597677
0.008894741666
0.007373150313
0.007372993102
0.007372590882
0.007372413033
0.007372225733
0.00778194331
0.01211774615
0.9914853669
0.9916909762
0.9928244851
0.9928103264
0.9927794188
0.9936825397
0.9908013947
0.9763235438
0.01029806779
0.007643698752
0.007371711124
0.007371875555
0.007371823158
0.00737168306
0.007371526505
0.007371402042
0.007371342957
0.007371280318
0.007371219911
0.007371389286
0.007371337288
0.008007641346
0.01902279433
0.996433744
0.9963610009
0.9954445213
0.9946191912
0.9939212972
0.9944478077
0.0268099871
0.01164451992
0.9462933731
0.987807739
0.9932293197
0.99381446
0.01714185985
0.008153335112
0.007371105506
0.007371718946
0.007371558732
0.007371510802
0.007371548363
0.007371573776
0.007371580054
0.00737156918
0.007371545884
0.00737151249
0.007371469861
0.007371419933
0.007371366168
0.00737131338
0.00737126652
0.007371230593
0.007371209235
0.007371205911
0.007371221507
0.007371256119
0.007371297344
0.007371316677
0.007371311007
0.007371379838
0.007371536408
0.007371790972
0.00737206616
0.007372793456
0.0102945216
0.9880206241
0.9868226357
0.9845258882
0.9873145167
0.9890786273
0.9900777083
0.990500568
0.9898387423
0.9874223901
0.9881839444
0.9617089463
0.01462918719
0.007369683252
0.007369965084
0.00737009321
0.007370245208
0.007370416534
0.007370601782
0.007370796168
0.007370995637
0.007371196773
0.007371397788
0.007371599044
0.007371799963
0.007371996978
0.00737218527
0.007372359735
0.007372509222
0.007372617411
0.007372657279
0.007372611783
0.00737248095
0.007372279333
0.007372032426
0.007371666481
0.009982350389
0.9945501469
0.9949689987
0.01111650022
0.0073735277
0.008065894128
0.01121390603
0.9882423254
0.992209065
0.9911238867
0.9896824371
0.984240052
0.9134991902
0.007893221513
0.007373003267
0.007372658863
0.007372392351
0.007372249174
0.007372542099
0.008388212639
0.01515758983
0.9893421515
0.9924457091
0.9938887704
0.9948249563
0.9954191796
0.9940732897
0.9714056191
0.008608028842
0.007371666688
0.007371978215
0.007371995517
0.00737185278
0.007371704219
0.007371557906
0.007371442165
0.007371376051
0.00737133134
0.007371326959
0.007371455409
0.007371551792
0.007371587849
0.007373152787
0.01121633283
0.9932767465
0.994369031
0.9928367753
0.9923451566
0.9946287561
0.9961908376
0.995176193
0.9919635873
0.9911250299
0.9917982722
0.9576654239
0.009302121622
0.007372669313
0.007371415649
0.007371682602
0.007371641724
0.007371583029
0.007371561706
0.007371556759
0.007371552448
0.007371539238
0.007371515292
0.007371481677
0.007371440059
0.007371393116
0.007371344049
0.007371297167
0.007371256403
0.007371226374
0.007371209742
0.00737120984
0.007371225218
0.007371254773
0.007371284118
0.007371302603
0.007371302871
0.007371352946
0.007371456479
0.007371711017
0.007371968813
0.007372242462
0.00737222386
0.01018123117
0.9779689951
0.9866029767
0.9905994605
0.9923518103
0.9934234787
0.9940045521
0.9936003392
0.9893034288
0.986204226
0.0390258793
0.0146291882
0.007369684034
0.007369966325
0.007370094195
0.007370246969
0.007370419702
0.007370606494
0.00737080223
0.007371002336
0.007371203359
0.00737140415
0.007371605287
0.007371804574
0.007371998448
0.007372184092
0.007372356836
0.007372499984
0.007372596826
0.007372623805
0.007372575402
0.007372449096
0.007372277737
0.007372123614
0.007371888209
0.007371537645
0.01006462256
0.9940819306
0.9945937299
0.01348943806
0.01148300617
0.985410488
0.9925383833
0.9912794835
0.9778296091
0.01194678497
0.01316694599
0.9908585535
0.01217307558
0.007372688654
0.007372691555
0.00737208967
0.007371469478
0.007968123057
0.01040447494
0.9777393889
0.9846056727
0.9886483548
0.9920839577
0.994248804
0.9949089643
0.9937340402
0.9884496545
0.01021201076
0.007371455287
0.007371789733
0.007371888723
0.007371806293
0.007371684835
0.007371562897
0.007371463
0.007371401933
0.007371370061
0.007371382162
0.007371455764
0.007371503731
0.00737154657
0.007371775475
0.007371934236
0.009237923405
0.9856567699
0.9895426066
0.9882401318
0.9923950501
0.9957889667
0.9969763097
0.9964826173
0.993241433
0.9889148748
0.01241456126
0.007771318119
0.007371813647
0.00737145084
0.007371558934
0.007371577115
0.007371572332
0.0073715582
0.007371545626
0.007371534302
0.00737151754
0.007371491936
0.007371457562
0.007371415956
0.007371370177
0.007371323141
0.007371279243
0.007371241424
0.007371214617
0.007371200287
0.007371202802
0.007371217918
0.007371247918
0.007371272855
0.00737129771
0.007371300574
0.007371337984
0.007371367364
0.007371628475
0.00737180799
0.007371722513
0.007953952202
0.009954391228
0.9302583281
0.9857071289
0.9913605493
0.9930870923
0.9941357991
0.9947582151
0.9945220391
0.9905851555
0.9735809541
0.02658873684
0.01462918853
0.007369684121
0.007369967593
0.007370097263
0.007370253347
0.007370429548
0.007370618805
0.00737081569
0.007371014913
0.007371212765
0.007371409065
0.007371605523
0.007371797853
0.007371982662
0.007372160493
0.007372328806
0.007372463616
0.007372552821
0.007372571653
0.007372517003
0.007372363348
0.007372175221
0.007372102437
0.007371937381
0.007371653992
0.007371438946
0.01067848573
0.9908467858
0.9927579674
0.9905975503
0.9929463072
0.9922889282
0.9800896599
0.01018436836
0.008120742025
0.007749852642
0.9419040177
0.9862694097
0.008759340285
0.007372458627
0.007372036016
0.007964287625
0.0101560047
0.9655423132
0.9820192238
0.9809614767
0.9750439669
0.9848128683
0.9890047322
0.9912553767
0.9905194255
0.9897433372
0.9711617394
0.0080064873
0.007371553568
0.007371721798
0.007371713592
0.007371640613
0.007371547769
0.007371465213
0.007371417587
0.007371403599
0.007371435719
0.007371495432
0.007371564313
0.007371744682
0.007371979517
0.00737222103
0.007372407637
0.008961440093
0.9811105591
0.9887661068
0.9930597554
0.9961539584
0.9974537401
0.9975485925
0.9958937409
0.9811717461
0.009144555909
0.007372230846
0.007372096431
0.007371717441
0.007371609557
0.007371571456
0.007371562298
0.007371553043
0.007371540331
0.00737152515
0.007371504604
0.007371476046
0.007371439574
0.007371396323
0.007371349756
0.007371302091
0.007371258492
0.007371220578
0.007371194864
0.007371180788
0.007371187313
0.007371204166
0.007371243901
0.007371278722
0.007371330204
0.007371345568
0.007371458406
0.007371403962
0.007371694415
0.007371626443
0.007951614588
0.009836987498
0.8811483901
0.972451239
0.9815155366
0.9891935282
0.9915282677
0.992892373
0.9938614177
0.9939353183
0.9920569659
0.9859778372
0.02651914721
0.01462918788
0.007369683125
0.00736996837
0.007370102186
0.007370264546
0.007370446525
0.007370639201
0.007370837247
0.007371034244
0.007371225975
0.007371413978
0.007371602298
0.007371782268
0.007371951255
0.00737211676
0.007372280254
0.007372401735
0.007372484165
0.007372506746
0.007372475489
0.007372278751
0.00737201223
0.007372021702
0.007371888855
0.007371538037
0.008015419906
0.009997291092
0.9785021532
0.9944801187
0.9954912258
0.9943070513
0.9868902327
0.01066202364
0.007941508585
0.007371991524
0.007371791301
0.008386597992
0.9806608642
0.9733041492
0.007953416607
0.008313640087
0.0110578799
0.9814446179
0.990008942
0.9898974016
0.9886857491
0.9856084842
0.9874707857
0.9857146285
0.9470184062
0.9828775333
0.9879022339
0.9875580129
0.0100528683
0.007371150349
0.007371525872
0.007371604124
0.007371586205
0.00737152377
0.007371453071
0.00737141751
0.007371424046
0.007371489606
0.007371529742
0.007371580132
0.007371874974
0.007372209665
0.007372512691
0.007373938437
0.00880293906
0.01498711046
0.9901437249
0.9935155441
0.9958027742
0.9972034521
0.9974827054
0.9964212333
0.9922440133
0.01085664092
0.007371841707
0.007371868444
0.007371666449
0.007371592798
0.00737155267
0.007371545108
0.00737154221
0.007371534689
0.007371520366
0.007371498023
0.007371466386
0.007371426844
0.007371380179
0.007371330919
0.007371279852
0.007371234149
0.00737119258
0.007371166693
0.00737115011
0.007371162375
0.007371184886
0.007371243536
0.007371291056
0.007371427088
0.007371443799
0.007371712767
0.007371836577
0.007374448406
0.008501668642
0.0109995997
0.9634246989
0.9807222568
0.9795112452
0.9740412527
0.982922166
0.986313746
0.9877731833
0.9897272492
0.9907068386
0.9899823768
0.9901855046
0.04586951858
0.01462918591
0.007369680736
0.007369968368
0.007370109146
0.007370281465
0.007370471847
0.00737066877
0.007370868238
0.007371061789
0.007371244687
0.007371421858
0.007371601015
0.007371762652
0.007371906776
0.007372055729
0.007372219601
0.007372318037
0.007372383135
0.007372407219
0.007372470838
0.007372300483
0.007371916179
0.007372078091
0.007371998557
0.008156250767
0.01083314369
0.964894288
0.9850978257
0.9942248351
0.995673241
0.9939149809
0.01338784509
0.00821017253
0.007372162603
0.007372078094
0.007371771998
0.007371504151
0.01107308254
0.9894195501
0.01683474242
0.01660013364
0.9911418806
0.9936045381
0.9943314753
0.9930111512
0.9923143108
0.9900910141
0.9244327775
0.01280822392
0.009811148091
0.8392667995
0.9898687524
0.9917674842
0.9653224889
0.007866029563
0.007371427956
0.007371564928
0.007371569102
0.007371518516
0.007371439749
0.007371396334
0.007371399023
0.007371510033
0.007371505358
0.007371351539
0.007371497285
0.007371459443
0.007650291195
0.0090802034
0.01612488415
0.9909055993
0.9915019966
0.9931521583
0.9941701236
0.9958486706
0.9963849615
0.9955624453
0.9942811617
0.9899976468
0.008390301854
0.00737175565
0.007371591031
0.007371564107
0.007371541458
0.007371537176
0.007371537042
0.007371533236
0.007371520534
0.007371497296
0.007371462284
0.007371418877
0.007371366913
0.007371313341
0.007371255349
0.007371205789
0.007371155491
0.007371126831
0.007371104413
0.007371120231
0.007371132186
0.007371227338
0.007371208923
0.00737135777
0.007371329493
0.007371870157
0.007797947536
0.009814323317
0.02266397073
0.9915970736
0.9909471259
0.9885300523
0.9814196724
0.976586749
0.9783450989
0.9782280017
0.9731640356
0.9738715972
0.981130705
0.9858953716
0.9899083044
0.9774320668
0.01462918238
0.007369676865
0.007369967728
0.007370118818
0.007370305717
0.00737050726
0.007370708861
0.007370910581
0.007371099022
0.007371269848
0.007371436446
0.007371612101
0.007371747977
0.007371852132
0.007371979367
0.007372156964
0.007372220248
0.007372247723
0.007372215363
0.007372397694
0.007372378734
0.007372140647
0.007374645274
0.008722170207
0.01257292399
0.9880135384
0.9900129339
0.9895534879
0.9910700609
0.990807286
0.9884488284
0.01119312149
0.007372356168
0.007372494874
0.007372232474
0.007372566279
0.007903135872
0.009268389863
0.9747567906
0.9913067206
0.9946869175
0.9954803152
0.9956564055
0.994827114
0.9922292852
0.9810438285
0.01428472393
0.009252699162
0.00785204509
0.00737308825
0.009105113481
0.9916517108
0.994280513
0.9912951577
0.01022878231
0.007371355564
0.007371603453
0.007371611975
0.007371554988
0.007371452564
0.007371385197
0.007371334742
0.007371491232
0.007371522267
0.007371291972
0.007371640787
0.007953286517
0.009853745081
0.7056896757
0.9927110431
0.9936965492
0.9925017424
0.9924856952
0.9938381182
0.9948232166
0.9944978971
0.9924478792
0.9941128831
0.9951699736
0.0155454494
0.007372180336
0.007371528681
0.007371539487
0.007371523869
0.007371527895
0.00737153302
0.007371534662
0.00737152485
0.00737150169
0.007371462963
0.007371415526
0.007371355943
0.007371297638
0.007371228166
0.007371172452
0.007371108366
0.007371073611
0.007371028018
0.0073710679
0.007371011304
0.00737110545
0.007371044517
0.00737135912
0.007709680479
0.008983137369
0.01412113517
0.9818158421
0.9949834721
0.9955967816
0.9941094964
0.990810872
0.9867815086
0.9842466253
0.9815717527
0.9768133695
0.9425703143
0.9209554369
0.8553082153
0.981919382
0.9915911337
0.9855939185
0.01462917733
0.007369671948
0.007369967405
0.007370132632
0.007370339829
0.007370554334
0.007370759982
0.007370967174
0.007371147689
0.007371299132
0.0073714581
0.00737165313
0.00737175837
0.007371790467
0.007371883074
0.0073721006
0.00737207805
0.007372060599
0.007371814098
0.007371893142
0.007371566239
0.007661588693
0.009479281804
0.02331148282
0.9935676909
0.9944815955
0.9926630095
0.987226759
0.9854926955
0.01502537091
0.966724378
0.9724138767
0.008139812169
0.007373911768
0.007894645792
0.009400021844
0.01448022876
0.9747229709
0.9873870879
0.9942189103
0.9957621574
0.9959230909
0.9950991162
0.9931753393
0.6267328613
0.009865694757
0.00801058168
0.007373126836
0.007372608874
0.007372447665
0.00737204758
0.01323511967
0.9945867405
0.9947837085
0.987243443
0.008103341879
0.007371709884
0.007371746681
0.007371656001
0.007371500324
0.007371442946
0.007371254374
0.00737134653
0.007371087119
0.00762086525
0.008756091
0.01339008895
0.9857555199
0.9926726718
0.9945095575
0.9942174495
0.9929056972
0.9921999629
0.9922326572
0.9919218527
0.02054533374
0.01375039669
0.9940848434
0.9960836403
0.9940702203
0.009302366678
0.007371336562
0.007371460924
0.007371460069
0.007371495673
0.00737151999
0.007371535751
0.007371532666
0.007371511427
0.007371467786
0.007371417499
0.007371347652
0.007371284431
0.00737119947
0.007371137584
0.007371039409
0.007371019994
0.007370904818
0.007370943337
0.007370872269
0.007371140616
0.007686536562
0.008796017466
0.01290962092
0.9712472761
0.993513046
0.9954761189
0.9955804321
0.995587609
0.9940383
0.9927440446
0.9931155114
0.9915339492
0.9886756146
0.9861768381
0.9738885543
0.9737327361
0.9211650665
0.9421343797
0.9920901466
0.9899612709
0.01462917171
0.00736966759
0.007369969682
0.007370153257
0.00737038828
0.007370613275
0.007370818285
0.00737104152
0.007371213407
0.007371327738
0.007371476258
0.007371742984
0.007371838767
0.007371764937
0.007371772462
0.007372122937
0.007371977426
0.007371962636
0.007371795514
0.00737330402
0.008307825462
0.01032924154
0.9111208534
0.9943491898
0.9959115376
0.9951465495
0.9902881655
0.9167223209
0.01036059143
0.008413448118
0.01025883371
0.9803143586
0.01146998982
0.01058309125
0.01958851537
0.9848571622
0.9935329341
0.9944053911
0.9942047566
0.9957794813
0.9959400569
0.9946940027
0.9912104562
0.0154140293
0.009024012409
0.007652917031
0.007372247356
0.007372287315
0.007372366653
0.007372216367
0.0073715533
0.008091908797
0.9869346204
0.9947493562
0.9946574905
0.01337341598
0.007372074906
0.007371994781
0.007371887379
0.007371608239
0.007371642986
0.007371557755
0.007372921731
0.00819093902
0.01017497346
0.8236007778
0.9921621392
0.9950640541
0.9952488548
0.9954690473
0.9940323849
0.9925170036
0.989251934
0.8766542477
0.01103690112
0.008621146588
0.007376375226
0.01409842814
0.9954356206
0.9956109615
0.9856489156
0.007927538214
0.007371223659
0.007371322091
0.007371442595
0.00737150279
0.007371541909
0.007371547236
0.007371529149
0.007371477299
0.007371424635
0.00737134327
0.007371281073
0.007371158858
0.007371120958
0.007370948152
0.007370909401
0.007370786457
0.00737100699
0.007674523069
0.008723012551
0.01253188825
0.9652565747
0.9929001128
0.9952557825
0.995538459
0.9962610775
0.996033424
0.9956323141
0.9947906972
0.9937492237
0.9948751035
0.9956374269
0.9897622456
0.9787158167
0.7192271435
0.9143124501
0.01439282101
0.9151017891
0.9902534234
0.9900332313
0.01462916889
0.007369668207
0.00736997897
0.007370184458
0.007370460618
0.0073706832
0.007370868643
0.007371130158
0.00737130641
0.007371364307
0.007371467589
0.007371868849
0.007371992885
0.007371863664
0.007371741456
0.00737207521
0.007371699035
0.007372185358
0.007798847482
0.00949843905
0.01833619198
0.9897688521
0.9914062601
0.9934803869
0.993389086
0.986941153
0.01261908265
0.009448547233
0.009148246509
0.009576883716
0.01450861737
0.9897979971
0.9877633177
0.9868692086
0.9955433153
0.995949343
0.9952119324
0.9954252716
0.9945020647
0.9956463368
0.9950950418
0.9744060626
0.01062811207
0.008250833563
0.007373095613
0.00737253408
0.007372513786
0.007372289744
0.007372175619
0.007371990438
0.007371472271
0.007370979047
0.01019365813
0.9910162327
0.9941984451
0.9909850411
0.008971244083
0.007371843623
0.007372028616
0.007371605308
0.007371600813
0.007741765916
0.00944373532
0.01886363544
0.9913024795
0.9937535707
0.9950379125
0.9962123645
0.9954401578
0.9950611326
0.9924372933
0.9221087385
0.01195597528
0.008762025088
0.007703621398
0.007373161348
0.007373049629
0.007889932202
0.9841120109
0.9955882645
0.9956146854
0.01396915247
0.007371589544
0.007371331512
0.007371472249
0.007371520469
0.007371571281
0.007371575988
0.007371556493
0.007371491592
0.00737144267
0.007371328039
0.007371312135
0.007371122011
0.007371068793
0.007370892302
0.007371065253
0.007673521428
0.00867912643
0.01230608822
0.9606600805
0.9925941767
0.9951727987
0.995576431
0.9964150227
0.9963564151
0.9966967515
0.9960463507
0.9953053809
0.9943085535
0.9896440736
0.9722569317
0.02059063689
0.01277688045
0.009165186895
0.008646374157
0.008171770097
0.007962699796
0.01175744713
0.9917063209
0.9876519072
0.01462917767
0.007369683931
0.007370005144
0.007370229082
0.007370574465
0.007370770406
0.007370883632
0.007371202699
0.007371404441
0.007371434519
0.007371468861
0.00737193531
0.007371904644
0.007371900011
0.007372588761
0.007383907866
0.007983433088
0.009418369475
0.01465259955
0.9735038815
0.9933659101
0.9942017603
0.9920026021
0.9893811849
0.9769124447
0.01151948051
0.01158587553
0.01453757718
0.9236614847
0.970395965
0.9930442563
0.9951989374
0.9953155893
0.994833932
0.9956068097
0.9956759885
0.9945834604
0.9942851994
0.9915566714
0.9827078104
0.01845431628
0.009582126008
0.007663099061
0.007373017755
0.007372783494
0.007372640643
0.007372539605
0.007372209015
0.007372103168
0.007371947292
0.007371533582
0.007371158453
0.007893244231
0.9636997923
0.9912317892
0.9904073955
0.9785040276
0.008133093663
0.007372230555
0.007685416884
0.008680779035
0.01248793317
0.9728724468
0.9944934046
0.9961057857
0.9960545701
0.9962089139
0.996456885
0.9953813392
0.9823013239
0.01373519505
0.008861792855
0.007713700555
0.007372661555
0.00737326673
0.007373544766
0.007372896542
0.007371681192
0.009150651181
0.993846105
0.99639561
0.9938341175
0.009145877032
0.007371240654
0.007371496806
0.007371523887
0.00737160611
0.007371612635
0.007371594765
0.007371489142
0.007371491496
0.007371314088
0.007371303453
0.007371138419
0.00737147105
0.007729510223
0.008763558191
0.01237341529
0.957608572
0.9923366818
0.9950906861
0.9955651895
0.9964613493
0.9965125184
0.9969472054
0.996637459
0.9968420947
0.9962814311
0.9871703106
0.7022087376
0.0116952588
0.008590421751
0.007841678291
0.007381912139
0.007379394356
0.007377619639
0.007376250266
0.007374600103
0.01071402946
0.9938697437
0.9894430704
0.01462923672
0.007369729521
0.007370071575
0.007370292021
0.00737073849
0.007370872764
0.007370850489
0.007371147041
0.007371199461
0.007371224171
0.007371550848
0.007373526145
0.007716023443
0.008017982109
0.009134388455
0.01463863065
0.04856674463
0.9889409908
0.9941977771
0.9947437445
0.9933172247
0.9920153145
0.9802976997
0.9790158793
0.025765484
0.967082517
0.9812876401
0.9942716212
0.9941455459
0.9928549599
0.9934175964
0.9951402069
0.9958322257
0.9960874693
0.996126171
0.9955917629
0.9827146179
0.7993251321
0.01225951433
0.008973328431
0.00791095592
0.007375707216
0.007375177219
0.007374576474
0.007373567201
0.007372980093
0.007372605485
0.007372159612
0.007372078779
0.007371988309
0.007371620534
0.007371349252
0.007371409368
0.01054914075
0.9850502935
0.9854303721
0.9902738777
0.01553110955
0.008799161791
0.01113200038
0.8243789104
0.9915143425
0.9944388403
0.9950338107
0.9961443515
0.9950860285
0.9941608115
0.9930857878
0.02549482114
0.009939822064
0.007804879183
0.007372688944
0.007372852019
0.007373022121
0.007373369254
0.007373555179
0.007372885581
0.007371996935
0.007371813345
0.01397924646
0.9956172868
0.9955818071
0.9841423048
0.00789388757
0.007371439996
0.007371497207
0.00737167047
0.007371648017
0.007371664642
0.007371473901
0.007371472991
0.007371323363
0.007371825595
0.007784283326
0.009059795479
0.01371884727
0.9689795162
0.9923448537
0.9949952428
0.9954907595
0.9964382102
0.9965275869
0.9969872152
0.9967162226
0.9969049956
0.9962311798
0.9913442432
0.02797662078
0.01100227215
0.008042511161
0.007645327463
0.007384688065
0.007385831161
0.007383690007
0.007382436343
0.007380350607
0.007377630051
0.007374796429
0.009749362363
0.9916942427
0.9878275058
0.0146295914
0.007369843335
0.007370183598
0.00737044227
0.007370905006
0.007370746176
0.007370828347
0.007372019604
0.007668670605
0.007958234727
0.008902050635
0.01243240506
0.02129984277
0.976925608
0.9874163224
0.9946882808
0.9973063242
0.9969901777
0.9960126439
0.9956833474
0.9940289181
0.9916064867
0.9863113935
0.9811503393
0.9910913339
0.9928917107
0.9920722386
0.9933005644
0.9943720944
0.9945850496
0.9936669164
0.9928594857
0.9931468577
0.9930103772
0.9906129998
0.02299708342
0.01068849597
0.00805859288
0.007655909651
0.007376195768
0.00737703385
0.007376644959
0.007376204539
0.007375448243
0.007374341475
0.007373643706
0.007373233132
0.007372577342
0.007372089939
0.007371743928
0.007371552374
0.00737174914
0.007372684718
0.008862773667
0.9680171105
0.9814736549
0.9874069158
0.9876016453
0.9629113984
0.9842328729
0.992146864
0.9941470499
0.9953200439
0.9953890057
0.9955894465
0.9934980927
0.9338838621
0.01058034833
0.008403199738
0.007375822103
0.007373389176
0.007373179167
0.00737325816
0.007373402129
0.007373382475
0.007373330039
0.007372851785
0.007372308416
0.007372143074
0.007929939292
0.9856376015
0.9955694815
0.9954824784
0.01409494014
0.007372181935
0.007371690941
0.007371926878
0.007371734583
0.007371661678
0.00737145022
0.007371970903
0.007802728392
0.009225923481
0.01483342716
0.9788438724
0.9936639813
0.9952373994
0.9952935893
0.9962991011
0.9964602032
0.9969820972
0.9967453469
0.9969498348
0.9962977262
0.9913819163
0.02516413411
0.01037872613
0.008032275966
0.007394851064
0.007393937821
0.007395959678
0.007392060567
0.00739004878
0.007386305312
0.007382789953
0.007379932613
0.007377218082
0.007374420753
0.009221646484
0.9875402945
0.9837286467
0.0146331116
0.007370241685
0.007370253714
0.007370999922
0.007378455175
0.007811880577
0.008318744891
0.01102334001
0.01778722978
0.9779331854
0.9871506885
0.994462739
0.9970899571
0.9969925508
0.996521368
0.9968199037
0.9970944135
0.9971612861
0.9964656506
0.9958317114
0.9948658333
0.9937214784
0.9923772168
0.9920304837
0.9921723432
0.9938135675
0.9924103507
0.9913915605
0.99093198
0.9935153058
0.9938033124
0.9877662461
0.9750515837
0.9800387751
0.01107473511
0.008098301353
0.007377640207
0.007375943593
0.007377263049
0.007376639591
0.007376221222
0.007375847033
0.007375179382
0.007374620915
0.007374050186
0.007373810332
0.007374081916
0.007375415427
0.007380145656
0.007771625205
0.007967246746
0.008634927524
0.01061657766
0.01454231571
0.9819391679
0.9889901677
0.9920139866
0.9929469953
0.9918404911
0.990824494
0.9927431212
0.994456361
0.99426714
0.992758272
0.9900485858
0.01628205885
0.009078282296
0.007635376043
0.007372456128
0.007372976942
0.007373254107
0.007373290738
0.007373263004
0.00737335518
0.007373351357
0.007373237065
0.007372879647
0.007372514722
0.007372798755
0.007373006902
0.009384660989
0.9939787885
0.9959961306
0.9944048515
0.01026923959
0.007371909104
0.007372194879
0.007371800838
0.007372218743
0.007811124202
0.009261677862
0.01511075663
0.9805850163
0.9941118613
0.9954807474
0.995570601
0.9961798972
0.996094504
0.9967971024
0.9966928244
0.9969744306
0.9963769867
0.9916626706
0.0262579111
0.01043706401
0.008031079272
0.00740725764
0.007408326854
0.007408816301
0.007405341059
0.00740185535
0.007395599788
0.007390391055
0.00738598139
0.00738236149
0.007379448268
0.007376992766
0.007374487417
0.008870721504
0.9788380175
0.9762053621
0.01665675756
0.00782972199
0.008039096386
0.009144329582
0.01437722095
0.05006621636
0.9900434308
0.9936993594
0.9969420545
0.9971408645
0.9968939593
0.9971958978
0.9975082106
0.9977231471
0.9975276796
0.9974495748
0.997278279
0.9970099159
0.9967219897
0.996358093
0.9957923497
0.995224853
0.9946700482
0.9943210491
0.993948967
0.9931560837
0.9916604321
0.9883227906
0.9782459669
0.9736535836
0.02478238217
0.01670255547
0.01300419075
0.01269117518
0.01151640068
0.009240315428
0.009440059712
0.009570623399
0.009705242799
0.009850238208
0.0100072362
0.01017774682
0.01036378899
0.01057243217
0.01082215107
0.01116230176
0.011739841
0.01314412192
0.02050893318
0.03140159561
0.9654753515
0.9652510227
0.9874299082
0.9940599633
0.9941736297
0.9942851802
0.9949748757
0.9954884172
0.9952918034
0.9945665201
0.9946629554
0.9949832754
0.9934741103
0.8780912389
0.01012509155
0.008158822771
0.007373187694
0.007372783418
0.007373240657
0.007373339067
0.007373174163
0.007373096245
0.007373133407
0.007373257402
0.007373343239
0.007373327429
0.007373152256
0.00737279225
0.007372806147
0.00737323695
0.007375478485
0.01834059651
0.994772043
0.9933996554
0.9888632337
0.009160922174
0.007373643179
0.007888647797
0.009385002413
0.01538304857
0.9806850268
0.9941260973
0.9954590999
0.9955084551
0.9960362217
0.9959157031
0.9961245555
0.9963247341
0.9968849368
0.9964960554
0.9920745959
0.02840136385
0.01058009161
0.008068572888
0.007427865602
0.007430980328
0.007432828819
0.007426040278
0.007417659269
0.007409045432
0.007401875349
0.007395101309
0.007389701127
0.007385348472
0.007381959756
0.007379234067
0.007377039399
0.00737486539
0.008626807182
0.9536701168
0.9631263604
0.9834965739
0.03122959206
0.9888018555
0.9927596247
0.9964106603
0.9979985281
0.998017518
0.9977761573
0.9979246078
0.99809688
0.9980043323
0.9979853178
0.997939031
0.9978886361
0.9978693176
0.9977988782
0.9975992014
0.9973387707
0.9970993471
0.9968695599
0.9965559062
0.9962296402
0.9959129821
0.9956199148
0.9952370481
0.9946263165
0.9937550191
0.9926702468
0.9913794394
0.9903868647
0.9927364447
0.9945158679
0.9940588027
0.9941490948
0.9935326532
0.9927958676
0.9930841313
0.9936784093
0.994137586
0.9945322516
0.9948846349
0.9952037387
0.9954951564
0.9957643658
0.9960180716
0.9962649263
0.9965160807
0.9967871854
0.9971103805
0.9976347018
0.9966504102
0.9947154478
0.9940590765
0.9939055167
0.9944403264
0.9945996363
0.9951423292
0.9954877079
0.9954291695
0.9949665401
0.9937313517
0.991472544
0.0181979598
0.009231112196
0.007643030181
0.007372808752
0.007372942965
0.007373065968
0.007373131672
0.007372938402
0.007372633661
0.007372490162
0.007372569481
0.007372739274
0.007372909022
0.007373070368
0.007373272463
0.007373915814
0.00737594156
0.007813165484
0.008246338087
0.01173810992
0.9920863591
0.9909258971
0.9880747943
0.9614935703
0.01148875
0.01865399738
0.9836237969
0.994185235
0.9953901327
0.9953802728
0.9958675051
0.9956037123
0.9955547881
0.995534158
0.9950918234
0.9941983387
0.9933659917
0.04407793418
0.01108349275
0.008143278909
0.00745826399
0.007464550179
0.007470392152
0.007459556292
0.007445618942
0.007431232851
0.007418511694
0.007408236825
0.007400376627
0.00739385753
0.00738881192
0.007384841186
0.00738179371
0.00737938285
0.007377469162
0.007375708281
0.008728295195
0.9261442513
0.9330990414
0.9942388975
0.997489714
0.9980512968
0.9980419228
0.9983049887
0.9984990363
0.9986156458
0.9985186864
0.9984771715
0.9984292604
0.9984139474
0.9983841689
0.9982994352
0.99820702
0.9981391568
0.9980595926
0.9979036138
0.9977058381
0.9975169904
0.997341076
0.997146827
0.9969474012
0.9967493954
0.9965505625
0.996313092
0.9960193288
0.9957225355
0.9955131012
0.9954666948
0.9956167235
0.9958313698
0.996521088
0.9967330613
0.9968096133
0.9967570473
0.9965974742
0.9965503197
0.996669335
0.9968058819
0.9969341671
0.9970538492
0.9971657346
0.9972700405
0.9973662207
0.9974526259
0.9975257243
0.9975786565
0.9975988313
0.9975648264
0.9974513082
0.9972497692
0.9963098652
0.9954457428
0.9945553651
0.99399504
0.9940687287
0.9940499104
0.9936744586
0.9932789232
0.9920355739
0.9883908769
0.01179046009
0.008370616502
0.007374656609
0.007373817661
0.00737387396
0.007373895784
0.007375432524
0.007379767809
0.007752645184
0.007897325254
0.008231190284
0.008500869871
0.008783129485
0.009071108595
0.009398180874
0.009849773815
0.01075106295
0.0144040065
0.01946077394
0.88573532
0.967014594
0.9898763864
0.9923679948
0.9912621186
0.9889820613
0.9869884051
0.9950638288
0.995442867
0.9951574928
0.9956819143
0.9954164105
0.9953458209
0.9953031186
0.994569927
0.9938473367
0.9906436417
0.8209419373
0.01063068655
0.008588670115
0.007516389336
0.007512330447
0.007525443315
0.007510716168
0.007489544993
0.00746751698
0.007447141167
0.00743015746
0.007416938545
0.007406614765
0.00739878271
0.007392632859
0.007387985167
0.007384414857
0.007381734329
0.007379691315
0.007378076755
0.007375997356
0.008488673496
0.6470633533
0.941866809
0.9968410837
0.9983674113
0.9987996448
0.9988528502
0.9988873923
0.9988801538
0.9988538826
0.9988345793
0.9988002771
0.9987375845
0.9986877422
0.9986399128
0.9985615801
0.9984707594
0.9983855507
0.9982933543
0.9981686543
0.9980224548
0.9978779974
0.997741861
0.9976067159
0.9974755411
0.997348307
0.9972230082
0.9970907652
0.9969572745
0.9968532292
0.9968104746
0.9968396957
0.996919862
0.9969936536
0.9970794976
0.9972370443
0.9973505999
0.9973616378
0.997291229
0.9972290446
0.9972372959
0.9972830992
0.9973392077
0.9973956926
0.9974493828
0.9974983688
0.9975402021
0.9975708642
0.9975837538
0.9975685131
0.9975100306
0.9973900738
0.9972025761
0.9969777453
0.9967175827
0.9962444664
0.9955841905
0.9949490579
0.9943339259
0.9931742837
0.9900582892
0.9809860197
0.9614296902
0.01394593864
0.01052723621
0.009079524677
0.009511964981
0.009975950967
0.01056030282
0.01140152754
0.01305232513
0.02028157807
0.0288075359
0.9548752358
0.934799052
0.977600324
0.985614272
0.9894317579
0.9916041076
0.9930675303
0.9941824921
0.9951638134
0.9963767057
0.9948116293
0.9917452594
0.9930010705
0.9944029634
0.9948980294
0.994833194
0.9944027069
0.9946989551
0.9950740818
0.9948636192
0.9949998022
0.9951537363
0.9944601452
0.9939182039
0.9909261444
0.9140591171
0.01169577556
0.008744747007
0.007868302315
0.007594431267
0.00762351879
0.007585655041
0.007553558148
0.007523471981
0.007493303196
0.007466711226
0.00744539118
0.007428275978
0.007415236418
0.007405098075
0.007397457784
0.007391631898
0.007387362101
0.00738412773
0.007381740598
0.007379970278
0.007378949666
0.0073776394
0.008531964678
0.918637525
0.9533835062
0.9979342321
0.9989114859
0.9990851838
0.999159633
0.9991722146
0.9991397494
0.9990927985
0.9990516549
0.9990105082
0.9989531037
0.9988938814
0.9988327065
0.9987584424
0.9986751853
0.9985896593
0.9984981878
0.9983929373
0.9982792753
0.9981670432
0.9980609409
0.9979609269
0.9978686906
0.9977838581
0.9977053769
0.9976318947
0.997568912
0.9975291517
0.9975216988
0.9975444885
0.9975823165
0.9976116494
0.9976365814
0.9976865276
0.997745105
0.9977591747
0.9977260434
0.9976826125
0.9976597161
0.9976563645
0.9976642853
0.9976760027
0.9976874202
0.9976959117
0.9976986925
0.9976917992
0.997669386
0.9976234869
0.997545165
0.9974297057
0.9972899421
0.9971610511
0.9970439147
0.9968493556
0.9965362813
0.9961917231
0.9957898284
0.9951126389
0.9938153326
0.9916179804
0.988774612
0.9903934403
0.9922026848
0.9927142722
0.993759471
0.9948099638
0.9955974857
0.9962085314
0.996696257
0.9971151394
0.9976350592
0.9966650432
0.994917741
0.9945630241
0.9946662536
0.9949744671
0.9952962552
0.9955572945
0.9957143231
0.9957186911
0.9955277618
0.9952100499
0.9939469083
0.9940815548
0.9950567478
0.9957030939
0.9958570222
0.9956482113
0.9954583217
0.994809192
0.9949630091
0.9943668492
0.9940234865
0.9914145699
0.9355368788
0.01221206462
0.008956679148
0.008056605322
0.007726644612
0.007812941839
0.007737796185
0.0076643205
0.007603073606
0.007561303215
0.007524649448
0.007492609919
0.00746512555
0.007443609641
0.007426685662
0.007414084928
0.007404064267
0.007396612893
0.007391044769
0.007387148919
0.007384215837
0.007382066353
0.007380449087
0.007379973437
0.007381150713
0.007881954734
0.8827602431
0.04388166381
0.9986330269
0.9992453855
0.9993257118
0.9993521159
0.999346064
0.9993112968
0.999263281
0.9992143178
0.9991646217
0.9991084248
0.9990482474
0.998983826
0.9989120886
0.9988345911
0.9987534677
0.9986678245
0.9985762799
0.9984824867
0.9983915371
0.9983066342
0.9982293941
0.9981613719
0.9981027204
0.9980530239
0.9980121537
0.9979826407
0.9979687045
0.9979717998
0.9979882073
0.9980091049
0.9980242526
0.9980347612
0.998051394
0.9980696035
0.9980697788
0.9980459913
0.9980110228
0.9979783849
0.9979514462
0.9979296775
0.9979105351
0.9978915573
0.9978708113
0.9978463796
0.9978158181
0.9977759108
0.9977230796
0.9976552295
0.9975761262
0.9975011307
0.9974510893
0.9974200551
0.9973665776
0.9972751035
0.9971696851
0.9970474559
0.9968720656
0.9966387841
0.9964360487
0.9963921868
0.9964420692
0.9967767489
0.9968900299
0.9969931848
0.997166889
0.9973321169
0.9974644435
0.9975490314
0.9975653097
0.9974980094
0.9973647899
0.9966463882
0.9961799092
0.9958672734
0.9957093288
0.9956249018
0.9955396835
0.9953800937
0.9950753633
0.9946121013
0.9941964854
0.9941968401
0.9944844367
0.9950329949
0.9955771159
0.9957757622
0.9956193893
0.9958045453
0.994820155
0.9944458975
0.99248634
0.9550916857
0.0126162105
0.009003782061
0.008087095583
0.007870455204
0.008076585132
0.007965136235
0.007901263713
0.0078053073
0.007697450562
0.007604632172
0.007567686464
0.007528505252
0.007493507127
0.007464648326
0.007442765426
0.007425874452
0.007414079205
0.007403996916
0.007396622369
0.007391159846
0.007387645571
0.007384950929
0.007383129236
0.00738143093
0.007381270431
0.007383324186
0.00738558767
0.01687852334
0.9708066843
0.9991318581
0.9994741533
0.9994953314
0.9994899118
0.9994669369
0.9994293153
0.9993829074
0.9993332875
0.9992815325
0.9992259444
0.9991667286
0.9991030793
0.9990340176
0.9989604625
0.9988835171
0.9988034739
0.9987211246
0.9986394527
0.9985619516
0.9984912677
0.9984292881
0.9983774513
0.9983361939
0.9983053285
0.9982845568
0.998274253
0.9982747939
0.9982848501
0.9983007994
0.9983172422
0.9983289503
0.9983354535
0.9983399298
0.9983402703
0.9983291389
0.9983039789
0.9982691351
0.9982301984
0.9981899106
0.9981495601
0.9981091127
0.9980679313
0.9980253278
0.9979807371
0.9979337277
0.9978841564
0.9978327507
0.9977824222
0.997740218
0.9977178661
0.9977249878
0.9977546244
0.9977857307
0.9978094762
0.9978303373
0.9978452705
0.9978461732
0.9978355093
0.9978302761
0.9978416085
0.9978426662
0.9978027829
0.9977502224
0.997696199
0.9976543879
0.9976167101
0.9975680505
0.9974929534
0.9973754095
0.997216871
0.9970671351
0.9969436176
0.996699949
0.9963941459
0.9961200636
0.9958658557
0.9956028612
0.9952952286
0.9949198058
0.9945218324
0.9942732985
0.994299569
0.9944262366
0.9945505199
0.9947505608
0.9948784425
0.9950336666
0.9953126853
0.9930655427
0.9780718648
0.01385860864
0.009030502817
0.007861356251
0.007651753652
0.007868010516
0.008037772267
0.008019660061
0.00790304227
0.007829167671
0.007749382305
0.007703979348
0.007631169201
0.007576433244
0.007520784082
0.007482513609
0.007450506452
0.007430863491
0.007416981888
0.00740726943
0.007399716154
0.007393410045
0.007388734184
0.007385465385
0.007383708914
0.007382064104
0.007381201911
0.007379873578
0.007382305512
0.007385182986
0.01312091195
0.9890316935
0.9995113434
0.9996368343
0.9996129427
0.9995850501
0.9995513608
0.9995117123
0.9994676435
0.9994206565
0.9993708778
0.9993175617
0.9992603446
0.9991985016
0.999131642
0.9990604103
0.998985764
0.998908743
0.9988311295
0.9987558622
0.998686089
0.9986244268
0.9985728516
0.9985326559
0.9985042373
0.998487322
0.9984812677
0.9984852671
0.9984978918
0.9985164491
0.9985371068
0.9985556787
0.9985688888
0.9985758137
0.9985766982
0.9985697557
0.9985519079
0.9985224816
0.9984836251
0.9984380761
0.9983877969
0.9983342306
0.9982781281
0.9982197542
0.9981592681
0.998097143
0.9980346137
0.9979742365
0.9979205949
0.9978809257
0.9978648552
0.9978816471
0.9979339211
0.9980121761
0.9981007001
0.9981901986
0.9982768655
0.9983554559
0.9984209319
0.9984713462
0.9985051909
0.9985156602
0.9984880097
0.9984110073
0.9982949646
0.9981619073
0.9980156242
0.9978549496
0.9976794195
0.9974903024
0.9972985291
0.9971361298
0.9970488062
0.9970158407
0.9969140936
0.9966849662
0.9963869491
0.9960439965
0.995666505
0.9952728526
0.9949113511
0.9946756862
0.9946484495
0.9947374519
0.9946606173
0.9941401922
0.9928824099
0.9905083252
0.9881146286
0.9893823144
0.0193297799
0.01103490342
0.009246156916
0.008820079054
0.0090606494
0.009141809342
0.009320883388
0.009315786881
0.009616058378
0.009158022408
0.009324609136
0.00906504074
0.009326506482
0.008629062178
0.009004253001
0.008269120439
0.008318770442
0.008759339482
0.009210729714
0.008488546469
0.00891573485
0.008826255595
0.009240725934
0.009151593343
0.009148542766
0.008849888704
0.009266189564
0.009061052169
0.009063998137
0.009597094152
0.008436645819
0.01122502114
0.9738041091
0.9990925148
0.9995307311
0.9993689763
0.9992729873
0.999194221
0.9991162143
0.9990344351
0.9989478609
0.9988552256
0.9987548902
0.9986459843
0.9985270756
0.9983973574
0.9982579049
0.9981106018
0.9979578867
0.9978038681
0.9976549169
0.9975178817
0.9973985926
0.9973014103
0.9972290551
0.9971822277
0.9971601027
0.9971609579
0.9971825188
0.997221118
0.9972706224
0.9973227565
0.9973689287
0.9974027604
0.9974221755
0.9974270777
0.9974141958
0.9973781775
0.9973177645
0.9972364627
0.9971389503
0.9970287888
0.9969089186
0.9967812175
0.9966466015
0.996505617
0.9963594216
0.996211118
0.9960675087
0.9959411629
0.9958518614
0.9958248732
0.9958823659
0.9960281254
0.9962384889
0.9964767671
0.996717846
0.9969489736
0.9971581145
0.9973358396
0.9974779122
0.9975792403
0.997623998
0.9975845769
0.9974379854
0.9971912019
0.9968762308
0.9965069389
0.9960788568
0.9955913545
0.9950598754
0.9945424587
0.9941650402
0.9940547403
0.9941343693
0.9941106613
0.9938018868
0.9932396774
0.9924755564
0.9915614513
0.9905893395
0.9897588357
0.9893828492
0.9896474048
0.9902372426
0.9904574113
0.989566996
0.9861352377
0.9731535142
0.9238630507
0.03355522846
0.02978639331
0.9712263034
0.02875687569
0.9512651201
0.2419284881
0.9298716244
0.1169219519
0.9461253908
0.04814828087
0.9525795856
0.08480837352
0.9324394442
0.2315519259
0.9042953047
0.4414364874
0.8235420411
0.3017191387
0.7198811264
0.4070648212
0.7611798779
0.4644870498
0.8050828221
0.6272336066
0.7145167603
0.5856838898
0.7737363946
0.6344110081
0.6283591415
0.5194881601
0.6167672897
0.5214031637
0.8072759347
0.06417025708
