0.9993930274
0.9995425696
0.9993503432
0.9992510105
0.9991748092
0.9991011239
0.9990212984
0.9989311728
0.9988290414
0.9987149341
0.998589549
0.9984536455
0.9983085985
0.9981569235
0.9980016445
0.9978454092
0.9976905155
0.997539747
0.9973973313
0.9972692356
0.997162099
0.9970813473
0.9970299557
0.9970082753
0.9970141531
0.9970427953
0.9970856046
0.9971288024
0.9971552163
0.9971495212
0.9971056875
0.9970441604
0.9970093295
0.9970400778
0.9971419827
0.9972793911
0.9973983672
0.9974584542
0.9974466456
0.9973686533
0.9972372759
0.9970679277
0.9968806062
0.9967043279
0.9965789229
0.9965477105
0.996636441
0.9968318256
0.9970825251
0.9973239401
0.9975063727
0.9976125933
0.9976445069
0.9975993602
0.9974912061
0.997343249
0.9971696745
0.9969749935
0.9967586846
0.9965177798
0.9962476962
0.9959420375
0.9955919957
0.9951887398
0.9947468174
0.9943736392
0.9942666216
0.9944484293
0.9947070496
0.9948651346
0.9948728108
0.9947438014
0.994504012
0.9941732878
0.9937625401
0.9932784822
0.9927413099
0.9922261924
0.9919007571
0.9919728161
0.9924627813
0.9931126166
0.9936069398
0.9937051427
0.9931471861
0.9913081182
0.9852947566
0.9661667447
0.03002772875
0.02268748156
0.9245714549
0.02789037657
0.9334840478
0.02551493034
0.9300626328
0.02816171054
0.9315562117
0.0336174579
0.9287567089
0.03826984733
0.9234701472
0.04774592834
0.9355567971
0.02587133278
0.9505813384
0.04225350733
0.9298100398
0.05393174005
0.9073133632
0.05898392418
0.9064260192
0.08502456984
0.8932015127
0.06349593267
0.9079754744
0.01902997724
0.9033640029
0.392566456
0.8982167114
0.04392620146
0.1125856172
0.9992612277
0.9997150278
0.9996597244
0.9996087566
0.999564971
0.9995226725
0.9994785882
0.9994306937
0.9993778942
0.9993199638
0.9992570382
0.9991892561
0.999117067
0.9990415469
0.9989640557
0.9988857345
0.9988075168
0.9987305405
0.9986566105
0.9985883781
0.9985288738
0.9984806302
0.998445179
0.9984231445
0.9984144989
0.998418644
0.9984336609
0.9984547183
0.9984735548
0.998480638
0.9984692245
0.9984450338
0.998427013
0.9984339419
0.9984718921
0.998527807
0.9985774646
0.9986016524
0.998594349
0.9985584122
0.9984990339
0.9984215379
0.9983323618
0.998241445
0.9981642178
0.9981203279
0.9981256619
0.9981822112
0.9982772812
0.998388432
0.9984834844
0.9985456274
0.9985733456
0.9985630069
0.9985208658
0.9984622216
0.9983946347
0.9983207366
0.9982412176
0.9981559977
0.9980645895
0.9979659297
0.9978574639
0.9977329822
0.9975811933
0.9974044558
0.9972796715
0.9972591908
0.9972862734
0.9972924509
0.9972559435
0.9971795092
0.9970702276
0.9969339628
0.9967734983
0.996587542
0.9963717029
0.9961299147
0.9959073335
0.995801979
0.9958766049
0.9960668703
0.9962461141
0.9963096834
0.9961792858
0.995749777
0.9947466005
0.9925975049
0.9892330242
0.9676658189
0.01070597502
0.009146966622
0.009230604708
0.009416426896
0.0105109944
0.01107735373
0.009901686777
0.009632810453
0.009220531968
0.009432975947
0.009235640328
0.009373409983
0.009284321583
0.009001950198
0.008898978523
0.009252631381
0.009059154851
0.009274428737
0.00915525542
0.009240751869
0.009235212
0.009153814309
0.009152365629
0.009090457497
0.009048384117
0.009220795863
0.009096062787
0.00960198638
0.009143008176
0.0153267562
0.9523713557
0.9988044937
0.9995024435
0.999559137
0.9995381569
0.9994990076
0.9994538323
0.9994050051
0.9993523345
0.9992953263
0.9992341974
0.9991690978
0.9990996176
0.9990258
0.9989488505
0.99887023
0.9987906297
0.9987102
0.9986294062
0.9985497896
0.998474221
0.9984060405
0.9983476493
0.998300127
0.9982640372
0.9982404489
0.9982318092
0.9982408647
0.998266581
0.998300398
0.9983253423
0.998323627
0.9982990363
0.9982751367
0.9982756523
0.9983123349
0.9983697531
0.9984140951
0.9984219743
0.9983939647
0.9983420044
0.9982744747
0.9981932772
0.9980972801
0.9979879877
0.9978755446
0.9977809892
0.997726042
0.9977162499
0.9977464281
0.9978284084
0.9979486677
0.9980307461
0.9980725851
0.9980657194
0.9980279164
0.9979967841
0.9979755273
0.9979586684
0.9979435019
0.9979291505
0.9979152812
0.9979011977
0.997884593
0.9978587885
0.99780568
0.9976824873
0.9974650358
0.9973084897
0.9972121631
0.9971012967
0.9969687585
0.9968378814
0.9967204429
0.9966156731
0.9965161028
0.9964085048
0.9962695452
0.9960602131
0.9957529178
0.9954570996
0.9953347079
0.995391499
0.9955171999
0.9956298225
0.9957149334
0.9957595505
0.9956685639
0.995316752
0.9948421835
0.9944817028
0.9941207229
0.01889290898
0.009721882331
0.008922380601
0.01215459839
0.01103602135
0.009872962139
0.008764499458
0.008329065477
0.008174048934
0.008031106647
0.007982680832
0.007936601702
0.007924484213
0.007906668625
0.007893687292
0.007860596667
0.007847254178
0.007826054301
0.007819116323
0.007803172203
0.007792853181
0.007781604483
0.007771997637
0.007768221312
0.007770354996
0.007776911672
0.00777065255
0.007839573941
0.03230927497
0.9763037036
0.9982267047
0.9992575696
0.9993704864
0.999405918
0.9993896026
0.9993513002
0.9993033403
0.999248988
0.9991890375
0.9991252173
0.9990582838
0.9989867981
0.9989100131
0.9988298636
0.9987486756
0.9986665908
0.9985822072
0.9984945746
0.9984048326
0.9983168571
0.9982354879
0.9981634506
0.9981006963
0.9980464651
0.9980018925
0.9979732111
0.9979715979
0.9980052297
0.9980695971
0.9981390691
0.9981650485
0.9981457296
0.9981150342
0.9980964794
0.9981248128
0.998193818
0.9982466924
0.9982406713
0.9981811259
0.998097562
0.9980093602
0.9979169867
0.9978077152
0.9976649509
0.9974855693
0.9972938461
0.9971248659
0.9969771059
0.9968112914
0.9966735038
0.9968159889
0.9972523885
0.9973196304
0.9972942389
0.9972348994
0.9972587536
0.9973408584
0.9974404706
0.997541549
0.9976390436
0.9977315988
0.9978187812
0.9978999582
0.9979733717
0.9980337195
0.9980568986
0.9979294807
0.9972990036
0.9969868638
0.996744046
0.9965138947
0.9963370112
0.9962337683
0.9961917982
0.9961866912
0.9961922484
0.9961777679
0.9960911465
0.9958193216
0.9952400259
0.9947270947
0.99455963
0.9946856434
0.9949681761
0.9953457603
0.995765926
0.9960712822
0.9960944791
0.9958289923
0.9955564886
0.9960960815
0.9962618911
0.9932952983
0.0146428842
0.01082853259
0.01100935188
0.009199593036
0.008430149599
0.00821150618
0.00814232574
0.008060599197
0.007998507273
0.007946790598
0.00791623958
0.007895272023
0.007892211788
0.007873764639
0.007860401183
0.007836696934
0.007825392063
0.007806607953
0.007795871233
0.007782925816
0.007774595241
0.007769398817
0.007767009841
0.007764157197
0.0077662391
0.008278949165
0.03899663125
0.9933818134
0.9974431638
0.9989267839
0.9991122403
0.9991986078
0.9992164589
0.9991950388
0.9991560812
0.9991058242
0.9990460715
0.9989821926
0.9989164657
0.9988446166
0.9987639941
0.9986787782
0.9985940347
0.9985092634
0.9984200919
0.9983227275
0.9982174111
0.998110334
0.9980101412
0.9979206321
0.997838863
0.9977594971
0.997680027
0.9976090183
0.9975703958
0.9975931063
0.9976931729
0.997848804
0.9979811171
0.9980222633
0.9980279351
0.9980041686
0.9979564032
0.9979944144
0.9980513546
0.9980240983
0.9979105343
0.9977746088
0.997660461
0.9975693556
0.9974735782
0.9973262799
0.9970753502
0.9967347452
0.9963724319
0.9959694375
0.995297459
0.9939537295
0.9920312319
0.9936359179
0.9949417496
0.9945627778
0.9935573787
0.9938239498
0.9944277652
0.9950122397
0.9955212945
0.9959559848
0.9963276812
0.99664824
0.9969288744
0.9971819579
0.9974252349
0.997689259
0.9980005353
0.9973132755
0.9959952327
0.9956017836
0.9953888784
0.9953277735
0.9954009917
0.9955543439
0.995741681
0.995934761
0.9961175303
0.9962757472
0.996359615
0.9961061981
0.9944710812
0.9934499715
0.9932905196
0.9937599382
0.9944594387
0.9952322434
0.995927301
0.9962353364
0.9959755737
0.9954650355
0.9954073518
0.9959007923
0.996187363
0.9950525142
0.9897814423
0.0128797381
0.009292451407
0.008522996451
0.008305945797
0.008141158444
0.008046244232
0.007984747365
0.00794296677
0.00791418531
0.007891708318
0.007879161857
0.007862595696
0.007847852237
0.007829222635
0.007815387918
0.007800222986
0.007788984983
0.007778239531
0.007770426846
0.007764974118
0.007761531301
0.007759165013
0.007759112063
0.008768873959
0.9081791519
0.9459353055
0.996177422
0.9985103559
0.9987268015
0.9988811584
0.9989403463
0.9989435653
0.9989297141
0.9988980665
0.9988454488
0.9987881077
0.9987329702
0.9986670191
0.9985821941
0.9984885395
0.9983987167
0.9983121883
0.9982192272
0.9981101523
0.9979822278
0.9978455669
0.9977178659
0.9976071279
0.9975046329
0.9973932677
0.9972569985
0.9970978463
0.9969492132
0.996868917
0.9969424557
0.9972112577
0.9975852021
0.9980571921
0.9981473295
0.9981807204
0.9980884664
0.9976951919
0.997712982
0.9976716959
0.997464505
0.9972455748
0.9971217834
0.9970876025
0.9970896169
0.9970602443
0.9968905224
0.9964212429
0.9958286554
0.9952630472
0.9944447941
0.9926781758
0.9878902031
0.9793582784
0.0237648683
0.01725775357
0.0100106317
0.009745450626
0.01001746351
0.01030395982
0.01065212219
0.01105393784
0.01151721724
0.01205318877
0.01268499059
0.01346853845
0.01457355641
0.01665480542
0.0257565678
0.04521074719
0.9801977792
0.9758663552
0.9844580013
0.9875574779
0.9895285832
0.9909277422
0.9920060524
0.992892707
0.9936747149
0.9944358162
0.9952868409
0.9963193769
0.9950887257
0.9919067531
0.9896967323
0.9904010997
0.9916968158
0.9929172675
0.9942944618
0.9955401879
0.9959352287
0.9953282464
0.9951193057
0.9954718743
0.9958151426
0.9959415965
0.995808313
0.9941356215
0.980411683
0.0103502578
0.008075782647
0.008116808732
0.008049289865
0.007980242384
0.007938590681
0.007910742278
0.007889046043
0.007872518212
0.007855447794
0.007839617866
0.007822973247
0.007808880127
0.007795292136
0.007784338513
0.00777465414
0.007767194479
0.007761648325
0.007757809629
0.007755328183
0.007752788575
0.008989552275
0.2682827873
0.966396962
0.9893953667
0.9972010561
0.997951413
0.9981908352
0.9984866457
0.9984897046
0.9985322078
0.9985822546
0.9985570893
0.9985146943
0.9984936644
0.9984525641
0.9983649444
0.9982549533
0.9981538297
0.9980646659
0.9979716099
0.9978535655
0.9976971181
0.9975148293
0.9973422873
0.9972040375
0.997087551
0.9969499657
0.9967386001
0.9964242433
0.9960161101
0.9955280199
0.9950885451
0.9952196127
0.9961168649
0.9973943885
0.9981097928
0.997993467
0.9980515515
0.9972601946
0.9963815653
0.996764232
0.9964393275
0.996135008
0.99613613
0.9963378803
0.9966068588
0.9968828765
0.9971125878
0.9970875408
0.9960246883
0.9953562999
0.9951310875
0.994790349
0.994069164
0.9931520515
0.9924520809
0.9937874474
0.02292261616
0.01023039094
0.008079140011
0.007762439426
0.007751869048
0.00774374162
0.007739946206
0.007737784375
0.00773652055
0.007735736227
0.007735259376
0.007735255564
0.00773649937
0.007743229283
0.008202976871
0.008387037566
0.008774736112
0.009079482327
0.009325440426
0.009538929117
0.009743615376
0.009959948967
0.01021554325
0.01057524134
0.01125344929
0.01365527336
0.01821967243
0.9668114967
0.962347164
0.974777711
0.982937961
0.9852929612
0.9879860712
0.9902134374
0.9942209875
0.9952270381
0.9955273557
0.995637563
0.9958722039
0.996064088
0.9961697594
0.9961683931
0.9958872896
0.995607822
0.02913102474
0.009432619745
0.007938025401
0.00796778894
0.007941611316
0.00791092542
0.007888082302
0.00786910861
0.007851015392
0.0078341724
0.007818093515
0.007804112616
0.007791465091
0.00778090468
0.007771835156
0.007764533657
0.007758887542
0.007754775061
0.007752038888
0.007748332749
0.008667554553
0.9475805134
0.9752458812
0.01773302304
0.01146580947
0.02136128995
0.9922695242
0.9964931742
0.9974127117
0.997537452
0.9979718161
0.9982458651
0.998125102
0.9981555968
0.9982101735
0.9981366029
0.9979923362
0.9978578838
0.997745172
0.9976486595
0.9975414665
0.9973700505
0.9971291902
0.9968760706
0.996675788
0.9965591234
0.9964559469
0.9962121618
0.9957314906
0.994972629
0.9936784522
0.9908655566
0.9837392885
0.982262577
0.989448689
0.4596678722
0.05591373287
0.03558088945
0.03208134427
0.9813994338
0.9897292654
0.9906313183
0.9888225529
0.9903734387
0.9921746894
0.9936355106
0.99490329
0.9961313047
0.9973521807
0.9969417123
0.9954321857
0.995380579
0.9956091057
0.9954319614
0.9948490167
0.994537241
0.9951695093
0.9959292686
0.9950539813
0.97675668
0.01052969667
0.007748140443
0.007746677351
0.007742274759
0.007739474564
0.007737799159
0.007736626586
0.007735599137
0.007734633726
0.007733830339
0.007733106469
0.007732410866
0.007731349338
0.007731076053
0.007731202252
0.00773132296
0.007731421541
0.007731518175
0.007731625971
0.007731740591
0.007731848703
0.007732029565
0.007732577792
0.007734221276
0.009080555449
0.01341359627
0.9523322769
0.9757372835
0.9839255379
0.9805715921
0.9133017738
0.01176099122
0.01616209753
0.9916485907
0.994993436
0.9960924929
0.9962218169
0.9963543952
0.9964801711
0.9965911367
0.9970773584
0.997241869
0.9955836719
0.01770428599
0.009045842477
0.007873007379
0.007900848351
0.007889540092
0.007868113422
0.007848721891
0.007830825671
0.007814624277
0.00780068241
0.007788581569
0.007778388704
0.007769669159
0.007762349913
0.00775650215
0.007752052395
0.0077489086
0.007744706564
0.008923247079
0.8443156017
0.9490988347
0.01533709006
0.007730459294
0.007730771078
0.008175299412
0.00964254707
0.01642381846
0.986779366
0.9940452105
0.9972655859
0.9975495952
0.9974260505
0.9978132429
0.9980622467
0.9977897952
0.9975509483
0.9973341505
0.9971333068
0.9970732333
0.997025402
0.9967785966
0.9963978218
0.9959971002
0.9957554957
0.995865296
0.9958980796
0.9954521714
0.9947176061
0.9937507284
0.9919647396
0.9874996231
0.9821625931
0.02306890906
0.01408054267
0.009441803175
0.008484516373
0.007772422163
0.01283460078
0.9819697295
0.01173031498
0.009192434783
0.009261591687
0.009590805011
0.009970927087
0.0105337263
0.01172837423
0.01726521284
0.06203545774
0.9898565407
0.9913628842
0.9942029054
0.9950185219
0.9953946426
0.9942721934
0.9944320863
0.995583371
0.9965644544
0.996056986
0.9960395578
0.02719629417
0.008661056269
0.007739310223
0.007738246087
0.007736489132
0.007735378757
0.007734449896
0.00773363059
0.007733041582
0.007732712147
0.007732446347
0.007731880108
0.007731434574
0.007731333032
0.007731398363
0.007731504402
0.007731623321
0.007731757194
0.007731902743
0.00773198827
0.007731974068
0.007731732716
0.007733844272
0.01014355725
0.9314890354
0.9871025132
0.9890107584
0.9875128944
0.9764260037
0.01109135319
0.008403478839
0.007732412517
0.008717409007
0.01312381033
0.9917634696
0.9953963907
0.9963548016
0.9964273005
0.9965138246
0.9967427476
0.9971180552
0.9973363074
0.9967506813
0.9945418433
0.01552458625
0.008915009135
0.007837739855
0.007858835082
0.007848914945
0.007829412743
0.007812482248
0.007798363449
0.007786550564
0.007776670686
0.007768164674
0.007760671317
0.007754531031
0.007749681438
0.00774613818
0.007741700097
0.009053976129
0.96276278
0.9697577004
0.01533536256
0.007729081705
0.007729604106
0.007729427647
0.007729402931
0.007730211414
0.008124997723
0.008855943464
0.01228938907
0.02777433269
0.9905148747
0.9946932506
0.9974736717
0.9976851219
0.9973483745
0.9968614996
0.9962351571
0.9956990033
0.9965028498
0.9969308283
0.9962719425
0.9954203723
0.9942899219
0.9941254414
0.9957687391
0.9961686052
0.9952454731
0.9949653924
0.9949223346
0.9945281782
0.9943842255
0.9952553084
0.9949271894
0.9911147793
0.9867636221
0.03697047357
0.0382954835
0.9926673856
0.01184362184
0.007734457159
0.007732905714
0.007731797068
0.007731507293
0.007731577485
0.007731958308
0.007733373232
0.007745826392
0.01015274446
0.9534911029
0.9799063821
0.9866422059
0.9947611555
0.9949008889
0.9935310713
0.9948658438
0.9961924426
0.9966109731
0.9970048344
0.9968981966
0.9920230261
0.01045700092
0.007735702448
0.007735922352
0.007734996898
0.007734049993
0.007733239241
0.007732720515
0.007732475519
0.007732279522
0.007731917206
0.007731556213
0.007731339112
0.007731270807
0.007731283605
0.007731336051
0.007731412815
0.007731516722
0.007731606934
0.007731582412
0.007730867822
0.008603396952
0.01786376922
0.9922957062
0.9922289336
0.990859503
0.9844035498
0.01186185564
0.008601274537
0.007731850392
0.007731929235
0.007731266778
0.007730616236
0.008639443396
0.01332092628
0.9919951721
0.9953921075
0.9963501588
0.9965563082
0.9968353978
0.9970421146
0.9971247075
0.9970980212
0.9963574295
0.993948327
0.01536025596
0.008934571947
0.007809774518
0.00782215624
0.007811760149
0.007797072286
0.007785232275
0.007775688873
0.007767385814
0.007759589104
0.007753127214
0.007747794997
0.007743793112
0.007739306545
0.009367368141
0.9789391361
0.9755245071
0.01533498536
0.007728698254
0.007729214591
0.007729420164
0.007729565103
0.007729823788
0.007730056063
0.007730151429
0.007730747721
0.007733410708
0.008290691546
0.009145474933
0.01380391215
0.0800341484
0.9945775492
0.995244459
0.9950740968
0.9920579966
0.9913971285
0.9967860773
0.9966994703
0.9958298099
0.9934057587
0.9865136126
0.9906422391
0.9961061653
0.9957224356
0.9949511278
0.9956998761
0.996234083
0.9955160359
0.9954547812
0.9959175738
0.9953237101
0.9950995883
0.9964777832
0.9969705238
0.9942959474
0.01583364283
0.008216072751
0.007733432749
0.007732434613
0.007731677586
0.007731519186
0.007731579405
0.007731729918
0.007733970227
0.01280788171
0.9885704607
0.01482600156
0.009296779337
0.0110218868
0.01806209607
0.985423684
0.988589775
0.9943057151
0.995978613
0.9963155734
0.9964927819
0.9963163629
0.9954014992
0.01765936265
0.00834442968
0.007734368045
0.007734104459
0.007733183258
0.007732627156
0.007732379635
0.007732158488
0.007731862824
0.007731573763
0.007731352065
0.007731209193
0.007731132243
0.007731103168
0.007731079657
0.007731015991
0.007730880832
0.007731082503
0.007990308875
0.01077598416
0.9903061972
0.9951186347
0.9945676837
0.9905021506
0.01279845806
0.008698756049
0.007731728086
0.007731994639
0.007731816657
0.00773151164
0.00773102022
0.007730599209
0.007730467826
0.008626285561
0.01301595936
0.9914780292
0.9954454406
0.9966199418
0.9968559047
0.9969585513
0.9969429125
0.9968779255
0.9968786544
0.9962676803
0.9940791859
0.01551804372
0.008899404758
0.007784947598
0.007790971963
0.007784071279
0.007775274255
0.007767448293
0.007759142636
0.007752552153
0.007746646784
0.007741984575
0.007737499186
0.009784700366
0.9875658743
0.982992163
0.01533489227
0.00772858362
0.007729040326
0.007729308304
0.007729548256
0.007729800514
0.007730035869
0.007730219488
0.007730520304
0.007730951177
0.007731069845
0.007730809664
0.007731624941
0.007743596684
0.008864998476
0.01222102046
0.9877430628
0.9936137856
0.9899285147
0.01889209944
0.0457268075
0.9935633301
0.9946629687
0.9915348227
0.9690992628
0.01707206648
0.01959112176
0.9837311274
0.9902485563
0.9959397057
0.9960285998
0.9952866043
0.995607218
0.9948945544
0.9949507671
0.996084401
0.9971793468
0.996633081
0.9936561249
0.9794896093
0.01001927454
0.007733064562
0.007731774803
0.007731389988
0.007731358822
0.007731143958
0.008106372566
0.01734598331
0.9898028837
0.01168808586
0.007734447627
0.007733256239
0.008392317408
0.01423961676
0.9656655022
0.9811428406
0.9919912777
0.9956854399
0.9961839698
0.99619678
0.9967118701
0.9961904262
0.9858486085
0.009196637321
0.007733638408
0.007733515169
0.007732761432
0.007732459574
0.007732143222
0.007731830044
0.007731573225
0.007731365018
0.007731183603
0.007731039694
0.007730973622
0.007730934423
0.007730801072
0.007730352554
0.007732023719
0.009679729103
0.9430069945
0.9932852021
0.9948796605
0.992250648
0.01565589835
0.008843205692
0.007731483729
0.007731710936
0.007731764118
0.007731680346
0.007731473259
0.007731178075
0.007730858009
0.007730603827
0.007730404874
0.007730327411
0.008568016685
0.01295336148
0.9924079036
0.9959922514
0.9969264611
0.9968739801
0.9966913765
0.9966670387
0.9967584481
0.9968500872
0.996214851
0.9937779554
0.01482508089
0.008901787788
0.007763466256
0.007767411375
0.007767012923
0.007759133301
0.007752895308
0.007746895965
0.007740969948
0.00773640627
0.01037759735
0.991526483
0.9876762741
0.01533487304
0.007728546457
0.00772895391
0.007729208465
0.007729466375
0.007729720709
0.007729947433
0.007730142087
0.007730384102
0.007730689069
0.007730882504
0.007730860435
0.007730959584
0.007731203066
0.007731101698
0.00773070917
0.008571926974
0.01646529413
0.9954945881
0.9934062071
0.01003154565
0.009068643983
0.01617379511
0.9920318935
0.9920216032
0.9923987264
0.01648459808
0.01005013919
0.009149981925
0.01172101968
0.02058341978
0.9850970498
0.9929291011
0.9940934199
0.9933789158
0.9954257796
0.9967307981
0.9967687787
0.9957195901
0.9948287947
0.9944204125
0.01857342548
0.008792503878
0.007731004709
0.00773100982
0.007730915487
0.008715665983
0.9641942196
0.9692592293
0.008846352653
0.00773187526
0.007736282835
0.009936716236
0.9735904387
0.9825576163
0.8919596554
0.01109700325
0.01604403569
0.993462764
0.9954320531
0.9963156534
0.9964767319
0.995949663
0.9934380676
0.01276746321
0.00773748341
0.007733055044
0.007732686969
0.007732189446
0.007731810482
0.00773158459
0.007731407919
0.007731196963
0.00773097522
0.007730874408
0.007730907668
0.007730893281
0.007730062492
0.008607241833
0.01902578432
0.9941911592
0.9945377534
0.9929113492
0.5968513908
0.009416681102
0.007731984279
0.007731322075
0.007731416
0.007731468896
0.007731433077
0.007731332803
0.007731146648
0.007730920282
0.007730708463
0.007730544663
0.007730429168
0.007730344886
0.007730376486
0.008640058501
0.01417264998
0.9941121784
0.9966540277
0.9966773336
0.9963735277
0.9964622062
0.9965370231
0.996598707
0.9966403155
0.9958633195
0.9933603615
0.01754726445
0.009676340174
0.008267102183
0.007750647936
0.007747639562
0.007746185906
0.007743076565
0.007735971651
0.01152068307
0.9937060721
0.9906654122
0.01533487213
0.007728534012
0.007728908626
0.007729136027
0.007729382087
0.007729629263
0.007729856812
0.007730064383
0.007730290416
0.007730534224
0.007730712258
0.007730786926
0.007730906727
0.007731127517
0.007731286418
0.00773128126
0.007731427483
0.007732901633
0.01266289413
0.9953544357
0.9942014594
0.01018393533
0.007733276127
0.009511970956
0.9311247388
0.9927804615
0.9952868181
0.9920881643
0.01210674536
0.00842482056
0.007734650815
0.008321935648
0.00956971359
0.01389759982
0.9824666462
0.9909508561
0.9954888162
0.9961263383
0.9953321514
0.9947725488
0.9956675256
0.9958268284
0.9917638139
0.01239116643
0.008541442086
0.007733037113
0.01090524416
0.9909183989
0.01994954853
0.008173437245
0.007732352289
0.008772609894
0.0396930417
0.9953902417
0.986875064
0.01077095711
0.008395538583
0.007731809649
0.009559705874
0.9837935763
0.9958991737
0.9966964207
0.996626907
0.9969285215
0.9970506853
0.03690453809
0.00868396144
0.007732273361
0.007732128363
0.007731714312
0.007731588506
0.007731505592
0.007731274826
0.00773092329
0.007730687371
0.007730644095
0.007731009093
0.007963786749
0.01055210577
0.9907834513
0.9960938333
0.9948529074
0.9825086618
0.01026459275
0.008015887999
0.007731102661
0.007730936745
0.007731044016
0.007731153145
0.007731197174
0.007731162909
0.007731053859
0.00773089778
0.007730733399
0.007730589566
0.007730484644
0.00773043453
0.007730433999
0.007730457858
0.007730666898
0.008896668069
0.01910772592
0.9942916245
0.9951327416
0.9957442044
0.9959950534
0.9961332069
0.9961670272
0.9961156907
0.9960685986
0.9955731828
0.9930061182
0.9742855819
0.01544154565
0.01080325592
0.008851389592
0.008502537342
0.008301897205
0.01235106749
0.9952266066
0.9926885544
0.01533487488
0.007728529921
0.007728883785
0.007729086705
0.007729314582
0.007729550725
0.007729778727
0.00772999635
0.007730219667
0.007730443278
0.007730627531
0.007730765307
0.007730930264
0.007731143962
0.007731325653
0.007731414891
0.007731524483
0.007731873187
0.007732230364
0.01155273245
0.9952330902
0.9943430383
0.01033616363
0.007732298996
0.008062418569
0.01044429488
0.9864637956
0.9943803325
0.9941198638
0.9875202703
0.0114794161
0.008454221786
0.007732815521
0.008557135584
0.0154332959
0.9866615582
0.9898724986
0.9925810775
0.9932265181
0.9939792049
0.9945039242
0.9950633135
0.9952448004
0.9936037867
0.9870629002
0.01347824094
0.01563061829
0.9877904575
0.01406774902
0.007736356755
0.007977251603
0.01042632045
0.9880717433
0.9954572585
0.03499183991
0.008986168526
0.007731488476
0.007731597138
0.007730824565
0.008304566046
0.015833854
0.9946294703
0.9960721957
0.9967933526
0.9974263765
0.9973202562
0.9932272638
0.01073022731
0.007732883149
0.007731552287
0.007731560899
0.007731717708
0.00773154706
0.007731072758
0.007730724922
0.007730647988
0.007735052639
0.01023009979
0.9680105585
0.9945453532
0.9963959808
0.9933783448
0.01196074822
0.008186704603
0.007730499995
0.007731145461
0.007730996748
0.007730974673
0.007731024059
0.007731054261
0.007731034917
0.007730959868
0.007730845567
0.007730716138
0.007730593022
0.007730492312
0.007730425122
0.007730392263
0.007730391614
0.007730393595
0.007730384213
0.007731284686
0.009473669499
0.9523954154
0.9923907061
0.9950302696
0.9955257213
0.9956568503
0.9954517176
0.9949749668
0.9946416934
0.9945820233
0.9928523197
0.9932931777
0.9926921983
0.9682922035
0.9540589975
0.01562627803
0.9415570521
0.9944489502
0.9939873193
0.01533487785
0.007728528954
0.007728869968
0.007729054312
0.007729265896
0.007729491534
0.007729718676
0.007729943221
0.007730169765
0.007730392353
0.007730592471
0.007730772265
0.007730968172
0.007731184746
0.00773137804
0.007731521777
0.007731672773
0.007731920974
0.007732127649
0.00773185175
0.01128329219
0.9950897163
0.9945054287
0.01050376644
0.007731887471
0.007731217059
0.008374752106
0.01204877193
0.9895041185
0.9942427417
0.9935994722
0.9847271466
0.01256102539
0.01108086244
0.9844659896
0.9930998793
0.9879812574
0.01226986981
0.01201587484
0.9834328202
0.9936669849
0.9946213965
0.9942847503
0.99402952
0.9936171293
0.993162038
0.9914946245
0.9783234173
0.01029697533
0.007732904795
0.009103130575
0.811528847
0.9914486986
0.9712885707
0.009779028452
0.007734525367
0.007731254378
0.00773121698
0.007730924429
0.007730495476
0.007730982404
0.009724850587
0.985097375
0.9959916141
0.9969978953
0.9972160191
0.9970605253
0.9960839774
0.02126034495
0.008725406367
0.007730965771
0.007731825548
0.007732115307
0.007731465495
0.007730971832
0.007730947915
0.009072188332
0.02989901369
0.9952939374
0.9949718946
0.9952697842
0.0293169928
0.009022550347
0.007730532568
0.007730906203
0.007731209017
0.007731121679
0.007731022767
0.007730988051
0.007730973663
0.007730941955
0.00773087813
0.0077307868
0.007730681412
0.007730576231
0.007730483314
0.007730410843
0.007730360026
0.007730327478
0.00773030327
0.007730292577
0.00773030469
0.007730070884
0.008063758965
0.01048192034
0.9826919798
0.9935359406
0.9954452844
0.9952895353
0.9942629172
0.9928468564
0.9917112315
0.9904073913
0.9890694569
0.9898226438
0.9827296323
0.9537423755
0.9765418758
0.9814653716
0.9928546448
0.9927351692
0.01533488052
0.007728529391
0.00772886269
0.007729033944
0.00772923319
0.007729450615
0.007729676552
0.007729905897
0.007730137752
0.007730366621
0.007730583561
0.007730792039
0.007731009553
0.007731234766
0.007731443682
0.007731624932
0.007731804814
0.007732007218
0.00773213675
0.007732021582
0.00773159241
0.01105889442
0.9949452516
0.9946612858
0.01068416968
0.007731935922
0.00773219813
0.007731482091
0.008547321039
0.01268419947
0.9912759956
0.9934280781
0.9920445668
0.9917705044
0.9891160523
0.9936070822
0.0208616688
0.0089365895
0.007731962739
0.008423486655
0.01271058861
0.9896445008
0.992797153
0.9930869021
0.9919917261
0.9926171082
0.9936441039
0.9890431564
0.9734352565
0.01227644146
0.0131439225
0.9876699735
0.9905839176
0.01450665305
0.008183382227
0.007731164528
0.007731048929
0.007730940568
0.007730736154
0.007730486813
0.007730462675
0.007730242378
0.008268691352
0.01524619574
0.9948996099
0.9966721195
0.9971264557
0.9971913213
0.9966282007
0.991918799
0.01154779624
0.008183694254
0.00773261838
0.007732629539
0.007731243806
0.008411597138
0.01224773987
0.9933975889
0.9963854955
0.9945220722
0.9671830066
0.01020492194
0.007734718964
0.007730795068
0.007730851005
0.007731047282
0.007731030101
0.007730981402
0.007730939346
0.007730906712
0.007730866929
0.007730808509
0.007730731784
0.007730644205
0.00773055549
0.007730474914
0.007730409778
0.007730363803
0.007730338946
0.007730336381
0.007730365531
0.00773042839
0.0077303894
0.007730172817
0.007730085883
0.008319760261
0.01149756712
0.9899743497
0.9954441017
0.9951207627
0.9921287811
0.9889327346
0.9862190451
0.9836996533
0.9802625436
0.9715687574
0.9248655562
0.9413278034
0.9835381255
0.9912044292
0.9900106044
0.01533488293
0.007728530579
0.00772885957
0.007729022064
0.007729212898
0.007729424758
0.007729649885
0.007729882734
0.007730119882
0.007730356261
0.007730586878
0.00773081416
0.007731046005
0.007731279497
0.007731500964
0.00773170333
0.007731892869
0.007732063414
0.007732146886
0.007732053533
0.007731799878
0.007731308523
0.01085359373
0.9947963534
0.9948127963
0.01088231621
0.007732600193
0.007733106481
0.007732745866
0.007732862326
0.008844305914
0.02001378391
0.9918433081
0.9950014571
0.9942389394
0.97714591
0.01115788703
0.007736430498
0.007732858837
0.007731848232
0.007731128799
0.009073949183
0.9347007652
0.9923906589
0.9924004791
0.9915839407
0.992837727
0.9915184258
0.9896066542
0.9902316438
0.9862747869
0.9895924344
0.8696961811
0.009297445211
0.007731200641
0.00773129478
0.007731155319
0.007730931537
0.007730720996
0.007730543405
0.00773049561
0.007730418412
0.007730232345
0.007730832741
0.009858205996
0.9899917121
0.9967952906
0.9971475117
0.9965640759
0.9959310947
0.9935325595
0.9763307026
0.01024730041
0.007739173668
0.008295495569
0.01084631055
0.9836689218
0.9945472937
0.996008897
0.9906151186
0.01051122891
0.007960423158
0.00773081091
0.007730492218
0.007730613862
0.007730810733
0.007730881864
0.007730892938
0.007730876819
0.007730847488
0.0077308068
0.007730752366
0.007730685399
0.007730611001
0.007730536351
0.007730468844
0.007730415182
0.007730380139
0.007730367841
0.007730381334
0.007730425178
0.007730488712
0.007730501069
0.007730440807
0.00773052368
0.007730722107
0.007730831058
0.008597976321
0.0164717258
0.994412228
0.9927040084
0.9874733209
0.9844692552
0.9841682642
0.9838328401
0.9823279287
0.9794548603
0.9779531367
0.9828482364
0.9886561701
0.9815100598
0.01533488516
0.00772853215
0.007728859135
0.007729016152
0.007729201944
0.007729410732
0.00772963579
0.007729871311
0.007730112657
0.007730354834
0.007730594174
0.007730831811
0.007731070845
0.007731308267
0.007731535709
0.007731746614
0.007731934757
0.007732081576
0.007732137245
0.007732052728
0.007731832201
0.007731498311
0.007731020581
0.01066375655
0.9946408273
0.9949572106
0.01113717533
0.007733219281
0.007733194841
0.007732714733
0.008807163457
0.01552679384
0.9918103591
0.994038464
0.9941716577
0.9788981072
0.009408473706
0.007732834624
0.007732571981
0.007732044182
0.007731782533
0.007731517486
0.008172170411
0.01289045197
0.9915212342
0.9917864633
0.9929333027
0.992968902
0.9929631778
0.993814256
0.9911009024
0.9792378095
0.01106099236
0.008035117075
0.00773099162
0.007731172535
0.00773109524
0.007730926446
0.007730739424
0.007730588785
0.007730513229
0.007730433016
0.007730354802
0.00773054612
0.007730482112
0.008432147611
0.02156003928
0.9964889503
0.9964174025
0.9955391261
0.994759307
0.9941121693
0.9946254053
0.03284847574
0.01260778448
0.9596908756
0.9885935155
0.993446185
0.9939852611
0.01916832031
0.008596116463
0.007730245854
0.007730984759
0.007730792422
0.007730728683
0.007730784991
0.007730824629
0.007730838363
0.007730828343
0.007730801133
0.007730760591
0.007730708573
0.007730647768
0.007730582449
0.007730518412
0.007730461582
0.00773041795
0.007730391865
0.007730387481
0.007730405845
0.00773044706
0.007730496164
0.007730518868
0.007730512495
0.007730597721
0.007730791082
0.007731103927
0.007731430802
0.007732418318
0.01108641737
0.9891445942
0.9879568039
0.9859713667
0.9882578291
0.9897265953
0.9905444557
0.990835109
0.9901766567
0.9880297182
0.9887595923
0.9647795367
0.01533488718
0.007728533796
0.007728860345
0.007729014439
0.007729198049
0.007729406025
0.007729631902
0.007729869535
0.007730113555
0.007730358558
0.007730601002
0.007730841253
0.007731080145
0.007731315188
0.007731541367
0.00773175246
0.007731934687
0.007732065629
0.007732106163
0.007732027543
0.007731827546
0.007731532819
0.007731206415
0.007730795968
0.0105043627
0.9944743969
0.9950573372
0.01202108391
0.007733440863
0.008541777767
0.01238069145
0.9899297912
0.992857447
0.9917388572
0.9903464207
0.984845887
0.9262845785
0.008294449319
0.007732580759
0.007732129158
0.007731769142
0.007731565447
0.007731869977
0.008841396046
0.01638691392
0.9894897941
0.9925213287
0.9939553779
0.9948861677
0.9954758875
0.9942267664
0.9760337425
0.009140387919
0.007730952596
0.007731326108
0.007731333772
0.007731145699
0.0077309603
0.007730781663
0.007730639941
0.007730556718
0.007730498902
0.007730488412
0.007730633962
0.007730742032
0.007730772491
0.007732799871
0.0120486338
0.9934870543
0.9945078116
0.993079071
0.9926439354
0.9947850224
0.9962763489
0.995323863
0.9923376124
0.9914907954
0.9920685253
0.9643677342
0.009864122779
0.007732182692
0.007730612899
0.007730936939
0.007730888211
0.007730818832
0.007730801282
0.007730802153
0.007730802429
0.007730790139
0.007730763205
0.007730723371
0.007730673189
0.007730616257
0.007730556618
0.007730499541
0.007730449773
0.00773041289
0.0077303921
0.007730391476
0.007730409276
0.007730444248
0.00773047893
0.007730500845
0.007730501324
0.007730563083
0.007730689033
0.00773099747
0.007731316073
0.007731658972
0.00773164276
0.01095427219
0.9810802099
0.9877751937
0.991182431
0.9926997968
0.9936323471
0.9941231961
0.993701394
0.9896768046
0.9869999913
0.04406867974
0.01533488889
0.007728535243
0.007728862449
0.007729015765
0.007729199762
0.007729409052
0.007729636732
0.007729876167
0.007730121383
0.007730365905
0.007730605727
0.007730841369
0.00773107272
0.00773129822
0.007731516074
0.007731721689
0.007731895927
0.007732017991
0.007732054137
0.007731983932
0.007731788171
0.007731503173
0.007731250407
0.007731035519
0.007730668516
0.01055559956
0.9939964349
0.9947237834
0.0148772326
0.01263756254
0.9877070662
0.9931692191
0.9919182953
0.9804639767
0.01291141206
0.01411316076
0.9908604026
0.01303514003
0.007732175247
0.007732175481
0.007731414852
0.007730664793
0.0083842681
0.0110521151
0.9790764368
0.9850411494
0.9888402685
0.9921961329
0.9943272176
0.9949774584
0.9938999821
0.9893172977
0.01097675837
0.007730686467
0.007731081684
0.007731195649
0.007731089319
0.007730937987
0.007730787972
0.007730665137
0.00773058921
0.00773054865
0.007730560277
0.007730644775
0.007730700243
0.007730752726
0.007731025151
0.007731227194
0.009796431374
0.9865946094
0.9900500855
0.9889791648
0.9927343715
0.9958983373
0.9970310811
0.9965501554
0.9934577969
0.9894766436
0.01338700532
0.00816624273
0.007731068581
0.007730654119
0.007730787133
0.007730810898
0.007730808029
0.007730797493
0.007730787987
0.007730779086
0.007730762455
0.007730733919
0.007730693719
0.007730644
0.007730588716
0.007730531565
0.007730477955
0.007730431468
0.007730398115
0.007730379695
0.00773038165
0.00773039887
0.007730434358
0.00773046376
0.007730493386
0.007730496609
0.007730543708
0.007730576611
0.007730884999
0.007731094267
0.00773098118
0.008369337025
0.01060121938
0.9525524724
0.986914351
0.9918420187
0.993370765
0.9943003711
0.9948421795
0.9945836794
0.990830894
0.9762516819
0.028884183
0.01533489018
0.007728536269
0.007728864976
0.007729019535
0.007729206444
0.007729419162
0.007729649699
0.007729890918
0.007730136348
0.007730377322
0.007730608945
0.007730833301
0.007731049764
0.007731258174
0.007731461079
0.007731656898
0.007731819061
0.007731935449
0.007731976799
0.007731930252
0.007731728335
0.007731398187
0.007731176832
0.007731100842
0.007730886201
0.007730605976
0.01127345748
0.9910251512
0.993093016
0.9913955423
0.99347725
0.9928282969
0.9824022421
0.01084775115
0.008548422763
0.008136833799
0.9488020068
0.9868573478
0.009269040524
0.007731877647
0.007731356231
0.008382690312
0.01081914895
0.9687761142
0.9825220758
0.981589091
0.9762413424
0.9853693495
0.9894256151
0.9915146557
0.9908522141
0.9903479507
0.9767287153
0.008449808398
0.007730788196
0.00773098773
0.007730973535
0.007730882406
0.007730767622
0.00773066572
0.007730607189
0.007730590277
0.007730628135
0.007730697753
0.00773077868
0.00773100573
0.007731303948
0.007731581827
0.007731868292
0.009481973619
0.9828855884
0.9894914965
0.9933567976
0.996243496
0.9974893239
0.9975766276
0.9959701347
0.9829424101
0.009691178395
0.00773156599
0.007731409288
0.00773097048
0.007730846944
0.007730804485
0.007730797296
0.007730791575
0.007730781196
0.007730767139
0.007730745736
0.00773071372
0.007730671236
0.007730619786
0.007730563708
0.007730505804
0.007730452417
0.007730405529
0.007730373133
0.007730354578
0.007730361076
0.007730380271
0.007730427721
0.007730469626
0.007730533057
0.007730551111
0.007730694998
0.007730633167
0.007730979075
0.007730906682
0.00838706083
0.01046848825
0.9152670627
0.9744105063
0.9830186134
0.9898446135
0.991936915
0.9931489629
0.9939918971
0.9940223254
0.9922057649
0.9865427875
0.02864189672
0.01533489094
0.007728536758
0.007728867795
0.007729025746
0.007729218286
0.007729436577
0.007729670945
0.007729914216
0.007730159878
0.007730394965
0.007730613159
0.007730820386
0.007731014626
0.007731197948
0.007731380456
0.007731564639
0.007731704992
0.007731809102
0.007731858464
0.007731867668
0.007731686851
0.00773128026
0.007731036431
0.00773107903
0.007730869996
0.008492151392
0.01084567398
0.9816526471
0.9946755558
0.9956247515
0.9945581682
0.9880889905
0.01142627914
0.008350302719
0.007731165914
0.007730944838
0.008812296467
0.9813469522
0.9762835234
0.008376468106
0.008754967556
0.01181673833
0.9828264637
0.9900966718
0.9898668127
0.9888174582
0.9858513429
0.9877400921
0.9866890701
0.9547606926
0.9832890763
0.9883660664
0.9885539374
0.01079812984
0.007730300442
0.007730744372
0.007730836201
0.007730812627
0.007730734699
0.007730646872
0.007730603831
0.007730613812
0.007730694012
0.007730739626
0.007730790555
0.007731155734
0.007731592439
0.007731928014
0.007734088462
0.009405806197
0.01690352309
0.9908090312
0.9937789233
0.995901322
0.9972414979
0.9975096352
0.996477621
0.9925579997
0.01165643549
0.007731105892
0.007731139285
0.007730907786
0.007730825747
0.007730782213
0.007730777427
0.007730778749
0.007730774088
0.007730760669
0.007730736878
0.007730701105
0.007730655001
0.007730599546
0.007730540278
0.007730478213
0.007730422119
0.00773037047
0.007730337444
0.007730315359
0.007730328408
0.007730354321
0.007730425385
0.007730482721
0.007730651677
0.007730674746
0.007731007244
0.007731165892
0.007735067178
0.009016966431
0.01190337072
0.9708500551
0.9817174227
0.9802808538
0.97636822
0.9843530766
0.987278094
0.9885374698
0.9901850699
0.9910108893
0.9902837034
0.9904067017
0.05117931996
0.01533489105
0.007728536755
0.007728871262
0.007729035108
0.007729236405
0.007729462325
0.007729701015
0.007729946696
0.007730194161
0.007730422159
0.007730622512
0.007730808671
0.007730973045
0.007731121815
0.007731280096
0.007731458442
0.007731561779
0.007731630136
0.007731659809
0.007731758984
0.007731630965
0.007731219842
0.00773110794
0.007731704702
0.008760117303
0.01203574832
0.9761598612
0.9870978627
0.994445261
0.9957325344
0.9939923318
0.01462663351
0.008661462182
0.007731356962
0.007731258228
0.007730930554
0.007730606269
0.01172254614
0.9896650914
0.0185979089
0.01800666363
0.991276096
0.9936815147
0.9942495057
0.9929796476
0.9924460823
0.9904493421
0.9386364497
0.01387744572
0.01044640178
0.8875271386
0.9898895227
0.9920526235
0.9717797109
0.008282433897
0.007730610049
0.007730781714
0.00773078711
0.007730723458
0.007730624904
0.007730572691
0.007730579248
0.007730714314
0.00773070426
0.007730491037
0.007730649272
0.007730605294
0.008018033743
0.009646570557
0.01900089612
0.9917979736
0.9920567637
0.9934231924
0.9943309424
0.995923112
0.9964415312
0.9956532879
0.9944486447
0.9905582556
0.008860148924
0.007731004599
0.0077308195
0.00773079148
0.007730769077
0.007730768325
0.007730772553
0.007730771959
0.007730760172
0.00773073511
0.007730695204
0.007730644461
0.007730582657
0.007730518187
0.00773044763
0.007730386649
0.007730324023
0.007730287039
0.007730257139
0.007730274146
0.007730286274
0.007730401945
0.007730379756
0.007730560297
0.007730524678
0.007731238769
0.008208144431
0.01052657654
0.02777734063
0.9921503764
0.9913799724
0.9889790484
0.982376905
0.9785269031
0.9803443154
0.9800709015
0.9752679753
0.9757529496
0.9823423628
0.9865666073
0.9901454344
0.9779554633
0.01533489042
0.007728536551
0.007728876431
0.007729049311
0.007729263156
0.007729498208
0.007729740369
0.007729988522
0.007730241482
0.007730461792
0.007730641478
0.007730808617
0.007730934725
0.007731034529
0.007731165633
0.007731355517
0.007731405628
0.007731403027
0.007731306892
0.007731429064
0.00773125954
0.007730700799
0.007991476534
0.009453831618
0.01548600456
0.9904492861
0.9912117625
0.9902457681
0.9913430151
0.9909893014
0.9881473295
0.01171180464
0.007731577108
0.007731732243
0.007731445579
0.007731905657
0.008303225389
0.009763631652
0.9757725749
0.9914202461
0.9946583418
0.9954243422
0.9955965827
0.9945793557
0.991792021
0.9829808395
0.01579383433
0.009827646784
0.008253773148
0.007732640026
0.009628977254
0.991890998
0.9944178389
0.991688135
0.01093810872
0.007730520069
0.00773082402
0.007730836686
0.007730764384
0.007730635107
0.00773055551
0.007730501148
0.00773069403
0.007730735826
0.007730439242
0.007730968765
0.008414323124
0.0104119506
0.7862771714
0.9929253837
0.9939969903
0.9927761846
0.9926663137
0.9939620187
0.9949188756
0.9946253334
0.9927395176
0.9942951797
0.9952983375
0.01725794078
0.00773158048
0.007730744674
0.007730760904
0.007730747581
0.007730756941
0.00773076733
0.007730773042
0.007730764514
0.007730739416
0.007730695012
0.00773063947
0.007730568523
0.007730498326
0.007730413747
0.007730344986
0.007730265063
0.007730220158
0.007730160709
0.007730206341
0.007730135652
0.007730246906
0.007730170221
0.007730573357
0.008103659966
0.009537099558
0.01563714614
0.9840333138
0.9952024563
0.9957284986
0.9942499632
0.9910577379
0.9873316726
0.9851289397
0.9828191719
0.9780816865
0.9513618308
0.928404612
0.902066339
0.9827649724
0.9916948138
0.9856607191
0.01533488905
0.00772853687
0.007728885299
0.007729071428
0.007729302952
0.007729546852
0.007729788381
0.007730038686
0.007730304488
0.007730513418
0.007730669265
0.007730836427
0.007730922232
0.007730945014
0.007731044933
0.007731294653
0.007731261877
0.007731237303
0.007730937148
0.007731040001
0.007730644873
0.00816598458
0.01018585709
0.3522074658
0.9930166005
0.9947808494
0.9930970982
0.9878601207
0.9848893665
0.01589600835
0.9657663772
0.971068783
0.00853799966
0.007733397648
0.008294784437
0.009952485071
0.01561214104
0.9758631479
0.9875389942
0.9942134711
0.9957487797
0.9959159144
0.9951415655
0.9930928915
0.7481521947
0.01036271992
0.008460360311
0.007732756482
0.007732026473
0.007731820672
0.007731382313
0.01452560487
0.9947819189
0.9949340183
0.9881553674
0.008540144156
0.007730945998
0.007730999278
0.007730886593
0.007730687912
0.007730620758
0.00773040418
0.007730514472
0.007730190482
0.007991830621
0.009282306464
0.01505328779
0.9875181544
0.9925240548
0.9943681437
0.9942524246
0.9929551782
0.9921751031
0.9922636085
0.9922096595
0.02343123538
0.01503435283
0.9942767972
0.9961653983
0.9942735079
0.009886374193
0.007730512138
0.00773066286
0.007730670034
0.007730717539
0.007730750932
0.007730773419
0.007730772819
0.007730749976
0.007730699714
0.007730640887
0.007730557761
0.007730481655
0.007730378159
0.007730301811
0.007730179397
0.007730152355
0.007730008478
0.007730049215
0.007729959133
0.007730298186
0.008076419637
0.009314530857
0.01407066429
0.975489227
0.9937820473
0.9956063244
0.9957083915
0.9956757955
0.9941269929
0.9928864036
0.9933064496
0.9918848872
0.9892378486
0.9858574288
0.973407562
0.9764106454
0.9302573844
0.9516106063
0.9921387276
0.989873679
0.01533488776
0.007728539503
0.007728900987
0.007729105929
0.007729364148
0.007729612931
0.007729841235
0.007730092665
0.00773038969
0.007730572448
0.007730687772
0.007730901826
0.007730979658
0.007730899864
0.007730921151
0.007731350308
0.007731202781
0.007731231329
0.007731103535
0.007733700039
0.008920731262
0.01159724774
0.965794771
0.9925849612
0.9950065274
0.9947350098
0.9895224799
0.8773108055
0.01080065373
0.008802905154
0.01075729879
0.9799014743
0.01215998181
0.01118725862
0.02136332767
0.985414999
0.9935584157
0.9943800336
0.9941980435
0.9957801542
0.9959533846
0.9947750228
0.9916397991
0.01734301485
0.009529048864
0.008024476474
0.007731410109
0.007731529742
0.007731684519
0.007731517105
0.007730746203
0.008533944615
0.9880383427
0.9949181558
0.9948144747
0.01459440328
0.007731411643
0.007731298871
0.007731173114
0.007730826554
0.007730868158
0.007730786665
0.007732747615
0.008667074888
0.01082261444
0.87507319
0.9924672454
0.9952139318
0.9953139158
0.9954886223
0.994142004
0.9926447613
0.989587938
0.9014365503
0.01174702997
0.009119074377
0.007736904508
0.0154633336
0.9955430925
0.9957149227
0.9868312231
0.008346608936
0.007730379137
0.007730505956
0.007730653549
0.00773072943
0.007730779583
0.007730788906
0.007730769844
0.007730709945
0.007730648528
0.007730551879
0.007730477654
0.007730328652
0.007730281318
0.007730068914
0.00773001498
0.007729859327
0.007730134921
0.008062659738
0.009229956545
0.01360202097
0.9708795801
0.9931797819
0.9953701591
0.9956300134
0.9963189443
0.9960938284
0.9956359236
0.9948525302
0.993883872
0.9950275843
0.995807996
0.9906669216
0.9800612644
0.7944998285
0.9300154903
0.01583179833
0.9412742148
0.9904730957
0.9898832111
0.01533489032
0.007728549354
0.007728928511
0.007729157026
0.007729461017
0.007729708758
0.007729892783
0.007730133386
0.007730508471
0.007730642032
0.007730653698
0.007730967565
0.00773109868
0.007730985881
0.007730877867
0.007731315546
0.007730893214
0.007731563119
0.008209555582
0.01023714251
0.02294575869
0.9915090814
0.9920009254
0.993244923
0.9926997542
0.9882026976
0.01328295474
0.009905509672
0.009510161639
0.01010012706
0.01544712327
0.9894557716
0.9877152499
0.9870429597
0.9954902092
0.9959155191
0.9951528416
0.9954078082
0.994532412
0.9956856008
0.9951797669
0.9774238889
0.01140239656
0.008721194455
0.00773270673
0.007731910719
0.007731867232
0.007731595127
0.007731472501
0.007731252427
0.00773064949
0.007730087227
0.01091875236
0.9915095253
0.9943820136
0.9914109458
0.009503455386
0.007731115974
0.007731345632
0.007730827094
0.007730884736
0.008149026851
0.01009436341
0.0221123236
0.9919298274
0.9937926253
0.995014992
0.9962423706
0.995474014
0.9951607364
0.992778877
0.9402457741
0.0128839673
0.00925621485
0.008081968661
0.00773258585
0.007732496016
0.008301771306
0.9854197134
0.9956878813
0.9957259611
0.01536191824
0.00773085732
0.007730515528
0.007730686578
0.007730748637
0.007730812788
0.00773082147
0.007730800811
0.007730725579
0.007730669613
0.00773053309
0.007730515762
0.007730287075
0.007730218899
0.007729998742
0.007730219216
0.008062347228
0.009181781325
0.01333332768
0.967530667
0.9928878845
0.9952853249
0.9956638811
0.9964718041
0.9964069468
0.9967279527
0.9960673409
0.9951690326
0.9941310077
0.9904154853
0.9768571399
0.02452126572
0.01414406825
0.009813088875
0.009087292744
0.008556297455
0.008402394045
0.01295430763
0.9920747493
0.987453653
0.01533490954
0.00772857834
0.00772897887
0.007729225485
0.007729610198
0.007729858818
0.007729959613
0.007730129467
0.007730636939
0.007730720257
0.007730556652
0.00773089574
0.007730946472
0.007730996532
0.007731798527
0.007743779389
0.008392039581
0.009995538417
0.01615571045
0.9777513841
0.9938566321
0.9945380261
0.9922430639
0.9889296545
0.9763052908
0.01266166867
0.01231492538
0.01549644289
0.9231640823
0.970781019
0.9930236817
0.9951209789
0.9952461568
0.9948115239
0.9955931919
0.9956487553
0.9944271419
0.9941454165
0.9919075646
0.9841443558
0.02087741492
0.01020207591
0.008053693145
0.007732401892
0.007732127082
0.007732005697
0.007731906628
0.007731520461
0.007731389847
0.007731200105
0.007730722404
0.007730297828
0.008311518398
0.9707056466
0.9916490925
0.9908564124
0.9807678102
0.008571307993
0.007731563377
0.008058844939
0.009180812988
0.01376985616
0.9774450792
0.9947230377
0.9962062993
0.9961189621
0.9962477699
0.9965125286
0.9954713178
0.9840192645
0.01522027978
0.009397028636
0.008102232699
0.007732040514
0.007732742701
0.007733079892
0.007732321609
0.007730886879
0.009704146825
0.9940390479
0.996464246
0.9940678698
0.009715194574
0.007730401948
0.007730711274
0.007730750316
0.00773085201
0.00773086291
0.007730844735
0.007730720609
0.00773072714
0.007730518209
0.007730505119
0.007730303976
0.007730750742
0.008129127076
0.009288257189
0.01343677947
0.965521234
0.9926511789
0.9952047771
0.9956525671
0.9965205704
0.9965692912
0.996991131
0.9966924868
0.9968941938
0.9963722693
0.9874659628
0.7871205118
0.01246671859
0.009139741317
0.00826170723
0.007742955692
0.007739561453
0.007737445847
0.0077359057
0.007734239332
0.01173449872
0.9942344198
0.9895137274
0.01533500636
0.007728647809
0.007729076421
0.007729314087
0.007729811692
0.007730054248
0.007730086888
0.007730171207
0.007730595606
0.007730376249
0.00773038613
0.007731833613
0.008066996481
0.008388494424
0.009565821111
0.01554976678
0.05683066813
0.9892461579
0.9943190291
0.9948509514
0.993501044
0.9922043307
0.9805203543
0.9784996008
0.02835135703
0.9705950766
0.9818691549
0.9941816173
0.9940942382
0.9928272124
0.9934374583
0.9951090533
0.9957967005
0.9960794931
0.9961524837
0.9956678653
0.9833102673
0.840546388
0.01310544577
0.009542237869
0.008330110785
0.007735807435
0.007734959576
0.007734243514
0.007733079303
0.00773241031
0.007731982139
0.00773145924
0.007731349359
0.007731239393
0.00773082191
0.007730524331
0.00773061715
0.01133175426
0.986293935
0.9864626438
0.9907119559
0.01715952511
0.009342617154
0.01186844526
0.869340427
0.991834822
0.9946238088
0.9951449017
0.9962032761
0.9951462196
0.9942828704
0.9933813405
0.03069021519
0.01061670751
0.008217655832
0.007732173075
0.007732276876
0.007732471579
0.007732885686
0.007733110095
0.007732324313
0.00773127266
0.007731084865
0.01528650706
0.9957104746
0.9956892309
0.985636504
0.008310921777
0.007730641276
0.007730718222
0.00773092713
0.007730902252
0.007730925197
0.007730701552
0.007730700901
0.007730520869
0.007731190934
0.008190936215
0.009637282305
0.01515139782
0.9741396358
0.9926939073
0.9951147477
0.9955774863
0.9964965131
0.996583357
0.997031182
0.9967723778
0.9969573621
0.996315277
0.9918050602
0.03533155882
0.01193541208
0.00845286086
0.008018798428
0.007744487472
0.00774593047
0.007743812996
0.007742569026
0.007740338668
0.007737402477
0.007734348694
0.0105232397
0.9922989408
0.9880499926
0.01533556111
0.007728821968
0.00772922049
0.007729468001
0.007730025366
0.007730011916
0.007730155896
0.007731232202
0.007751932452
0.008260925465
0.008817595256
0.01193881445
0.01970709051
0.9732381112
0.9868774667
0.994545756
0.9972558698
0.9969656956
0.9960223466
0.9957057931
0.9940664609
0.9916407035
0.9863177256
0.9817299098
0.991271484
0.9930545664
0.9922468198
0.9933528236
0.9943510038
0.9945697053
0.9937041429
0.9929220629
0.9931949519
0.9931095837
0.9909747226
0.02706379106
0.01150237758
0.008471834954
0.008029901224
0.007736149952
0.007737112682
0.007736721036
0.007736207559
0.007735285158
0.007734005711
0.007733214314
0.007732743271
0.007731931131
0.007731305525
0.007730937929
0.007730732736
0.007730993424
0.007732181642
0.009400525435
0.9735859319
0.9832345129
0.9881795523
0.9883529836
0.9695609983
0.9857432943
0.9921196055
0.994121895
0.9953732803
0.995457111
0.9956686091
0.9936658636
0.9483068395
0.01133663413
0.008881048915
0.007736463501
0.007732968516
0.007732696485
0.007732777391
0.007732930542
0.007732909975
0.007732853087
0.007732291351
0.007731646098
0.007731439535
0.008344308688
0.9866575157
0.9956674424
0.9956067822
0.01554838358
0.007731589488
0.007730948948
0.007731229464
0.007731003128
0.007730914632
0.007730661316
0.007731348649
0.008209124267
0.009816828409
0.01650850583
0.9815788758
0.9939595125
0.995370507
0.9953947185
0.9963572971
0.9965125355
0.9970232311
0.996799506
0.9970006198
0.9963784766
0.9918276236
0.03036424038
0.01112569843
0.008464617676
0.007756029621
0.007753916764
0.007756252627
0.007752386977
0.007750441327
0.007746609863
0.007742851745
0.007739742343
0.007736754817
0.007733701338
0.009877976622
0.9887422129
0.9841804436
0.01534342903
0.007729542169
0.007729247492
0.007729729383
0.007733143467
0.008125847758
0.008536026624
0.01001773708
0.01733969347
0.1147180306
0.9898315085
0.993255522
0.9967404389
0.9968160659
0.9964414008
0.9967780138
0.9970693219
0.9971463968
0.9964667889
0.9958426532
0.9948745338
0.9937226873
0.992401198
0.9921533633
0.99240093
0.9939741256
0.9926680527
0.9916884796
0.9912014343
0.9936078205
0.9938970941
0.9881912988
0.9766645958
0.9806756635
0.01178817426
0.008536760853
0.007738461041
0.007735882358
0.007737409251
0.007736674803
0.007736178236
0.007735755671
0.007734974479
0.007734314922
0.007733676447
0.007733464517
0.00773391244
0.007735801238
0.007742934089
0.008171625993
0.008384899304
0.009126575642
0.01136805911
0.01599679934
0.9837700539
0.989654164
0.992346759
0.9931996243
0.9921598713
0.9911631382
0.9929096842
0.9945293656
0.9943442961
0.9928949616
0.9906266345
0.0181906908
0.009623076326
0.008019392383
0.007731812532
0.007732443615
0.007732779035
0.007732804887
0.007732772418
0.00773287945
0.007732878258
0.007732748606
0.007732330637
0.007731895699
0.007732230475
0.007732456112
0.009961634445
0.994148137
0.996081161
0.9946127026
0.01100445537
0.00773121246
0.00773154117
0.007731069736
0.007731632067
0.008216496706
0.009846467345
0.01678115642
0.9827487191
0.9943441432
0.9956055696
0.99568439
0.9962460323
0.9961463265
0.9968290725
0.9967420964
0.9970222477
0.996454989
0.992085998
0.03201935086
0.01118816482
0.008458285073
0.007766976241
0.007767448945
0.007768628145
0.007765568995
0.007762361771
0.007756212243
0.007750899852
0.007746276876
0.007742345637
0.007739112597
0.007736336577
0.007733550981
0.009440932708
0.9816343096
0.9771105622
0.01567643805
0.007999901452
0.008294835371
0.009265404666
0.01368114569
0.03275091784
0.9879173807
0.9926317316
0.9962761174
0.997875163
0.9977730386
0.9974063839
0.9975435855
0.9977223796
0.9975424201
0.9974664827
0.997296813
0.9970291635
0.99673909
0.996374256
0.9958080955
0.9952439844
0.9947125218
0.9944152108
0.9941102971
0.9933998633
0.9920252321
0.9889911992
0.9802961717
0.9763586166
0.02887804563
0.01846376049
0.01400381414
0.01358170919
0.01227279592
0.009805397522
0.01002930691
0.01017681259
0.01032926946
0.01049385063
0.01067234197
0.01086661665
0.01107910118
0.01131816892
0.01160557926
0.01199955685
0.01267509596
0.01434676761
0.0237483366
0.03999677314
0.9707723297
0.9706509479
0.9882374374
0.9942471154
0.9943637927
0.9944691743
0.9951098965
0.9955923346
0.9953991198
0.9946986609
0.9947915901
0.995142577
0.9937381571
0.9116443263
0.01077118617
0.008609047653
0.007732800578
0.007732230473
0.007732753453
0.007732880209
0.007732686986
0.007732577751
0.007732618464
0.007732768593
0.007732876959
0.007732864649
0.007732664432
0.007732228878
0.0077322363
0.007732768814
0.007735630105
0.02062339234
0.9948979201
0.9936397269
0.9895787802
0.009724788701
0.007733429643
0.008301320864
0.00997847522
0.0170629661
0.9827014075
0.994333914
0.9955730543
0.9956118956
0.9961058062
0.9959819067
0.9961532279
0.9963659407
0.9969195796
0.9965581165
0.9924758686
0.03555471143
0.01135758012
0.008496531995
0.00778573678
0.0077880584
0.007791119275
0.007785123635
0.007777408714
0.00776937506
0.007762501366
0.007755791894
0.007750248208
0.007745622073
0.007741886491
0.007738806572
0.007736262797
0.007733799363
0.009132742355
0.9627331216
0.9640969593
0.9999998472
0.02262946961
0.9853614725
0.9916939683
0.9959301716
0.9978000035
0.9979007625
0.9977323396
0.9979556559
0.9981600835
0.998281703
0.9981247664
0.9980514018
0.9979647913
0.9979190215
0.9978371037
0.9976350279
0.997372859
0.9971291453
0.9968951918
0.9965812397
0.9962604593
0.9959602025
0.9956963498
0.9953527213
0.9947890132
0.9939702756
0.9929371404
0.9916904912
0.9907220714
0.992911814
0.9946148523
0.9941817323
0.9942626369
0.9937006214
0.9930559137
0.9933349122
0.9938869857
0.9943170115
0.9946884289
0.995021318
0.9953237823
0.995600875
0.9958576301
0.996100323
0.9963371675
0.9965788721
0.9968406665
0.9971533882
0.99765958
0.9966960033
0.9948329614
0.9942203068
0.9940985096
0.9946113407
0.9947639514
0.9952713717
0.9955959016
0.9955388739
0.9951067043
0.9939716892
0.9920189492
0.02123311602
0.009818757861
0.008020481889
0.007732248348
0.007732421456
0.007732549149
0.007732581023
0.007732381797
0.007732031042
0.007731854874
0.007731942498
0.007732143914
0.007732350081
0.007732550629
0.007732810073
0.007733644565
0.007736314159
0.008209295444
0.008692972185
0.01268782223
0.9924054022
0.9913461794
0.9887934903
0.9685310617
0.01238642027
0.02115232515
0.9850313485
0.9943742564
0.99550089
0.9954868501
0.995944457
0.9956791493
0.9956081045
0.9955815185
0.9950533037
0.9942001614
0.9936569287
0.0707360533
0.0119681547
0.008579461573
0.007813767622
0.007817859017
0.007825064712
0.007815681474
0.007803224825
0.007790210383
0.007778439207
0.007768748523
0.007761180795
0.007754676679
0.007749430154
0.007745139945
0.007741717492
0.007738933812
0.007736646695
0.007734612859
0.009229128679
0.943920483
0.9346560609
0.9958007916
0.9978883478
0.998054498
0.9980821741
0.9982755478
0.9984714725
0.9986076772
0.9985418867
0.9985260497
0.9984849738
0.9984388614
0.9984162962
0.99837046
0.9982758996
0.9981943473
0.9981037189
0.997943205
0.9977428086
0.9975506332
0.9973717788
0.9971773439
0.9969820072
0.9967938928
0.9966104894
0.9963916254
0.9961155776
0.9958297935
0.9956196543
0.995560896
0.9956938847
0.9958965553
0.9965614499
0.9967693981
0.9968472137
0.9968012381
0.9966532463
0.996611807
0.9967271332
0.9968589725
0.9969829688
0.9970987915
0.9972071898
0.9973083435
0.9974016904
0.9974855881
0.9975565467
0.9976078151
0.9976270422
0.9975932896
0.9974816614
0.9972837046
0.9963751229
0.9955480943
0.9947129263
0.994197529
0.9942705569
0.9942493378
0.9938914586
0.9935195102
0.9923992571
0.9892255868
0.01280596367
0.008863566386
0.007734814453
0.007733525059
0.007733585946
0.007733681731
0.00773577992
0.007742031021
0.008150477512
0.008304384572
0.008674100325
0.008981315411
0.009296331735
0.009619715584
0.009989265103
0.01050435731
0.0115497256
0.01599300322
0.02216335308
0.9154628882
0.9717165028
0.9904452811
0.99268492
0.9916674495
0.9896082849
0.9878664953
0.9951909119
0.9955452366
0.9952748345
0.9957716637
0.9955127992
0.9954323938
0.9953917592
0.9946502045
0.9939921175
0.9909720628
0.8701440023
0.01129623305
0.009077215511
0.007871872499
0.007862351103
0.007875542378
0.007861567795
0.00784246401
0.007822932692
0.007804814344
0.007789398898
0.007777229235
0.007767480176
0.007759898914
0.007753680024
0.00774874284
0.00774479088
0.007741711109
0.007739312423
0.007737325172
0.00773487262
0.00896391094
0.8085255595
0.940777713
0.9971512347
0.9985962391
0.9988633061
0.9989011791
0.9989134638
0.9989017489
0.9988784265
0.9988648437
0.9988346023
0.9987653938
0.9986930368
0.9986422971
0.9985937649
0.9985156631
0.998429859
0.9983333806
0.9982056007
0.998057285
0.9979108248
0.9977732235
0.9976382721
0.9975097436
0.9973880388
0.997270507
0.9971465495
0.9970193883
0.9969172946
0.9968712929
0.9968937015
0.9969668559
0.9970359188
0.9971174162
0.9972694143
0.9973807357
0.9973937163
0.9973282306
0.9972701971
0.9972791796
0.997323824
0.9973782427
0.9974329999
0.9974850605
0.9975325671
0.9975731199
0.9976027818
0.9976150973
0.9975999667
0.9975427262
0.9974258597
0.9972439943
0.9970269713
0.996776622
0.9963228164
0.9956949189
0.9950978189
0.9945245898
0.993450225
0.9906244776
0.9828966469
0.9685769956
0.01530001881
0.01127495282
0.009625290851
0.0101132736
0.01064028495
0.01130941127
0.01228503784
0.01424291085
0.02349153242
0.03585709083
0.9631286493
0.949771252
0.9799760933
0.9867470167
0.9900540805
0.9920000397
0.993339217
0.9943759495
0.995301316
0.9964634194
0.9948801667
0.9919187405
0.9932169449
0.994558785
0.99503227
0.9949723492
0.9945639032
0.9948416922
0.9951931562
0.9949954689
0.995117857
0.9952657705
0.9945819396
0.9940898534
0.9913777181
0.9378218332
0.0126252069
0.009175369966
0.008195704506
0.007922075399
0.007959022234
0.007931685413
0.007901248162
0.007872192518
0.007845484183
0.007822065605
0.007803546449
0.007788090637
0.007776096473
0.007766467454
0.007759033282
0.007753012563
0.007748314718
0.007744599483
0.007741778892
0.007739700085
0.007738366251
0.007736622158
0.008968066207
0.9298356864
0.9516182861
0.998017023
0.9989649769
0.9991273382
0.9991901555
0.9991960599
0.9991637633
0.9991178505
0.9990771113
0.9990339926
0.9989694478
0.9988983318
0.9988350997
0.9987741236
0.998701817
0.9986210202
0.9985302196
0.9984244882
0.9983101346
0.9981972217
0.9980908032
0.9979913504
0.9979008947
0.9978191218
0.9977444753
0.997674599
0.9976137918
0.9975739129
0.9975640677
0.9975831418
0.9976173316
0.9976440017
0.9976666987
0.9977141455
0.9977709779
0.9977853881
0.9977543331
0.9977131627
0.9976915303
0.9976885317
0.9976962758
0.9977076278
0.9977186617
0.9977268375
0.997729441
0.9977226059
0.9977006422
0.9976558287
0.9975795784
0.9974675437
0.9973324887
0.997208499
0.9970959036
0.9969085659
0.9966080809
0.9962788942
0.9958965464
0.9952552658
0.9940387982
0.9920124768
0.9894415362
0.9908793499
0.9925317489
0.9930024
0.9939716786
0.9949570972
0.9957033587
0.9962868835
0.9967556296
0.9971600334
0.9976632338
0.9967121555
0.9950092186
0.9946739153
0.9948084484
0.9951096798
0.9954167201
0.9956645285
0.9958123338
0.995813003
0.995625827
0.9953194005
0.9940898128
0.9942322225
0.9951710014
0.995795769
0.9959453221
0.9957454922
0.9955637571
0.9949443175
0.9950964246
0.9945198254
0.994209615
0.9918299559
0.9512018032
0.01320380615
0.009393548227
0.008350273712
0.008009679089
0.008082441908
0.008036495138
0.007993526258
0.007949118403
0.007907290634
0.007871346793
0.0078444609
0.007820899167
0.007802830873
0.007787396431
0.007775706381
0.007766044626
0.007758776721
0.007752836391
0.007748317587
0.007744735191
0.007742095987
0.007740283679
0.007739585655
0.007740418221
0.008289008056
0.9048156227
0.04441345863
0.9986606831
0.9992637765
0.9993428491
0.9993704826
0.9993636768
0.9993299186
0.9992827046
0.9992332865
0.999181179
0.9991199407
0.9990536201
0.9989880754
0.9989222023
0.9988512672
0.9987750761
0.9986922405
0.9986021645
0.9985091666
0.9984187431
0.9983344184
0.9982580766
0.9981914078
0.9981345225
0.99808669
0.9980472597
0.9980182276
0.9980035305
0.9980047688
0.9980187362
0.9980372502
0.9980504654
0.9980593567
0.9980744854
0.9980916654
0.9980917904
0.9980689006
0.9980351883
0.9980036552
0.9979775545
0.9979563923
0.9979377341
0.9979192156
0.9978989698
0.9978751341
0.997845332
0.997806446
0.9977550315
0.9976891287
0.9976125092
0.9975401406
0.997492066
0.9974621929
0.9974103127
0.9973215704
0.997219318
0.997100742
0.9969306922
0.9967047306
0.9965081771
0.996464451
0.9965108736
0.9968333064
0.9969431125
0.9970429347
0.9972109383
0.9973709335
0.9974990568
0.9975806612
0.9975955081
0.9975284062
0.9973968448
0.9966984345
0.9962435251
0.9959504551
0.9958057586
0.9957286086
0.9956482532
0.9954953574
0.9952034936
0.9947630045
0.9943739945
0.9943782925
0.9946397083
0.9951548706
0.9956776698
0.9958708586
0.995722541
0.9959010695
0.9949640034
0.994625479
0.9928134217
0.964061613
0.01366855739
0.009531666739
0.008484657531
0.008134188259
0.008253292518
0.008197558262
0.008146065911
0.008072112973
0.008011444484
0.007951960711
0.007911412254
0.007872703105
0.00784623278
0.007821579341
0.007804154278
0.007787916122
0.007776555503
0.007766460287
0.00775941204
0.007753337861
0.00774899204
0.007745446243
0.007742930813
0.007741287997
0.007741201497
0.007742877739
0.007746850208
0.01900119031
0.9693203355
0.9991408581
0.9994816299
0.9995038447
0.9995007147
0.9994794061
0.9994431555
0.9993973762
0.9993472149
0.999293498
0.9992346083
0.9991720141
0.9991076677
0.9990413801
0.998971798
0.9988988634
0.9988221878
0.9987424267
0.9986626976
0.9985867046
0.9985172982
0.9984565155
0.9984058517
0.9983656934
0.9983356766
0.9983152533
0.9983045858
0.9983039994
0.998312325
0.9983262531
0.9983407263
0.998350738
0.9983558304
0.9983591595
0.9983587703
0.9983475153
0.9983228209
0.9982888068
0.9982508442
0.9982115712
0.9981722312
0.9981327946
0.998092651
0.9980511396
0.9980077175
0.9979619724
0.9979137768
0.9978638586
0.9978150743
0.9977742838
0.9977528267
0.9977598993
0.9977886046
0.9978185099
0.9978411145
0.9978608171
0.997874686
0.9978748478
0.9978637613
0.9978581308
0.9978689707
0.9978699519
0.9978309598
0.997779716
0.99772718
0.9976864663
0.9976497071
0.9976021677
0.9975288181
0.9974142321
0.9972601971
0.997115358
0.99699623
0.9967608192
0.996465844
0.9962036093
0.9959622418
0.9957126013
0.9954206023
0.9950653896
0.9946920112
0.9944635349
0.9944917506
0.9946054381
0.9947128424
0.9948962425
0.9950158887
0.99517456
0.9954479606
0.9933616767
0.9806938375
0.01519683894
0.009623156067
0.008331639406
0.00809215599
0.008294348787
0.008279533539
0.008242796534
0.008160786476
0.008101742454
0.008023582824
0.00797377452
0.007920304255
0.00788584369
0.007852327402
0.007829948872
0.007809102046
0.007793986865
0.007780299076
0.007770191291
0.007761955854
0.007755613167
0.007750700885
0.007746865464
0.007744022775
0.007741902668
0.0077405508
0.007740439395
0.007743077661
0.007746866833
0.01463289499
0.9897179146
0.9995128623
0.9996398599
0.9996179228
0.9995925112
0.9995610188
0.9995229527
0.9994793663
0.99943156
0.9993797228
0.9993235943
0.9992639483
0.999201534
0.9991363289
0.9990680886
0.9989970904
0.9989237668
0.9988494928
0.9987770179
0.9987094846
0.9986495999
0.9985994355
0.9985603277
0.9985326436
0.9985160085
0.9985096591
0.9985127238
0.9985238301
0.9985404689
0.9985590612
0.9985756601
0.9985871454
0.9985926519
0.9985924686
0.9985848991
0.9985669341
0.9985378692
0.9984997381
0.9984551648
0.9984060345
0.9983537374
0.9982990007
0.9982420861
0.9981831583
0.9981226908
0.9980618993
0.9980032828
0.9979513024
0.9979129761
0.9978976064
0.9979141026
0.9979649199
0.9980408094
0.9981265728
0.9982132674
0.9982972657
0.9983735049
0.9984370925
0.9984861469
0.9985191969
0.9985295172
0.9985024991
0.9984270083
0.9983132924
0.9981831505
0.9980403226
0.997883742
0.9977130684
0.9975296902
0.9973444116
0.9971883327
0.9971051595
0.9970739043
0.9969753717
0.9967535839
0.9964661477
0.9961378922
0.99577889
0.9954068577
0.9950680471
0.9948507242
0.9948304121
0.9949166025
0.9948427715
0.9943515192
0.9931738585
0.9909598352
0.9888381322
0.9900300763
0.02207732497
0.01180253087
0.009694083002
0.009014770333
0.009385889272
0.01011543367
0.01049712854
0.009857497458
0.01011091971
0.009660648069
0.00989973391
0.00959954449
0.009831601558
0.009415026815
0.009680269592
0.009333534367
0.009635988944
0.00930492331
0.009620927574
0.009175578271
0.009522751519
0.00913270722
0.009467502321
0.009191579052
0.009416674443
0.009336706006
0.009401719385
0.009484002
0.009398262692
0.009847843602
0.009284524963
0.01188198654
0.9761392603
0.999092045
0.9995320214
0.9993747039
0.9992846406
0.9992112962
0.9991373009
0.9990569661
0.9989687012
0.9988714011
0.9987646069
0.9986499065
0.998528753
0.9984013086
0.9982673671
0.9981276112
0.9979831908
0.9978371154
0.9976950221
0.99756348
0.9974483917
0.9973543279
0.997284168
0.9972386285
0.9972167476
0.9972166144
0.9972358711
0.9972709994
0.9973162595
0.997363895
0.9974057893
0.9974358681
0.9974521833
0.9974547358
0.9974404192
0.9974040011
0.9973441715
0.9972642446
0.9971687016
0.9970609615
0.9969438571
0.9968192061
0.9966879085
0.9965505214
0.9964082099
0.9962640381
0.9961246629
0.9960023142
0.995916156
0.995890575
0.9959468695
0.9960885569
0.9962927102
0.9965239103
0.9967579817
0.9969826766
0.9971863342
0.997359745
0.9974987392
0.9975982443
0.9976425095
0.9976040629
0.9974600763
0.9972176229
0.9969087001
0.9965473078
0.9961295229
0.9956553494
0.9951405984
0.9946422221
0.9942816152
0.9941790778
0.9942574538
0.9942334243
0.9939326721
0.9933880177
0.9926535388
0.9917822274
0.9908640323
0.9900887684
0.9897479781
0.99000848
0.9905678808
0.9907728325
0.9899340755
0.9867546333
0.9751467635
0.9362780551
0.03724366401
0.0323797269
0.9710081864
0.02953667583
0.9625689178
0.03432593957
0.9520374554
0.41985719
0.9326338411
0.2493496446
0.910629278
0.3969366513
0.8790974571
0.3098551391
0.8566412546
0.2742430982
0.8458109792
0.3568309029
0.8576563747
0.320394953
0.7939177266
0.4213233955
0.6596748363
0.4752916706
0.609323469
0.5021133064
0.6020491499
0.4793820219
0.6063314551
0.5057268567
0.5492490562
0.5152398416
0.846007055
0.06706852935
