0.998076407
0.9985523915
0.9979452995
0.9976238116
0.9973729791
0.9971315192
0.9968741381
0.9965893893
0.996271584
0.9959200426
0.9955391869
0.9951355215
0.994715219
0.9942850647
0.9938535968
0.9934313206
0.9930306975
0.9926642135
0.9923407082
0.9920627018
0.9918259959
0.9916225189
0.9914507438
0.9913171354
0.9912246827
0.9911679174
0.9911369116
0.9911220145
0.9911159325
0.9911138869
0.9911130241
0.9911117603
0.9911093503
0.9911058049
0.991102275
0.991102091
0.9911126344
0.9911477252
0.9912287912
0.991381855
0.9916280364
0.9919690045
0.9923715754
0.9927708913
0.993093674
0.9932783117
0.9932806871
0.9930705872
0.992632587
0.9919819062
0.9911842897
0.9903476911
0.9895553351
0.9888152767
0.9881466629
0.98762271
0.9872623916
0.9870188149
0.9868395599
0.9866910804
0.9865555887
0.9864244758
0.986293674
0.986161027
0.9860249402
0.9858840504
0.9857391986
0.9856047822
0.9855514776
0.985765849
0.9864245845
0.9873385055
0.9879513729
0.9877833554
0.9865892316
0.9841698715
0.9801653598
0.973873649
0.9640804758
0.9488463761
0.9244554356
0.8728663771
0.789865008
0.1485415504
0.09902812511
0.07673923325
0.06862559132
0.06832787859
0.07851064753
0.7041450017
0.5384544412
0.6605636265
0.5703527846
0.6345222568
0.5951169156
0.6131613279
0.6075506019
0.6057313335
0.6092608471
0.6093261771
0.6131665522
0.6156831384
0.6221450178
0.632141076
0.6456666684
0.663409017
0.6593015005
0.6279328683
0.6065605556
0.6283844211
0.6493221332
0.628926697
0.6077026944
0.5939501689
0.61612617
0.6196249882
0.6332135484
0.4984291144
0.7099375676
0.1354816733
0.4386860601
0.9976512052
0.9990953719
0.998919834
0.9987549578
0.9986118405
0.9984740593
0.998331933
0.9981800052
0.9980146705
0.9978345689
0.9976410758
0.9974367023
0.9972236587
0.9970044501
0.9967825995
0.9965627852
0.9963512111
0.9961550396
0.9959803498
0.9958301412
0.9957033994
0.9955960359
0.9955065507
0.9954376666
0.9953901135
0.9953603311
0.9953431734
0.9953340432
0.9953295789
0.9953275891
0.995326751
0.9953263087
0.9953258499
0.9953251816
0.9953243275
0.9953237196
0.9953247554
0.9953309609
0.9953495658
0.9953919407
0.9954707801
0.9955932414
0.9957505204
0.9959154241
0.9960527254
0.9961300918
0.9961222325
0.9960096323
0.995778498
0.9954289186
0.994990263
0.9945310857
0.9941274974
0.9937859294
0.9934982163
0.9932894354
0.9931591065
0.9930755419
0.9930145687
0.9929637325
0.992917165
0.9928722398
0.9928278093
0.9927832662
0.9927378563
0.992689753
0.9926344404
0.9925627263
0.9924655666
0.9923796136
0.9924626063
0.9927406256
0.9929705296
0.9928859162
0.9923638754
0.9913582697
0.9897960608
0.9875241778
0.9843696616
0.9803694077
0.9760027467
0.971899335
0.9684209861
0.9715340521
0.9717460207
0.9576384559
0.9331748298
0.8612669082
0.7100020841
0.0449206048
0.03488549588
0.03154299874
0.03065153364
0.0309852273
0.03062276238
0.03103310603
0.03096310489
0.03101306902
0.03111788795
0.03117462357
0.03121100526
0.03118040084
0.03114133201
0.03114964807
0.03122283863
0.03137574375
0.03158874162
0.0317077003
0.03199249582
0.03210977554
0.03248963788
0.03310563976
0.033155256
0.032217064
0.03271755977
0.03494255515
0.0345221798
0.03421936665
0.03367893414
0.05480906873
0.7287514067
0.9961736242
0.9984119331
0.9985930725
0.9985217718
0.9983925136
0.9982456954
0.9980885506
0.9979217632
0.997742673
0.9975497685
0.9973452767
0.9971317517
0.9969095485
0.9966791328
0.9964426503
0.9962038827
0.9959697273
0.9957504908
0.9955569555
0.9953957924
0.9952658577
0.995158785
0.9950720561
0.9950113969
0.994976331
0.9949587087
0.9949505513
0.9949469491
0.9949454185
0.9949448362
0.9949447156
0.9949447948
0.9949447867
0.9949441755
0.9949420033
0.9949366765
0.994926011
0.9949081696
0.9948847572
0.9948660941
0.9948727909
0.9949280225
0.9950343961
0.9951628351
0.9952692904
0.9953128816
0.9952611937
0.9950849585
0.9947545361
0.9942512032
0.9935957401
0.9928972239
0.9923810383
0.9921802335
0.9920993264
0.9921162948
0.9921839629
0.992239458
0.9922688166
0.9922802419
0.992281931
0.9922789245
0.9922737874
0.9922674389
0.9922592888
0.9922462534
0.9922198448
0.9921596532
0.9920195811
0.9917159701
0.9913113063
0.991312981
0.991473545
0.9913212693
0.9907172278
0.9898134645
0.9887175443
0.9873469139
0.9855129697
0.9834095305
0.9816469969
0.9803759907
0.9791904652
0.978340936
0.9799216591
0.9790863143
0.978275321
0.9783683441
0.9792840154
0.9790145507
0.9721277101
0.0548859957
0.03034026497
0.02549647539
0.02550305861
0.02549508693
0.02550384579
0.02551759155
0.02554744002
0.02557516006
0.02560761609
0.0256329282
0.02565495557
0.02567444338
0.02569415301
0.02571474953
0.02573663455
0.02575524498
0.02576623516
0.02577371395
0.0257775301
0.02578198883
0.02577660773
0.02576544976
0.02574742971
0.02575556489
0.0258013129
0.02594187344
0.02923761222
0.05946073373
0.937019549
0.9942374835
0.9976075196
0.997976605
0.9980842321
0.998026702
0.9979019979
0.9977472177
0.9975761922
0.9973884141
0.9971823966
0.996964229
0.9967390115
0.9965043628
0.9962569896
0.9959965849
0.9957246102
0.9954480354
0.9951824868
0.9949498101
0.9947701305
0.9946444433
0.9945509317
0.9944806366
0.9944455802
0.9944431465
0.9944558287
0.9944703795
0.9944816314
0.9944889124
0.9944931642
0.9944955188
0.9944967314
0.9944969458
0.9944954825
0.9944904855
0.9944783574
0.9944530526
0.9944057123
0.9943266898
0.9942160269
0.9941046039
0.9940537389
0.9941006145
0.9942160546
0.9943333308
0.9943867203
0.994322765
0.9940860783
0.9936052491
0.9927989061
0.9916050406
0.9900556079
0.9885623289
0.9883263749
0.9898826565
0.9905031699
0.9909478331
0.9912106842
0.9913574803
0.9914461041
0.9915077077
0.9915573336
0.991601694
0.9916434193
0.9916829646
0.9917189974
0.9917474352
0.9917583535
0.9917268779
0.9915645661
0.9909198718
0.9890859897
0.9892042316
0.9892777196
0.988644757
0.9876899733
0.9870877768
0.9867773262
0.9862143688
0.9848514982
0.9836958356
0.9830636135
0.9821447385
0.9805510053
0.9792493955
0.9795338426
0.9809022245
0.9826780691
0.9844332815
0.9860925228
0.9877061433
0.9877798876
0.9835135948
0.06157072621
0.0296154163
0.02546238164
0.02552664987
0.02555222638
0.02559338722
0.0256280453
0.025674318
0.02570724927
0.0257358367
0.02575950317
0.02578206615
0.0258036308
0.02582346207
0.02583918656
0.02584902104
0.02585434876
0.02585756976
0.02584999648
0.02583513003
0.02581814649
0.02579509363
0.02576110374
0.02574484868
0.02577421912
0.02888517511
0.5556112484
0.865969236
0.9912004667
0.9964711291
0.9971184002
0.9973907048
0.9974460883
0.9973780299
0.9972495717
0.9970955546
0.9969138408
0.9966997049
0.9964695037
0.996235939
0.9959909573
0.9957243295
0.9954321827
0.9951099846
0.9947603979
0.9944028343
0.9940755957
0.9938367853
0.9937254532
0.993683425
0.9936715235
0.9937078633
0.9937797751
0.9938513102
0.9939048199
0.9939393826
0.9939596387
0.9939706492
0.9939762519
0.9939788021
0.9939792736
0.9939772738
0.9939707523
0.9939552525
0.9939225174
0.9938581887
0.993738625
0.9935317878
0.993233664
0.9929705775
0.9928817122
0.992970374
0.9931366111
0.9932685033
0.9932730314
0.9930488432
0.9924499276
0.991274409
0.989254356
0.9858830209
0.9800406558
0.9718868682
0.9766251957
0.9846092535
0.9850366653
0.9854704956
0.9857480474
0.9859597154
0.9861428899
0.9863129046
0.9864759142
0.9866346245
0.9867911847
0.9869497597
0.9871209634
0.9873312183
0.9876422041
0.9881888935
0.9891036967
0.9852472186
0.9809997477
0.9838770382
0.9832140427
0.9825107539
0.9832726699
0.9853090928
0.9872475467
0.9879528257
0.9853178254
0.9844618517
0.983952725
0.9827013202
0.9803721123
0.9792250496
0.9806634169
0.9831935451
0.9854389935
0.9869999154
0.9880044226
0.9887856476
0.9897716469
0.9881360257
0.979977882
0.04638211961
0.02823789777
0.0254728406
0.02557195052
0.02561575747
0.02567529343
0.02570690491
0.02573655284
0.02575883843
0.0257808437
0.02580058556
0.02581642947
0.02582658317
0.02583068679
0.02583012141
0.02582608905
0.02581451444
0.02579528893
0.02577040748
0.02573763195
0.02569358802
0.02564745284
0.02559471997
0.02947719897
0.4777372788
0.8481375319
0.9845821708
0.9944550428
0.9959907737
0.9963261031
0.9965295226
0.996557504
0.9964807105
0.9963924958
0.9962597936
0.9960542092
0.9958206131
0.9955927871
0.9953489018
0.9950663482
0.9947394112
0.9943507647
0.9938866146
0.9933570324
0.992802309
0.9923360464
0.9921589864
0.9923214862
0.9925321591
0.9927672503
0.9929921988
0.9931574338
0.9932601705
0.9933187391
0.9933500555
0.9933658329
0.9933732663
0.9933763671
0.9933770109
0.9933755122
0.9933706999
0.9933594247
0.9933352301
0.9932854489
0.9931845931
0.9929775294
0.9925493246
0.991840807
0.9913132514
0.991202509
0.991396862
0.9916937903
0.9919323408
0.991935384
0.9914614042
0.9901734449
0.9877747766
0.9837029719
0.9762290659
0.9574617516
0.8129384103
0.0458995278
0.03855515378
0.03701142247
0.03670165129
0.03673711902
0.03687718654
0.03705401184
0.03724497062
0.03744331522
0.03764927248
0.0378702213
0.03812998566
0.03849675094
0.03916508157
0.04073708424
0.04651811533
0.05407634552
0.9192264521
0.945710902
0.9496641734
0.9124393631
0.948957331
0.9703714637
0.9816957517
0.9883881969
0.9869034156
0.9831311591
0.9834727102
0.9844053663
0.9843836476
0.9796138827
0.9787999452
0.9814710903
0.984694281
0.9871637233
0.9881952
0.9880601189
0.9880395297
0.9883233968
0.988335848
0.9846068825
0.9673904394
0.03798383108
0.0272845975
0.02553381583
0.02566901417
0.02570262909
0.025734047
0.02575331291
0.02577562325
0.02579433519
0.02580714911
0.02581258422
0.02581131955
0.02580491769
0.0257944084
0.02577789198
0.0257542378
0.02572250913
0.02568113467
0.02562837787
0.02556753681
0.0254889934
0.02918203822
0.7453777548
0.8888901654
0.9276962714
0.984573822
0.9925834328
0.9943152291
0.9946570681
0.9953111769
0.9951736776
0.9952337526
0.9953331351
0.9951945167
0.9949736984
0.9947840148
0.9945650398
0.9942755125
0.9939229644
0.9934672923
0.9928550619
0.9920557418
0.9910337396
0.9898390773
0.9888752897
0.9891713855
0.9910653294
0.9917541964
0.9921915583
0.9924318793
0.9925523594
0.9926107447
0.9926382292
0.9926507013
0.9926559881
0.9926578501
0.992658085
0.9926576278
0.9926571454
0.9926573694
0.9926591832
0.9926631252
0.9926669887
0.9926555968
0.9925409061
0.9919053083
0.9895598366
0.988398016
0.9882857813
0.9888003192
0.9895373417
0.9902366235
0.9903593678
0.9894833358
0.9875024281
0.984635672
0.9815574872
0.9786489198
0.9757090601
0.9729359922
0.04854897845
0.02838168914
0.02528730626
0.02527725121
0.02527320016
0.02527312518
0.02527523156
0.02527896192
0.02528388829
0.02528975901
0.02529652819
0.02530491843
0.02531769498
0.02534221195
0.0253607733
0.028523242
0.07625866953
0.9513378136
0.04140853395
0.02928708405
0.02888235318
0.03092087564
0.03468745011
0.04663174357
0.07614791031
0.9250267767
0.9458998653
0.9730375047
0.9844527747
0.982371224
0.9756228544
0.9747078965
0.9796662491
0.9844730144
0.988083174
0.9873670888
0.9865540718
0.9866486458
0.9869184336
0.9867023739
0.9855914528
0.9788155206
0.9354694854
0.03377815082
0.02654392716
0.0256445825
0.02573618604
0.02574615197
0.02576832534
0.02578547066
0.02579498429
0.02579538213
0.02578865792
0.02577686045
0.02576128093
0.02574085587
0.02571369609
0.02567721791
0.02563037778
0.02557213591
0.02550402504
0.02541894915
0.02965765382
0.8157957889
0.8609050758
0.05334583955
0.03109734086
0.04028266618
0.1663672305
0.9815355412
0.9903104945
0.9923535377
0.9924901314
0.9936577246
0.9943678059
0.9939184418
0.9938134148
0.9936526094
0.9933492467
0.9930020985
0.9925261146
0.9917982603
0.9907346548
0.9891018671
0.9864361407
0.9820067679
0.9765855496
0.9821260398
0.9883692229
0.98814637
0.9881596639
0.9881516944
0.9881425786
0.9881384693
0.9881381368
0.9881389986
0.98813929
0.9881385685
0.9881380675
0.9881416682
0.9881580994
0.9882050583
0.9883162655
0.9885526872
0.9890186329
0.9898736145
0.9912061249
0.9885311967
0.9831549112
0.9803967208
0.9811807687
0.9829894995
0.9853171135
0.987273302
0.9873071359
0.9876828462
0.985728055
0.9842606449
0.983623095
0.983505979
0.9853275289
0.9850461956
0.9720627576
0.04136442947
0.02789138078
0.02526278016
0.02526015233
0.02526409062
0.02527052803
0.02527868561
0.02528803759
0.02529732549
0.0253061913
0.02531415369
0.02531636721
0.02534748038
0.0332996062
0.9678471722
0.9486989502
0.03412167204
0.02537296704
0.02531934193
0.0253172754
0.02532319364
0.02533827083
0.02540085934
0.02692406438
0.02814325192
0.03127575519
0.03969216809
0.06226048837
0.9468527026
0.9492087992
0.9607051839
0.9745290457
0.9821092429
0.9848982814
0.9852993271
0.9855937624
0.9863171948
0.9866138974
0.9862379197
0.9850738377
0.9826860894
0.9733550612
0.799720035
0.03101753736
0.02559376742
0.02570537791
0.02576199664
0.02577505702
0.02578035296
0.02577525864
0.02576314361
0.02574666585
0.02572767101
0.02570527637
0.02567660144
0.0256375457
0.02558832129
0.02552823503
0.02545870519
0.02537668239
0.03019130769
0.8945907675
0.8887437066
0.04914175362
0.02525566279
0.02526261977
0.02536486084
0.02749399389
0.03407825175
0.06962768416
0.9703582436
0.9833850994
0.9917794676
0.9925337591
0.9921347342
0.9928335405
0.9922410465
0.9919574849
0.9916138381
0.9909364533
0.9899400923
0.9883189077
0.9853371793
0.9793840161
0.9636293243
0.8803166349
0.05567794052
0.04534125911
0.04064803561
0.03942502546
0.039024543
0.03889052923
0.03885259523
0.03884750667
0.03885119149
0.03885550187
0.03885978273
0.03886796252
0.03889284146
0.03896679075
0.03916118898
0.03963887832
0.0408133963
0.04401614173
0.05876688057
0.1001676212
0.9422675126
0.9383940908
0.94806386
0.9625514428
0.9735242495
0.9764435665
0.9743186752
0.9832418374
0.9867649719
0.9869632297
0.9861458946
0.9857946124
0.9860478046
0.9867608042
0.9869444433
0.9830315155
0.9665506756
0.03958388685
0.0276583868
0.02525927465
0.02526514753
0.0252771241
0.02529108747
0.02530367658
0.02531264833
0.02531979995
0.02531126243
0.02673639591
0.05436185135
0.981368027
0.1020062456
0.02733738639
0.02533596401
0.02532558264
0.02531967103
0.02532184996
0.02532737557
0.02533743965
0.02534301109
0.02533537959
0.02535710942
0.02539494035
0.02561730201
0.04396071181
0.204603397
0.9709062253
0.9689688924
0.965156737
0.07698843785
0.971008228
0.9823050083
0.9868453367
0.9874648941
0.9874163407
0.9867300071
0.9855910933
0.9846362116
0.9828311209
0.9787890941
0.06227776106
0.02962783958
0.02559440951
0.02572206067
0.02576255269
0.02575259139
0.02573551132
0.02571530651
0.02569465329
0.02567261803
0.02564480725
0.02560499214
0.02555598773
0.02549685527
0.02542956386
0.02535508196
0.03110833499
0.9333671612
0.9097759169
0.04911460754
0.0252304683
0.02525268718
0.02526156157
0.02526299723
0.02526243998
0.02529971197
0.02693621963
0.02984403553
0.04509246663
0.184539756
0.9774064636
0.9875791791
0.9900031799
0.9897356822
0.9909041299
0.9902640478
0.9898260274
0.9891241789
0.9875849812
0.9853528574
0.9825119189
0.9787104473
0.9752700713
0.05179647701
0.02868917793
0.0252995999
0.02528724091
0.02528450836
0.02528595177
0.02528906831
0.02529327023
0.02529888206
0.02530645444
0.02531484877
0.02532123773
0.02532592688
0.0253300489
0.02533565611
0.02534643749
0.0253685358
0.02542632678
0.0255949968
0.0313244795
0.05404400548
0.9379575723
0.9629650463
0.9757538237
0.9700156937
0.04338003999
0.03603789556
0.06711751936
0.9779382733
0.9846569609
0.9870409107
0.9872976755
0.9873715002
0.987267185
0.9869993041
0.9863233808
0.9816259904
0.9615865189
0.03810099504
0.02746944372
0.02526739416
0.0252856572
0.02530609394
0.02531725981
0.02531690348
0.02531260505
0.02764125609
0.6116411524
0.9670946579
0.04864254656
0.02559766506
0.02534145547
0.0253352341
0.02532742579
0.02532486637
0.0253281153
0.02533686532
0.0253475749
0.02535192683
0.02535527923
0.02535053458
0.02895945538
0.08032381731
0.9856998992
0.9837578514
0.9739806038
0.04896779116
0.03015209771
0.02881295906
0.04287062803
0.9742965453
0.9861456018
0.9890654985
0.9884339114
0.9871236119
0.9863371541
0.9861276599
0.9872216111
0.9872925993
0.9799197919
0.0516845003
0.02934948526
0.02559496611
0.02569555058
0.02570871297
0.02568531314
0.02566333836
0.02564410808
0.02561944325
0.0255798835
0.02553355585
0.02547707354
0.02541365317
0.02534932512
0.0324490013
0.9561302692
0.931135298
0.04910807314
0.02522297428
0.02524423556
0.02525584572
0.02526433208
0.0252703601
0.02528090016
0.02528851924
0.02528869016
0.025310148
0.02546600792
0.02787622196
0.03392665294
0.06210386155
0.9654727027
0.9841212146
0.9883747311
0.9888084611
0.9904743415
0.9897917386
0.9887928703
0.9879362398
0.9872410732
0.9879005163
0.9873354964
0.977390619
0.04522269053
0.02831539769
0.02527344476
0.02527563436
0.02528471288
0.02529285142
0.0253013891
0.02531364136
0.0253285828
0.02533924037
0.02534521533
0.02534796729
0.02535010427
0.02535479698
0.02535979439
0.0253560043
0.02561018693
0.03823176091
0.9480480696
0.9740098347
0.9744895371
0.9762747936
0.07752463486
0.03118259197
0.02537150022
0.02537274755
0.029142351
0.0447446556
0.9724527309
0.9848810008
0.9883498968
0.9880533542
0.987715477
0.987321777
0.9866253904
0.9855315299
0.9800183299
0.9559996566
0.0374116558
0.02763562138
0.02529895272
0.02532667199
0.02533305347
0.02533993608
0.03508051701
0.9523899984
0.8937440919
0.02904967981
0.02534622905
0.02533699884
0.02533249711
0.0253298259
0.02532764273
0.02532811645
0.02533052278
0.02533196098
0.02532852571
0.02533078453
0.02642315956
0.03737450365
0.9717331924
0.9829409973
0.9778152385
0.05043143526
0.02965149556
0.02537178131
0.02534584737
0.02530854848
0.02864797965
0.04973527883
0.9819561789
0.9892182752
0.9888000226
0.9868835672
0.9860343632
0.9857693903
0.9869521421
0.988340808
0.9867279461
0.9792004664
0.05018601636
0.029142112
0.02555984638
0.02562735989
0.02563341643
0.02561951711
0.02560192386
0.02556068209
0.0255211208
0.02546865323
0.02540824326
0.02535726703
0.03435677764
0.9692250486
0.9478844657
0.04910666655
0.02522075591
0.02524023495
0.02525140536
0.0252617008
0.02527015072
0.02527941898
0.02528726025
0.02529207399
0.02530112847
0.0253129826
0.02531028417
0.02529673566
0.02532394495
0.02700825734
0.0322218765
0.05640327712
0.9649801115
0.9869350377
0.9907371512
0.9909951332
0.9902581721
0.9896299516
0.9893227705
0.9894377158
0.9893362413
0.9862778401
0.9751950412
0.04432235263
0.02843488063
0.0252907623
0.02529657028
0.02530668191
0.02531834952
0.02533812276
0.0253509806
0.02535650339
0.02535537381
0.02535147709
0.02535148564
0.0253442771
0.02531966701
0.02859178642
0.1024782488
0.9822012759
0.9767725333
0.9667667198
0.6327616723
0.0335491716
0.02549199237
0.02538791787
0.02535218212
0.0253232903
0.02530003042
0.02825507272
0.04338842517
0.9736631718
0.9858573879
0.9882951304
0.9882037157
0.9877923818
0.9870700107
0.9859843522
0.9845545963
0.9788155503
0.9599059247
0.0419797062
0.02921543847
0.02541763694
0.0272463468
0.0537387713
0.9820336622
0.08349902995
0.0272115057
0.02534567642
0.02535365762
0.02534408476
0.02533599835
0.02533067183
0.02532803911
0.02532577131
0.02531936828
0.02530241448
0.02534505102
0.03149975549
0.859354263
0.9774898309
0.9780941812
0.5173132443
0.03046409001
0.02535524791
0.025349547
0.02534222861
0.0253206489
0.02530762963
0.02530922338
0.02990119656
0.08279626946
0.9835172735
0.9850276392
0.9849386139
0.9831630775
0.9838977204
0.9861356375
0.9877240631
0.9885917991
0.9865366486
0.977926404
0.04823250688
0.02930111687
0.0255256509
0.02553894617
0.025580608
0.02554478239
0.02551296941
0.02547544176
0.02541191221
0.02537974267
0.03729166229
0.9770929485
0.9599087381
0.04910665846
0.02522026182
0.02523846488
0.02524840615
0.02525864627
0.02526800246
0.025277139
0.02528491162
0.02529111432
0.02529923567
0.02530943921
0.02531509526
0.02531533293
0.02532021667
0.02532058185
0.02531417977
0.02533361905
0.02738767856
0.03533470656
0.1375159985
0.9859827122
0.9897656799
0.9909326795
0.9905493304
0.9903135412
0.9900442659
0.989621395
0.9890127618
0.9858728602
0.9761133468
0.04856000575
0.02966590459
0.02540018966
0.02531420277
0.02533369642
0.02535220975
0.02536193914
0.02535798887
0.02534379155
0.02533383262
0.02532750943
0.02609915719
0.03446944972
0.9688464282
0.9857694588
0.9787709846
0.9051520306
0.03378889942
0.02657615818
0.02538980142
0.02537428463
0.02535354571
0.02533619669
0.02532026508
0.02530664826
0.02529998002
0.02837014657
0.04519593201
0.9767011445
0.9863952054
0.9888343917
0.9884301931
0.9875073268
0.9860424452
0.9844340458
0.9838619931
0.9815652621
0.9752517518
0.06125969186
0.03515093713
0.756838655
0.9590884301
0.04555667348
0.02546865908
0.02535092134
0.02535143673
0.02534554307
0.02533686087
0.02532904561
0.02532353903
0.02531993276
0.02531365147
0.02528689131
0.02825006279
0.06197091472
0.9814883614
0.9803671006
0.9440454329
0.03418362172
0.02623526028
0.02532812505
0.02532890345
0.02532459381
0.02531399645
0.02530604949
0.02529981535
0.02529544005
0.02535267433
0.03264306798
0.937960495
0.9815321655
0.9812087172
0.9750861776
0.9827607
0.9859309425
0.9872955534
0.9879647142
0.9882454241
0.9856940706
0.9774557505
0.06141991765
0.03239753477
0.0273777948
0.02550292265
0.02545322367
0.02545615703
0.02548183158
0.02541404191
0.04372060272
0.9820436556
0.9684818819
0.04910698004
0.02522033672
0.02523778236
0.0252465475
0.0252561735
0.02526565675
0.02527490324
0.02528323947
0.0252908152
0.02529941066
0.02530892941
0.02531624766
0.02532071621
0.02532597169
0.02532965906
0.02533224783
0.0253409184
0.02534226514
0.02533814065
0.02545390784
0.03089203879
0.06454091441
0.9840101226
0.9894720471
0.991092788
0.9908305447
0.9903769856
0.9897394792
0.9890860164
0.9888151996
0.9868168137
0.9814074709
0.09130910435
0.03436917531
0.02719352616
0.02532824227
0.02535409351
0.02536761419
0.02534204566
0.02531923392
0.02534677085
0.03123450295
0.8255095919
0.9808739506
0.9866697354
0.9723300696
0.03692265852
0.02687524003
0.02533955369
0.02538645243
0.02537433271
0.0253593932
0.02534649106
0.02533402449
0.02532344636
0.02531669029
0.02531178462
0.025306793
0.02862615188
0.04804344948
0.9791903064
0.9873283955
0.9891933783
0.9875937753
0.9847373968
0.9828576171
0.9834192605
0.9852373815
0.9846081164
0.9759003835
0.9431884097
0.8658898904
0.02886342432
0.02535457544
0.02535003994
0.02534606446
0.02534146756
0.02533348478
0.02532349566
0.02531256111
0.0253017824
0.02530232832
0.02632605159
0.03722569555
0.9737986652
0.9863734964
0.9794934298
0.04383605343
0.02712750952
0.02530433504
0.02532663256
0.0253220507
0.0253160342
0.0253084481
0.02530154656
0.02529521057
0.02529070403
0.02528878558
0.02527992521
0.02692593796
0.04387197435
0.9734819917
0.9635655392
0.959185255
0.9815709364
0.9862576191
0.9869803878
0.9871046486
0.9868593739
0.9865823643
0.9850814798
0.9775981662
0.9281346222
0.05300573501
0.0365714978
0.02938617381
0.02782242576
0.02725284953
0.0473124136
0.9858736422
0.9747268799
0.049107321
0.0252205695
0.02523760567
0.02524544469
0.02525440084
0.02526370935
0.02527304899
0.02528196497
0.02529056822
0.02529968084
0.02530906635
0.02531713268
0.02532352457
0.02532952916
0.02533402329
0.02533768674
0.02534340302
0.02534634592
0.02534726705
0.02535229366
0.02534786641
0.02534250309
0.02985403004
0.06056732042
0.9841706335
0.9898047976
0.9912447796
0.9904490735
0.9892919198
0.9885748098
0.9883866074
0.9886755856
0.9883204019
0.9838124756
0.9523253551
0.04438873876
0.02951691613
0.02537816095
0.02538637032
0.02532898591
0.02814067171
0.05593925941
0.9779280883
0.9828335405
0.983727802
0.08902681259
0.02914524933
0.02531721771
0.0253553459
0.02538011502
0.02537748449
0.02536626174
0.02535512425
0.02534447057
0.02533515573
0.02532855269
0.02532508944
0.02532252181
0.02531768305
0.02531501205
0.0290778339
0.0527360717
0.9824166879
0.988911586
0.9869971616
0.9822577549
0.9824998206
0.9849689701
0.9876974284
0.9879347101
0.9814183557
0.06287054526
0.02732140587
0.02536480101
0.02536669865
0.02535261171
0.02534076168
0.02533055963
0.02532064928
0.02530777894
0.02528726805
0.02532947501
0.0314747851
0.8782471084
0.9781911518
0.9824076651
0.243300451
0.02976590918
0.02529783766
0.0253160341
0.02532632736
0.02532199513
0.02531410377
0.02530636639
0.02529964633
0.02529368014
0.02528913662
0.02528631129
0.0252808543
0.02527218784
0.02528925859
0.03310620563
0.9462905284
0.9542703416
0.06555824273
0.9731432489
0.9829992174
0.9863980067
0.9855746887
0.9832958293
0.9816304503
0.9813354566
0.9752296285
0.9753814477
0.9734942859
0.9355697321
0.8494538188
0.04730474616
0.8373625339
0.983175773
0.9792071022
0.04910759291
0.02522080166
0.0252376279
0.02524479137
0.02525318112
0.02526223615
0.02527160543
0.02528093767
0.02529022184
0.02529974498
0.0253092187
0.02531776099
0.02532511687
0.02533167938
0.02533687704
0.02534114629
0.02534560225
0.02534813078
0.02534958449
0.02535323225
0.02535438866
0.02534892247
0.02533527038
0.02533631126
0.02992114372
0.06498433471
0.9854826187
0.990482068
0.9899001803
0.9880635672
0.986921057
0.9857365474
0.985870406
0.9868671586
0.9844358668
0.9830749085
0.9780447586
0.05673878521
0.03068179022
0.02707077207
0.03452499689
0.9615057618
0.9839535688
0.982513593
0.9351020335
0.03411354501
0.02542238092
0.02533734305
0.02535400743
0.0253719378
0.02537327821
0.02536808884
0.02536014847
0.02535163124
0.02534383058
0.02533785963
0.02533426332
0.02533254804
0.02533236815
0.02533212908
0.0253285558
0.02533337844
0.03008158041
0.09164641356
0.9845965967
0.980817236
0.9815589676
0.9859682928
0.98924476
0.9903234684
0.9891060274
0.9834802353
0.03806386872
0.02535398877
0.02535336136
0.02534333893
0.02533166933
0.02532132396
0.02531481132
0.02530784947
0.02527720116
0.02817747388
0.06172809632
0.9821239212
0.9801135448
0.937001521
0.03432766466
0.02584744652
0.0253070102
0.02531533173
0.02532145465
0.02531839572
0.02531223982
0.02530523751
0.02529878672
0.02529296972
0.0252879999
0.02528358669
0.02527756606
0.02527030677
0.02527020437
0.02527276149
0.03087390137
0.9514730755
0.967767549
0.04699970098
0.04485020219
0.9719305766
0.9846156461
0.9835035287
0.9767408228
0.9719613651
0.965144418
0.9545469023
0.9484813415
0.9414507774
0.9399061388
0.9388012711
0.9422946347
0.9789713638
0.9764303474
0.04910777074
0.02522096496
0.02523767777
0.02524436996
0.02525232958
0.02526114686
0.02527050117
0.02528009118
0.02528979958
0.02529962353
0.0253092579
0.02531815135
0.02532607716
0.02533308306
0.02533886328
0.02534364631
0.02534787066
0.0253507124
0.02535283731
0.02535559441
0.02535657896
0.02535397305
0.02534814366
0.0253419364
0.02533159893
0.02534134784
0.03066391928
0.1082758593
0.9845255893
0.9857197407
0.985275587
0.9823058304
0.9806807141
0.9816726551
0.9823481864
0.9828337212
0.9849173392
0.9837335658
0.9758762113
0.05469349171
0.8858299824
0.9725734708
0.9824461439
0.9722223666
0.0418824388
0.02662085512
0.0253415819
0.02534223053
0.02535226291
0.02536486205
0.02536903569
0.02536739206
0.02536245517
0.02535600135
0.02534949681
0.02534405971
0.0253406302
0.02533993269
0.02534234616
0.02534531105
0.02534769698
0.02535389434
0.02537766434
0.02546931558
0.03683088491
0.9613181174
0.9763880179
0.9843612088
0.9888567654
0.9897088196
0.9880942113
0.9869607267
0.9828692578
0.03670860838
0.02531603408
0.02532103864
0.02531606597
0.02530600078
0.02529874297
0.02530095944
0.02635903937
0.03775092648
0.9756689779
0.9874331008
0.9804313704
0.04209147531
0.02680313803
0.02530928573
0.02531177727
0.02531432523
0.02531725546
0.02531538544
0.02531066124
0.02530473469
0.02529873461
0.02529306346
0.02528784996
0.02528278214
0.02527692697
0.02527094597
0.025268117
0.0252647636
0.02525463074
0.02950089328
0.9149162481
0.979751226
0.05341661511
0.03158465149
0.05030492774
0.9775318583
0.9743082527
0.9667265481
0.9597019557
0.9486464061
0.9217931127
0.8880748332
0.06729234212
0.8504613877
0.9447954976
0.9739344337
0.9703757083
0.04910784632
0.02522102541
0.0252376537
0.02524403203
0.02525169105
0.0252603245
0.02526965048
0.02527939212
0.02528935986
0.02529939759
0.0253091957
0.02531835783
0.02532666522
0.02533403447
0.02534028348
0.02534550695
0.0253498686
0.02535307298
0.02535548547
0.02535756068
0.02535793683
0.02535567162
0.02535079506
0.02534492058
0.02533838292
0.02533148437
0.02532015561
0.02540811303
0.03297020649
0.944181185
0.9825286813
0.9814168729
0.9742814476
0.9745655379
0.9761334782
0.9770789334
0.978397758
0.9806765793
0.982716331
0.9803451698
0.9740099915
0.979503504
0.9792064
0.7814542489
0.03031034469
0.02532626965
0.02535775145
0.02535942809
0.0253617585
0.02536657381
0.02536830089
0.02536696411
0.02536323367
0.02535810661
0.02535236895
0.02534678933
0.0253427663
0.0253426047
0.02534766282
0.02535378431
0.02535578782
0.02535953941
0.02539143193
0.0254079859
0.03016134898
0.05059389438
0.9624681933
0.9765852246
0.9853444003
0.9869548692
0.984937982
0.9832065545
0.9851919973
0.9792414448
0.03369123616
0.0252981674
0.02530774685
0.02530008825
0.02529147202
0.02535657215
0.03207236422
0.8966678222
0.9786721868
0.9840627987
0.1047026211
0.02948899971
0.02530100761
0.0253236092
0.02532211001
0.02532008906
0.02531812745
0.02531487881
0.02531031498
0.02530492535
0.02529935273
0.02529394364
0.02528881638
0.02528378691
0.0252785412
0.02527356284
0.02526997902
0.02526538998
0.02525572082
0.02524258246
0.02733785137
0.9024166569
0.9820601773
0.9369297505
0.02988221559
0.03337139977
0.9476292586
0.9652587465
0.9628049128
0.9570629711
0.9420357657
0.9303407862
0.9203017397
0.8978367871
0.934871538
0.9645364081
0.9526783922
0.04910781582
0.0252209637
0.02523749287
0.02524367923
0.02525115238
0.02525967087
0.02526898197
0.02527882001
0.02528895171
0.02529913965
0.02530907252
0.02531843036
0.02532699906
0.02533464843
0.02534125671
0.02534683344
0.02535141389
0.02535489455
0.02535736074
0.02535890334
0.02535871084
0.02535644217
0.0253520512
0.02534660464
0.02533997847
0.02533334721
0.02532810382
0.02532723271
0.02531828691
0.02709357267
0.04912230228
0.9772223335
0.9698302148
0.9670700315
0.9705481038
0.9736750244
0.9777182432
0.9825257727
0.9867335012
0.9890635201
0.9877293599
0.9848804333
0.9719698436
0.03906308503
0.02660665998
0.02535149534
0.02536545879
0.02536858928
0.02536934692
0.02536942379
0.02536818715
0.02536575391
0.02536224494
0.02535800297
0.02535274759
0.02534614965
0.02533970028
0.0253376565
0.02534326935
0.02534659483
0.02534521112
0.02533711035
0.02571105092
0.0310361028
0.04847394211
0.9658806372
0.9710049947
0.9697989243
0.9743495809
0.9774967346
0.9785277863
0.9773816338
0.9803440026
0.9828369735
0.9716815576
0.03203121354
0.02530279424
0.02530547874
0.02529178951
0.02866511077
0.0698526723
0.9827224743
0.9796648445
0.9272946663
0.03396184849
0.02544906852
0.02531530844
0.02532426715
0.02532427756
0.02532190671
0.02531884296
0.02531492535
0.02531040748
0.02530542983
0.02530031336
0.025295334
0.02529060116
0.02528604226
0.02528168333
0.02527780521
0.025274902
0.02527224708
0.02526814632
0.02526468103
0.02526280036
0.02658760922
0.04769405287
0.9746311377
0.9489096414
0.04021100455
0.04114346046
0.9427825886
0.964468747
0.9640307469
0.9527181114
0.9332438851
0.9209372092
0.9198102141
0.9129653617
0.9486929404
0.8931375009
0.04910767707
0.02522076851
0.0252371569
0.02524324977
0.02525063922
0.02525911741
0.0252684458
0.02527836202
0.02528860883
0.02529890142
0.0253089248
0.02531840437
0.02532713152
0.02533496424
0.02534182634
0.02534767033
0.02535246027
0.02535616927
0.02535860493
0.02535975049
0.02535906769
0.02535680207
0.02535274102
0.02534810573
0.02534212114
0.02533612711
0.02533082626
0.0253289059
0.02533444521
0.02533810775
0.02536575604
0.03930685991
0.943884972
0.958942596
0.9675359699
0.9731558504
0.9795562457
0.9855406519
0.9899372379
0.9922574233
0.9917818178
0.987836248
0.087936673
0.0293674652
0.02537040176
0.02538899557
0.02538605824
0.02537890785
0.02537463933
0.02537080457
0.02536678955
0.02536279815
0.02535900869
0.02535561877
0.0253512755
0.0253435243
0.02533275071
0.02532528657
0.02532691794
0.02532094323
0.02530112721
0.02613690946
0.03357909733
0.1961013301
0.9802726182
0.981589098
0.9808992927
0.9772782699
0.926202079
0.05072861456
0.9472523782
0.9719463376
0.9765528791
0.9788422561
0.9795780286
0.9659381131
0.03374465972
0.02531887516
0.02746633614
0.03969070833
0.9770840269
0.9874138496
0.9792021729
0.04052382265
0.02661948079
0.02532148419
0.02531469226
0.02531913592
0.02532139195
0.02532108047
0.0253187051
0.02531506456
0.02531075851
0.02530610313
0.02530137473
0.02529686293
0.0252926686
0.02528872408
0.02528524548
0.02528220604
0.02527982129
0.02527876799
0.02527815578
0.02528093346
0.02528534143
0.02530948704
0.025360977
0.03393427626
0.9429814215
0.9567012296
0.9303577852
0.9172959978
0.9591826713
0.9663932656
0.9600647309
0.949924686
0.9410827168
0.9358599105
0.9230008369
0.9492520341
0.7744410417
0.04910742949
0.02522043432
0.02523662545
0.02524271015
0.02525011049
0.02525862527
0.02526801383
0.02527801245
0.02528835459
0.02529871765
0.02530877794
0.02531830181
0.02532708348
0.02533498476
0.02534199655
0.02534802718
0.02535300353
0.02535698011
0.02535938976
0.0253602593
0.02535898668
0.02535664834
0.02535261963
0.02534882892
0.02534257318
0.02533709181
0.02533123854
0.02532105998
0.02532497167
0.0253197065
0.02771427455
0.03589879713
0.8611395195
0.9488679784
0.9648369029
0.971056012
0.9782092491
0.9848020356
0.9896223329
0.9919864499
0.9918290986
0.989312258
0.1138419753
0.02556707534
0.02539633879
0.02539310288
0.02538731319
0.02537853432
0.02537227297
0.02536710226
0.02536191941
0.02535690721
0.02535286484
0.02535083898
0.0253484399
0.02534208122
0.02532880286
0.0253166464
0.02531731711
0.0252981587
0.02691218131
0.03253621473
0.8343130198
0.9818652181
0.9853751201
0.9802474173
0.9686201303
0.08213803898
0.03648340877
0.02792983015
0.03004789279
0.9388182187
0.9758413139
0.9761862887
0.9740067767
0.9749152567
0.9711161831
0.04128096559
0.03472333417
0.9196099065
0.9767114912
0.983256509
0.0828725628
0.02902646363
0.02530331228
0.02533355312
0.02532763127
0.02532473259
0.02532323757
0.02532176174
0.02531915297
0.0253155091
0.02531128377
0.02530677464
0.02530224743
0.02529808459
0.02529440692
0.02529107722
0.02528840286
0.02528574317
0.02528317067
0.02528249636
0.02528187447
0.0252870432
0.02529278423
0.02530443748
0.02533083607
0.02790738777
0.03872573037
0.9075019328
0.9537627586
0.9528870283
0.9557193844
0.9630741894
0.9574635834
0.9514464332
0.9484910461
0.9414753461
0.8950837587
0.9409806069
0.1369194403
0.04910707413
0.02521996085
0.0252358938
0.02524205125
0.0252495547
0.02525818363
0.02526767811
0.02527777301
0.02528820825
0.02529861161
0.02530864455
0.02531813497
0.02532686087
0.02533469059
0.02534174535
0.0253478715
0.02535301206
0.02535743193
0.02535984856
0.02536063292
0.02535858076
0.02535591789
0.0253512069
0.02534895632
0.02534118702
0.02533412337
0.02533138775
0.02531995123
0.0253483048
0.02856820792
0.03698140986
0.8888409803
0.9420361543
0.9480686193
0.9615167383
0.9659469533
0.9724928204
0.9791268806
0.9857405761
0.9891592444
0.9888531373
0.9873391019
0.9834942347
0.03553566853
0.02534184741
0.02535816829
0.0253642939
0.02536401124
0.02536206698
0.0253587961
0.02535402764
0.02534832715
0.02534373062
0.02534303431
0.02534342629
0.02533839832
0.02533097495
0.02531911104
0.02536649871
0.02897304367
0.03834958418
0.9318523094
0.9777298098
0.9821534601
0.9772068386
0.9015849483
0.03594387107
0.02889607644
0.02549845546
0.02538310205
0.02533609662
0.03051883512
0.9613844492
0.9773955479
0.9692447861
0.9642708264
0.972616132
0.9700959927
0.9392200201
0.9615491862
0.975238142
0.9203468143
0.03334670852
0.02539392642
0.02531965346
0.02533434439
0.02533254384
0.02532884825
0.02532542491
0.02532263025
0.02531952572
0.02531577777
0.02531158563
0.02530713039
0.02530261928
0.02529859567
0.0252952043
0.02529242982
0.02529096806
0.0252883235
0.02528477719
0.02528497564
0.0252810471
0.02528508092
0.02528517025
0.02606201038
0.02986542528
0.03932714327
0.9072862395
0.9400276411
0.9631333285
0.9595135789
0.9565157838
0.9551102953
0.9402174781
0.9385087865
0.9508414289
0.9494729211
0.8741664142
0.8966211633
0.1055518098
0.04910661312
0.025219353
0.02523497319
0.02524128796
0.02524898955
0.02525780927
0.02526744915
0.02527765201
0.02528819052
0.02529859824
0.02530851781
0.0253179057
0.02532646746
0.02533405035
0.02534103709
0.02534712894
0.02535235245
0.02535759463
0.02536006706
0.02536091789
0.02535784767
0.02535509501
0.02534669781
0.02534580346
0.0253341185
0.02531941461
0.02530490779
0.02654583612
0.03166860021
0.05557738764
0.9584727434
0.9641743102
0.96163327
0.9533380469
0.9616175267
0.963601403
0.9677113707
0.9702691093
0.9768165807
0.9811635218
0.9821067655
0.9813110221
0.9830960198
0.9592826402
0.02756493269
0.02532729664
0.02534084294
0.02534658706
0.02534953356
0.02534917428
0.02534537103
0.02533841798
0.02533151033
0.02533058075
0.02532886928
0.02531953982
0.0252997349
0.02620224839
0.0322019737
0.06917762574
0.9747540426
0.9820594956
0.9853601931
0.9813911668
0.7518178923
0.03201448579
0.02664115664
0.02532514527
0.02534381079
0.02535107592
0.02534006824
0.02531572411
0.03491706201
0.9782727756
0.9757229298
0.9673779916
0.9762243818
0.9813448234
0.9776715966
0.9700003848
0.9654039479
0.04597446425
0.0269243932
0.02533400577
0.02532551436
0.02533062787
0.02533091896
0.02532917542
0.02532616248
0.02532302007
0.02531960908
0.02531570758
0.02531147448
0.02530696898
0.0253023197
0.02529825228
0.0252946431
0.02529169987
0.0252925269
0.02529091872
0.02528407212
0.02528560083
0.02527914141
0.02529955215
0.02737986047
0.03433168492
0.4052188413
0.9686925697
0.9738055233
0.9697253503
0.9722963925
0.9663610635
0.8940513746
0.9461325174
0.9214589619
0.9154961323
0.9533384757
0.9588574897
0.9161023032
0.8003503881
0.09657149156
0.04910604765
0.02521862105
0.02523389371
0.02524046281
0.02524846528
0.02525754866
0.02526735439
0.02527766167
0.02528832952
0.0252986865
0.02530835832
0.02531759017
0.02532590245
0.02533305267
0.02533986582
0.02534569648
0.02535084289
0.02535746211
0.02536006571
0.02536183563
0.02535625088
0.02535677332
0.02534380568
0.0253407748
0.02532162185
0.02627393545
0.02982156844
0.03983095367
0.8713672003
0.9763819657
0.9802127814
0.9762875973
0.9707215421
0.9674154755
0.9711959362
0.9731348362
0.97754542
0.9757728532
0.9770012542
0.9749963783
0.9562868929
0.9743720932
0.9810265002
0.9811188722
0.04298805321
0.02530806576
0.02532183183
0.0253311958
0.02533798129
0.02534058803
0.02533840083
0.02533079602
0.02532088186
0.02532007313
0.02531606849
0.02529281856
0.02664251884
0.03287531679
0.731300589
0.9801296768
0.9847907464
0.9825461018
0.9775638986
0.0842974518
0.03255454749
0.02607815901
0.02531928189
0.02533669692
0.02534056752
0.02533507664
0.02532816349
0.02531864708
0.02536501335
0.05492452307
0.9771609997
0.9760552484
0.9843457452
0.9887456148
0.9885795506
0.9809215745
0.7944928253
0.0316863689
0.02536472849
0.02535737687
0.02534142395
0.02533512322
0.02533150439
0.02532896202
0.025326045
0.02532286474
0.02531931201
0.02531522971
0.02531087555
0.02530610009
0.02530113688
0.0252972317
0.0252928155
0.02528767912
0.02528936164
0.02529065863
0.02528114317
0.02528393045
0.02645705568
0.03049893775
0.05460353275
0.9540106315
0.9816267693
0.9826429416
0.9797521188
0.9686179347
0.8938255609
0.05030149471
0.03347401251
0.05061179336
0.9466828863
0.9397327381
0.9611965255
0.9661549637
0.9559811585
0.92738812
0.09591804871
0.04910537438
0.02521778074
0.02523270988
0.02523965414
0.02524807307
0.02525748192
0.02526743594
0.02527781512
0.02528866957
0.02529887617
0.02530808017
0.02531712487
0.02532508303
0.02533167902
0.02533846127
0.02534338641
0.02534807638
0.02535739401
0.02535823394
0.02536360151
0.02535377032
0.0253538715
0.02533808938
0.02547696809
0.02841793858
0.03904959182
0.6450580934
0.9757849105
0.9811267911
0.9827915005
0.9824578201
0.9782454812
0.9774313941
0.9771751553
0.9800819761
0.9795817662
0.9827732186
0.9812513648
0.9517426997
0.06269519895
0.04134695211
0.9639677047
0.9813477219
0.9854031145
0.9765078988
0.02922276567
0.02531000402
0.02532192429
0.02533021167
0.0253342096
0.0253344664
0.02532793695
0.0253192794
0.02532280444
0.02531993799
0.02787438672
0.03535727652
0.9108245787
0.9754676122
0.9812480949
0.9774705507
0.9446381564
0.0406763697
0.02957922318
0.02542423909
0.02535195811
0.02535737205
0.0253467308
0.02534296319
0.02533078653
0.02532297156
0.02532126441
0.02537846941
0.03224886225
0.9461645504
0.9761097734
0.9859579303
0.9898589701
0.9901236791
0.9858214746
0.06011033707
0.02673164066
0.02536948958
0.02535281869
0.02534059521
0.02533441446
0.02533009188
0.02532730052
0.02532465306
0.02532177595
0.0253183393
0.0253141745
0.02530981452
0.02530448647
0.02529848154
0.02529551731
0.0252911191
0.02528073079
0.02527968903
0.02527211726
0.02608012319
0.02970766715
0.04139988663
0.8771621368
0.9807648968
0.9843891421
0.984103883
0.9794642695
0.8931948997
0.0446256723
0.03137974201
0.02733852691
0.02638380824
0.03408818254
0.9187807151
0.9466737568
0.9620469523
0.965226182
0.9627318029
0.9579938376
0.1430710926
0.04910458248
0.02521685423
0.0252315072
0.02523898861
0.02524796498
0.02525772966
0.02526773668
0.025278126
0.02528930952
0.02529912747
0.0253075023
0.02531647582
0.02532375441
0.0253294739
0.02533740632
0.02534065768
0.02534204602
0.02535725154
0.02535238137
0.02535430017
0.025337165
0.02541254213
0.0276628462
0.03711433748
0.1296699963
0.9750678879
0.9854525959
0.987392429
0.9864911947
0.9856007745
0.9840713435
0.9835927542
0.9812729939
0.9793249551
0.9808154254
0.9765881616
0.9500517003
0.07572255752
0.03612644881
0.02792133797
0.02542565655
0.0393503354
0.9787440389
0.985493806
0.9874449491
0.06683961881
0.02534166111
0.02531943717
0.02532646961
0.02532881617
0.02532792042
0.02532498486
0.02531438256
0.02572309387
0.03103012975
0.04770164538
0.9624420833
0.9791259173
0.982388973
0.9766394752
0.8723429477
0.03341361081
0.02724341498
0.02533800601
0.02534480491
0.02535480082
0.02536139214
0.02534687367
0.0253365121
0.02532295177
0.02533469949
0.02680886748
0.03242024896
0.0584360102
0.9462322193
0.9672159959
0.9823622297
0.9872040978
0.9878835181
0.9865445877
0.9776116983
0.03021125048
0.02536791261
0.02534978174
0.02533742426
0.02533160807
0.02532762372
0.02532493756
0.02532255571
0.02532003049
0.02531667568
0.02531243547
0.02530855917
0.02530285801
0.02529495614
0.0252927668
0.0252928394
0.02528133865
0.02530908316
0.0279260928
0.03413630251
0.7185629778
0.9718308009
0.9821373185
0.9858464896
0.9851021529
0.9499724594
0.05408957282
0.0312064637
0.02675582415
0.02542772524
0.02728315433
0.03386687066
0.2001831725
0.940243457
0.9336732612
0.945079589
0.9504652668
0.9606747315
0.9662951994
0.9095459313
0.04910366203
0.02521587991
0.02523040705
0.02523864309
0.02524839746
0.02525849161
0.02526825362
0.02527856553
0.02529054997
0.02529937769
0.02530609108
0.02531574006
0.02532184397
0.02532499972
0.02533595116
0.02533937817
0.02533319765
0.02534936521
0.02533553046
0.02542187696
0.02764425394
0.0359267538
0.09449172364
0.971141772
0.9872284154
0.9892449908
0.9882536293
0.9882564364
0.9867986895
0.9868433367
0.9847440977
0.9850933341
0.984098975
0.9514987321
0.8509414058
0.04952536899
0.03251674015
0.02756280818
0.02547439812
0.02541469796
0.0253739304
0.02653696319
0.8325082188
0.9824705776
0.9873099789
0.9813915647
0.03215640143
0.02530650629
0.02532062416
0.02531807538
0.02531094108
0.02529146519
0.02616936629
0.0338838954
0.2280226735
0.9810515517
0.9837043638
0.983809913
0.9782613003
0.5370305079
0.03305649885
0.02639397091
0.02533427182
0.02535186825
0.02534624495
0.02534688285
0.02535104927
0.02534648961
0.02550504483
0.02741770551
0.03288062463
0.05164633548
0.9190678967
0.9758870242
0.9774857184
0.9746786461
0.9742965208
0.9759147316
0.9792696213
0.9818983785
0.9840768725
0.05544164117
0.02534147648
0.02533812825
0.02533077143
0.02532604442
0.02532313892
0.02532131189
0.02531963992
0.02531779622
0.02531432357
0.02530924563
0.02530659116
0.02530066175
0.02528961451
0.02528539558
0.02527669404
0.02617276113
0.03059032808
0.05729669244
0.9611153501
0.9782051765
0.9797619837
0.9790554514
0.9744484324
0.1323101465
0.03494041851
0.02728530472
0.02541216998
0.02678683647
0.03111294438
0.04688291502
0.8923125803
0.9652974485
0.9638711595
0.93174275
0.8950247596
0.8919916408
0.9473433769
0.9736467956
0.9516906805
0.04910265184
0.02521495497
0.02522958661
0.02523879265
0.02524976307
0.02526021239
0.02526895921
0.02527880545
0.02529302658
0.02529997548
0.02530267009
0.02531404082
0.02531959895
0.02531633212
0.02532721386
0.02532741327
0.02532869515
0.02555830898
0.02794526682
0.03665704918
0.1011130559
0.9699128995
0.9865801072
0.9891454169
0.9887153501
0.9894358771
0.9878663869
0.987702107
0.9853427759
0.9848472367
0.9799386508
0.9479474707
0.07416166963
0.03826031049
0.02823148159
0.02662690753
0.02538585556
0.02539474008
0.02540402771
0.02541101446
0.02537962093
0.02532362593
0.03009431624
0.9743000604
0.9860589559
0.9839014557
0.94383377
0.02731733912
0.02532711258
0.02532035302
0.02529803948
0.02699979175
0.03280973091
0.8485327635
0.9821186468
0.9855471494
0.9807465858
0.9660365882
0.05196837796
0.03111649408
0.02620502083
0.02535917984
0.0253652738
0.02535067775
0.02533545956
0.02532178694
0.02639397721
0.02811588798
0.0409598989
0.114583586
0.9606587191
0.9812432419
0.9856949292
0.9824734813
0.9795231082
0.979812307
0.9816888216
0.9308477956
0.8805451704
0.9707675864
0.9836203108
0.9750035749
0.02902296048
0.02530866823
0.02531489646
0.02531607063
0.02531621797
0.02531619268
0.02531581213
0.02531557782
0.02531218144
0.02530515381
0.02530328709
0.02530027147
0.02528646325
0.02536500749
0.02847993367
0.03508413797
0.7817405466
0.9802341702
0.9840422298
0.9833379413
0.9754795345
0.9052367648
0.03844694569
0.02939357104
0.02568390618
0.02737665997
0.03264910257
0.05068136447
0.9184116674
0.9746247232
0.9798514585
0.9752393651
0.9628716217
0.9337836008
0.8828578618
0.903565251
0.9069545039
0.9758943309
0.9689855343
0.04910182551
0.02521434217
0.02522938063
0.02523948737
0.02525240898
0.02526375481
0.02527043344
0.02527798111
0.02529649477
0.0253012816
0.02529632776
0.02530558468
0.02530494707
0.02529944805
0.02532764987
0.02659105927
0.02848664063
0.04326866202
0.1881974582
0.9723984465
0.987023074
0.9889790931
0.9883417261
0.9895210657
0.9883822092
0.9882119575
0.9856136836
0.984603751
0.9781244854
0.931746998
0.05206486526
0.03201887134
0.02719301132
0.02542871496
0.02537592913
0.02538405707
0.02538332485
0.02540323451
0.02541056857
0.02539660889
0.02536812043
0.02534005171
0.02533309156
0.04947423698
0.9840698236
0.9841146267
0.9833824546
0.06072824073
0.02542283506
0.02541721567
0.02923987521
0.03910165835
0.9365939934
0.9779727907
0.982161063
0.9770373897
0.8946926374
0.03518140773
0.02801834918
0.02537461307
0.02537531322
0.02538275688
0.02536273131
0.02535846894
0.02665697809
0.03034210059
0.04458609403
0.8350310995
0.9632099764
0.9869661867
0.9880791937
0.9855388747
0.987686805
0.9860836338
0.9572686612
0.8996003444
0.0789014797
0.04149990612
0.03239493184
0.9559696479
0.9824382859
0.9821008626
0.04323912655
0.02529195215
0.0253000032
0.02530642816
0.02530954954
0.02531092235
0.02531094415
0.02531316974
0.02531077676
0.02530003059
0.02529625075
0.02528221352
0.02619474243
0.03110147061
0.07498002269
0.9694259
0.9806044835
0.9856574933
0.9835693198
0.953916064
0.05067884186
0.03105950735
0.03023958204
0.02823917248
0.03866891774
0.08898977424
0.9572662393
0.9806698841
0.9855716458
0.9832244439
0.9837240781
0.9819194703
0.9715894785
0.929394522
0.8463039144
0.8961876764
0.05662349343
0.9767925898
0.9739093592
0.04910265606
0.02521465115
0.02523051015
0.02524060428
0.02525599867
0.02526917792
0.02527417203
0.02527725031
0.02529643967
0.02529068674
0.02528764136
0.02532811323
0.02649416745
0.02798696835
0.0358255392
0.05919163136
0.9255572415
0.9696100679
0.9885568721
0.9892597355
0.9883130614
0.9889675837
0.98763345
0.9882218218
0.9860217607
0.9847893694
0.9775576379
0.9216396567
0.04777849776
0.0310624171
0.02678010174
0.02535676351
0.02535516476
0.02536088191
0.02538604611
0.02540937002
0.02540198677
0.02539288056
0.02538954823
0.02537557811
0.02535300142
0.02534101391
0.02536452056
0.0288538414
0.9675945346
0.9800464427
0.9803919597
0.9823816664
0.04366822498
0.03418577539
0.0778689834
0.9757853337
0.9821863828
0.9852130502
0.980996252
0.728216936
0.03189804553
0.02660327436
0.02535857574
0.02537610073
0.02537769389
0.02559751064
0.02756425187
0.03326190432
0.05311357687
0.9249529827
0.9758043862
0.9829520089
0.9838557302
0.9841660289
0.9856278965
0.979327017
0.9538958765
0.08300766418
0.03990361815
0.02848546047
0.02718324203
0.02550899679
0.025377933
0.04223692231
0.9815687504
0.9852738769
0.9696360228
0.02832049195
0.02529032052
0.02530042181
0.02530560891
0.02530775171
0.02530607876
0.02530966943
0.02531136004
0.02530096504
0.02535325016
0.02799351961
0.03421077092
0.7424667382
0.981818706
0.9843831197
0.9823574963
0.9802455915
0.4824996525
0.0356371692
0.03006952683
0.03020583371
0.04505913319
0.8832959609
0.9543032312
0.9858722183
0.9874133035
0.9848613291
0.9869153942
0.9841419854
0.95531308
0.6952451504
0.05045528314
0.03506035007
0.03237487246
0.0324436344
0.03609756157
0.9717741658
0.9764469551
0.04911296222
0.02521765079
0.02523356171
0.02524158054
0.02525714283
0.02526693072
0.02527042575
0.02528684007
0.02541241346
0.02684350934
0.02850900321
0.03753660252
0.06535297915
0.926177185
0.965151037
0.9856051631
0.9871676205
0.9863881171
0.9875110215
0.9881476905
0.9864081719
0.9856568973
0.9850019347
0.9851215693
0.9789736476
0.9251644499
0.04686512137
0.03073274559
0.02662780112
0.02533897451
0.02534182451
0.02534546478
0.02536809888
0.02537802243
0.02539035544
0.02541159982
0.0254172005
0.02540140865
0.02536306821
0.02533981355
0.02532488732
0.0253215345
0.02535102509
0.02555204372
0.05470687994
0.9750697357
0.9696730776
0.9743821863
0.9658944749
0.9060858932
0.9787869635
0.9843960917
0.9820174753
0.9766294748
0.07854316159
0.03230369537
0.02609256509
0.02535640824
0.02535846424
0.02650522178
0.02830468837
0.04231759055
0.1419953982
0.9630903764
0.9821446815
0.9863728813
0.9842302633
0.98434066
0.9825267053
0.972226445
0.8893843318
0.04654789075
0.03160220577
0.02714386818
0.02543798799
0.02536949693
0.02536609774
0.02535475473
0.02534298703
0.02816102051
0.9666138349
0.9845305277
0.9825339926
0.04642618502
0.02529954979
0.02530149792
0.02530594979
0.02530905493
0.02530235192
0.02530108022
0.02529010568
0.0263743773
0.03155103802
0.05787430253
0.9622119523
0.9793389574
0.9861586251
0.9837501841
0.9563664302
0.04630852401
0.03531976325
0.03503038345
0.05415720362
0.9289472189
0.9732328497
0.9814145641
0.9824754177
0.9834011534
0.9849872728
0.9778222559
0.9456695158
0.06389418401
0.03578242278
0.02784431521
0.02665409536
0.02552409667
0.02547105751
0.02539872702
0.02896751185
0.9545046696
0.9710198829
0.04918732571
0.02523337412
0.02523430809
0.02523960124
0.02527922009
0.026289792
0.02741909042
0.03104351784
0.04754156157
0.1245862825
0.9573966246
0.9742825942
0.9879102295
0.9891689894
0.9881831759
0.9886248278
0.9892708749
0.9879971144
0.9868595137
0.9842178328
0.9802309892
0.9750260433
0.9662070278
0.9561705142
0.04995125255
0.0310656073
0.02661468121
0.02534401643
0.02533206579
0.0253259727
0.02534261406
0.02534692287
0.02535113734
0.02535891855
0.02537058765
0.02539457908
0.02543253294
0.02550076934
0.02572584449
0.02688022808
0.02736907546
0.02839036947
0.03056357444
0.03631263902
0.07615717917
0.9813733982
0.9793562849
0.9791942608
0.9799008672
0.9764260554
0.9768788187
0.9753300143
0.9431863237
0.04001927453
0.02941435723
0.02542109003
0.02542382657
0.02722596176
0.03118374063
0.04658419707
0.8565939311
0.9649689598
0.9873037416
0.9881757341
0.9855716407
0.9876007917
0.9855035065
0.9580005561
0.7475570118
0.04232763548
0.02943496778
0.02643695739
0.02533866407
0.02533733411
0.02533895893
0.02536046754
0.02537454243
0.02535659404
0.02532710177
0.02531647989
0.04520878334
0.9797536709
0.9810458407
0.9673065837
0.03044584257
0.02529943064
0.02531084342
0.02531609316
0.02531071814
0.0253653429
0.02818891744
0.03508282753
0.7189016225
0.9738339613
0.9799100259
0.9792280426
0.9789987544
0.162647872
0.04625288245
0.0538053678
0.1579464551
0.9671424413
0.9818551119
0.9861092242
0.9835385374
0.9836490055
0.9819167689
0.9729169578
0.8869043719
0.04563221266
0.03126756715
0.02703794746
0.02548994098
0.02547337312
0.0254733386
0.02549094476
0.02549607954
0.02542306644
0.02843585905
0.9247988929
0.9619099853
0.04939970761
0.02530030056
0.02629933592
0.02790728648
0.03581221925
0.06160679708
0.9303130903
0.9677996621
0.9844465872
0.9914840595
0.991535256
0.9905677325
0.9911444762
0.9917007365
0.9910786304
0.9904999637
0.9895291341
0.988251446
0.9862538581
0.9817410633
0.9725127448
0.9513541218
0.9155163246
0.06918949349
0.05467715329
0.04539027247
0.04237952548
0.04165956453
0.04159395999
0.04174588927
0.04200818441
0.04232944218
0.04268656418
0.0431138661
0.04369216033
0.04464455062
0.04658564766
0.05179078073
0.07257493924
0.1967346654
0.927309031
0.9121238686
0.9403042268
0.9650072348
0.9803554375
0.9842809698
0.9849630655
0.9844495194
0.9844708086
0.9834416421
0.9788557369
0.9613429939
0.03675731218
0.02755997459
0.02666781805
0.02814898421
0.03797343956
0.07201979291
0.9398900807
0.9758868464
0.9824161429
0.9838157809
0.9841578877
0.9853802587
0.9784186978
0.9499517332
0.07252143137
0.0374662009
0.02780311407
0.02634904157
0.02532246508
0.02532937954
0.0253317933
0.02534969829
0.02535288481
0.0253540254
0.02535849957
0.02534773407
0.02532943221
0.02530708873
0.03034080026
0.9610587621
0.9736655856
0.9676834369
0.8920711192
0.02753126934
0.02532845124
0.02534354972
0.0270280874
0.03277212533
0.06035665989
0.9550157071
0.9671560444
0.9699457292
0.9633980839
0.9429754195
0.2481203209
0.693381765
0.9539621574
0.9739596064
0.9886979001
0.9888510031
0.9854980277
0.9874405899
0.9854560123
0.9581348115
0.7794151281
0.04332317764
0.02978228854
0.02656914195
0.02547130639
0.0254927369
0.02549934471
0.02554425412
0.02554497247
0.02551097989
0.02548808624
0.02543246363
0.02815173218
0.8804837011
0.9517823988
0.1119142334
0.04270304097
0.08359090609
0.9616311065
0.9796314035
0.9900072728
0.9916580261
0.9916208746
0.9924000919
0.9931921654
0.9937006061
0.9932698847
0.9930435254
0.9926594314
0.9923091119
0.9918264973
0.9909035366
0.9896936429
0.9880947
0.9855385528
0.9823084002
0.979742677
0.9798178708
0.985718776
0.9890434342
0.9898507008
0.9896089087
0.9895207147
0.9895533112
0.9896443941
0.9897616358
0.9898896943
0.990022733
0.9901614111
0.9903117952
0.9904857073
0.9907015208
0.9909881803
0.9914157288
0.9920290399
0.9908162279
0.9871754995
0.9837589211
0.9827879617
0.9826932047
0.9847799614
0.9849518977
0.9837935717
0.9800018776
0.9711835085
0.9515923596
0.05371189031
0.03624581438
0.03962599762
0.06242465579
0.8816807638
0.9503847001
0.9835880316
0.9838888185
0.9824224735
0.9823090306
0.9809558433
0.9716889004
0.8762647416
0.04527506404
0.03123114955
0.02702485218
0.02539959466
0.02534122949
0.02533634037
0.02533060014
0.02534202968
0.02534204052
0.02534268625
0.02534504846
0.02534593156
0.02534768735
0.02534376102
0.02533413557
0.02536296167
0.02761010027
0.8482319633
0.9502779666
0.9501934252
0.9634487315
0.04844267305
0.02839498271
0.03393813141
0.0545901763
0.9264326156
0.9768473731
0.9799751735
0.9749551693
0.9678783896
0.9513329297
0.91790573
0.9654418371
0.9817965452
0.9847650215
0.983529138
0.9852967552
0.9857150403
0.9754311025
0.9440267513
0.07105763145
0.03789897738
0.0279790935
0.02652553792
0.02546953808
0.02550698396
0.02551738716
0.02555912281
0.02555318699
0.02555244747
0.02555067505
0.02552823961
0.02550447012
0.02546166447
0.02793171559
0.793328488
0.9431998102
0.9819514441
0.989655616
0.9930706309
0.9938686438
0.9937725458
0.9943588609
0.9948712848
0.9948162193
0.9947985021
0.9946936867
0.9945442283
0.9944505704
0.9942664533
0.9938786669
0.9934812089
0.9930466366
0.9923995528
0.9916047976
0.9907122296
0.9897461675
0.9890431646
0.9889948867
0.9896648633
0.990683937
0.9923278021
0.9928277961
0.9930448315
0.9931584135
0.9932317728
0.9932938091
0.9933517776
0.993407243
0.9934595959
0.9935066682
0.9935439841
0.9935629654
0.9935477377
0.9934705612
0.9932881676
0.9929500402
0.9923502924
0.9909764242
0.9890829418
0.9874690991
0.9862729919
0.9860171861
0.9861880096
0.9848372656
0.9803990038
0.9698422258
0.9457030195
0.9427783601
0.9611958065
0.9747827901
0.9856373324
0.9843986232
0.9798680619
0.9788898819
0.9782838591
0.9739957047
0.9644326851
0.8531190351
0.040739746
0.02930217135
0.0264370545
0.02535032936
0.02533566056
0.02532026824
0.02532859
0.02533712836
0.02533016618
0.02532709002
0.02532615143
0.025325298
0.02532633151
0.02532909079
0.02533500545
0.02534469755
0.02536752373
0.02541677008
0.02747735797
0.05017081377
0.9567219554
0.931560261
0.9525195648
0.9522213331
0.695553154
0.8995135009
0.9780488479
0.9809150957
0.9792531966
0.9797523495
0.9734938491
0.9706520775
0.9683060272
0.9724898062
0.9774373199
0.981311305
0.9847461489
0.983401562
0.9569813277
0.7267629334
0.04163401629
0.03031893425
0.02704078692
0.02552769329
0.02550675237
0.02553056134
0.02552913552
0.02556465814
0.02555809038
0.02555540154
0.02555010459
0.02554558624
0.02554610581
0.02554495792
0.0255454456
0.02551054434
0.02800487414
0.7526557992
0.9335476669
0.9899787679
0.994919718
0.9959032605
0.9963871073
0.9963100418
0.9962693976
0.9961752644
0.9961094235
0.9960131797
0.9958049299
0.9955648588
0.9953707442
0.9951702718
0.9948625686
0.9945161225
0.9941412034
0.9936920385
0.9931984595
0.9927091831
0.9922896444
0.9920665489
0.9921133672
0.992374811
0.9926893498
0.9929733972
0.9932733393
0.9934740631
0.9936129638
0.9936988576
0.9937545675
0.9937945383
0.9938249283
0.993846833
0.993857411
0.9938496478
0.9938112935
0.9937235411
0.9935610486
0.9932983831
0.9929340203
0.9925123735
0.9920380335
0.9913656354
0.9905046992
0.9897795695
0.9894365265
0.9892272199
0.9885247063
0.9869155863
0.9846671598
0.9831468924
0.9829653023
0.9845055578
0.9853096085
0.9854498992
0.9850558082
0.9799472757
0.9718478658
0.949050777
0.9183192256
0.08070419623
0.05163176179
0.04268323702
0.03930830804
0.03827034321
0.03789695883
0.03777799957
0.03773035396
0.03771874987
0.03773405316
0.03774593133
0.03775693568
0.03777128715
0.03778881508
0.03781996154
0.03789356201
0.03809849688
0.0387048371
0.0406935375
0.0498986653
0.05815881087
0.93183964
0.9678312309
0.9714976571
0.9719687769
0.9741444562
0.9724210768
0.9740616955
0.9773746421
0.9802559862
0.9784383028
0.9781658724
0.9760991518
0.9771959742
0.9750677926
0.9782963819
0.9806062271
0.9632086404
0.9020548133
0.05974384784
0.03627665251
0.02769704452
0.02629969387
0.02548966252
0.02553244708
0.02553510939
0.02557253447
0.02559381953
0.02556929083
0.02555767354
0.02554732365
0.02553849108
0.02553317108
0.02553300145
0.02553848156
0.0255522362
0.02558692592
0.02560526032
0.02745327458
0.4665797216
0.9395887559
0.9934642922
0.9965516683
0.9970967773
0.9972856946
0.9973090457
0.9972388787
0.9970891991
0.9969395683
0.996786724
0.9965793788
0.9963448044
0.9961221603
0.9958976087
0.9956338876
0.9953446682
0.9950363515
0.9947050558
0.9943714848
0.9940640338
0.9938201003
0.993685201
0.9936705495
0.9937365087
0.9938096349
0.9938512424
0.9939029368
0.9939922503
0.9940740615
0.9941313763
0.9941663321
0.9941859338
0.9941950148
0.9941948858
0.9941834525
0.9941551935
0.9941011077
0.9940094134
0.9938688081
0.9936775533
0.993459432
0.9932624253
0.9930926614
0.9928636643
0.992536285
0.9922265459
0.9920401501
0.9918888768
0.9915838737
0.991060959
0.9904733535
0.9900825481
0.9898874449
0.9894463522
0.988575755
0.9872817721
0.9854725652
0.9832378148
0.9799035667
0.9755800995
0.9740798262
0.9813148519
0.9858040289
0.985697656
0.9865374292
0.9863590412
0.9862735447
0.9862479415
0.9862477743
0.9862569645
0.9862692838
0.9862823131
0.9862952593
0.9863077708
0.9863192963
0.9863288424
0.9863346117
0.9863345001
0.9863304799
0.9863525138
0.9865622655
0.9881073725
0.9846147476
0.9826790203
0.9834545084
0.9845000058
0.9852751032
0.9845023301
0.9827831234
0.9807435556
0.9797367437
0.9791740293
0.9796342912
0.9770919409
0.9777217491
0.9707397157
0.91096061
0.3889758335
0.04171265049
0.02916637048
0.02692781951
0.02555049543
0.02553803384
0.02557793189
0.02556784709
0.02559658187
0.02558519713
0.02557536485
0.02557503959
0.02555807045
0.02554150468
0.02552898368
0.02552105419
0.02551671182
0.02551792801
0.02552492595
0.02554245376
0.02559220929
0.02571669766
0.02688796819
0.4296856619
0.9324922174
0.9957166382
0.9976295583
0.9978802973
0.997949566
0.9979167258
0.9978249798
0.9976788139
0.9975135714
0.9973378627
0.9971377452
0.9969206083
0.9967011417
0.9964771928
0.9962381286
0.995988222
0.9957302777
0.995468435
0.9952165416
0.9949905725
0.9948085678
0.9946869674
0.9946247423
0.9945990687
0.9945753452
0.9945371641
0.99450677
0.9945061484
0.9945232077
0.9945382706
0.9945447612
0.994542604
0.9945334441
0.9945181051
0.9944957612
0.9944638456
0.994418438
0.9943555771
0.9942744445
0.9941830741
0.9941033257
0.994060661
0.994049196
0.9940226653
0.9939568997
0.9938839849
0.993831835
0.9937682144
0.9936326587
0.9934085165
0.9931375865
0.9928636473
0.9925346839
0.9919838981
0.9911077902
0.9899880617
0.9887581732
0.9876748672
0.9868061542
0.986305901
0.9867726178
0.9877991847
0.9899268631
0.9905541188
0.9907298795
0.9908313822
0.990897434
0.9909259273
0.9909392233
0.990946496
0.9909514452
0.9909554346
0.9909587997
0.9909610633
0.9909605234
0.9909529715
0.9909288992
0.9908684189
0.9907335461
0.990461513
0.9899820177
0.9893598671
0.9890866311
0.9878143794
0.9876425545
0.9878746621
0.9880140286
0.9871790191
0.9852669995
0.9826938308
0.9815754148
0.9788374086
0.9766611575
0.9594036765
0.7959301783
0.04544621673
0.0320465682
0.02792975902
0.02663298523
0.02568052457
0.02569141454
0.02564442675
0.02564282818
0.02564646958
0.0256080859
0.02558833938
0.02557186291
0.02555857775
0.02554990698
0.02553693465
0.02552406149
0.02551327723
0.02550617178
0.02550250486
0.02550468529
0.02551377513
0.02553069869
0.02557820424
0.02571298152
0.02582296506
0.05389155204
0.9419419849
0.9973014281
0.9983635646
0.9984299768
0.9984092805
0.9983340042
0.9982222112
0.9980795085
0.9979182807
0.9977435406
0.9975532175
0.9973510176
0.9971424769
0.9969282139
0.9967068931
0.9964819484
0.996256498
0.9960354219
0.9958276498
0.9956422628
0.995487471
0.995368268
0.9952808604
0.9952121691
0.9951454918
0.9950739431
0.9950086493
0.9949620614
0.9949321343
0.9949100205
0.9948890205
0.9948663285
0.9948414225
0.9948145933
0.9947861933
0.9947565345
0.9947262857
0.9946974233
0.9946748516
0.9946681865
0.9946910672
0.9947526245
0.9948426483
0.9949334876
0.9950072226
0.99506576
0.9951088079
0.9951180324
0.9950683461
0.9949486261
0.9947631394
0.9945119504
0.9941636936
0.9936544935
0.9929542407
0.992121633
0.9912829326
0.9906004907
0.9901338801
0.9899107649
0.9899902229
0.9902017873
0.9904328306
0.9907647561
0.9909387701
0.9909972632
0.9910525983
0.9910824445
0.9910943226
0.9910979321
0.9910983207
0.9910975497
0.9910961636
0.9910937858
0.9910889968
0.9910785101
0.9910554057
0.9910062404
0.9909077943
0.9907283248
0.9904506552
0.9901516081
0.9900185394
0.9900079971
0.9896498273
0.9890835441
0.9883998695
0.9870904832
0.9853380158
0.9811743302
0.9775923821
0.9628489238
0.7538632036
0.0392260137
0.02976376278
0.02719585593
0.02573818066
0.0258134207
0.0258948198
0.02578443415
0.0257488851
0.02568697502
0.02563440097
0.02560246632
0.02556480991
0.02553972532
0.02552486035
0.0255154869
0.02551040296
0.0255014002
0.02549253615
0.0254859132
0.0254834436
0.02548388375
0.02548644267
0.02549692034
0.02552321917
0.02555212389
0.02564561067
0.02575565478
0.03903998683
0.9491901846
0.9984872847
0.9988782428
0.9988076511
0.9987226324
0.9986196812
0.9985000568
0.9983633937
0.9982120753
0.9980467472
0.9978674626
0.9976768589
0.9974780622
0.9972727961
0.997062963
0.9968524405
0.9966453716
0.9964470929
0.9962643718
0.9961031003
0.9959667853
0.9958548015
0.9957608397
0.9956747042
0.9955871527
0.9954965178
0.9954105026
0.9953373198
0.9952781644
0.9952295186
0.9951869953
0.9951472838
0.9951087674
0.9950712956
0.9950359853
0.9950053379
0.9949836706
0.9949776704
0.9949966126
0.995051279
0.9951501723
0.9952927187
0.9954641852
0.9956417265
0.9958081227
0.9959541976
0.9960697557
0.9961396028
0.9961484887
0.9960861459
0.9959446155
0.9957111763
0.99536367
0.994878062
0.9942572016
0.9935548889
0.9928690218
0.992305793
0.9919073537
0.9916632883
0.9915352107
0.9914242712
0.9912903666
0.9912101555
0.991201111
0.9911907131
0.9911909927
0.9911943685
0.991194634
0.9911918522
0.9911875715
0.9911827457
0.991177789
0.9911728937
0.9911683047
0.9911646471
0.9911635478
0.9911690011
0.9911902948
0.9912475776
0.9913783538
0.991625299
0.9919469576
0.99208685
0.9916742965
0.9904005051
0.9878990959
0.983482023
0.978716577
0.9659481267
0.8701424646
0.04619119972
0.03432855292
0.03166454206
0.03014678024
0.03325393096
0.03144954129
0.03194984164
0.03132347467
0.03140592774
0.03166308533
0.03274194036
0.03284814711
0.03223346689
0.03141920614
0.03107978058
0.03115617719
0.03130606564
0.03144651132
0.0316154031
0.0315820044
0.03154468777
0.03161483292
0.03183360061
0.03199862656
0.03194356291
0.03264022714
0.03304387662
0.03332534914
0.03142372978
0.03746738944
0.8627881696
0.9971932743
0.9985518354
0.9980657554
0.997779472
0.9975444505
0.9973128392
0.9970620602
0.9967849095
0.996477471
0.9961387427
0.995773854
0.9953892568
0.9949895363
0.9945798648
0.9941688275
0.9937657311
0.993381874
0.9930307529
0.9927237925
0.9924666915
0.9922556651
0.9920749931
0.9919016149
0.9917161463
0.9915156104
0.9913162653
0.9911375596
0.9909868714
0.9908612401
0.9907533362
0.9906555902
0.9905628349
0.9904732821
0.9903887853
0.990315376
0.9902643687
0.9902536168
0.9903075204
0.9904531777
0.9907099064
0.991073794
0.9915096909
0.991966036
0.9924018667
0.992792776
0.9931158158
0.9933427643
0.9934472536
0.9934106647
0.9932152815
0.9928308392
0.9922096462
0.9913037857
0.9901145887
0.9887405539
0.9873733141
0.9862304633
0.9854176241
0.9849012345
0.9845522034
0.9841558738
0.9836255442
0.9831297826
0.9828151629
0.9826384954
0.9825602221
0.9825272249
0.9825126186
0.9825015072
0.9824895013
0.9824762665
0.9824624681
0.9824492477
0.9824388667
0.9824364779
0.9824538528
0.9825165819
0.9826760493
0.9830231319
0.9836831828
0.9847342428
0.9859948013
0.9868902247
0.9867079399
0.9847021412
0.9792609964
0.964456729
0.9286619682
0.219110476
0.07947183062
0.07080296802
0.7035127577
0.09178376692
0.6858462877
0.4474572705
0.5535444246
0.5000625108
0.5353346362
0.512835592
0.5124330917
0.4762564748
0.4844209756
0.4756320267
0.4960314873
0.5222915387
0.5269758236
0.5268260074
0.5311849206
0.5324946625
0.5380067238
0.5342833835
0.5326765742
0.5343303238
0.5368729132
0.5332175388
0.5426227872
0.5361844728
0.5609436671
0.4921601607
0.6228982613
0.3244561462
