0.9730583209
0.9802930204
0.972680546
0.9675462587
0.9622853397
0.9564594368
0.9498326419
0.9422762489
0.9337706858
0.9242895702
0.9139196464
0.9029312742
0.8917806085
0.8809657818
0.8708983257
0.8619146939
0.8542242727
0.8478350833
0.8427053006
0.8387688545
0.8359072072
0.834116271
0.8332983485
0.8333868218
0.834237853
0.8357155066
0.8377593331
0.8404787173
0.8436568641
0.8472217283
0.8510175411
0.8549230693
0.8587530646
0.8623707484
0.8656017704
0.868420232
0.8709663768
0.8734681481
0.8759606077
0.8781289957
0.879284178
0.8790670641
0.8774179568
0.8745185341
0.8708440408
0.866711594
0.8629918371
0.8595234235
0.8568282678
0.8538733923
0.8501425111
0.8455389578
0.8403313494
0.8358680417
0.8329913347
0.8317308738
0.8310974164
0.8311360517
0.8303630506
0.8295053294
0.8276389167
0.825908287
0.8239437578
0.8217157183
0.8182104563
0.812969306
0.8061027716
0.7981362362
0.7884624443
0.7776413538
0.7646322137
0.7491432947
0.7313329403
0.714411191
0.6981365849
0.6857935524
0.6767443749
0.6694129601
0.6617163956
0.6495683449
0.6317342581
0.6106588742
0.5824885852
0.5552456558
0.5366652312
0.5321050306
0.5313977987
0.5526285511
0.5673117098
0.5897649058
0.6069379717
0.6161774879
0.5891117766
0.4966195344
0.3785528794
0.3037740093
0.34866819
0.4540997972
0.5331197566
0.5326958795
0.5062620299
0.4977408437
0.4903595325
0.4972573366
0.4938671768
0.4909406813
0.4920017889
0.4864098698
0.4842866341
0.4758103592
0.4636708093
0.4445589091
0.4200056463
0.409558628
0.3951971031
0.2756924144
0.1913386018
0.1680769184
0.1229013072
0.2873649447
0.4928178681
0.964684542
0.9869592728
0.9846763985
0.981985002
0.9791259929
0.9760509404
0.9726587086
0.9688689415
0.9646635375
0.9600189393
0.9549230689
0.9494717185
0.9438694297
0.9383257768
0.9330412661
0.9282297473
0.9240080973
0.9204448952
0.9175602823
0.9152904155
0.9135981975
0.9124646736
0.9118529818
0.911721572
0.9119983668
0.9125937569
0.9135077285
0.9147002561
0.9160907526
0.9176381406
0.9193247932
0.9210819078
0.922841841
0.9245290535
0.926042248
0.9273242556
0.928435076
0.9295094749
0.9306371972
0.9316728877
0.9323199499
0.9323324611
0.9316189808
0.9302540451
0.9283232758
0.9259886426
0.9234421091
0.921214162
0.9192032858
0.9173970076
0.9152323751
0.9125291454
0.9093399386
0.9065766317
0.9045487993
0.9034142345
0.9028430909
0.9024060234
0.901956744
0.9013664489
0.9006865037
0.9001469552
0.8996932111
0.8992437503
0.8982582469
0.8966181202
0.8944334504
0.8916893377
0.888506623
0.8845573501
0.8795331578
0.873040918
0.8648136114
0.8549748779
0.8440630693
0.8337222261
0.8246848342
0.8173161505
0.81040551
0.8035868784
0.7961251594
0.7830949509
0.7638985773
0.7385448141
0.7013362178
0.6618542221
0.6336093675
0.5963085556
0.5750592208
0.6025824281
0.6501254141
0.7024955158
0.6750000373
0.5765895254
0.4470252197
0.3643708148
0.3528256727
0.3773610203
0.4222977945
0.3742882914
0.3481893834
0.3149817349
0.2935402211
0.2968675874
0.2903261492
0.3262455336
0.3283558062
0.3376834799
0.3407545652
0.3480510557
0.3641533676
0.367704794
0.3696459187
0.3385396373
0.2960234461
0.2798702726
0.2331360087
0.204523336
0.125160341
0.1273643358
0.4270215382
0.9356547824
0.9741322193
0.9778905154
0.9764409886
0.9735871364
0.9704293945
0.9670310367
0.9632903994
0.9592330099
0.9547789585
0.9498140291
0.9444031348
0.938756498
0.9330751176
0.9275402732
0.9223768327
0.9177880326
0.913913349
0.9107720528
0.908289069
0.9063991863
0.9050725832
0.904286281
0.9039908933
0.9040796911
0.9044310665
0.9051418406
0.9061584061
0.907266232
0.9084619791
0.9097605666
0.9111484206
0.9125593404
0.9139634183
0.9151549574
0.9159865203
0.9165216075
0.9170952447
0.9179621772
0.9190327398
0.9198435877
0.9199607476
0.9193584927
0.9178877074
0.9156504424
0.9125788701
0.9085918437
0.9042516754
0.9009384615
0.8985322893
0.8960905933
0.8926393069
0.8874777997
0.8823759639
0.8785698762
0.8763624329
0.8751288833
0.8742484564
0.8730348708
0.8717853896
0.8707029157
0.8711334167
0.8724495092
0.8739367025
0.8745081587
0.8746699
0.8744140688
0.8745102406
0.8743806071
0.8739401844
0.8713710625
0.8674709802
0.8616853823
0.850268533
0.8354777221
0.8167388825
0.7969361964
0.7789614571
0.7626862852
0.7498551815
0.7447353254
0.7400729296
0.7319334823
0.7179379334
0.7016672884
0.6766491079
0.641112803
0.6141665848
0.5661014823
0.5411191024
0.5449960307
0.6129978538
0.6612948997
0.692217266
0.6851681121
0.5823055104
0.416297489
0.320609447
0.317133825
0.2940464642
0.2822641368
0.2785116323
0.2572987831
0.2563063429
0.2541229746
0.2553574206
0.2555135704
0.2593839939
0.2691900184
0.2795962929
0.2970624629
0.3130379995
0.340091047
0.3534838369
0.3293352145
0.2617742451
0.2149605117
0.2032584229
0.2509666225
0.3107210359
0.6503761083
0.8620690377
0.9494041052
0.9607807575
0.9654364121
0.9633663767
0.9609190821
0.9582024235
0.9549448665
0.9514081261
0.9474260103
0.9425943503
0.9369568126
0.9308833902
0.9245056524
0.9179976757
0.9116851398
0.9059959685
0.9013226087
0.8977409977
0.8951273969
0.8932218863
0.8917954218
0.8908857353
0.8904884939
0.8905458426
0.8907652222
0.8913682188
0.8925330521
0.8935766321
0.8943069329
0.8951884953
0.8960116536
0.8968980559
0.8980750579
0.8991256086
0.8994297623
0.8988624754
0.8980663823
0.898224009
0.8993560877
0.9007671248
0.9019738695
0.9018897369
0.9011549045
0.8983380336
0.8938592525
0.8874474446
0.8768500974
0.8652867016
0.8600144243
0.8610881624
0.8575185234
0.8494272956
0.8352252979
0.8224677269
0.8135394343
0.8059271096
0.8016967374
0.8003533382
0.7943269259
0.7890004809
0.7846953752
0.7895657695
0.7962256479
0.7996016683
0.8020936154
0.8045092326
0.8070455821
0.8131226415
0.8201407976
0.8262279255
0.8273474728
0.8293721922
0.8262220633
0.8136271451
0.7946478498
0.7645248157
0.7258061864
0.6884889301
0.6353413594
0.584295096
0.5231101004
0.5197737844
0.5612092331
0.6029048649
0.6760975472
0.6628204512
0.6223997171
0.6466728958
0.6013266979
0.6021672953
0.5516543813
0.6100417522
0.6205000387
0.663579513
0.6433366745
0.5855335693
0.5301883839
0.444968256
0.384881529
0.3570440347
0.3443810735
0.3297459439
0.3227209816
0.3031771022
0.3063686256
0.3008273314
0.3097191693
0.3039104406
0.3216793286
0.3264397427
0.3286502177
0.3300959278
0.2996532024
0.3049811468
0.3116324616
0.3514836865
0.3736847219
0.3629910157
0.3178580847
0.3856606263
0.4640237251
0.4465211802
0.8600743189
0.9260267887
0.9396211827
0.9400585453
0.9431404786
0.9417650239
0.9399125156
0.9377292025
0.9334762565
0.9275756854
0.9207592375
0.9132935488
0.9047696472
0.8955536427
0.8866478427
0.8792995824
0.8743832804
0.8720604664
0.8713578643
0.8707436646
0.8698811392
0.8690522777
0.8690371113
0.8699376782
0.8721027665
0.8720540332
0.8738977643
0.8746472601
0.8736247445
0.8725380324
0.8720537127
0.8711703807
0.8725468359
0.87424123
0.8716514314
0.8659615199
0.8608216534
0.8592558577
0.8589212365
0.8609054589
0.8632489907
0.8643052492
0.8647285194
0.8598291221
0.8528554699
0.8389108625
0.8052251977
0.7625700227
0.7424727877
0.7485966326
0.7419474556
0.7350291077
0.6898422611
0.6271774321
0.5754041092
0.5259379308
0.5049440802
0.5037927826
0.5083204167
0.4992345747
0.4882586066
0.4809435745
0.4760268834
0.4694245101
0.4611660586
0.4583179744
0.4506100671
0.4339784525
0.4201026062
0.4143835877
0.4279483309
0.4532702779
0.5851197483
0.6496842152
0.6981956468
0.6872384316
0.6537577203
0.6124078828
0.5819345959
0.5202049637
0.5209585623
0.4446778447
0.4429426343
0.4416979498
0.4958746712
0.5982342422
0.60832893
0.6570551066
0.6763051568
0.6728702759
0.5749949885
0.505370234
0.6041887698
0.54295894
0.6102721181
0.644860705
0.5476590974
0.475776308
0.4656342966
0.4469457249
0.3789050394
0.3634675463
0.3561196417
0.3559007364
0.3300212903
0.3293779901
0.3297685918
0.3238078099
0.3153663664
0.3137223388
0.3042930754
0.2883910778
0.2694460022
0.2554280057
0.2772877297
0.2813328592
0.3381886401
0.3870183212
0.3764350011
0.3422718501
0.2164847193
0.2274712077
0.3008668933
0.3788450842
0.7986557057
0.8775684644
0.9084385752
0.9138661848
0.9194495108
0.9230906916
0.918136257
0.9098404957
0.9001995041
0.8887747233
0.8738834224
0.8557115846
0.8360153187
0.8201568998
0.813992831
0.8175567172
0.8249491427
0.8293555582
0.826962202
0.8221762631
0.8195344415
0.8266347984
0.8269274132
0.8195401611
0.8200907985
0.8172755862
0.8027181037
0.7931006058
0.7788925549
0.7643375283
0.7658205506
0.766591275
0.7540781347
0.7277344101
0.6881022064
0.6587681464
0.6379531056
0.5891276092
0.5967817127
0.5871233489
0.653426536
0.7105194058
0.7481211404
0.7924626889
0.7724368826
0.5503550925
0.3432671116
0.4466479481
0.452594376
0.5126289606
0.4873977607
0.433281221
0.4529160043
0.4108725478
0.2511642611
0.2768936092
0.2685499603
0.3738098144
0.3300145942
0.3155689176
0.3007044932
0.3223629493
0.3759068009
0.4243937556
0.4155993026
0.4306875477
0.3465820211
0.3304721698
0.4455442915
0.4010015899
0.4443141159
0.4848924533
0.4340786449
0.5182982922
0.5579555289
0.6111807899
0.5693632166
0.5352025443
0.5027871556
0.5404499903
0.5529689708
0.5782506781
0.6220749928
0.6295711504
0.6129990575
0.6096412058
0.6488491879
0.7281261813
0.7085149762
0.5889346625
0.4967740321
0.5142292388
0.5252919597
0.6086535253
0.4616654051
0.3999392909
0.3879690743
0.4985426226
0.5567930607
0.4762326662
0.4284089311
0.4331459754
0.423877026
0.3719445052
0.3801107833
0.3679786205
0.3721063137
0.3514580964
0.3381313227
0.318503883
0.2701239455
0.248577003
0.2604491268
0.3449674416
0.3415676084
0.4333210156
0.3321794201
0.2005133482
0.2021561923
0.2054400371
0.2121854453
0.2324960361
0.2818338605
0.42578272
0.5927601878
0.796847446
0.8781652717
0.9065465704
0.9029191652
0.8948460197
0.8804049482
0.8611278828
0.8338144897
0.7911209406
0.7289713859
0.6579602248
0.6109496172
0.6027419718
0.6434886103
0.6770333464
0.6686997104
0.632051222
0.5748443219
0.4925499113
0.4973288276
0.4449263049
0.4212597059
0.4285988479
0.429229338
0.4346823969
0.423264019
0.4578374078
0.3971778424
0.3842540343
0.4149088759
0.4190936037
0.3791964043
0.4030027622
0.4414241705
0.4603873071
0.4790268152
0.4761373988
0.4664031096
0.4094093664
0.3365140025
0.5013813953
0.8197814828
0.865871937
0.8569100829
0.718551455
0.4621931705
0.6825674367
0.5349646409
0.4892543829
0.5045732541
0.5279844115
0.4848578422
0.449936596
0.4862761366
0.4795070963
0.4857898255
0.46368047
0.4343398606
0.4234706127
0.439356821
0.4471158286
0.445975804
0.4391749891
0.4498205924
0.434679418
0.4349038917
0.4625515177
0.4610155619
0.462446603
0.4843248314
0.5358595791
0.5179354237
0.5059984471
0.5645103942
0.5498668996
0.4970501351
0.4696864117
0.4758355754
0.4626875756
0.5079839978
0.6065723545
0.6553947621
0.6071343763
0.5848172495
0.6380420355
0.6409657353
0.6260517599
0.5718339749
0.5765621059
0.4742137153
0.5495329781
0.5202117114
0.3104889932
0.3151869321
0.4285979482
0.5276954932
0.5043433603
0.4831178228
0.467196837
0.4770147326
0.4582779877
0.4292981095
0.4284212064
0.424344648
0.4439315019
0.4172267204
0.3429598682
0.3006870913
0.2638293403
0.4001309161
0.4034952811
0.4479557228
0.3308229739
0.1975312621
0.2014156506
0.2033309274
0.2050159568
0.2075830721
0.2122274435
0.2060500134
0.2015547156
0.2679495541
0.3733338245
0.3779596219
0.7341806584
0.8539308701
0.8681886947
0.8625972852
0.8454331116
0.8170246935
0.7626985508
0.6467516691
0.4464147275
0.4873736411
0.4645309874
0.3496456201
0.4110194254
0.5076355936
0.5193778022
0.4474244712
0.3473912676
0.3312001451
0.330449539
0.287461464
0.3047080406
0.3196181193
0.4089793866
0.4659881264
0.4776723323
0.4727059855
0.4599151517
0.4011606131
0.441471678
0.4029650428
0.4067754586
0.383943009
0.4218123244
0.4001452173
0.4251610422
0.4275913153
0.4559827241
0.4644190359
0.4302112502
0.4197422032
0.6673185927
0.7827324501
0.7383867165
0.6033867432
0.5969504505
0.5228608066
0.4684827931
0.5179878232
0.5426788155
0.4609846198
0.359343941
0.3275335462
0.3560215674
0.405951432
0.3379316479
0.3374888942
0.390407542
0.4402461942
0.4598644492
0.3813961802
0.4056451265
0.3514645989
0.3098632486
0.4174575395
0.3850271442
0.3984691888
0.4082358693
0.4662328264
0.4474276
0.483957705
0.5643202184
0.5009530323
0.5437595989
0.5502432352
0.5167380906
0.5043142654
0.4724724567
0.4666398941
0.4779099207
0.5685254617
0.6311895921
0.5964766068
0.5539941143
0.545697632
0.652967207
0.6575991482
0.5983968718
0.5382328743
0.499479861
0.5517538172
0.3861926602
0.2997348261
0.330439381
0.40785256
0.4375151838
0.4511156238
0.4384986832
0.445696888
0.4351376988
0.4173059146
0.4056307199
0.4357402426
0.4393351727
0.405268812
0.3813637912
0.3524187671
0.4549322919
0.4606793547
0.4824856879
0.3302126906
0.1966815811
0.200180459
0.2018857391
0.2033154635
0.2044658616
0.2063562995
0.209780327
0.2159894179
0.214873038
0.2061972675
0.2254794704
0.2284720583
0.2602050809
0.3153794524
0.7699025208
0.8356876287
0.8459090838
0.8414807458
0.8094868219
0.7660600245
0.6721108852
0.454121896
0.5242960986
0.3771242956
0.3597429002
0.5029357394
0.4820552717
0.4620974505
0.5161915116
0.5310151751
0.5536800264
0.538981575
0.5137483606
0.4765704137
0.4895095811
0.4757997138
0.4744506128
0.4704977973
0.4578876287
0.4600850821
0.47789484
0.4605092779
0.4722360959
0.4710690999
0.4566265344
0.4505851956
0.4648849958
0.4737559577
0.4865382246
0.5132777432
0.5025084578
0.5014245472
0.4784795831
0.5912476058
0.6959579173
0.5898685403
0.7460704189
0.6442281269
0.369848994
0.4930378198
0.5319945943
0.5000579352
0.5006874885
0.4848954396
0.4990597832
0.5103078093
0.4841767664
0.4065118338
0.4176815569
0.369802826
0.4666460352
0.4720017292
0.4779840834
0.4576535742
0.4251674425
0.3971196545
0.3829888397
0.4132110357
0.4470765749
0.3553628527
0.5025424879
0.3858897122
0.4004935873
0.4364451114
0.4193049844
0.4889281198
0.5147335362
0.5151901702
0.5009361552
0.4972591995
0.4798387
0.4798400705
0.557677976
0.586979071
0.607793984
0.5353810402
0.5947296201
0.7494282407
0.6511442308
0.590937508
0.6023744288
0.4588507121
0.4986307742
0.3062374355
0.2862033099
0.2952662443
0.311148127
0.3566049119
0.371488584
0.3773077065
0.3767203218
0.3724562071
0.4030868913
0.3221372593
0.3737729143
0.439578375
0.39392139
0.4491346803
0.5011983213
0.5015737789
0.3300198783
0.1964036965
0.1992394691
0.2002074407
0.2025353191
0.2037822118
0.2051236767
0.2072097022
0.2113034952
0.2221337803
0.2345683091
0.2356916629
0.2352270003
0.2101578192
0.2327099174
0.2487894275
0.3687849852
0.6600709454
0.8166878656
0.8476251937
0.8257269788
0.7922577177
0.74146874
0.6323057357
0.4338330228
0.5308869723
0.468302149
0.3742196802
0.5449011895
0.5403542543
0.49076099
0.5081050994
0.5013068538
0.5210430258
0.504571051
0.4917666195
0.4881092206
0.4929907914
0.4749845809
0.4567574607
0.4493899496
0.4341420337
0.4320908671
0.4512214696
0.4468673308
0.4309963136
0.4415919562
0.4333649745
0.4363293455
0.4641480012
0.4841709733
0.480159446
0.452930827
0.4787440105
0.4977918273
0.4462339695
0.4655693104
0.4208740366
0.7510363176
0.8146798913
0.5446067658
0.4095182692
0.5101851665
0.477392744
0.5122195796
0.4298363655
0.4974447838
0.5123659765
0.4934049321
0.4407617976
0.417501391
0.3853330293
0.4639221011
0.44441834
0.4942608296
0.4763969338
0.4612355671
0.4723769384
0.4507108588
0.4663187606
0.3089309368
0.4291421351
0.3722423698
0.2841562202
0.2312350915
0.237768365
0.3035133405
0.3673181255
0.476678628
0.5146977641
0.5123553697
0.5189829557
0.5098251709
0.4732252665
0.4698382951
0.524409136
0.4606994839
0.5509411617
0.4902934409
0.7151490405
0.7590094787
0.6180197074
0.6334204764
0.5059079356
0.5036134924
0.3196665544
0.2658807725
0.3085038902
0.2719551573
0.2932002351
0.32105701
0.3520056654
0.355396061
0.3147983496
0.2455562169
0.3319656306
0.295556532
0.3868679531
0.5132961897
0.4904422956
0.5129195175
0.3300101819
0.1963813489
0.1991020407
0.1995785655
0.2012427883
0.2030780526
0.2045454275
0.2059004064
0.2076657216
0.2101317374
0.2240907389
0.237334633
0.2461948088
0.2266967375
0.2299715125
0.2299274398
0.2359641736
0.3720583243
0.3889824781
0.6439627313
0.8278448934
0.8276688904
0.7979423474
0.756671638
0.6914435501
0.5217464454
0.491570492
0.3826377313
0.250822274
0.2552051027
0.4101823502
0.4624638245
0.5131033358
0.4883305573
0.4953088086
0.4526948419
0.4529289245
0.4776546792
0.4657872384
0.4609328988
0.4634677874
0.419582136
0.4396858379
0.465350327
0.467546053
0.4474011067
0.42454137
0.4402955061
0.4444647401
0.4466788854
0.4435996828
0.4429854386
0.4488466682
0.442290506
0.411796154
0.4660969692
0.4576515285
0.4115694076
0.3369787779
0.409652029
0.8182340116
0.7655993454
0.4844469164
0.4787879921
0.5133073715
0.5186011167
0.5017859045
0.4732311427
0.4975192055
0.4947015385
0.4822588157
0.4484204882
0.3638520788
0.4231996993
0.4684004184
0.4679838793
0.4959284037
0.5207560281
0.5301181641
0.3889303618
0.4944615864
0.4236032864
0.4123624903
0.2323393206
0.1951041939
0.0001236542308
0.08009681583
0.2855742869
0.3456164127
0.4771035805
0.5555044737
0.5456982688
0.551187326
0.5532505588
0.4974641471
0.4292330843
0.4652020542
0.5019023684
0.4147408008
0.3894743203
0.6070407104
0.7237758691
0.7373559307
0.6621465691
0.6739807086
0.4584477041
0.43366226
0.2848283422
0.2722342491
0.304283237
0.2885317803
0.2726631878
0.2772885005
0.2337780688
0.2364378024
0.2500556582
0.2934618141
0.5249891639
0.6418939104
0.4784855529
0.5001824601
0.3299480341
0.1962873531
0.1990819099
0.1996546617
0.200589776
0.2018002235
0.2035080701
0.2046866035
0.2059994365
0.2071077573
0.2099467205
0.2232465475
0.2389356414
0.2442251128
0.239641676
0.2378052281
0.2416498289
0.2383441233
0.2851563908
0.4644305279
0.2968472173
0.7503248847
0.8137511472
0.8027040283
0.7724515486
0.7394071722
0.6723829225
0.5115498391
0.4969898667
0.2643935928
0.2550081863
0.2893470094
0.4428593505
0.4170088524
0.4930035276
0.4721860842
0.4769381596
0.4770151875
0.4427767421
0.4525245399
0.4231545028
0.4397661294
0.4475625208
0.4267376926
0.4310581779
0.4405213247
0.4418454734
0.4204824278
0.4276150757
0.4567686663
0.44842666
0.4023846845
0.4023357828
0.4160553247
0.4478314583
0.4109273785
0.4070231915
0.4768485093
0.4690645941
0.4516950586
0.3060275068
0.6961561417
0.7981662807
0.6500332699
0.3635076543
0.4967487324
0.4948785842
0.4928029768
0.4829104076
0.4928135878
0.500922173
0.4960058145
0.4813744982
0.4594788346
0.42135521
0.4405017386
0.4772032916
0.5104602322
0.3706491988
0.4884008628
0.4513819032
0.6433281851
0.6441034119
0.4586274761
0.3504848606
0.09932238788
0.3440804772
0.2857198248
0.3343824546
0.3887414233
0.4426360015
0.4940181815
0.573268319
0.5407209938
0.5601177993
0.5232429806
0.4664376474
0.4457204127
0.4196305543
0.4821452686
0.4087328214
0.3827347008
0.6870248806
0.7357632852
0.6959410935
0.6774026682
0.6572068919
0.4506049787
0.3565107897
0.3421774575
0.372970205
0.323444925
0.225305799
0.2073682016
0.2432253975
0.2108195889
0.3417818205
0.5375395664
0.7078692017
0.3886565069
0.4890563301
0.3297137916
0.1961734904
0.1988079033
0.1995353937
0.2003839423
0.2011065085
0.2022566241
0.2034023351
0.2045049531
0.2056050009
0.206882311
0.210755378
0.2242286326
0.2393960787
0.2397559108
0.2369032947
0.242207157
0.2476718683
0.248862905
0.2690791015
0.363947812
0.4488717855
0.5592621359
0.7577606775
0.7709908492
0.7641610861
0.752909633
0.6944653625
0.6418655441
0.4215654358
0.4937747975
0.3771761073
0.3334376188
0.3851922335
0.4388599664
0.509280454
0.4785757806
0.4668100793
0.451243449
0.4418381604
0.4219999383
0.4214471985
0.4429207917
0.4066300011
0.3968099825
0.4128820855
0.4297741237
0.4616963801
0.4637107457
0.4522937732
0.4689192667
0.4602373048
0.4340095577
0.425575256
0.374562369
0.4485542758
0.4187974923
0.401356582
0.4210341518
0.4758018475
0.4970647278
0.4712472965
0.4769042609
0.7867056404
0.788278931
0.6541685144
0.4118486765
0.4750802816
0.4728364829
0.4685016738
0.4773935063
0.489394387
0.4849374233
0.442264853
0.4271019551
0.4426098225
0.4186955149
0.4536210787
0.4811613586
0.4924688293
0.4819315019
0.4748760813
0.4837515235
0.4852222009
0.3717592266
0.3802778794
0.3658814346
0.4152914491
0.4463270081
0.4323131696
0.4186810579
0.3883085008
0.3719982278
0.4285501797
0.5318246588
0.5637625278
0.5559534617
0.5085668923
0.4814443441
0.4887045554
0.4175648519
0.4177862308
0.3964983947
0.424303428
0.7362579765
0.6982778719
0.7127234434
0.6875849096
0.5477030388
0.516936333
0.3576095149
0.2957525396
0.275330007
0.3055605403
0.2683493478
0.2431320433
0.5064045693
0.5176221103
0.6718314708
0.3892721078
0.4569987449
0.329445842
0.1960840377
0.1988277487
0.1991918732
0.2000895469
0.2009180597
0.2015901469
0.2023449596
0.2032159586
0.204281743
0.2055387277
0.2066237376
0.2121472829
0.2233500211
0.2369318797
0.2435349428
0.2424562719
0.2437113984
0.2485436737
0.2512332981
0.2609928735
0.2490674633
0.3731219862
0.3836871926
0.7392537653
0.7141314523
0.7547129308
0.7736159165
0.7301881338
0.722257829
0.5934759147
0.3874501696
0.4843936543
0.4523621595
0.4767049259
0.466437531
0.4774723252
0.4701947389
0.4439290369
0.4493742515
0.4339169028
0.4602007889
0.4235766491
0.4317300579
0.434812954
0.435998854
0.4508117442
0.4551848551
0.4790991415
0.5020101305
0.4669708083
0.4752628156
0.4536274915
0.4643939442
0.4532204439
0.4143953326
0.4326523964
0.4925840753
0.3887963883
0.4157857388
0.4371259601
0.485603312
0.460051756
0.4021837892
0.624003188
0.7478691572
0.7206886515
0.4214874849
0.4155761358
0.4591388894
0.4617490135
0.465955865
0.4577050849
0.4381288964
0.4451469965
0.4676269826
0.4682603782
0.4802789413
0.4469653413
0.4844041008
0.4520028111
0.3933993611
0.3513762144
0.3448830918
0.4693474943
0.4052675002
0.4561482875
0.4962095844
0.4641390222
0.4305264576
0.4096125543
0.4550852476
0.478156465
0.4407240842
0.392379063
0.4045929693
0.4240769894
0.5212172985
0.5543496543
0.5126436434
0.5021747465
0.5411853708
0.4390483315
0.4264989872
0.3710370832
0.6425556052
0.7112035276
0.6967873046
0.748759718
0.7088061593
0.4308463453
0.4054998193
0.3666314203
0.317874308
0.3503359729
0.3957286193
0.5666210973
0.5299098167
0.5678940146
0.4052292982
0.4064678944
0.3293927278
0.1960278091
0.1984423101
0.1990318628
0.199862667
0.2004998295
0.201248328
0.2019388406
0.2025390702
0.2034904077
0.2047152704
0.2059856182
0.2072690111
0.2148189742
0.2222832803
0.2364356451
0.2448261148
0.2468538413
0.247053835
0.2508861889
0.2549650762
0.254438818
0.2474553409
0.2402021284
0.4821304787
0.5867303684
0.6763195157
0.5994452491
0.7560866061
0.7297593588
0.7289255233
0.7089770211
0.5835268175
0.3698214191
0.4364829844
0.4499730295
0.4519605865
0.4571359138
0.4409271776
0.4481547069
0.4528127193
0.4445882472
0.4316630631
0.4076682718
0.4420867523
0.4274806705
0.4519866869
0.4705994219
0.4691601585
0.4806627807
0.4989444075
0.4902030056
0.4851456344
0.4503186397
0.4679915617
0.4626407169
0.3976896069
0.4155458469
0.4753799928
0.4229590295
0.4145720314
0.4551663597
0.4932866374
0.5004538778
0.4655408797
0.5203001134
0.732276616
0.774769684
0.4971203988
0.3931229853
0.4425388673
0.4506135934
0.4389320006
0.4354719906
0.4585671404
0.4691820642
0.4850125824
0.4929071067
0.4672496883
0.4978879317
0.4286177422
0.3746756271
0.3548468711
0.4304720769
0.4136578636
0.4458798576
0.4692362341
0.4730675298
0.4665178767
0.5016775005
0.4750261411
0.4607880684
0.468148059
0.4801526059
0.4221537888
0.435522536
0.387975839
0.3634267464
0.350367818
0.4448308258
0.5466980834
0.4899962435
0.4526310675
0.4725469131
0.4530198685
0.425595783
0.4726509761
0.6576972597
0.680676137
0.7070294721
0.7794285766
0.5489253603
0.3647629923
0.4263014697
0.4654908729
0.4804043284
0.5233825637
0.4676348379
0.5788353613
0.3837422854
0.3509614431
0.3291895113
0.1960548633
0.1984276643
0.198847875
0.1996072923
0.2002201348
0.2008960812
0.2017338049
0.2023647812
0.2032402491
0.2043400658
0.2056767082
0.2072654436
0.2089559172
0.2158658581
0.2233104133
0.2378348045
0.2473070668
0.2498581447
0.2511753428
0.253281855
0.2542488423
0.2422849063
0.2428658505
0.2282135467
0.4450151594
0.5388384331
0.6219205245
0.5261690562
0.6832319846
0.7206806384
0.7359459681
0.6867912277
0.6949698503
0.6033513443
0.3634720531
0.4273636578
0.4075452726
0.4098052493
0.4266650521
0.4431346034
0.4542555947
0.4272447034
0.4701213096
0.4202909057
0.4487641021
0.4636420327
0.4613528203
0.4766723248
0.463165151
0.483956553
0.4972614923
0.4864338318
0.4908764711
0.4914038209
0.3714430423
0.4632209506
0.4284517454
0.4290344787
0.4866820708
0.4458668748
0.4179718483
0.4417109357
0.4553217315
0.4700808903
0.4504177956
0.4368178818
0.6723794607
0.6505690743
0.6417375357
0.3959143955
0.4071309542
0.4391739289
0.4508792162
0.4640581814
0.4608814106
0.4738554821
0.4844277785
0.486095107
0.4451073362
0.411551562
0.3858261191
0.4103534459
0.401161884
0.4495380587
0.4575705041
0.4116918299
0.4488187231
0.4322543152
0.5065708119
0.5139532255
0.5043276598
0.4496133552
0.4644210385
0.4437572645
0.4250144591
0.4244769953
0.4100151689
0.3724132692
0.328533546
0.3553646025
0.4656886709
0.5649278318
0.4451602156
0.4124201709
0.4556853497
0.4544855417
0.4173420074
0.5354370092
0.5900594099
0.6574839482
0.7474231071
0.7063635587
0.5137289791
0.3681984691
0.4024223904
0.4118906352
0.4138023594
0.4708604981
0.3932475608
0.350871141
0.329230998
0.1960891266
0.1984499444
0.1987754473
0.1994532799
0.2001766715
0.2007375628
0.2014580974
0.202345211
0.2032705773
0.2043472361
0.2056394197
0.2071329864
0.2089230691
0.2114162508
0.2190729838
0.2223932865
0.2417491612
0.2535709346
0.2563544448
0.2529800704
0.2540540832
0.2503151537
0.2331040304
0.2154851226
0.2101032244
0.3769964552
0.5037969338
0.5570201263
0.4904190479
0.4834992012
0.669466456
0.6968618931
0.7372518144
0.6824427772
0.6773132348
0.4121275076
0.3953960472
0.3755008991
0.4067770328
0.4302428774
0.4247300685
0.4285907255
0.4192263267
0.4553306824
0.4339139504
0.4539328517
0.4569068974
0.435701943
0.4736205361
0.4610339757
0.4888892953
0.4954504696
0.4935661249
0.4791880073
0.4700794647
0.4745174394
0.4200016348
0.4442253277
0.4336207607
0.4501493848
0.4702969607
0.4344718581
0.4267334428
0.4464149449
0.4142583216
0.4314735413
0.3999836312
0.6805261627
0.7057235489
0.5475605801
0.4120115262
0.4001322532
0.444895934
0.4617325674
0.4482634253
0.4677732779
0.47174314
0.4395740915
0.4026141983
0.3770812835
0.3730131143
0.3653586098
0.4428901311
0.4519101779
0.4792814107
0.4799279146
0.4742057732
0.4794424042
0.5135036813
0.4994382382
0.4756486555
0.4788043885
0.3789981043
0.4359390502
0.4119882405
0.382521956
0.3932612018
0.3932691757
0.3670683335
0.3442315741
0.3204318821
0.3451641965
0.5174128855
0.4880243176
0.4145130642
0.3923370119
0.4641196735
0.4724276394
0.4315431494
0.4743682027
0.4790095335
0.6267651267
0.6416761624
0.526887875
0.382395699
0.4551628498
0.458415933
0.4178631236
0.4330307359
0.3689041028
0.3292207627
0.196051593
0.1984403963
0.1987913855
0.1993823479
0.2000159837
0.2007578989
0.2014464972
0.2023023145
0.2034465705
0.2045985075
0.2058710685
0.2073247234
0.209006185
0.210820786
0.2147646579
0.2220562812
0.2280898374
0.2442075617
0.2583407839
0.2573303805
0.2545674208
0.2493697732
0.2450500922
0.2434067754
0.2254569136
0.2304119712
0.4048363434
0.469724413
0.5872560774
0.5054644933
0.5616237704
0.5953568373
0.681471494
0.6743347019
0.7046971655
0.65700699
0.5110864945
0.493059457
0.4039361084
0.413599446
0.4045584882
0.4136563845
0.442852104
0.4467921786
0.4777980058
0.4181411991
0.4241941928
0.4855238729
0.4512414517
0.4966901399
0.4667684569
0.48548793
0.4892363149
0.4856675418
0.4735710431
0.4765308755
0.4101527504
0.4687765464
0.4503206022
0.4562655531
0.4499966484
0.4562872208
0.425716718
0.4575874544
0.4450229669
0.3734816025
0.4676846908
0.3749192169
0.628519363
0.6078331302
0.5356274951
0.383483915
0.3979970058
0.4269034954
0.4399562353
0.4472371779
0.4312587242
0.394565478
0.3715922428
0.3663108699
0.3383013109
0.3725416298
0.3998127486
0.4641607364
0.4871128683
0.4600437243
0.4719803906
0.4723655861
0.4869420817
0.4801482951
0.4583005204
0.4061940744
0.4174853
0.3778215492
0.3815958137
0.3711003303
0.3711240745
0.3812071327
0.4003362011
0.3797721766
0.3700981699
0.3147543106
0.3396535569
0.4246339675
0.5318815705
0.4069566089
0.4014127889
0.4221301195
0.4746798161
0.4525880117
0.4983615207
0.552023998
0.5596148597
0.527298132
0.4658155956
0.5829617424
0.3708575965
0.3739230358
0.4390676399
0.371788984
0.3290201596
0.196064054
0.1984304845
0.1988302331
0.1993908942
0.2000001152
0.2008136132
0.2015360458
0.2023822864
0.2034305659
0.2048517214
0.2062564251
0.2076520944
0.209308643
0.2110717606
0.2135390497
0.2177933849
0.2242574355
0.2316832223
0.2484819801
0.2544830169
0.2558334216
0.251740931
0.247977895
0.241482671
0.2399063668
0.2327863405
0.2691475557
0.391880803
0.4814602107
0.4293840418
0.5255426583
0.4537712012
0.6607910077
0.653114295
0.7037837612
0.7132298451
0.6024988767
0.5240516051
0.4304714108
0.3654508731
0.3814440522
0.3947436398
0.4099151176
0.4296208299
0.4003195942
0.4247853246
0.4281531192
0.4425816654
0.4460782129
0.4738500164
0.4716524243
0.4731017056
0.4745089634
0.4747642495
0.4690018873
0.459133623
0.450405109
0.4550530985
0.4302515505
0.41812979
0.4195809663
0.4278578079
0.4025767837
0.4358588945
0.5292459677
0.4879023065
0.4170866235
0.359454703
0.3799530214
0.5570688889
0.5614868493
0.3937409664
0.3638507295
0.3823314651
0.411112867
0.3963211625
0.3741062985
0.3540532715
0.3542396138
0.3082648745
0.310787946
0.34533425
0.4257784118
0.4519046336
0.4138363948
0.4614015833
0.475503348
0.4763614649
0.4893703146
0.4506968344
0.4084584932
0.4096605726
0.3721599627
0.3858987796
0.3571235139
0.3762219378
0.355066649
0.3645981313
0.3558700061
0.360395943
0.3834018968
0.3394915853
0.3823776558
0.3395833322
0.4834670545
0.5218305113
0.4591272506
0.4305726915
0.4630925837
0.4620420223
0.5189068452
0.4999107433
0.5692402581
0.6490798942
0.5660699382
0.565018847
0.3724888127
0.3746841535
0.4555830328
0.3869482015
0.3289497687
0.1960628819
0.1984446666
0.1988418985
0.1994309022
0.1999968961
0.2007587402
0.2016493359
0.2025811607
0.203743208
0.2050388916
0.2065554947
0.2080249858
0.2095216954
0.2112180621
0.2133802977
0.2157895251
0.2199808841
0.2256093505
0.2328113301
0.245626754
0.2507450608
0.2540109106
0.2648918575
0.2591093758
0.2600208407
0.2431207956
0.2471759695
0.3371629854
0.4697278138
0.4903049811
0.5439449198
0.5357427938
0.5532070557
0.6267923394
0.622321381
0.6176452562
0.722858479
0.6364553608
0.5363056241
0.4557119578
0.3765346506
0.3867174968
0.4118332338
0.410523063
0.4137649516
0.4137043851
0.4438394824
0.4563837381
0.4415584394
0.4826259317
0.4638805645
0.4638002013
0.466460146
0.4621690166
0.4488895579
0.44771671
0.4398638551
0.4462857103
0.4286771033
0.4172534347
0.431498408
0.3953915093
0.3664856672
0.3789647838
0.4248262319
0.4808600502
0.3576682284
0.32679737
0.3495325131
0.3696074098
0.3808430716
0.4524557316
0.325716716
0.3293078279
0.3219612987
0.3296510734
0.3285584508
0.3083878015
0.286516623
0.2839965481
0.3076019438
0.3986802173
0.4186143439
0.4433939452
0.4551376148
0.4658401685
0.462873384
0.4692703712
0.455104608
0.4334961371
0.4093136438
0.3844438417
0.3678743468
0.3611481709
0.3345560245
0.3509636547
0.3401459712
0.3460146279
0.3463325496
0.3746173488
0.3555029226
0.3974897196
0.395757381
0.4088419865
0.3324486578
0.4677182182
0.5521827773
0.4882623065
0.4734608015
0.5008576571
0.4817301455
0.5510546062
0.5750648969
0.598955112
0.5679643406
0.5023590574
0.3722482811
0.379092691
0.4564992229
0.4160237952
0.3292297366
0.1961061132
0.1985015889
0.1988824456
0.1994075211
0.2000945564
0.2008103714
0.2016162743
0.2028548029
0.2038160519
0.2052266313
0.2066442959
0.2081577395
0.2096380226
0.2112794433
0.2129846716
0.2150127789
0.2164612107
0.2198394646
0.2253222178
0.232740645
0.2405018686
0.2485100992
0.2657877566
0.2620546469
0.2641901884
0.2458984651
0.2585901408
0.3251752182
0.4811223652
0.4821939864
0.4526930953
0.5080830391
0.6040417098
0.5841003557
0.6954555751
0.6825034216
0.6254761772
0.6781789432
0.3986243593
0.4757842591
0.3785042581
0.3768925208
0.389581086
0.3955691706
0.4058563219
0.4207903728
0.4215441087
0.4469040538
0.4349856442
0.4547975667
0.4582502025
0.4788505091
0.45338412
0.4572934456
0.4279919126
0.4384806593
0.4525941771
0.4410437658
0.4377897229
0.3976100251
0.398613103
0.3497755268
0.4176792265
0.4389070523
0.3499105014
0.3833224296
0.3671670287
0.3305621401
0.2793360822
0.3184874984
0.2996887609
0.3083309933
0.3694320218
0.3023891653
0.3143779908
0.3005364146
0.2948548434
0.2839290969
0.2696452358
0.3166193661
0.361750534
0.3924083147
0.4218874847
0.4442733062
0.4499780505
0.4536245171
0.4466338562
0.4704235431
0.4498372744
0.4403234299
0.4019039638
0.3692351444
0.3576997434
0.3597740032
0.3574484158
0.3311392805
0.3634720594
0.35400748
0.3525557165
0.3445611049
0.3352069835
0.3799492832
0.3896524007
0.3694670867
0.4302708561
0.4202407222
0.5501751828
0.5042004477
0.4771882751
0.496181669
0.5008661745
0.4903605572
0.5564657722
0.6064976993
0.5326588319
0.6127395321
0.3869250623
0.3998515957
0.4672743602
0.4330958883
0.3292197603
0.1961240461
0.1985449676
0.1987689047
0.1994614624
0.2000761802
0.2008280051
0.2017423998
0.2027030434
0.204104524
0.2054177439
0.2068827987
0.2082497354
0.2095122958
0.2111517249
0.2127165624
0.2134537533
0.2157161568
0.2173647717
0.2207754334
0.2254964157
0.2333379646
0.24307925
0.2616548424
0.2756280002
0.267070351
0.2579360642
0.3072130552
0.4182186371
0.521462241
0.4946116504
0.5279018863
0.6178298573
0.6569812638
0.5770062569
0.5950916862
0.6046444835
0.5922874509
0.538734152
0.6127900611
0.4405970111
0.4678725505
0.4127723959
0.4000117073
0.3932267781
0.4334793715
0.4314865818
0.4166024498
0.431695998
0.4427755395
0.4557070059
0.4776341284
0.4441059071
0.4520677646
0.4508827369
0.4311580994
0.4383859827
0.4305306293
0.4614638045
0.388263336
0.4022590553
0.3518169327
0.4590889857
0.4365435229
0.3568511285
0.3497285761
0.3944566128
0.3480637269
0.2995636736
0.34108298
0.2894872422
0.31857517
0.284513406
0.3263931036
0.4435853611
0.3654528994
0.2757423018
0.3148748547
0.2923347905
0.3112153788
0.3122656862
0.3703781493
0.4032157228
0.4339212453
0.4278804308
0.4506570281
0.4616657735
0.4621291698
0.473833894
0.4593840156
0.4133198954
0.4210921579
0.3833366951
0.3752293446
0.3441940643
0.338193811
0.3566880346
0.3229589676
0.349603596
0.3443288768
0.3454835852
0.3701522073
0.3824925325
0.386102276
0.3189069735
0.3775955842
0.4938158307
0.4282193713
0.4518646852
0.4555660695
0.5064206677
0.4676493558
0.5218583525
0.5389708341
0.5323891892
0.5733147247
0.5365560054
0.3915855936
0.3579018497
0.4631290652
0.4362631331
0.3292302559
0.196134911
0.1985267469
0.1988813142
0.1994693646
0.2001274093
0.2009307212
0.2017944806
0.2029887036
0.2041243135
0.2055809672
0.2070039008
0.2081182443
0.2093422737
0.2106362008
0.2110782553
0.2139522497
0.2147828268
0.2165290487
0.2202576559
0.2242023699
0.2308846113
0.2407623478
0.2523556186
0.2518144313
0.2508091203
0.2619537511
0.4080773305
0.5303523929
0.4896424055
0.5061447416
0.5167599992
0.6371883305
0.5537974875
0.639731595
0.5620786061
0.5164490282
0.5124744132
0.518243285
0.4149910858
0.5525563964
0.4475509458
0.4757489222
0.3948680218
0.4284731719
0.4207994961
0.4163940584
0.4260395274
0.4302077164
0.4389585709
0.4304639828
0.4726350029
0.4581398756
0.4635033809
0.4555997848
0.4253193176
0.431083124
0.4446249576
0.4447116929
0.4073818904
0.3403235946
0.5349916337
0.4288678885
0.340145392
0.3959777312
0.4016102082
0.3938299875
0.3912433075
0.3162558561
0.2895492088
0.3445848281
0.3306889167
0.3324678296
0.3429149824
0.2831641545
0.4897693596
0.3662811196
0.3934486599
0.3191243442
0.3304839952
0.3847727998
0.4076161911
0.4049400039
0.4492381876
0.4630836732
0.4458098754
0.4675170178
0.4646941448
0.4556338583
0.4556866895
0.4424078512
0.4203987244
0.4069643801
0.3805201412
0.3545087688
0.3674664193
0.3488760172
0.3599276735
0.3540663324
0.3690105469
0.3692972011
0.3649817686
0.3595730153
0.3457599992
0.3701614721
0.5549645028
0.4205570092
0.4789515602
0.3882976222
0.4371869056
0.4157540904
0.4738579831
0.4600621063
0.4545606366
0.4860498331
0.5112812456
0.5484353915
0.3934268976
0.4245950583
0.4659731204
0.4326097438
0.3292351833
0.1961244548
0.1985527871
0.1988839911
0.1995481108
0.2000822897
0.2010141407
0.2018683424
0.2029810996
0.2042074798
0.2056705695
0.2070900681
0.2081469195
0.2088339606
0.2092476104
0.2105563867
0.2131675328
0.2153262444
0.2175367773
0.2226674919
0.2290974923
0.2358574607
0.2439127331
0.2452669945
0.2477051631
0.2585979328
0.3772149725
0.5259656821
0.4602368381
0.55723825
0.6247410242
0.6609758182
0.689337695
0.5975086996
0.5682732239
0.4099644404
0.4366748176
0.4063617857
0.433184853
0.4871079778
0.4859995343
0.5019770287
0.3982417584
0.4102595716
0.4054438206
0.4360671895
0.4430181498
0.4502748179
0.4633654757
0.4609593451
0.4805213808
0.4784497587
0.4762850705
0.4865269474
0.4735570288
0.4508305778
0.4418052177
0.4569603879
0.4190511095
0.3707721142
0.6422241596
0.549429029
0.3617040547
0.3869300407
0.4226726845
0.4183517299
0.4023237325
0.3911879751
0.3728998517
0.3261959177
0.3605666272
0.4416219492
0.4611392845
0.3744464651
0.514452909
0.37365462
0.5449714546
0.3872434099
0.364822022
0.3952586316
0.4306800814
0.4195746685
0.4579789563
0.4177586015
0.4582530603
0.4472268934
0.4404829873
0.4654025392
0.4775554234
0.4627369356
0.4624875584
0.4550330519
0.3946380137
0.4356156044
0.3706688751
0.3732756161
0.3439491538
0.3604605169
0.3585854447
0.363487967
0.3560914022
0.3506248099
0.3558971365
0.4412159425
0.5340814727
0.5822622182
0.6026881311
0.5043205136
0.3264429505
0.3642793784
0.4206641303
0.4884051799
0.5055389898
0.482154288
0.4988205735
0.5072296427
0.5719622346
0.4152852285
0.463179798
0.4539681431
0.4205955351
0.3291273144
0.1961410646
0.1985385171
0.19892957
0.1995143047
0.2003065729
0.2010830425
0.2021295443
0.2032003723
0.2044319711
0.2059688337
0.2073576123
0.2080110567
0.2079530785
0.2089072752
0.2107161222
0.2125609543
0.2151632461
0.2197164197
0.2269547288
0.2358246311
0.2461942452
0.2459332085
0.2368708098
0.2403618349
0.3054075474
0.4892874785
0.4851429
0.6458103655
0.6946743515
0.700846062
0.6501030678
0.5055357802
0.4442070431
0.4054701017
0.4160356833
0.4131793281
0.4271319253
0.441715715
0.4485676975
0.4501876936
0.4166684881
0.499058042
0.4202307691
0.4181002685
0.4292917747
0.4684820697
0.4648374374
0.4585358604
0.4853262525
0.4948188278
0.5029271698
0.4913595402
0.485898372
0.4439005088
0.4741642556
0.4663104706
0.4482090674
0.4613198901
0.6567148888
0.5889796701
0.3542384046
0.4070454001
0.4340977599
0.4178869906
0.4249688221
0.4022096948
0.4222819674
0.3681565479
0.4091921557
0.4067493607
0.4715864613
0.5224568715
0.3994355714
0.5328944479
0.5021422487
0.4226091539
0.4500169874
0.4124160626
0.4338164237
0.4645805715
0.4731351461
0.4784209864
0.4492724116
0.4063845641
0.4624638967
0.453610385
0.4571571676
0.4723872426
0.4939639678
0.484167092
0.4645343889
0.4528541435
0.4189915217
0.4081904058
0.3947568139
0.3764924577
0.3845119034
0.3684673493
0.3487748385
0.3458623957
0.3931320304
0.5432275136
0.4883349028
0.6589746704
0.6891121153
0.6081392738
0.438889703
0.4541471557
0.4794526469
0.5114321712
0.5337713254
0.5278127299
0.4911636319
0.4801295637
0.455542127
0.4907527761
0.4723691448
0.4618424441
0.4402405308
0.3928686239
0.3292229314
0.1961052515
0.1985522651
0.1989442176
0.1996809046
0.2003902421
0.2014903028
0.2022577898
0.2034016697
0.2046003034
0.2065449993
0.2078688015
0.2073832325
0.2070474121
0.2089306618
0.2106735639
0.2129948908
0.2154515869
0.2231263219
0.2317018785
0.2463833299
0.2536191333
0.2473394338
0.24709926
0.3026593535
0.4454473298
0.638461037
0.7230607095
0.7416040096
0.7133678615
0.6084928341
0.4723713803
0.4131592767
0.3964332496
0.414437698
0.4296339845
0.428291587
0.4251092722
0.4322537401
0.4298907339
0.4486964517
0.4141882938
0.4044322166
0.3821429931
0.4402175598
0.4168006818
0.442611892
0.4732279528
0.4777793747
0.491967507
0.492259724
0.5150532097
0.5010507686
0.4814196874
0.4933054294
0.499991012
0.4774723658
0.4661810691
0.6356066356
0.5627557364
0.4339361903
0.4492581096
0.4703293828
0.4322575691
0.4505990973
0.4429036099
0.4082401648
0.3728085927
0.4206642599
0.4722353549
0.4434324215
0.4819426933
0.4526112133
0.5348449717
0.5613982319
0.5064886301
0.4770068231
0.4101687026
0.4202543542
0.4054439251
0.4725881822
0.5129145599
0.43952312
0.4250045919
0.3825099099
0.3185060848
0.3809387056
0.4778358416
0.4977949663
0.5124594005
0.5188172254
0.4715151393
0.4707134127
0.4421035515
0.4403287234
0.435923212
0.3996038059
0.3751871392
0.3445422646
0.3636559008
0.4717389635
0.4615558857
0.5876633993
0.686330523
0.684710835
0.561209076
0.461803728
0.5353785176
0.5011364481
0.508690196
0.5497783143
0.5108098737
0.432519771
0.4679603055
0.4732060184
0.4345871884
0.4755143632
0.4636671689
0.4982470808
0.3959163932
0.3800154821
0.3294275733
0.196140826
0.1986084628
0.1991712073
0.1999481356
0.2008778167
0.2016935583
0.2026128137
0.203725839
0.2050525229
0.2074038349
0.207895054
0.2064436292
0.2080750786
0.2091283326
0.2115423342
0.214084328
0.2202062052
0.2299177978
0.2429145132
0.2548667604
0.2515172496
0.2726172262
0.3691387626
0.3818203922
0.7335288413
0.7743274748
0.7544627609
0.7179556191
0.5401402883
0.4647930792
0.3744369382
0.4065336381
0.4375289254
0.4429290607
0.4412462923
0.4320413116
0.4199419504
0.4327146706
0.4491578612
0.4382407939
0.430065541
0.4077690685
0.3709315672
0.3925003091
0.4329513022
0.4081446119
0.4503555531
0.4595382223
0.4714021728
0.4637075159
0.4760348217
0.484324312
0.5181272166
0.5110440672
0.5012730549
0.4706244051
0.6676376428
0.6318551759
0.4419915027
0.484868928
0.4763357545
0.4448981952
0.3800847415
0.4323315546
0.3348153482
0.3596048319
0.4017948332
0.4933087565
0.4918156974
0.4685209747
0.515582619
0.5584734376
0.5394728615
0.5346201174
0.4117903524
0.4498053186
0.4467788456
0.4235093285
0.3881427202
0.4458877154
0.5165971079
0.4563291716
0.3855164705
0.3309644281
0.3126842406
0.36323516
0.4649726378
0.5275636858
0.5067215796
0.4963244455
0.4934960892
0.5115324482
0.5024490435
0.4703749376
0.432601793
0.3812108411
0.378060129
0.4335418828
0.4895687537
0.5671393617
0.7085869665
0.716057338
0.6497120475
0.4786290385
0.505472077
0.4619971226
0.4962417595
0.4765763993
0.5744127908
0.5306112019
0.5245472404
0.572837686
0.4578958903
0.3612231078
0.3663772437
0.4462770244
0.4132662547
0.5336806659
0.3788001126
0.3705423132
0.3292865895
0.1961165449
0.1986582438
0.1993434542
0.2002462591
0.2011840585
0.2022119441
0.2033199932
0.2045552158
0.2058599355
0.2085411121
0.2077859147
0.2063362538
0.2087035277
0.2117337209
0.2134446997
0.2177208689
0.2288631261
0.2392755832
0.2448788523
0.2610655611
0.2983438533
0.4375664223
0.5120351049
0.7835052161
0.8010592174
0.7906512396
0.7226374494
0.5170227291
0.3941396786
0.4063686813
0.4464915324
0.462336379
0.4743072969
0.4655932194
0.4382719445
0.4236448018
0.4103492425
0.4296694212
0.4304864297
0.4297584578
0.4487793259
0.4222093522
0.3754780137
0.3803621518
0.4515476786
0.4463938293
0.4638274898
0.4769795296
0.4768460962
0.4602176638
0.4863745356
0.5101228697
0.5057241011
0.4873039766
0.548189932
0.6992156345
0.6635624648
0.4327455347
0.4652792176
0.3986143559
0.4504452808
0.4328631506
0.4599613693
0.3994102423
0.3424231272
0.4320102208
0.5245581043
0.5066824742
0.4909906015
0.4929347572
0.5553565195
0.5038621499
0.4877005215
0.4047551963
0.4176031504
0.4326228454
0.4251255977
0.4744163237
0.3749648327
0.3520824242
0.4887052147
0.4168797759
0.4129983845
0.3064076396
0.3494099285
0.2785790818
0.2898345795
0.4121886156
0.4878201342
0.5211114114
0.5205464435
0.505297858
0.4582096701
0.411597333
0.395704982
0.4238274373
0.5147821199
0.499987535
0.7010380193
0.7403936539
0.682663672
0.5437616028
0.4840761897
0.5131619727
0.4177919118
0.4411852274
0.5261351738
0.508763885
0.5291376996
0.589423384
0.660006337
0.5807718649
0.3888548303
0.2734752741
0.3370521789
0.4575207915
0.479341298
0.4506920025
0.3308757323
0.3694735658
0.3295273788
0.1961438497
0.1987616417
0.1996099325
0.2006585693
0.2020043316
0.2032113192
0.2042988261
0.205456935
0.2065912324
0.2088472667
0.203795433
0.2088698447
0.2103374879
0.2112754721
0.2153307857
0.2249698148
0.2395221592
0.2498257747
0.2738070357
0.3866256879
0.3668837056
0.7280835892
0.7971611782
0.8077889072
0.7818256862
0.677510951
0.4006361743
0.3931110758
0.4469294208
0.4761272659
0.4829866322
0.4886904203
0.4623142757
0.420142225
0.4083581507
0.4139814895
0.4174798846
0.4373241476
0.439457268
0.423962441
0.4467260421
0.4459390916
0.3966007729
0.3816032472
0.4121106062
0.493097833
0.4689349516
0.4758762949
0.4745434106
0.500996338
0.4801620793
0.5047001417
0.4716792552
0.5833210733
0.6449561155
0.6312736474
0.4825953032
0.4265152005
0.3787698879
0.3411311161
0.425603084
0.394324856
0.4119012184
0.3357295242
0.4306181337
0.5073375529
0.4771769871
0.4646329296
0.585390932
0.6089686615
0.5306027634
0.4033282604
0.4345661398
0.4405672376
0.4421355328
0.4122473153
0.3823390922
0.4392721992
0.457822738
0.3733955441
0.4452798814
0.4924203842
0.4641520361
0.327446128
0.3099210209
0.2722640329
0.2844908865
0.3300406999
0.4477255063
0.442031916
0.457391217
0.4104214987
0.4130530779
0.4815369536
0.5008784947
0.5049926279
0.6474174746
0.7403452597
0.7164414073
0.5673260582
0.496882997
0.5461264819
0.4860447827
0.4152778135
0.4310929672
0.5043401267
0.439303372
0.4771719704
0.6065250753
0.5042405285
0.4507175713
0.4967180648
0.634602397
0.430001703
0.3753332473
0.4565462775
0.5061768495
0.6065817821
0.3537519476
0.3879086633
0.3297413149
0.196088345
0.1988178801
0.1999656461
0.2012709533
0.2028649256
0.2043413684
0.2055690854
0.2069834067
0.207626526
0.2076065343
0.2040547962
0.2104625474
0.2109058637
0.2128903044
0.2208184448
0.2354827416
0.266677014
0.3100899514
0.4488865851
0.5628712504
0.7977428655
0.8112573789
0.7947092674
0.7395776945
0.5569153486
0.3868783087
0.4442222247
0.4735310061
0.4798877414
0.4634194578
0.4367631504
0.4167964847
0.4092798274
0.4182791752
0.4190957513
0.4510247083
0.451826193
0.4748708019
0.4731977342
0.4522375332
0.41971913
0.4274220846
0.4191251466
0.3540917244
0.3786323881
0.4405322908
0.4343756679
0.4754031936
0.496071571
0.4386675744
0.503242637
0.4050785059
0.6888148285
0.5460290292
0.5780238678
0.4759383528
0.3273744556
0.3628409243
0.4127039199
0.3818325843
0.3583939215
0.3753980734
0.4116228403
0.4721346494
0.4679066624
0.5332939174
0.5776360328
0.6612645014
0.605857094
0.4911980702
0.4606335946
0.5029629468
0.4928627107
0.534858132
0.4831093124
0.4728145055
0.4083592626
0.4721468946
0.5101308822
0.4604228884
0.386148313
0.524958021
0.3825923387
0.3830223184
0.2819828692
0.2591413144
0.3056031364
0.2597743129
0.3372986027
0.4074245407
0.4377192878
0.5284944542
0.4953023643
0.5061920711
0.6495379959
0.6782355943
0.7179487872
0.5800008916
0.4723197042
0.5312934077
0.4713299756
0.4141186481
0.3670169621
0.4585975267
0.4499725455
0.4861425552
0.5738504376
0.6115735686
0.4746751848
0.3804856314
0.4671425836
0.5142960008
0.5577043418
0.2530144623
0.3343360148
0.3614792595
0.5348552766
0.6077829893
0.3575142692
0.4099264766
0.329946394
0.1960969737
0.1992065097
0.2003270937
0.201993318
0.2036527459
0.2051983886
0.2059790282
0.2062868783
0.2045435891
0.2083028989
0.1997048571
0.2111770253
0.2123671748
0.218438973
0.2354858129
0.2634992225
0.4449046969
0.4248802383
0.756551132
0.8151275453
0.8119781011
0.7651080975
0.6653963238
0.5096666538
0.4009345011
0.4295244125
0.450306204
0.4490497766
0.4281689458
0.4145446175
0.3965859896
0.4077490144
0.4406128367
0.4685564017
0.4917422194
0.4843992929
0.4903959949
0.4893933679
0.4880308465
0.4754294159
0.4161186281
0.4478778322
0.444288215
0.4099521336
0.372383659
0.3776999335
0.457611148
0.4979786793
0.43304685
0.4623282243
0.622579771
0.5888550416
0.3905059176
0.5769240894
0.3919131906
0.3183924129
0.2770695773
0.3438807663
0.3765400208
0.3636286155
0.3328583645
0.4379059862
0.4207397355
0.4275896348
0.6218919191
0.6818867567
0.6652899299
0.5083711345
0.4612007046
0.5389005101
0.5273670903
0.4370792833
0.4774986217
0.5274551265
0.549484235
0.4186047029
0.481976522
0.4454595839
0.5555152107
0.4575006516
0.4652919682
0.4054487306
0.4869048313
0.3766458239
0.3361343482
0.2930913658
0.2792685352
0.354246537
0.4559117081
0.549181434
0.5181807019
0.5334821142
0.6191550542
0.6907508689
0.6641156358
0.6357724039
0.4392312922
0.4719299692
0.5512491665
0.4601072249
0.4271586679
0.4923394142
0.4885763975
0.4745836333
0.6089999583
0.644846874
0.6131986931
0.4275959588
0.4638025722
0.4698177787
0.4302355828
0.3972970535
0.3802457155
0.3145346954
0.2642233633
0.2556136109
0.3837773777
0.6030387073
0.4121338332
0.4621650627
0.3304494342
0.1962611705
0.1995670948
0.200846875
0.2028067596
0.2043053258
0.2059782727
0.2072590883
0.2076996704
0.2122175566
0.2129162642
0.2177061748
0.2242383808
0.24105172
0.2398217275
0.4307231069
0.3845148509
0.7184662572
0.8183099529
0.8280002281
0.8047160803
0.7622584153
0.666997842
0.5608068385
0.4371671012
0.4360323647
0.4322511258
0.4264455774
0.4340216814
0.4267711091
0.4409051414
0.4718904623
0.5205792131
0.5316900982
0.4994498011
0.4525311666
0.4681995768
0.4654533006
0.4754344216
0.4375383843
0.4372924856
0.4695232458
0.4496376282
0.4828599858
0.4272768187
0.4085017358
0.4054233379
0.4077580155
0.4562011857
0.5368089259
0.5993397969
0.7578673926
0.3945198159
0.5189345534
0.3858705061
0.3280015008
0.2652636748
0.2524426876
0.283641534
0.376139353
0.4426338598
0.4424828391
0.3573723728
0.7125819846
0.8109919056
0.7258082163
0.5945452839
0.439369158
0.5177189876
0.4394297625
0.3434117482
0.2910281934
0.3937545859
0.2558808068
0.4848276563
0.3383797225
0.5050472843
0.4395370094
0.4750155621
0.4745297607
0.4270900978
0.3068264787
0.1025826513
0.2549308048
0.4187620635
0.3224519057
0.3867350434
0.4734462607
0.587311617
0.5207353586
0.5458536707
0.6371760917
0.6718257344
0.6611238214
0.6255733443
0.4710053682
0.4519837509
0.5189770038
0.5232174114
0.5120925037
0.5098969031
0.4813223718
0.4567254477
0.5427148688
0.6666480425
0.6185188786
0.5626226267
0.4604606617
0.5091662028
0.4247579251
0.3823032424
0.3712050237
0.348971243
0.3530586024
0.3787771974
0.2568731011
0.4523321146
0.3622495228
0.5186821466
0.4950677192
0.4966094036
0.3303539855
0.196170853
0.1997210829
0.2020321496
0.2040850864
0.2053317272
0.206817497
0.2100205026
0.2138497518
0.2099094285
0.2128835642
0.233478987
0.2972276954
0.4027149018
0.388211172
0.7171774213
0.797003936
0.8317825369
0.8174245184
0.7912943175
0.738503007
0.6421119003
0.5281619781
0.4226501605
0.4478027117
0.4506472831
0.4641712103
0.4844718265
0.5216044543
0.5535929672
0.5416480195
0.464719438
0.4341242871
0.3922664614
0.3823783615
0.4442701531
0.4237062185
0.4391076563
0.3822038423
0.4057494909
0.4989606517
0.4958750288
0.4728399744
0.4892364341
0.4529924669
0.4269878796
0.3822397939
0.3851907611
0.6343197959
0.6285423621
0.7034903283
0.4425795576
0.3883293703
0.347155052
0.3150653508
0.342454992
0.3139580621
0.2868961717
0.3990691412
0.4989992829
0.4560285645
0.6462720313
0.767476558
0.841038737
0.7454112009
0.4041102801
0.4653497644
0.4550972928
0.3564296799
0.2505891692
0.2423278008
0.2610032851
0.3077248028
0.3115506135
0.3392781004
0.3586964522
0.4830853097
0.3616424305
0.225670151
0.3979820916
0.1639673829
0.3815608691
0.2715431344
0.2997081094
0.4105164362
0.5261808741
0.5916460522
0.5268272339
0.5582539732
0.6065692168
0.6181429225
0.6298433666
0.5515660858
0.4806822964
0.430670056
0.4920612719
0.5259591025
0.5527544242
0.5346135993
0.4932001393
0.4154083891
0.552959587
0.6004700487
0.6599478188
0.5954853494
0.4921521905
0.5404149116
0.4606633058
0.4048792404
0.3910368443
0.4003412589
0.3856692059
0.3846177583
0.372858734
0.3866881691
0.387952033
0.3610240483
0.3481821378
0.4819648401
0.5569842255
0.4975358184
0.3303798319
0.1960942672
0.2006967439
0.2036296632
0.2057048596
0.2078518963
0.2143827917
0.2284798612
0.2380568323
0.2714834487
0.368991212
0.3407575052
0.7745460844
0.8273361388
0.8646285995
0.8573567163
0.8345340726
0.8061615638
0.7483747794
0.6429012593
0.4925484357
0.4344826716
0.4988823762
0.4978593857
0.4463404566
0.4141173263
0.3871250471
0.3279085025
0.2906513702
0.2554255139
0.2539044619
0.2460954129
0.2463743166
0.2684629458
0.3079125476
0.4489917332
0.4864333398
0.4751128016
0.450211403
0.4324204727
0.4512303601
0.452737713
0.4591785708
0.4660874592
0.4317150106
0.4359116136
0.5495092222
0.6481956943
0.6213538425
0.6076005449
0.4885014974
0.518943726
0.3050991522
0.4887632045
0.2893639684
0.4644500659
0.3858584721
0.4750811107
0.4098208614
0.569159672
0.7209737888
0.7132533521
0.6306908736
0.4030052504
0.4491968809
0.3945802147
0.36759648
0.3866278885
0.3676010917
0.2758449876
0.2200078785
0.1942130107
0.2660640942
0.2574113545
0.3446300047
0.2615763457
0.4712893965
0.363719337
0.2215476542
0.4030553741
0.424245305
0.4097781822
0.39519252
0.3492097902
0.4344545428
0.5153550606
0.5727821334
0.5768572625
0.5944817345
0.5290392194
0.5465905533
0.4606238122
0.4427599168
0.4584450078
0.5015705742
0.5198039219
0.5160572624
0.4818508176
0.4691201375
0.4548906165
0.5914313344
0.5908271891
0.6027611488
0.525816342
0.5580078307
0.4942820286
0.3923362095
0.3821772379
0.3954197702
0.4084714469
0.4029458367
0.3951804739
0.4002251953
0.3925605685
0.3717646419
0.3611889958
0.3187030797
0.3330600196
0.4872202747
0.5234660623
0.4890708941
0.3309778526
0.1961774203
0.2021724518
0.2140319788
0.2254971913
0.2493681022
0.3476181833
0.4385600962
0.5910537282
0.7634237234
0.8525413115
0.9003692101
0.9076147007
0.8996584948
0.8871676483
0.8692367345
0.8337900317
0.7896937457
0.7260169741
0.6451479299
0.5753153459
0.5277835354
0.5088745282
0.4914947481
0.4806385191
0.453365239
0.4489800885
0.4538816056
0.4955949745
0.4904984878
0.4269705323
0.3178076337
0.3017179278
0.3188839018
0.3548356425
0.4213699302
0.4644165127
0.4605922478
0.45621424
0.4542639337
0.4466304564
0.4396287073
0.3909991827
0.4022963305
0.5529512996
0.6791280515
0.6502808667
0.5104377304
0.4431737505
0.4307111046
0.4316922132
0.3630864867
0.3375201401
0.3307346303
0.3323721416
0.4940557492
0.4155949391
0.609256962
0.7690678514
0.772577996
0.7078218436
0.5469758542
0.5058036643
0.5209242707
0.3919324599
0.357633737
0.313436136
0.4150531884
0.4372607426
0.3180134502
0.2148926373
0.2342357277
0.2709932574
0.3545893761
0.3780283037
0.3993971316
0.4258677448
0.4608722358
0.3741551294
0.3341638545
0.4679786529
0.4308959221
0.4576828671
0.5151923557
0.5713778888
0.5873197452
0.540265008
0.5261771105
0.4902458503
0.5091576841
0.4539667395
0.4529338878
0.4622847886
0.4742165886
0.4661033831
0.4511184198
0.4602434395
0.4669231587
0.4978856884
0.5509995496
0.5669771704
0.543262406
0.557085653
0.5555302779
0.3860699029
0.3299732113
0.3296259898
0.3693460506
0.3898995335
0.3774591144
0.367365739
0.3690932175
0.3684007623
0.3661420242
0.3282188028
0.3256761149
0.3225143702
0.2836333887
0.3444526892
0.4496200887
0.4779339679
0.3846496879
0.2318196816
0.2679454986
0.4036987253
0.3524419868
0.7754996726
0.8511893644
0.9068767127
0.9208057167
0.9188131373
0.9178584286
0.9189280078
0.9186678581
0.9086073579
0.8917921485
0.8746948713
0.8542574103
0.8320142406
0.8088498722
0.7933484292
0.7879154473
0.7922203379
0.7986246235
0.8063630788
0.8116082033
0.8174567334
0.8197016542
0.8216043901
0.8268536868
0.8303732587
0.8318488004
0.8333317455
0.831749861
0.8247682354
0.8174439895
0.8097584634
0.7915580082
0.7687507777
0.7487070004
0.7275697953
0.6953583798
0.6931568298
0.6609297666
0.6497539157
0.5877288263
0.3790899133
0.371255585
0.3788992507
0.4027460613
0.4899716621
0.462829087
0.4722551902
0.4846059732
0.5219623529
0.3262281027
0.7167697334
0.3870941284
0.7026667635
0.4588695312
0.4115511492
0.4749987501
0.3733404474
0.3203882283
0.2811984354
0.2907235837
0.2700133237
0.2888519882
0.3882113
0.4552780153
0.3929822803
0.3179533372
0.2425447364
0.2832995206
0.305943725
0.3956662397
0.4065348452
0.5096172846
0.4964081385
0.4415369978
0.4435152036
0.4902692028
0.533234038
0.5556763316
0.5879812808
0.5520658969
0.5133636588
0.5050978169
0.5192357287
0.5220132435
0.4770230199
0.4738753737
0.4826214382
0.4645627865
0.4431314141
0.4527351999
0.4167702822
0.5482925251
0.4539038698
0.5088445581
0.518228532
0.5691941409
0.6101786463
0.422270434
0.3097378706
0.2981941838
0.2907608244
0.3202600553
0.3256601136
0.3213848737
0.3156326285
0.3352209763
0.3343257625
0.3429213648
0.3165315308
0.3117571207
0.2960399797
0.3260194931
0.3141271964
0.3347873226
0.4065832042
0.4515380557
0.671094408
0.7762647414
0.8647870117
0.9149404805
0.9371330324
0.9393604475
0.9379766581
0.9397854419
0.941178209
0.9386511137
0.9346037803
0.9285455822
0.9233831524
0.9119419551
0.9073111298
0.893499177
0.8848665628
0.8765561718
0.869687669
0.8657685712
0.865405423
0.8666742998
0.8686172361
0.8705494315
0.8726522838
0.8748561738
0.8780333835
0.8808684089
0.8845546818
0.888167049
0.8909021915
0.8925181036
0.8937100686
0.892881555
0.8903751246
0.8866657617
0.8816868443
0.8748233487
0.8674195387
0.8588403274
0.85062615
0.8420706875
0.8308371165
0.8141363407
0.7916011614
0.7875917591
0.768056934
0.7454548378
0.7543247372
0.7470990342
0.7474609109
0.7682841377
0.795346457
0.8326696335
0.8635162619
0.8086106038
0.7477000755
0.7027083445
0.5345048241
0.4935522981
0.4786993801
0.5029651137
0.5217232301
0.5172832342
0.5123856198
0.491903748
0.442236323
0.455863929
0.4498523645
0.4138765113
0.3748684624
0.421475148
0.4734342451
0.454335811
0.4395631997
0.4831255297
0.5300222459
0.5776698028
0.6101056422
0.6157973121
0.6163874044
0.6097165515
0.6175503571
0.6059795986
0.5779714257
0.6016663978
0.5989052357
0.591456948
0.5603645833
0.5469416749
0.5578274565
0.5246866174
0.5217620439
0.5131830743
0.5028733414
0.4994323994
0.5448144004
0.4796639217
0.5716414731
0.6329204865
0.5716621394
0.31197595
0.2713661813
0.2793730415
0.2925656121
0.3004777927
0.3055752489
0.2988428977
0.2992477376
0.3068339723
0.3165633003
0.3203479708
0.3135525901
0.315905103
0.2996771039
0.2980409778
0.3001166455
0.3495079601
0.3035111823
0.4342393444
0.4707454186
0.9114493738
0.9476315784
0.9562825842
0.9597652386
0.9608929225
0.9602722194
0.9574616097
0.954474715
0.9508482098
0.9473162637
0.9433680667
0.937916395
0.9308801888
0.9265601812
0.9209882815
0.9114112784
0.9057975194
0.9009326918
0.8971385025
0.894865539
0.8939357898
0.8938283255
0.8941729638
0.8947950696
0.8955856948
0.8966264127
0.8979475404
0.8996135072
0.9013342173
0.9029726808
0.9042896053
0.9051448899
0.9055475354
0.9056855761
0.9054171561
0.9048030816
0.9039446501
0.9026701368
0.900719766
0.8983390334
0.8957715712
0.8929755913
0.8897801626
0.8867440261
0.8835044672
0.8807606013
0.8819793053
0.8797347151
0.8816992583
0.8832152864
0.8825403896
0.8816298842
0.8794517883
0.8760123473
0.8695861153
0.8546078459
0.8219272116
0.8014878855
0.7615555285
0.7496676966
0.7394298211
0.741410917
0.7458629864
0.7542965094
0.7678079024
0.7729851792
0.7858174802
0.7995460282
0.810935392
0.8242667316
0.8370420243
0.8481179742
0.8458983385
0.8361031417
0.8333153019
0.8177985062
0.7948254036
0.7725501121
0.7449676041
0.7164549116
0.6878507639
0.6542332752
0.6191411919
0.5975380649
0.5848368198
0.5838263036
0.5428217536
0.5269833332
0.4982017232
0.5041445432
0.4947220034
0.4972548153
0.4969662492
0.4942547063
0.5161017533
0.5594079791
0.6309279583
0.6445397316
0.5919438604
0.423769146
0.3269289748
0.2896040686
0.2791513527
0.281650089
0.2927895195
0.2911446578
0.3092002509
0.3033440471
0.3153949795
0.3125655951
0.3245100641
0.3154473266
0.3372019717
0.3275348233
0.3214880244
0.2931356938
0.2869048687
0.3309743428
0.3317547478
0.4264563061
0.5238401653
0.9569916505
0.9730774615
0.9749659107
0.9742470676
0.9721624847
0.9695171887
0.9666291397
0.9630925287
0.9588487738
0.9544890395
0.9500098112
0.9447947567
0.9390852313
0.9331147356
0.9287481907
0.9227481657
0.9183311972
0.9146580119
0.9119233403
0.9101220071
0.9091567485
0.9087719662
0.9087965285
0.9091028285
0.9095786715
0.9101908371
0.910953586
0.9118302724
0.91275729
0.9136187456
0.9143757617
0.9150111054
0.9156018797
0.9162357692
0.9169327001
0.9176567967
0.9183581883
0.9188838804
0.9190508904
0.9188877501
0.9185004754
0.9179142046
0.9173174913
0.9169049204
0.9165729159
0.9161711363
0.9157585376
0.9155099256
0.9144631532
0.9129905563
0.9110571668
0.9068884198
0.9012257899
0.8939327285
0.8852982726
0.8769594683
0.8712859637
0.863819969
0.8583703998
0.8584489521
0.8586582751
0.86109608
0.8643904393
0.8673622317
0.8703633661
0.8728041728
0.8747855683
0.8777331244
0.8801626284
0.881611157
0.8822813173
0.8811921401
0.8776835777
0.8698875521
0.8611488017
0.8500766565
0.8351932037
0.8184832697
0.8012253737
0.7833306157
0.760291047
0.7381181385
0.7118717955
0.6854993802
0.6502431893
0.6107251481
0.5591982963
0.5189490735
0.5041261027
0.5036351493
0.4987245115
0.5067457943
0.5412899458
0.5913758075
0.629963856
0.5537567081
0.4134494773
0.3362724022
0.303983358
0.2722596844
0.2569466517
0.2510094351
0.2508863771
0.2614667911
0.2633125608
0.2635622414
0.2669038868
0.2718700545
0.2809681767
0.2948026463
0.3131736373
0.3425240678
0.3719517561
0.3999733711
0.3946011012
0.3796365601
0.3301064339
0.2844718134
0.2004569838
0.3432898574
0.4222642245
0.9786939688
0.9840811229
0.98331559
0.9815387466
0.978949884
0.9758894082
0.9725407779
0.9687430154
0.9643593949
0.9596332649
0.9546263838
0.9491745422
0.9434177805
0.9377890374
0.9324755936
0.928054741
0.924479672
0.9215796236
0.9194936274
0.9181543702
0.9174388942
0.9172102897
0.9173170303
0.9176493327
0.9181223669
0.918646099
0.9191923373
0.9197519187
0.9202868706
0.9207747537
0.9212576448
0.9218214072
0.9225766133
0.9236223947
0.9249537204
0.9264950837
0.9281159346
0.9296245758
0.9308721895
0.9318422265
0.9325824117
0.9331688058
0.9337378281
0.9343365777
0.9348679782
0.9351395929
0.9350076808
0.934320752
0.9327832591
0.9301152618
0.9264015618
0.9208183892
0.9134870406
0.9056209032
0.8981085766
0.8933382186
0.8915470169
0.8908750988
0.8913242756
0.8933592035
0.8952918406
0.8971116796
0.8982747391
0.8985520876
0.897774107
0.8960720987
0.8939357393
0.8912872554
0.8881831667
0.883688056
0.8776564736
0.8711505599
0.8649761166
0.859903861
0.8540457074
0.8475540977
0.8420546457
0.8362447354
0.8296069097
0.8212686058
0.8095720942
0.7928449313
0.7711032863
0.7447645106
0.7101220912
0.668836421
0.6247644305
0.5957708293
0.5744146412
0.5690242991
0.5945670461
0.6300814517
0.6571088731
0.6264866942
0.5325091329
0.4405799397
0.3829822177
0.360182649
0.3419792187
0.3144837553
0.2964125312
0.2907145504
0.2700835515
0.2905829078
0.2999804427
0.2989668367
0.3139338415
0.324983412
0.3317747873
0.3371152579
0.344264071
0.3493761532
0.3653321739
0.3581556037
0.3777366496
0.3588961665
0.3101408749
0.2123775795
0.1344620193
0.1505674201
0.4008205708
0.9621411687
0.9805172888
0.9750153678
0.970530521
0.965260031
0.9592152954
0.9525565827
0.945048731
0.9364351244
0.9269484733
0.9167300113
0.9056019819
0.8939096967
0.8822739693
0.8717673857
0.8630737139
0.856633827
0.8515385952
0.8480214729
0.84582371
0.8447072357
0.8444784673
0.8448664767
0.8456843785
0.8466714081
0.8477156949
0.8487101122
0.8496167579
0.8503567736
0.8509541608
0.8515069307
0.8522647718
0.8535883243
0.8557586935
0.8588284851
0.8626257634
0.8667869938
0.870827672
0.8743654744
0.8772935127
0.8796787218
0.8817164309
0.8836517672
0.8856165226
0.8874311118
0.8887388094
0.889200527
0.8883739597
0.8856947116
0.8805958972
0.872723442
0.8604162596
0.8454279359
0.8276377853
0.812431484
0.803530372
0.8022090997
0.804376421
0.80887116
0.8151235783
0.8204841253
0.8246852966
0.8266692286
0.8260423263
0.8224312954
0.8162101369
0.8081092271
0.7988799767
0.7873704719
0.7718672378
0.7525363612
0.7305695774
0.7124287375
0.6993676585
0.6907723888
0.6859378053
0.6857481528
0.6863041248
0.6863148803
0.6817350068
0.6689079199
0.6496248727
0.6203649606
0.5902769197
0.5557295495
0.5332216145
0.5223753383
0.5270938775
0.5401357127
0.5577973552
0.5763188234
0.5822533697
0.5797481543
0.5677822067
0.5381962271
0.4908569114
0.4264770521
0.3882082245
0.4069069826
0.4693113351
0.54351599
0.5497144412
0.5273480852
0.5178348671
0.5152524334
0.5191312613
0.5187459205
0.5133562567
0.5047956529
0.5022253852
0.4973892821
0.4846564588
0.4756975826
0.469266571
0.4608557082
0.4167034358
0.2424386237
0.1888018366
0.1753636155
0.1317960421
0.3252533279
