0.9882283606
0.9927752792
0.9875595346
0.9830480998
0.9781206022
0.9724296835
0.9657233342
0.9578786334
0.9488637654
0.9387186548
0.9277482423
0.916485975
0.9055394852
0.8954058359
0.8863468381
0.8785024705
0.8719353816
0.8665044415
0.8620780092
0.8585983889
0.8559490888
0.854141841
0.8531073716
0.8528004574
0.8531296027
0.8539707918
0.8553361586
0.8572656941
0.859648363
0.8624556183
0.8656114107
0.8690316836
0.8725192862
0.8759152956
0.8790126175
0.8817228397
0.8841600788
0.8865830897
0.8890782688
0.8914296692
0.8929164173
0.893006412
0.8914444045
0.8883221147
0.8841775134
0.8795061987
0.8753628283
0.8715223346
0.8684203586
0.8653414085
0.8619150013
0.8580195465
0.854070345
0.8510772274
0.849208336
0.848181151
0.847166113
0.8464043756
0.844789944
0.84318586
0.8407836363
0.8386810789
0.8363905315
0.833858803
0.8302398038
0.8252520948
0.8189507972
0.8120237351
0.8035113487
0.7941377661
0.7827118694
0.7697738879
0.7557620853
0.7443647258
0.7340595781
0.726573115
0.7207417677
0.715162811
0.7087954775
0.6977844286
0.6812418314
0.6612050671
0.6341831987
0.6074333131
0.5870796413
0.5763907649
0.5652132145
0.574337551
0.5714970861
0.5675605234
0.5592974599
0.5508173572
0.5252814485
0.470649019
0.4170511408
0.390955152
0.4317430906
0.4934961297
0.5408681194
0.5520003747
0.5397742482
0.5479070208
0.5443595284
0.5512596025
0.5424701013
0.5331244982
0.5316999694
0.5226571722
0.516675956
0.5019889373
0.4847344324
0.4598384959
0.4295883813
0.4083242059
0.3840085454
0.3038374853
0.2401373266
0.2258178635
0.1406535953
0.3019866792
0.4947525186
0.9814647518
0.9960660623
0.9950362288
0.9933189263
0.991318883
0.9890194381
0.9863145347
0.9831431108
0.979422865
0.9750311548
0.9699841037
0.9644937012
0.9588434117
0.9532824585
0.9480177483
0.9432519962
0.9391428386
0.9357717948
0.9330959107
0.9309755961
0.9293134296
0.9280697755
0.9272500494
0.9268803333
0.9269610632
0.9274565867
0.928383002
0.9296970384
0.9312756125
0.9330305291
0.9349333116
0.936914134
0.9388810729
0.9407030044
0.9422590142
0.943552378
0.9447541562
0.9461310867
0.947852862
0.9497385664
0.9513532511
0.9522591059
0.9521815686
0.9510034516
0.9487021224
0.9455367868
0.9419989806
0.9388365297
0.9362228975
0.9337926181
0.9304964836
0.926543996
0.9226729502
0.9197729892
0.9178954511
0.9168878993
0.9162460142
0.9155399984
0.9147017327
0.9136934724
0.9126770347
0.9118516138
0.9111573483
0.9104969961
0.9094062218
0.9078050705
0.9057642902
0.9031636587
0.9000153589
0.8960067445
0.8909030063
0.8844262691
0.8766641173
0.8680572323
0.859328045
0.8519370091
0.8458248511
0.8408998227
0.8366090094
0.8325028295
0.8277712328
0.8185013167
0.8037223589
0.7831884193
0.7528023411
0.7206879876
0.6941119768
0.6581627001
0.6262662624
0.616603542
0.6157491655
0.6060414598
0.5486622706
0.4729421006
0.4108739874
0.3889268685
0.4037767896
0.4099093699
0.4145891245
0.3735545307
0.3524378324
0.3281161243
0.3044197218
0.3096434641
0.2977788448
0.3318066452
0.3266189716
0.327553363
0.3225446423
0.3202855261
0.3242576123
0.3214125677
0.3231708011
0.3045205384
0.2830176949
0.2720615869
0.2327575393
0.2065342169
0.1396081994
0.1485747629
0.4206639403
0.9509222904
0.9891339687
0.9924036084
0.9913864975
0.9892872977
0.9868008766
0.9838379077
0.9805028873
0.9767462678
0.9722450644
0.9669478873
0.9611504924
0.9551798528
0.9492530826
0.9435112352
0.9381454458
0.9334084815
0.9295163591
0.926478265
0.9241066704
0.922248044
0.920847189
0.919884696
0.9193352415
0.9191491379
0.9192631728
0.9197912013
0.9206824924
0.9217669166
0.9229842178
0.92433895
0.9258527218
0.9274846002
0.9291688029
0.9305921411
0.9315692896
0.9321758308
0.9328100212
0.9338498787
0.9351917949
0.9362146505
0.9364548804
0.935910712
0.934469331
0.9320850632
0.9285449868
0.9238945718
0.9190164603
0.915365339
0.9129021476
0.9100599058
0.9057803806
0.9003337336
0.8958976347
0.8930909777
0.8916562458
0.8909024479
0.8901619207
0.8888835347
0.887444708
0.8860536327
0.8858481109
0.8863029078
0.8869309503
0.8867972943
0.8863738806
0.885771235
0.885659945
0.8853741624
0.8847608112
0.8820417914
0.8778855542
0.8719678168
0.8607701321
0.8471727114
0.8313606088
0.8162338725
0.8034213926
0.7935542841
0.7886276106
0.7915462373
0.7948700115
0.7951465253
0.7876258305
0.7709085782
0.7457747772
0.715469607
0.6871917338
0.6394080683
0.6015256244
0.5700017006
0.5908414814
0.6055050263
0.5934811444
0.5665410833
0.5014948146
0.4104228742
0.3433831387
0.3313976841
0.3002667404
0.2907542504
0.2869044812
0.2590824837
0.2574837106
0.2514985979
0.2485175371
0.2443686999
0.2441540163
0.2488052464
0.2527912132
0.2621286568
0.2707370671
0.2898734772
0.3029838731
0.2981398533
0.2667969357
0.2451995695
0.2366301137
0.2555890058
0.2987049545
0.6515444833
0.8656016917
0.9673202986
0.9833625249
0.9874154631
0.9846282158
0.9824569693
0.9792372952
0.9756313701
0.9722576468
0.9679275819
0.9620787488
0.955379735
0.9484211836
0.9413843548
0.9343546539
0.9275540388
0.9214586805
0.9165703098
0.9130078744
0.9105097238
0.9086160937
0.9070760262
0.9059635894
0.9052512938
0.9048815489
0.904622985
0.9047993004
0.9055601399
0.9062583303
0.9067712213
0.9074610168
0.9081193304
0.9089851911
0.9102981465
0.911592687
0.9119948711
0.9112225407
0.909910505
0.9095550593
0.9103899473
0.9116552532
0.9127259554
0.9125576654
0.9119257576
0.909507638
0.9052616952
0.8986766547
0.8870714959
0.8756249512
0.8716827891
0.873396993
0.8688962413
0.8601560941
0.8469236625
0.8373409494
0.8317073357
0.8264502046
0.8240838012
0.8242830431
0.8196791464
0.8154462246
0.810466644
0.8120370214
0.8151079981
0.8165526496
0.8172916492
0.8167281418
0.815815926
0.8188345353
0.823744236
0.8303171417
0.8323902863
0.8339220685
0.8296939289
0.8154037953
0.7951342429
0.7698521206
0.7421759387
0.7173011181
0.686330908
0.6635780474
0.6346762026
0.6471382634
0.6851043436
0.7131125632
0.7479493173
0.7356721153
0.7053083606
0.7072293948
0.6617788648
0.6437489531
0.5925377068
0.6223199809
0.5920655709
0.5807478381
0.5555265627
0.513500587
0.4732784035
0.4252939288
0.3820894338
0.3545978572
0.3362945049
0.3211588735
0.3131640751
0.2910175317
0.2895524198
0.2785663103
0.2812501185
0.2723388336
0.2816464012
0.2812444203
0.2797724534
0.279115535
0.2580323533
0.2619549761
0.2665784245
0.2885162681
0.2959782922
0.3034326275
0.3812774173
0.5237517811
0.4320358003
0.5621771302
0.830744502
0.94332638
0.9644073177
0.9650740091
0.969467755
0.964275226
0.9625537412
0.9612194925
0.9553897525
0.9471794297
0.9384808699
0.9295406228
0.9198067247
0.909581147
0.9001150049
0.8928637772
0.8885662006
0.8867254687
0.8861058925
0.8851844712
0.8837762075
0.8823914539
0.8817564818
0.8818760865
0.8831687426
0.8825732065
0.8837171427
0.8835810029
0.881839671
0.880009164
0.878389497
0.8765936161
0.8764734236
0.8772512034
0.8729461799
0.86440225
0.8564929961
0.8536997966
0.8529732651
0.8568860529
0.8614604933
0.8641030061
0.8660572896
0.8619348314
0.8570248646
0.8433950619
0.8106604842
0.7760019019
0.7632942924
0.7671106
0.7555460339
0.7468954853
0.706036506
0.6581377909
0.616775426
0.5701521065
0.550385728
0.5507534349
0.5562386061
0.5447325368
0.5244890394
0.5124018561
0.5078954941
0.506891945
0.5008455406
0.4976186797
0.4879867828
0.4774443466
0.4728545365
0.4872821044
0.5082518728
0.5349930254
0.6214715979
0.6507268341
0.6847773853
0.6935089846
0.6835137986
0.6670989966
0.6540172826
0.6209162247
0.6285142235
0.5664430221
0.5624148811
0.5533261667
0.5969854606
0.6678588502
0.670285083
0.6946850986
0.6975846492
0.6935307239
0.6198979348
0.5505306837
0.6106937755
0.5438026794
0.5604556469
0.5709585454
0.4902661723
0.4572209859
0.4678504951
0.4450119411
0.3719992553
0.3485799679
0.3398056479
0.3337595226
0.3070956704
0.3018534505
0.2985482363
0.2897233767
0.2799727218
0.2754288476
0.2659118652
0.2532334915
0.2403997906
0.2304179329
0.2449574271
0.2472685438
0.3006611394
0.4379514764
0.5516107255
0.3074626893
0.2019033098
0.2123851736
0.2827407321
0.416383805
0.7350609577
0.8466952917
0.9179246742
0.9262678008
0.9385643204
0.9454196826
0.9373991212
0.9254415567
0.9130332595
0.8994462543
0.8819416205
0.8617322021
0.8425409978
0.8308380649
0.8296987928
0.8329968793
0.8379229358
0.8406913218
0.836693922
0.8305834689
0.8269562014
0.8328754922
0.8326018317
0.8251835055
0.8242028555
0.8196029121
0.805280646
0.7956601096
0.7810649473
0.7630374281
0.7536275853
0.7461783587
0.7299972655
0.7131422493
0.6931332866
0.6804300434
0.6681340144
0.6454807945
0.6438392425
0.6338465024
0.6201324625
0.6167057923
0.6018631334
0.7122352447
0.7158640759
0.6110277426
0.4133852265
0.440655468
0.4350455009
0.4887885985
0.4537271734
0.4131513492
0.427531872
0.3884085232
0.2661665022
0.2891239694
0.2792523645
0.3551413957
0.3211727826
0.310109146
0.3015761344
0.3233635159
0.3668218436
0.4041173401
0.3968809935
0.4099789433
0.3451189169
0.328538472
0.4160676954
0.3785271362
0.4133726176
0.4689393108
0.4833436978
0.5733137434
0.6123286232
0.6618759987
0.6452979517
0.6317310159
0.6139927735
0.6367992831
0.6307022998
0.6356480847
0.6582346832
0.6654821291
0.6514535607
0.6462315316
0.6702883891
0.7245685331
0.7062753467
0.6185814807
0.5427600486
0.5453098789
0.5026071744
0.5499146525
0.4298444621
0.3925518958
0.3984405022
0.4832889282
0.5024945687
0.4264721959
0.3867167869
0.383362693
0.3703248026
0.3280049733
0.3318210369
0.3207443376
0.3205405181
0.3019691919
0.2892462078
0.2754782164
0.2442431641
0.2332016423
0.2429017506
0.3230407502
0.4444686253
0.5750358385
0.2978105397
0.1846807299
0.1881480992
0.1919810057
0.2023326997
0.2292408596
0.271033051
0.3961188328
0.5988625347
0.6765760164
0.7695327884
0.8974785062
0.9107541316
0.8982374758
0.8803399841
0.8583534094
0.8259737181
0.7827393445
0.7314008687
0.6852150582
0.6542695098
0.6461014154
0.6708990251
0.6958257427
0.6844912164
0.6508182357
0.6082644785
0.5497505718
0.5529344523
0.5036667083
0.473210821
0.4726431129
0.4753546298
0.4681485747
0.4586410319
0.4596795449
0.3902586853
0.3771691632
0.4052462006
0.4101483708
0.3769124323
0.397833463
0.430882398
0.4468937262
0.465809055
0.4628601645
0.4570521501
0.4485765246
0.4299246974
0.5816481871
0.6724973417
0.7872568412
0.003820881618
0.6479954237
0.5477694404
0.6726084613
0.568017029
0.4969650392
0.5083713905
0.4911933525
0.4443634352
0.4168916668
0.4577405302
0.4653900133
0.465033285
0.4371951
0.4221771665
0.4194823524
0.4206276867
0.4337315225
0.4332473578
0.4368116784
0.4339238786
0.4272741408
0.4065272021
0.4354839782
0.4292685621
0.4439236804
0.4583001389
0.5139030002
0.5221679043
0.5505941737
0.6161679715
0.6194745088
0.5803003082
0.540938283
0.5347074428
0.5171535795
0.5533830952
0.6315428248
0.667057893
0.634579456
0.6159583274
0.6563110552
0.6706986171
0.6681183694
0.624457084
0.6073514816
0.512371391
0.5477799158
0.4693900716
0.3099998513
0.3096275056
0.3812422125
0.4493474656
0.4395821221
0.4217464898
0.4054547976
0.41080202
0.3946929965
0.3725951304
0.3737530857
0.3646968163
0.3743752108
0.3574246106
0.3030805748
0.2790235307
0.2536661248
0.3630748028
0.5103112414
0.5399963548
0.2965027314
0.1812237125
0.1868700589
0.1893969313
0.1921921007
0.1992517277
0.2144020441
0.2091822239
0.218146386
0.2760008122
0.350666335
0.3954695657
0.5128819557
0.7918148142
0.8369316515
0.8377756514
0.8224159906
0.7970200908
0.7467413307
0.6630466908
0.5014487078
0.4711199088
0.415706165
0.3407335257
0.3878106175
0.4642599689
0.4783421021
0.4276664443
0.3502118914
0.3342609417
0.3342234271
0.2902151809
0.3018564431
0.3149034235
0.3864255085
0.4361779007
0.4624759967
0.4627079301
0.4557434111
0.4630244024
0.5070366254
0.4704113293
0.4487036907
0.4364299091
0.4428205441
0.4423633515
0.4598083611
0.4716745223
0.4804441454
0.4704054213
0.4477141424
0.4807862115
0.6697908051
0.7553351956
0.722512129
0.6481311596
0.6380272356
0.568268169
0.4776746007
0.5096131107
0.506558334
0.4329362034
0.3578889819
0.330526629
0.3525179015
0.3868515554
0.3417829271
0.3421482765
0.3827723577
0.4217284889
0.4404118176
0.3731818053
0.3950060141
0.3519535664
0.3188497515
0.3970148937
0.3642677779
0.3953199533
0.3867668114
0.4153053276
0.3895652607
0.4167641387
0.5099076424
0.5251602915
0.5950462268
0.6107467327
0.5736903005
0.5481031301
0.5077427755
0.4877129115
0.5125712118
0.5929606896
0.6423681718
0.6177351362
0.5960284053
0.6105906367
0.6844170381
0.6800207154
0.6331640128
0.582354602
0.534369012
0.5088005995
0.3555478758
0.2772298856
0.2926065193
0.3408076215
0.3647268903
0.3790754358
0.3711124372
0.3768657543
0.3719565768
0.3653904591
0.3582554417
0.3883383405
0.4029629802
0.3740806407
0.3670607295
0.3277121014
0.4294343955
0.5228576853
0.5187330255
0.2958854241
0.1800718825
0.185002911
0.1872024077
0.1893555605
0.1918714307
0.1976740686
0.2089811311
0.2215829216
0.2152137987
0.2078136876
0.2225988981
0.2187329511
0.2548201224
0.4106750012
0.6879371817
0.759683424
0.8063551995
0.8130878889
0.7949098707
0.754534342
0.6736093686
0.4959836141
0.4763860856
0.3551305991
0.3387760104
0.4604731635
0.4985318617
0.5011508182
0.513078857
0.5172805713
0.5110758943
0.486355932
0.4620722946
0.4574150481
0.4584560581
0.4571349286
0.4761299032
0.4731003915
0.4724000065
0.4498808259
0.4869380178
0.4819133924
0.4753574424
0.455808445
0.4425557262
0.4398861832
0.4447810943
0.4480159848
0.4736221769
0.4664091835
0.4578593317
0.468431865
0.4948055962
0.6007738051
0.6862600666
0.6549921011
0.7031839829
0.6312589774
0.4265834719
0.473300087
0.5006896045
0.5021548226
0.4749358571
0.4518576949
0.463826779
0.4775570811
0.4584456961
0.3950429965
0.4114996645
0.3645467782
0.4526326339
0.4504972597
0.466280229
0.4366930893
0.4222841613
0.4058972143
0.4008910402
0.390303042
0.4030436062
0.320674118
0.4135640761
0.3417272009
0.3763445206
0.4316268311
0.4778068442
0.5528531076
0.5697010084
0.5403579365
0.5277593723
0.4925364304
0.4749168712
0.5007774964
0.5718535407
0.5985871486
0.6233140449
0.5835118524
0.6315011261
0.7464710484
0.6644023244
0.6196768349
0.6243639409
0.4825688389
0.4342922531
0.2828106105
0.2618056305
0.2664908191
0.2792740152
0.3095077973
0.3205578796
0.3255374292
0.3276410333
0.3302016155
0.3642204091
0.3204947367
0.3682643201
0.4097389617
0.3645132094
0.4809862922
0.5485236999
0.5108752562
0.2956950419
0.1795166936
0.1835763514
0.1848846653
0.187716009
0.1898192919
0.192379354
0.1980077836
0.2077067286
0.224867318
0.2337155416
0.2295961588
0.2311952025
0.2030293966
0.2226436042
0.244362927
0.4253592565
0.6400571603
0.7169962569
0.7979291384
0.7873160214
0.7626854401
0.7240968662
0.6420211873
0.4743596341
0.473293148
0.4010083358
0.3447175974
0.4749844391
0.5097285274
0.496244398
0.4944651345
0.4813755955
0.4792272961
0.4639387106
0.4715962511
0.4700713107
0.4720437833
0.4786627597
0.480511045
0.4638689099
0.4522007145
0.4597940742
0.4743382418
0.4697473713
0.4500268602
0.4355553109
0.42504535
0.4263549757
0.4356804517
0.4411787401
0.4411720062
0.4384410413
0.4534896094
0.4618760088
0.4561884642
0.5191197963
0.5166861086
0.455620163
0.5969019198
0.5615307885
0.4306115374
0.4635383706
0.437178011
0.4750959863
0.3962796643
0.4466162358
0.4661663689
0.461194873
0.4160110775
0.4019049198
0.378078513
0.4411656944
0.4102831684
0.4543813051
0.4579971058
0.4384563445
0.4454512288
0.4283218192
0.4407245676
0.3235768299
0.3890793568
0.3392232191
0.3116449356
0.2821953464
0.2986276291
0.370209417
0.4316018492
0.5117352988
0.526024119
0.5187058886
0.506512357
0.4805706031
0.4723725949
0.4873736753
0.5399946674
0.4957190134
0.5716107244
0.5416348239
0.6995025908
0.7408935282
0.6394893313
0.6471593669
0.5498230883
0.471505702
0.2998129004
0.2483876255
0.2800885857
0.2580233058
0.2770946399
0.2998534986
0.3218412975
0.327459546
0.3137146563
0.2757399914
0.3638235079
0.3191732333
0.359127146
0.5528459867
0.5488560326
0.499329352
0.295622669
0.1793225574
0.1831326634
0.1838655584
0.185921023
0.1883377248
0.1906402729
0.1931522699
0.1971086708
0.2046775695
0.2197491951
0.2327844007
0.2401065
0.2135088043
0.2243522891
0.2231157877
0.2189883922
0.3385124495
0.4419495598
0.5906346949
0.7674817731
0.7629772682
0.7539640021
0.728150204
0.6861029734
0.5589760454
0.4581136548
0.3452412739
0.2516871586
0.2570067143
0.3817900227
0.4228779836
0.4852686733
0.4754261997
0.4734452521
0.427361621
0.4344284913
0.461928866
0.4556891262
0.4701879657
0.4737353598
0.4626310564
0.4393868685
0.4620283293
0.4645525309
0.4570108644
0.4428598038
0.432073194
0.4275531767
0.4227188861
0.4024914411
0.4122658366
0.41454236
0.4270657654
0.4311286028
0.445720912
0.448959933
0.438123665
0.3919486056
0.4897699327
0.5176208023
0.5454170394
0.5239145507
0.4555481035
0.4582856987
0.4720734177
0.4675711098
0.431425619
0.4610225651
0.4624743631
0.4454902536
0.4261465298
0.3577816309
0.4005255258
0.4438343979
0.4563155419
0.4668622063
0.4826627042
0.4796774434
0.3927777729
0.4700608973
0.4091759703
0.3948775523
0.3081351237
0.265078991
0.1615586307
0.2024779201
0.3276254074
0.3670978261
0.4495152604
0.4856597926
0.511214228
0.5005707267
0.4847205756
0.469833405
0.4496219263
0.4917328994
0.5232083865
0.4487916797
0.4411164572
0.60534944
0.7001691927
0.713256372
0.6520053675
0.6739623705
0.5029898843
0.3875443142
0.2666392974
0.2564473046
0.2831131567
0.2833363676
0.2847189424
0.2915291457
0.2601328985
0.2820214445
0.2992410686
0.3132510918
0.4705082371
0.6372810901
0.5345355345
0.4757650312
0.2954681546
0.1790734905
0.1828560342
0.1836558539
0.1849333971
0.1865921261
0.1890459297
0.1912780501
0.1934963428
0.1969925547
0.2023953177
0.2150510224
0.2310543974
0.2342580715
0.2295288688
0.2315290654
0.2366455435
0.2193098872
0.2682959894
0.4101733926
0.3866539182
0.5596286808
0.7323210905
0.7459969403
0.7418941515
0.7182821662
0.6715346979
0.5491655178
0.4462088493
0.2681233008
0.2535033528
0.2931797542
0.3987291053
0.3838998162
0.4790055363
0.4713258767
0.4776378991
0.4641063412
0.4579112966
0.4633433457
0.4529071044
0.4620349447
0.4583744994
0.4360290473
0.439390821
0.4488225139
0.4514559992
0.436695033
0.4359603654
0.4210965681
0.4111940703
0.3773618114
0.387080336
0.389506469
0.4272184755
0.4351676914
0.421809235
0.4510376858
0.4406230698
0.4243616082
0.3759932925
0.2930925194
0.4423440201
0.4834114786
0.4104518577
0.4401386522
0.4393946094
0.449866172
0.4449468664
0.4525364322
0.4631019282
0.4642677491
0.4451287982
0.433713848
0.4184438498
0.4279573278
0.436590078
0.453008446
0.3472410607
0.433128519
0.4147190791
0.5676690458
0.5774302641
0.4898004547
0.4006891058
0.2397065371
0.3507060726
0.3291264995
0.3474500128
0.3620867142
0.3862764323
0.4149615802
0.4844303078
0.4963826836
0.4918225053
0.475715411
0.457948134
0.4746502265
0.460360024
0.5019060595
0.4317809895
0.4374029972
0.6576522157
0.7020216238
0.6608435382
0.6571320658
0.6580062595
0.4606459522
0.3229335543
0.3047634057
0.3320005888
0.3175144151
0.2515791479
0.2382656094
0.2844438085
0.2460874577
0.3489142507
0.5168733796
0.6609474322
0.4408918656
0.4651153272
0.2953101005
0.1788214187
0.1823491146
0.1833277067
0.1845110103
0.1856354045
0.1873480468
0.1891688262
0.1912684282
0.1935587352
0.196950225
0.202756806
0.2163217004
0.2329683396
0.2290467711
0.2265116544
0.2369133013
0.2407089856
0.2337249211
0.2524779044
0.3223263063
0.4123405493
0.577011377
0.6526231598
0.703528781
0.7309917855
0.7249220276
0.6794209141
0.6487031852
0.4734953011
0.4412910229
0.348454865
0.3195337212
0.3575278551
0.3976879135
0.4567900023
0.4775399663
0.4750148529
0.4655889368
0.4618293095
0.4565372312
0.4470242933
0.4532621825
0.4460551809
0.4327525315
0.4332421131
0.4360483212
0.451457378
0.4486037084
0.4504114978
0.4409108908
0.4339191803
0.4074290938
0.3992977791
0.3503484297
0.4051442071
0.4250789406
0.4270772916
0.4310437536
0.4329950076
0.4443335527
0.4241254543
0.4893236141
0.5012322896
0.630778216
0.5883469767
0.412158838
0.4353026742
0.4261739174
0.4244906158
0.4352862876
0.4469500097
0.4481802791
0.4347587131
0.419216444
0.4167247007
0.3858504725
0.4047089371
0.4226244943
0.433354295
0.4323164535
0.4343577344
0.4693484303
0.5144667993
0.4655392261
0.4352522301
0.3937603254
0.4069332101
0.3953329596
0.3788031486
0.3618273796
0.3405059732
0.3295115793
0.3677096759
0.438989956
0.4771904495
0.4832536761
0.4744103185
0.4933847785
0.5085824803
0.4494325742
0.4305177634
0.4143942253
0.4723709989
0.7024367398
0.6404126166
0.6608177841
0.657926473
0.5746660372
0.4588046154
0.3241256836
0.2973712648
0.2911721801
0.3148014491
0.2895461177
0.2668114471
0.4795665389
0.5409670344
0.6275680983
0.4037902259
0.4535438888
0.2950839225
0.178611683
0.1822178327
0.1827858125
0.1840247815
0.1852491274
0.1864120774
0.1877509321
0.1897208314
0.1915845365
0.1937146852
0.1969021005
0.2047886458
0.2162752457
0.2319137838
0.2359530021
0.2350939155
0.238113143
0.2419330344
0.2378296647
0.2469191945
0.2426295966
0.3332069041
0.4297247442
0.6831236209
0.6736334776
0.7216639399
0.7563132453
0.7099631829
0.6965542166
0.6054016346
0.4283037554
0.4454532523
0.4107209705
0.4485298409
0.4235264016
0.4507013574
0.4702966007
0.4745391965
0.4744551049
0.4699161725
0.4748044303
0.4520420041
0.4549971267
0.452788187
0.4467580952
0.448328657
0.4448590406
0.4520420006
0.4634242779
0.4521678345
0.444211162
0.4092348635
0.418217679
0.4091462646
0.3748011985
0.3837677966
0.4396407093
0.4098535279
0.4274655687
0.4338152323
0.4387891099
0.3998637216
0.4129420152
0.5766822956
0.6007494528
0.5782713656
0.4596294931
0.4153679084
0.4284083977
0.4335850122
0.4311196254
0.4391730205
0.4331704417
0.428613609
0.4239216933
0.4152354474
0.4239233855
0.3935981488
0.4272497776
0.4137280272
0.4050009273
0.3936670577
0.4145069412
0.4743622726
0.4527693623
0.4518835461
0.4504872693
0.4000017421
0.3720990634
0.3526479101
0.3852036291
0.4013492949
0.3770503603
0.3451717403
0.3502928118
0.36379428
0.4314757437
0.4689803658
0.4839373933
0.5137086286
0.5402192231
0.4571439318
0.4295557407
0.3982125157
0.6059382186
0.6572732557
0.6421048415
0.7147153673
0.6844289408
0.4772309364
0.3800252506
0.3446854825
0.3120356994
0.3402273973
0.3901680504
0.5275042895
0.5525534574
0.5538698249
0.4000692752
0.4292915746
0.2950241621
0.178468725
0.1816550891
0.1825031404
0.1836858556
0.1846718964
0.1858705683
0.1871244646
0.1883989265
0.1900674964
0.1926059626
0.1946798289
0.1980790704
0.2080316307
0.2148457173
0.2311012967
0.2387168714
0.2404850879
0.2407090136
0.2441733356
0.2449297829
0.2447282129
0.2462642104
0.2442642242
0.4369130383
0.5981400699
0.6639501759
0.6281474762
0.7393578276
0.7118200291
0.7051722849
0.6805269032
0.5933280914
0.4199244089
0.4316665584
0.4507417541
0.4517058568
0.4494875593
0.4618550079
0.4789587382
0.4871961097
0.4732143399
0.4612146046
0.4444697771
0.4486232512
0.443951657
0.4457049151
0.4495918412
0.443359306
0.4494301235
0.4539050201
0.4555000424
0.454834172
0.3999240166
0.4155947052
0.40880903
0.3600619312
0.3687560443
0.4185246197
0.428050529
0.4210747408
0.4441379203
0.4485189517
0.4294628899
0.4466878352
0.526862662
0.6445766018
0.6656477435
0.5034393024
0.4183596823
0.4120124062
0.4276100219
0.4259455404
0.4266002046
0.419564122
0.4279684676
0.4293967609
0.4272493296
0.4093973703
0.4485443313
0.4297453183
0.4154709331
0.399445998
0.4235354238
0.428978771
0.449741507
0.4541554536
0.4251701002
0.4042884554
0.419513448
0.3995726221
0.3882415027
0.3895333674
0.3945210077
0.3552435435
0.3693548638
0.3424095586
0.3287493297
0.3247213679
0.3836140859
0.4640780984
0.4755076497
0.478981132
0.4871183393
0.4602454756
0.4138986733
0.4944572579
0.6316354994
0.6541344431
0.6758486343
0.7408447868
0.5771589915
0.3905385993
0.3982424615
0.4592294883
0.4767892395
0.5488259528
0.5125659925
0.5688524917
0.3699783447
0.4146925358
0.2950357825
0.1784121838
0.1815497472
0.1822152729
0.1833297305
0.1842914206
0.1853837152
0.1867551861
0.1879349637
0.1896600753
0.1911365614
0.1941618615
0.1955395368
0.200627944
0.2078076075
0.2163345206
0.2334210198
0.2399826763
0.242649548
0.2449150511
0.2470618538
0.245482447
0.2351288714
0.245947106
0.2314740325
0.3954656323
0.5661345102
0.6309934888
0.5682535039
0.6808080629
0.7149958414
0.7254443157
0.6753471229
0.6601426154
0.5957661956
0.4322990407
0.4868784704
0.4455911569
0.4537256792
0.4677171483
0.4861596846
0.4804723136
0.4604108351
0.4662238522
0.4395440679
0.4400121411
0.4442326839
0.4393242524
0.4404505111
0.4409140092
0.4444779656
0.4451658402
0.4488820591
0.4470996249
0.4367810717
0.3393116925
0.4098899029
0.3807136144
0.3783330154
0.4311862733
0.4499055701
0.4349637887
0.4556099921
0.4461430814
0.4148860067
0.44153529
0.4542327807
0.595609341
0.5579179498
0.5642685926
0.4256598764
0.4209248633
0.4229726349
0.4239932626
0.4221461862
0.4213771554
0.4266490495
0.428162842
0.4449117165
0.4405372317
0.4273209994
0.4213481406
0.4271752866
0.4283097664
0.4322343689
0.4450290749
0.3768793171
0.3982340251
0.3780647216
0.421400097
0.4218400717
0.4152747876
0.3737677845
0.3834400075
0.3688234958
0.3580904842
0.3614799858
0.3583432507
0.3383354866
0.3140482157
0.3324743604
0.404452084
0.5025938613
0.4676273234
0.4475439117
0.4729756944
0.4462129739
0.4450826449
0.5628508818
0.6133329655
0.6650926781
0.7151965858
0.6059746615
0.5159698131
0.4644239828
0.4841498822
0.498224194
0.5022325187
0.5100198228
0.3792534022
0.4295115046
0.2949360277
0.1783912157
0.1814905346
0.1820356716
0.1830770057
0.1841787834
0.1851217463
0.1862800149
0.1876748953
0.1892593544
0.1908529388
0.1930041903
0.1958474457
0.1981662699
0.2028538606
0.2116726987
0.2128297093
0.2369184154
0.2457778349
0.2483384276
0.2462578134
0.2485807801
0.2472728131
0.2272220965
0.2185948613
0.2158298848
0.3504001179
0.5328213726
0.5832727013
0.5355379951
0.5443457902
0.6792047942
0.6928653281
0.713584175
0.662183018
0.6562300083
0.4973791028
0.4701523917
0.4410799465
0.4728607224
0.4618642817
0.4705126812
0.460167189
0.4529226645
0.449308438
0.4276319788
0.4330103101
0.4313356454
0.4274841826
0.4348897741
0.4299236131
0.442708058
0.4409961807
0.4378443338
0.4369205514
0.410884224
0.4210628054
0.3714798896
0.3905373461
0.3818631473
0.4000377165
0.4402552255
0.4452276605
0.4401766287
0.4598339532
0.4245283766
0.4502695135
0.4301779959
0.5858843484
0.5760917763
0.511536257
0.4406054327
0.412034041
0.3994307785
0.418280752
0.4119192529
0.4125949553
0.4271080108
0.4193264624
0.4139926546
0.4100497344
0.4123765756
0.4162565381
0.4261755002
0.4338997245
0.4225428648
0.4208767375
0.4120115318
0.4100095624
0.4275071237
0.4110156529
0.3929438877
0.3958556273
0.3246158073
0.3651840613
0.3521598155
0.3359063114
0.3464004226
0.3507637954
0.3374284326
0.3257263151
0.3133800823
0.3348488961
0.4636437619
0.4880897758
0.4569418189
0.4326901712
0.4680501073
0.4713434909
0.4942594363
0.5549305392
0.5684334175
0.6645277823
0.6594375632
0.6066419143
0.4979385481
0.5768650055
0.5632118989
0.4821721604
0.4165384966
0.4502458058
0.2948609585
0.1782924311
0.1813981959
0.1819851994
0.1829146056
0.1839232817
0.1850695937
0.1861517535
0.1874467561
0.1891547473
0.1908955518
0.1927352682
0.1951060246
0.197454201
0.2003963122
0.2059743869
0.2142050195
0.2194688629
0.2356110301
0.2487555562
0.2496396246
0.2492348001
0.2445785542
0.2415177117
0.247049923
0.2306351858
0.2345336167
0.3727945056
0.489425667
0.6065089882
0.5508030247
0.5941383308
0.6218173343
0.6718912172
0.6602226622
0.6802113724
0.6555743633
0.5674229072
0.5534273371
0.4835722906
0.4846717752
0.4540221268
0.4464072656
0.4523016337
0.4314827513
0.4530064444
0.4188764123
0.420957812
0.4490561559
0.4270735019
0.4456356368
0.4282865487
0.4328134447
0.4283199094
0.4369428221
0.4232657071
0.4254352289
0.3627806846
0.4177413532
0.3968157977
0.4052359477
0.4038482835
0.4250185056
0.4379035463
0.4695879153
0.4585847293
0.4068557943
0.4907268555
0.4136120104
0.5453356596
0.5305185131
0.5160797018
0.4226381205
0.4089337971
0.3997171446
0.3950536602
0.4093384928
0.4124623224
0.4062054608
0.4104275995
0.3979244858
0.3962771423
0.3984949956
0.4078449115
0.4270367724
0.4333520964
0.4054173867
0.4119909331
0.405798018
0.4092217595
0.3998853513
0.3842038549
0.3487838903
0.3576434476
0.330166107
0.3343438279
0.3305531845
0.3334802129
0.3435015397
0.3612771234
0.3512006435
0.3476085691
0.3085926758
0.3363409844
0.4016806363
0.4984423307
0.4473189115
0.4556453797
0.4650783871
0.5008327421
0.5270741938
0.5859517916
0.6297630205
0.6302076962
0.6121121893
0.5641398011
0.6478278315
0.4831227604
0.4496453831
0.4249313464
0.431191842
0.2948934987
0.1782668773
0.1813287012
0.1819750983
0.1828682721
0.1838285044
0.185111398
0.1861565664
0.1873875892
0.1888363611
0.1908263783
0.1928195307
0.1946985501
0.197615597
0.1999900334
0.2032071994
0.208760901
0.2150182166
0.2222912231
0.2398555446
0.2457157673
0.2507330938
0.248130509
0.2404156136
0.2346815385
0.2404293333
0.238946967
0.2681481145
0.3625467218
0.4952496424
0.474973864
0.5690810578
0.5090997897
0.6549482328
0.6418744401
0.6753586377
0.6856621578
0.6186803128
0.5703384259
0.5083156974
0.434785247
0.4479569622
0.4360806945
0.4397046134
0.436447218
0.424644149
0.4286334364
0.4168395584
0.4200290132
0.3946175182
0.4309833676
0.4290128482
0.4294264109
0.4261678862
0.4256641958
0.4198599955
0.4176206888
0.3983616052
0.408444001
0.3844777407
0.3776774942
0.3782849053
0.4064631453
0.4170211137
0.4597883432
0.5092872425
0.4907818592
0.4579372647
0.4165723762
0.3779865612
0.5264439243
0.5464097358
0.455310496
0.4175762665
0.387833285
0.3878174342
0.3865696668
0.3906461392
0.388815603
0.3804338014
0.3719053084
0.3771917562
0.3805046607
0.4068105882
0.4113807367
0.3732344977
0.413882869
0.4204740489
0.4135531904
0.4158251042
0.3826739171
0.3520520428
0.355566849
0.3305513122
0.3419805969
0.3232287183
0.3392292179
0.3246629649
0.3340515031
0.3306906033
0.337034625
0.3552987472
0.3199039074
0.3577757417
0.3294458978
0.4309493505
0.4721668134
0.4684337203
0.4740627762
0.5134745074
0.5086977941
0.5837893074
0.5754066167
0.6242619064
0.6799187439
0.6244271368
0.6179249503
0.4716911704
0.4584441705
0.4350256934
0.4493392103
0.2948689158
0.1782383341
0.1812981316
0.1819397998
0.1828740828
0.1837809496
0.1849214468
0.1862192968
0.1875285138
0.1891048979
0.1907951604
0.1929320725
0.1951067797
0.1972102493
0.1999806412
0.2026577255
0.2064781109
0.2110426103
0.2169784866
0.2236106576
0.2385217337
0.2460103108
0.2509009201
0.2586341005
0.2493724332
0.2544100813
0.2448945979
0.2531083872
0.3177163743
0.4271729654
0.5272259339
0.5866061948
0.5748965251
0.5797054434
0.6201815015
0.6137754444
0.6118501053
0.6795935111
0.6312211904
0.5843118733
0.5281488111
0.4458629668
0.4452763912
0.4269199005
0.4311679818
0.4227063145
0.4159680475
0.4255409372
0.4126249143
0.4197747378
0.4377726416
0.4203105827
0.4194683239
0.4165410951
0.4140397899
0.4105487931
0.408242318
0.4069504103
0.4047842676
0.3873413189
0.3830084534
0.4027165455
0.4070681781
0.4265827106
0.4494862579
0.4686656411
0.4953986431
0.3873479782
0.4016164578
0.4193565307
0.4022777417
0.4672803797
0.5683244553
0.4395977092
0.4098773077
0.3758957627
0.3855720713
0.3764083349
0.3779536558
0.3719750945
0.3731593853
0.3641188268
0.3879087852
0.398279984
0.4042308004
0.4174605024
0.4248491346
0.4135691495
0.4095539395
0.3918518791
0.3725697157
0.3565479027
0.3407595022
0.3308789841
0.3276622714
0.3096804747
0.3255957872
0.3172754889
0.3223719909
0.3250332013
0.3497208885
0.3356802573
0.3639860504
0.3629678438
0.3723650781
0.3157922162
0.4132843778
0.5024271362
0.5005710315
0.5231805205
0.5579053572
0.5458666716
0.6020467623
0.6146321351
0.6326134075
0.6125896318
0.5635517424
0.4660721219
0.4707035933
0.4429657795
0.4628858642
0.2948915416
0.1782710286
0.1813777113
0.1819996876
0.1828080485
0.1838637007
0.184952576
0.1861236207
0.1878536792
0.1891139208
0.1909446042
0.1927681223
0.1949690582
0.1972914352
0.1999326568
0.2029198617
0.2057247994
0.2083679746
0.2123487137
0.2179749877
0.2264569518
0.2366941841
0.2471282115
0.2587338222
0.2497236407
0.2558158995
0.2382527944
0.2635704474
0.3085025195
0.4281129987
0.4745181439
0.5046502172
0.5580395016
0.6211567253
0.5991026779
0.6617913519
0.6462494707
0.6065888911
0.6502345341
0.4823438166
0.5431444072
0.4579053415
0.4350457786
0.4386670773
0.4251162131
0.4173190366
0.4213864848
0.4116341102
0.4146971937
0.3992936998
0.4201852843
0.4087219267
0.4203778629
0.4093992069
0.4142766253
0.402130316
0.4085353963
0.420690507
0.4007615723
0.400302414
0.368161743
0.3939499979
0.4135997323
0.4952714713
0.5201442943
0.4313963453
0.437674135
0.4350909032
0.3909359732
0.362534991
0.3677556452
0.3826644426
0.4463987217
0.5331707043
0.42072697
0.4144169263
0.3902058675
0.3848091022
0.3667676998
0.3662475437
0.3612223886
0.374924105
0.3881868258
0.3965055233
0.4111148874
0.4116735409
0.4103305495
0.3978204603
0.4093358329
0.3870951179
0.3777807912
0.3516532922
0.3302943023
0.3248076604
0.3284719627
0.3290341483
0.3105706406
0.3370941753
0.3303920442
0.331903823
0.3288728697
0.3219444373
0.3583057734
0.3684907173
0.354973275
0.394999438
0.3862734903
0.5067085475
0.533458969
0.5382695946
0.5546108327
0.5603994623
0.5520346002
0.6003395338
0.6362417636
0.583008069
0.6353262025
0.4697076628
0.4969397466
0.442184076
0.4665114562
0.2949157033
0.1782929186
0.1814236104
0.1818170954
0.1828751894
0.1838381684
0.1849613068
0.1862668278
0.1875945446
0.1895309251
0.1911997209
0.1931982867
0.195424111
0.1976575513
0.2001381082
0.2030195101
0.2052878597
0.2078075732
0.2101859928
0.2145607486
0.2201266065
0.2314347405
0.2434920843
0.2570296646
0.266744585
0.2599980871
0.2548921929
0.2993983035
0.3792877253
0.4833165502
0.5300846535
0.5796610107
0.6459011718
0.6671370869
0.613073506
0.6147291687
0.6063290975
0.591527231
0.5627610436
0.6275247351
0.507091639
0.5265110106
0.4854010758
0.4550117319
0.4237726421
0.4267747858
0.4209414356
0.4094998186
0.4044558035
0.4161841426
0.4187629531
0.4262336949
0.3910998923
0.4010851738
0.4106435455
0.4034015634
0.4107506686
0.3907149132
0.4208118021
0.360341283
0.3974979504
0.4050631886
0.515942861
0.5111682558
0.433581403
0.3798578981
0.3837057431
0.4005373064
0.3723552789
0.3816725032
0.3735338158
0.3738969005
0.3880026719
0.4538415678
0.5507564845
0.4544459827
0.3672464579
0.4035917966
0.3895392228
0.366737151
0.3626051136
0.3753354941
0.3879179542
0.3964778748
0.3870529539
0.4116154787
0.415518331
0.4073232996
0.408339389
0.3908453598
0.3553066725
0.3632951708
0.3384148053
0.3350874346
0.3141855494
0.3117761058
0.3289204138
0.3026981759
0.3259352523
0.3246820666
0.3308873911
0.3542268445
0.3673838974
0.3772675494
0.3303847809
0.380402891
0.477032499
0.4794970285
0.5390349983
0.5476212439
0.5787179339
0.5397865867
0.5857509043
0.5963208032
0.595712686
0.6199169609
0.592322049
0.4828672789
0.4505511758
0.4541253915
0.4763012785
0.2948922784
0.1783126665
0.181362447
0.1819584891
0.1828945376
0.1839167741
0.1851474153
0.1863653827
0.1879962999
0.1895427977
0.1915196436
0.1935493156
0.1951813179
0.1978759721
0.2003792122
0.202819457
0.2055591575
0.2076943904
0.2098412011
0.2140615756
0.2197001589
0.2274984634
0.2424227409
0.2508905469
0.2418414318
0.2506790988
0.2601004252
0.3701836653
0.4900555062
0.5137269703
0.5606000392
0.5936406451
0.6774442605
0.6222024868
0.6652260267
0.6095244896
0.5647008028
0.5526849927
0.5556398485
0.4773171618
0.585879266
0.5001708436
0.5290374372
0.4561137133
0.4289961462
0.4226938765
0.4177176917
0.4171150808
0.4094724502
0.4135767115
0.378537535
0.4267391492
0.4021092642
0.4096729758
0.40494895
0.4013917749
0.3990163938
0.4085688651
0.4039764662
0.39957961
0.3849541287
0.5181751648
0.4794515934
0.4093403118
0.392798792
0.3968626638
0.3713670348
0.3795166476
0.3686857516
0.3530489579
0.3746552979
0.3765739136
0.3839425075
0.4261128082
0.363634788
0.5139209159
0.4315233962
0.4553915695
0.3933908671
0.3886461015
0.3942165484
0.3942298991
0.3671488732
0.4054033456
0.4162384278
0.3990387774
0.414028642
0.4037896349
0.3880175736
0.3838492226
0.3728693385
0.358290405
0.3507868185
0.3340953592
0.3181289485
0.3310937949
0.3202766923
0.3306596127
0.3276016036
0.3405353392
0.3465153938
0.3466700549
0.3482344677
0.3460276552
0.3714721553
0.5293545121
0.4934613243
0.585738205
0.5262838264
0.5536499537
0.5077487824
0.5452177968
0.5222133077
0.5238325874
0.5649209405
0.5839722515
0.6143370341
0.4867027443
0.5194064679
0.453578141
0.4720251709
0.2948703609
0.1783252524
0.1814114781
0.1819903593
0.1830210782
0.1839013466
0.1852483787
0.1864908711
0.1880670973
0.1897504109
0.1917524853
0.1939576021
0.1962089703
0.1987216509
0.2007358903
0.2027394972
0.2054772438
0.2084969896
0.2116434909
0.2168547832
0.2237909773
0.2355159279
0.2442994307
0.2453469087
0.2459798101
0.2610201332
0.3512964593
0.4939406266
0.5005896943
0.6020991509
0.6682099506
0.7092733506
0.7176317132
0.6507193155
0.6221839713
0.4930566129
0.50871165
0.4692708917
0.4944155978
0.5417036847
0.5359530097
0.5488647788
0.4422305255
0.4723685707
0.4474800914
0.4380880668
0.4328759023
0.4353437172
0.425561893
0.4204806616
0.4262994844
0.417447176
0.4188313416
0.4291566632
0.421128481
0.4000615642
0.3963817856
0.4091562779
0.3903561306
0.4053390533
0.5433685971
0.4941324743
0.4109070007
0.3893909507
0.3931776284
0.3829928507
0.3632218305
0.3508583356
0.3687434653
0.3534375421
0.3827636145
0.4099249917
0.4786387456
0.4159205713
0.5225095731
0.4280927326
0.5472765898
0.4505790163
0.4050870412
0.4282633088
0.4150930654
0.3766267968
0.4130328177
0.3734337103
0.403429136
0.3929539432
0.384969663
0.398574186
0.4017533306
0.3837455879
0.3819155677
0.377134419
0.3360005199
0.3672633631
0.3256016677
0.3321804601
0.3144428249
0.3287563938
0.3279698503
0.3320020002
0.3303160081
0.3288757726
0.3358255413
0.4056414752
0.522588786
0.6019557047
0.623491549
0.573370603
0.4522437908
0.4575349601
0.4721993431
0.5093270589
0.5289727509
0.5353101024
0.5760046866
0.5806432594
0.6308825377
0.5100843391
0.5360370261
0.4439928123
0.4608514922
0.2948898147
0.1783830505
0.181449109
0.1820919546
0.1830297566
0.1842100719
0.1853759136
0.1868855299
0.1884494439
0.1902541998
0.1925296803
0.1946235124
0.1971090075
0.1990848059
0.2009801178
0.2031842072
0.2053142113
0.2089278167
0.213360806
0.2241569555
0.2301338848
0.2450210659
0.2432787061
0.2385023712
0.2471588244
0.2976342579
0.4667738633
0.5404387955
0.6726080208
0.7101972616
0.7218055076
0.6967122959
0.593649973
0.5269799759
0.4803486011
0.4833080831
0.4667261009
0.4938060133
0.5121553676
0.5167519382
0.5190171822
0.474206807
0.5537028258
0.4591504439
0.4660687917
0.4440744245
0.4433427479
0.4126211502
0.4380568583
0.4256773659
0.4295058191
0.4574099552
0.4364894469
0.4312228278
0.384478467
0.4132446073
0.4073804295
0.4066112254
0.4725963303
0.5925233369
0.5392776922
0.3989485601
0.3874276009
0.390174026
0.3705315054
0.3755243554
0.3548525949
0.3685246264
0.3307897344
0.3991244903
0.4183377857
0.4741360049
0.5203206499
0.4271879095
0.5289950167
0.5205734659
0.4737842616
0.5074433314
0.4762199319
0.4456599891
0.4403406633
0.4181826621
0.4165584425
0.3972552858
0.3668180335
0.399731811
0.389370646
0.3860486162
0.3895520011
0.4019872298
0.3917074624
0.378577366
0.372443013
0.351549552
0.3480157763
0.3431772272
0.3341602818
0.3415553433
0.3313302363
0.3179074264
0.3177589585
0.3542502497
0.4824888653
0.51818813
0.6482656241
0.6629872831
0.6019795206
0.4873555395
0.4670491106
0.4689759625
0.4819240273
0.5059795694
0.5214232446
0.5309391821
0.5547518895
0.5363063034
0.5695057498
0.5522712665
0.5294342387
0.4310410097
0.4528200962
0.2948616525
0.1783971918
0.1815231167
0.1821655918
0.1832953813
0.1843696939
0.1859528453
0.1871302396
0.1888731861
0.1905563197
0.1933278241
0.1959781047
0.198137328
0.1992668249
0.2018823528
0.2043513043
0.2060375413
0.2093937164
0.217839009
0.2258039001
0.2442123722
0.2492572553
0.2428453389
0.2488467515
0.3009683086
0.4482143376
0.6544049731
0.7219839159
0.736394567
0.7224591703
0.652478494
0.5515634806
0.4876126843
0.4530793364
0.4681098765
0.4740361374
0.4816228209
0.4782358409
0.4956906907
0.4937491648
0.4948909709
0.4865301763
0.4867132765
0.4669988255
0.4623908832
0.4392850458
0.4473050151
0.4241952528
0.4349915816
0.4360692525
0.4550403093
0.460726293
0.4436951658
0.4173936595
0.4238016677
0.4303670746
0.429190694
0.4821910865
0.601458152
0.5591560328
0.4592752943
0.4160954648
0.4234126884
0.3805153424
0.391326657
0.3847094583
0.3566160394
0.3301516163
0.3667225623
0.4346176654
0.4456899016
0.496592208
0.4778515919
0.5472159481
0.5591639076
0.5249391988
0.5184609232
0.4481027462
0.4920044838
0.4471404428
0.4240200495
0.4499365574
0.383784074
0.3795647211
0.3562492667
0.3084880228
0.3397909027
0.3959683675
0.4044143921
0.4110842158
0.4153989556
0.3802355621
0.3818579811
0.3641952516
0.3654211841
0.366524041
0.3446569863
0.3301613812
0.3106087001
0.3258544916
0.4089187763
0.474655237
0.588262786
0.651136788
0.6567134157
0.5638182841
0.4584666195
0.4754415136
0.4498774174
0.4582391363
0.4957114612
0.4972983816
0.4697939107
0.5267309485
0.5602669868
0.5309646975
0.5617462883
0.5450078528
0.557405041
0.4249319627
0.4496389687
0.2949107695
0.178482043
0.1816571378
0.1824835326
0.1836237392
0.1850140666
0.1862531688
0.1876851498
0.189421787
0.1917273635
0.1951163868
0.1977003719
0.1981785007
0.2004898551
0.2031489087
0.2049127576
0.2082394623
0.2146623011
0.22595579
0.2405456277
0.2504608993
0.2399642415
0.2671553456
0.3488349925
0.4453974808
0.7164686405
0.7406132562
0.7365948794
0.7110678973
0.5918153586
0.5225898278
0.4289512338
0.4449119902
0.4601300141
0.4802980874
0.4691362403
0.4836870963
0.4736106199
0.4810460367
0.4850213025
0.4992750768
0.4814665038
0.493550427
0.4691530668
0.4483184627
0.4510683523
0.4285041779
0.4378173537
0.4268736146
0.4125708966
0.4274384179
0.4231059729
0.4237098874
0.4460071286
0.4379606755
0.4506462618
0.4963570744
0.620206302
0.6032426444
0.4644863334
0.4332779765
0.4123105809
0.3874077855
0.3399580046
0.3781831747
0.3082399954
0.3218674565
0.3494406084
0.4229253174
0.4676876636
0.4910112878
0.540752576
0.5806096619
0.5662963608
0.5541210494
0.4500766998
0.4930105324
0.4739585789
0.4677387465
0.4597535349
0.4466913273
0.4511667439
0.3964965853
0.3583976736
0.3293059518
0.3192758549
0.3433638367
0.3916811009
0.4249343013
0.4065057898
0.3971193193
0.3954435318
0.4101065659
0.4071977192
0.3861899361
0.3619543208
0.3312497852
0.3316270414
0.373034973
0.4684701876
0.5728177093
0.67107928
0.6751513833
0.6295109408
0.4977699915
0.4568893252
0.3966809477
0.4256696949
0.4215576293
0.5119637502
0.5282965122
0.5442257609
0.5921703331
0.5171327331
0.46915717
0.4529101318
0.5385213309
0.4983382945
0.5933960769
0.4190369417
0.4349483886
0.2950333906
0.1785357998
0.1818082079
0.1827417909
0.1840340569
0.1853606997
0.186876529
0.1885398799
0.1906933937
0.1932797936
0.197066478
0.1983816157
0.1987592868
0.2022110001
0.2052040292
0.2077898944
0.2109127929
0.2243180975
0.2377086142
0.2346811177
0.2519325305
0.2855528982
0.4062480514
0.5705617629
0.7551875619
0.765168562
0.7565335851
0.6949007442
0.5601728208
0.4539739516
0.4357969105
0.4440455469
0.4702375312
0.4726453916
0.4708249402
0.4722608762
0.4688070108
0.4590529403
0.4635096255
0.4741936479
0.4697043099
0.4810088022
0.4756765934
0.4462005379
0.4664704133
0.4480550166
0.4440207079
0.4380326469
0.4329139207
0.4163712934
0.4241239431
0.4233582233
0.44606971
0.4442376322
0.4448400582
0.5597139231
0.6494501249
0.6366462275
0.4454157053
0.4144934918
0.356611027
0.3904530262
0.3789924427
0.4057980762
0.3573721153
0.3177348952
0.373486776
0.447414833
0.4788862068
0.5061230338
0.535154109
0.5932402951
0.5581450306
0.5366607988
0.4464996381
0.4587611964
0.4771749677
0.4629785905
0.4587546871
0.4350210886
0.4104548498
0.4448503795
0.3750968356
0.3811794767
0.3216890777
0.3595635861
0.3007446198
0.2974632665
0.3594242956
0.3982882837
0.4214976054
0.4255461292
0.4146710953
0.379952153
0.349901337
0.3427715039
0.3687304771
0.4734385294
0.5202834757
0.668163924
0.7004078316
0.659136791
0.5557978934
0.4657724321
0.4367433436
0.3641740399
0.3838775242
0.4587256543
0.48841163
0.5465110372
0.5939910415
0.6422474798
0.5989104028
0.4561789652
0.353710511
0.4109787391
0.4910565643
0.5448744817
0.5349138913
0.4171742371
0.4410564636
0.2951026457
0.1786453983
0.1820405361
0.1831532366
0.1845943509
0.1864004914
0.1881250972
0.1899608784
0.1923681962
0.1950793894
0.1987778665
0.1958941286
0.2022687529
0.2045018244
0.2055557021
0.2089649141
0.218424235
0.2339140237
0.2394680412
0.260438662
0.3583706586
0.4234927576
0.6854937949
0.7556610569
0.7742709159
0.7432543584
0.6609139765
0.4777930537
0.4296354395
0.4392371404
0.4489104326
0.4545993424
0.4693359297
0.4640317658
0.4562933543
0.4551292316
0.4519578653
0.4535836745
0.4552153675
0.4613746877
0.4629607913
0.4715040685
0.4747838149
0.4646055157
0.4867268935
0.4545343252
0.4711264025
0.4589051466
0.452125595
0.447979545
0.461936993
0.4123368742
0.4691715072
0.4469794392
0.5828872446
0.6338887914
0.6249619283
0.4607250155
0.3844677271
0.3474008736
0.3193383928
0.3808017101
0.3583110467
0.3693442132
0.3165234216
0.3803664787
0.4448657386
0.4827894318
0.4968420329
0.5969562437
0.6212361658
0.573049945
0.4686108995
0.4537647242
0.4579921256
0.4525076567
0.4403784761
0.4309488939
0.4409545114
0.4487142487
0.425300816
0.4540205796
0.4326110654
0.4174912302
0.3415779447
0.3356257663
0.3004902813
0.303220567
0.3143670555
0.3825406968
0.3741813774
0.3853516316
0.3534790099
0.3577368795
0.4132002717
0.4647657363
0.5250700538
0.6343757555
0.7064714227
0.692700174
0.5793622126
0.5038669612
0.4715858987
0.4071370406
0.3608853833
0.3764559655
0.4495435284
0.4742396969
0.5290577446
0.6150138074
0.535975238
0.4794643814
0.4946695302
0.5745840903
0.4369785718
0.3719147744
0.432426331
0.500870947
0.612490938
0.4012391874
0.4490732014
0.2952784156
0.1787007496
0.182261795
0.1836546397
0.1854365713
0.1875360134
0.1896984283
0.191908978
0.1946253897
0.1977247434
0.1989890654
0.1962006861
0.2032883019
0.2051824079
0.208262917
0.2219210416
0.235614557
0.2578900338
0.2918727703
0.4367369983
0.6045462505
0.7554066882
0.7699023246
0.7539736688
0.729784676
0.6066621346
0.4499785834
0.4482508048
0.4593950522
0.4608540243
0.4569670326
0.4570433106
0.4554405365
0.4541506265
0.4543260867
0.4493943173
0.4531079677
0.450795723
0.4605766048
0.4602126819
0.4576836714
0.4527400059
0.4543142892
0.4610767094
0.4495380913
0.4614775542
0.4771851897
0.4575356946
0.4487946253
0.465198126
0.3891340977
0.4595213232
0.4849518643
0.6790556327
0.5776028843
0.5929278078
0.4331338903
0.3170961471
0.3404475284
0.3791832421
0.3514255991
0.3336669372
0.3470480666
0.3741120555
0.4284703978
0.4709673632
0.5556758172
0.59002387
0.648127559
0.6182750816
0.5397866515
0.4846866782
0.4810749103
0.4426741836
0.4746868219
0.4582440144
0.4496621602
0.4334359426
0.449648229
0.47142919
0.4692919984
0.447989151
0.4989023076
0.3619738644
0.3687178337
0.3060802848
0.2829048178
0.3064994002
0.2675095715
0.3159066308
0.3580840136
0.3825591077
0.4556642726
0.4763044689
0.530419499
0.6414457626
0.6522276788
0.6987793866
0.5916352651
0.4983387537
0.4874158965
0.4021732751
0.3573566883
0.3292102109
0.3965926648
0.4410249372
0.5192558832
0.5899052428
0.6174709836
0.5198373666
0.4196333226
0.4351962999
0.4362919755
0.4867575098
0.2904932611
0.3432202811
0.3387231261
0.479047351
0.6093848434
0.4015208082
0.452192427
0.2955236872
0.1788522973
0.182840554
0.1842874783
0.1864133019
0.1887237714
0.1912756083
0.1941275433
0.1972169733
0.1988186776
0.2011390861
0.1881578191
0.2029862958
0.2113250278
0.2212600775
0.2351724376
0.2693687948
0.4089928127
0.5064599959
0.7148171523
0.7687062121
0.7737453578
0.7397883133
0.683905491
0.5737442131
0.4569811625
0.4574122771
0.4602846037
0.4608079719
0.4560736086
0.4516314478
0.4368504591
0.4453674481
0.4540723309
0.4757409756
0.4770134507
0.4556186014
0.4629388916
0.4508307252
0.4530982943
0.4543326158
0.4300171237
0.4494847366
0.4599405673
0.4628168286
0.4619728083
0.4549069117
0.4617370403
0.4641193771
0.4047502758
0.456169463
0.6022702501
0.6756232083
0.4891149969
0.5981584385
0.3704993804
0.3106458487
0.2799704212
0.3290375271
0.3532577042
0.3397723714
0.319971174
0.4047653546
0.4352613296
0.502852532
0.642153962
0.6753643325
0.6627593712
0.5648474492
0.5068676676
0.5183814198
0.4855015657
0.4130195881
0.4222361668
0.4407637664
0.473356795
0.4440122926
0.4638930525
0.4915958433
0.5123129699
0.4720196695
0.4633412169
0.4209801049
0.4348097151
0.3457910602
0.3199894327
0.293411695
0.2826458197
0.3338567544
0.4046269611
0.4767361589
0.5075155322
0.5582678185
0.6294259239
0.6863730029
0.6633507106
0.6365025882
0.4855605408
0.4709769205
0.4716536375
0.3932292536
0.3678061365
0.4165240212
0.4476663714
0.4976654205
0.6047358001
0.6287050329
0.6097607242
0.4709465683
0.4463556691
0.4097816244
0.3711467269
0.3418703862
0.3358064623
0.3282334378
0.3021547312
0.2671274863
0.3592825914
0.613562917
0.4726436874
0.4788305767
0.295750535
0.1791644655
0.183537749
0.1852139408
0.1877836698
0.1901487689
0.1937708178
0.198397989
0.2007690498
0.2076237554
0.2090791812
0.2100363469
0.2117816693
0.2371776421
0.2583210247
0.4005553838
0.4649704094
0.7104384288
0.7747835928
0.7904571206
0.7674171937
0.7361148179
0.6701182815
0.5995701711
0.4924540478
0.4858200413
0.4770155809
0.4702971783
0.4826200758
0.468051871
0.4797966937
0.4931336407
0.5006370597
0.4943305862
0.4578886869
0.4211215684
0.4358016548
0.4386441361
0.4454063946
0.4060502323
0.4069997845
0.4532947164
0.465766252
0.4872874763
0.4760768707
0.4658490474
0.4836553927
0.4445761558
0.4551251309
0.5744458531
0.6116955288
0.7462308864
0.4618413423
0.5497256545
0.3602029866
0.3160056955
0.2689197862
0.2615709002
0.2827793055
0.3458272699
0.4011896728
0.4296806049
0.4709694932
0.6860083174
0.7185097875
0.7080085306
0.6366430908
0.495669369
0.505353714
0.4352634899
0.3611874846
0.3103702394
0.386614398
0.2807777774
0.4383700878
0.3384478902
0.4915813091
0.4551174609
0.4645249942
0.460561137
0.4116751324
0.3648541999
0.2525316214
0.3104417803
0.3819007085
0.3055704719
0.3514602828
0.4183775803
0.5222899093
0.5289610906
0.5796857634
0.6539225117
0.6853812595
0.6744269592
0.6439575615
0.5258289806
0.4700491391
0.4791321305
0.4552672356
0.4395502135
0.4342449106
0.4408781596
0.4792284113
0.5520601917
0.6466648986
0.6127797965
0.5691886702
0.4566486756
0.4418049076
0.3658829715
0.3328286932
0.3221319368
0.3066245078
0.3112039738
0.3454321302
0.2767100293
0.4260376039
0.3334254817
0.5419855903
0.5379957431
0.4849097604
0.2956703291
0.1792609656
0.1840753157
0.1869640514
0.1899841605
0.193007936
0.1998081493
0.2050416432
0.2140709556
0.2051266768
0.207630726
0.2280934033
0.2742283435
0.3835611042
0.4882278832
0.719859313
0.7867538353
0.8181805166
0.8080334714
0.78068021
0.7272142289
0.6452701895
0.5611517631
0.4695235262
0.4796752238
0.4859009978
0.496443011
0.5189852511
0.5143695639
0.5186580377
0.4950577376
0.4367047531
0.407845565
0.3672572578
0.3504234142
0.3853794946
0.3804564198
0.4066915529
0.3775900696
0.400373096
0.4774629412
0.488358068
0.493222512
0.4930434486
0.4815249971
0.4631526065
0.4474067151
0.4840799703
0.6461651961
0.6303992589
0.6857087795
0.4622658075
0.3612619322
0.3249429323
0.2947711449
0.3186975802
0.3044562128
0.2908313168
0.3770361894
0.4685081196
0.5060985586
0.655704519
0.7159781015
0.7487858367
0.7244889945
0.5145207479
0.4722591823
0.4345075414
0.3601980015
0.2743146882
0.2782767462
0.2931141702
0.3325152405
0.3384485871
0.3661476133
0.3802732383
0.4744139998
0.4253173988
0.3605964643
0.3974485029
0.2965676446
0.3811972476
0.3293028601
0.3534182445
0.4143545694
0.4741019436
0.5444185287
0.5525617987
0.6023822951
0.6445431143
0.6587895104
0.6675731169
0.6114714231
0.549136339
0.477350328
0.4805213872
0.4861808546
0.4931332064
0.4869226803
0.4723115721
0.4425752631
0.5648040092
0.6042618217
0.6506380312
0.6046702825
0.5138803243
0.4845041637
0.3941555911
0.3490513563
0.3347442809
0.3381783384
0.3276509418
0.3282962094
0.3259104028
0.3392387406
0.3580982296
0.3472333503
0.3229698227
0.4687996903
0.5757739885
0.4935903053
0.2957877514
0.1794168313
0.1855012189
0.1892887523
0.1926944946
0.1990772675
0.2065174968
0.2241047852
0.2350345575
0.2631762931
0.3467001117
0.4071622108
0.6164035944
0.7188803841
0.8322350996
0.852808529
0.8283762641
0.8058231672
0.7502094651
0.6763900895
0.5557889357
0.4774995479
0.4710250952
0.4505236912
0.4158846131
0.3965800478
0.3755554514
0.3321277456
0.3048987071
0.2722299045
0.261354386
0.2533167257
0.2541562721
0.2779636987
0.3089421348
0.4021041012
0.4389689094
0.4550588644
0.4655201447
0.4888027623
0.5044841971
0.519618897
0.5120541421
0.52072573
0.4899496668
0.5157888371
0.6189243136
0.6873647205
0.6435594572
0.6206804013
0.4512479222
0.4700627167
0.2898156832
0.4905292438
0.2734256128
0.4329128656
0.3601475153
0.4497036297
0.4731610278
0.6181763904
0.7140699444
0.7176779598
0.6616158426
0.4932042145
0.4604376009
0.3873250034
0.3572750144
0.3660439696
0.3558725426
0.2960415503
0.2556692366
0.2281206836
0.2974339301
0.2862897842
0.3651751317
0.2956043308
0.4714942648
0.3780927536
0.3380110416
0.4154769581
0.4192721234
0.4210379815
0.4292954609
0.4402327451
0.5222050885
0.5837917503
0.6276896328
0.6350423549
0.6548180759
0.6092485332
0.6188984016
0.5456277275
0.5148286721
0.4968819781
0.5141281908
0.5015483437
0.5100061411
0.4968620002
0.5062992059
0.5044028546
0.6062839744
0.6142787004
0.6224287696
0.5544740659
0.5290428932
0.4429562837
0.3547219324
0.3345158957
0.3396242507
0.3460654329
0.3400936712
0.3328372992
0.3361731076
0.3352334889
0.3264481676
0.3185660215
0.3031004472
0.3157647109
0.4292332142
0.549840424
0.4956772735
0.2967345516
0.1797656518
0.1871613044
0.1997054653
0.2136069019
0.2352309181
0.3252116008
0.4182505085
0.6032236052
0.7193368911
0.8089701702
0.9054093158
0.9237057595
0.9147590232
0.8955162009
0.8724832668
0.8315973105
0.7883862312
0.7334872695
0.6735529897
0.624945904
0.5908596896
0.5705203344
0.5484563952
0.5371810978
0.5098240579
0.4958527494
0.4811696867
0.4826481925
0.4605989217
0.4089804258
0.3290462626
0.315768566
0.3303029581
0.363093278
0.4148254249
0.4515472127
0.4475071034
0.4498069879
0.4572739155
0.4571599345
0.4671243046
0.4758598089
0.5246213505
0.6512471964
0.6894225304
0.6471656554
0.5618639417
0.488573109
0.4228692978
0.3828411556
0.3275730392
0.3138434017
0.3266849102
0.3185273329
0.513790768
0.4978075475
0.6506354218
0.7153818498
0.7265217219
0.6968953338
0.5866668795
0.5034124848
0.4760070315
0.3695120974
0.3515304358
0.3116034166
0.3746328789
0.3934029168
0.3180039996
0.246642202
0.2739280633
0.303357178
0.3607169747
0.371755208
0.3886137738
0.4085238413
0.4650391839
0.4332231532
0.428576467
0.4913894176
0.4966558352
0.5382985114
0.6118087434
0.6679431424
0.6784862224
0.6403167756
0.6218544407
0.5853545686
0.5917465417
0.5354772572
0.5216032549
0.5186638146
0.5183608036
0.5088504209
0.4943805004
0.52267912
0.5375318475
0.5586303045
0.5956053874
0.6012632297
0.5798787731
0.5533610567
0.5038057113
0.3718470716
0.318688091
0.3071348946
0.3296333184
0.3368674563
0.3240164885
0.3149691255
0.3143559827
0.3126983443
0.3117477869
0.2894092356
0.2887590893
0.2888613143
0.273676191
0.3268304575
0.5145854759
0.5217028988
0.3479602649
0.2136066643
0.247653615
0.3803209133
0.483528256
0.7563085298
0.8218873981
0.9161385399
0.940645109
0.9345745903
0.9358773677
0.9392951512
0.9378902725
0.9249213561
0.9022897843
0.8814590949
0.8583426137
0.8369624809
0.8179729465
0.8096408853
0.8099375771
0.8160863959
0.8211426059
0.8245517451
0.8263889028
0.829208288
0.8289465611
0.8274158783
0.8273440168
0.8263443443
0.8266899209
0.8296159441
0.8284921298
0.8197404729
0.8087771006
0.7943769908
0.7677204038
0.7350088295
0.7084767571
0.6814017132
0.6606414095
0.649398683
0.6608203074
0.6841899227
0.6652662389
0.4775054956
0.4547736504
0.38619213
0.3918312392
0.460431291
0.4298472458
0.44372554
0.4658610926
0.5125311185
0.4538293917
0.7203654889
0.5363027795
0.7461823977
0.5747056974
0.4803775171
0.4485989395
0.3530354402
0.3123314682
0.2782274603
0.2898894834
0.2730897761
0.2914649605
0.3542111646
0.3987758635
0.3576661005
0.3180657103
0.2658578482
0.3146630048
0.3310392622
0.4020468624
0.398858368
0.4774592868
0.4982351742
0.5037947704
0.5512439167
0.5927740406
0.6324338208
0.6588328348
0.6852966692
0.6585076187
0.6238796913
0.6105810429
0.6111989123
0.6059650863
0.5596564768
0.5500461968
0.5559059207
0.5402949977
0.5268184451
0.542202234
0.5055463531
0.6063835421
0.5424779207
0.5699691537
0.5597012157
0.5721721153
0.559873792
0.4175161123
0.3173081807
0.2974975905
0.2817192643
0.3055600459
0.3019817903
0.2914811051
0.2813028036
0.291863023
0.289124837
0.2942657623
0.2762006753
0.2737304203
0.2627060135
0.2788592092
0.2801200675
0.3163152626
0.4826544702
0.5250912251
0.6858262862
0.7218601112
0.8398699121
0.9234374062
0.9591494936
0.9575898929
0.9590358881
0.9638512882
0.9662389573
0.9602315915
0.9551949216
0.9483381567
0.9416434695
0.9177072541
0.9220099676
0.9070587849
0.8978422373
0.8894875506
0.8836658897
0.8813169871
0.8817807347
0.8829512745
0.8842469715
0.8853216197
0.8862810538
0.8871321559
0.8889825024
0.8908185437
0.893852676
0.8971550678
0.8998800535
0.9013575062
0.9024484178
0.9009516537
0.8972264908
0.8917594868
0.8845111288
0.8751087871
0.864756698
0.8536378219
0.8465161419
0.8424993811
0.8360378926
0.8243685912
0.8073854352
0.8061061295
0.7948445149
0.7774034418
0.779580376
0.7697322831
0.7676679443
0.7791078895
0.7921789745
0.8154597569
0.86487913
0.8069830988
0.7596342032
0.7352814077
0.6072200025
0.568827761
0.5264239466
0.5109330304
0.5041623909
0.4844770938
0.4695322558
0.4511851034
0.4180599694
0.4294012361
0.4235394548
0.3928897542
0.3650962754
0.4102289626
0.4870457155
0.5076497748
0.5220011148
0.5704111339
0.6024896735
0.6371991145
0.6713249234
0.6924850837
0.7092671709
0.7143761076
0.7185983229
0.7057457625
0.6790816967
0.6879795675
0.6833493334
0.6748152014
0.6449387379
0.6287674484
0.6299135913
0.6056354582
0.6064577161
0.5994760546
0.5871754711
0.576487644
0.5935474632
0.5343231488
0.597148327
0.5781975482
0.5031378617
0.3323844417
0.2932793681
0.2903537785
0.2957367491
0.2947568965
0.2931297967
0.2818776736
0.276812142
0.2768202562
0.2790710158
0.2781229317
0.2716763957
0.2737234771
0.2629797367
0.2620394596
0.2602677327
0.290144127
0.2748183412
0.4238143879
0.5522326914
0.9241608562
0.9682316332
0.9790365949
0.9827642398
0.9838601999
0.9799042049
0.9771749914
0.9741533737
0.970810005
0.9674827528
0.9629782439
0.9563510857
0.9484149637
0.9428031889
0.936419703
0.9272211179
0.9215703798
0.9165625534
0.9128085336
0.9106144409
0.9095263322
0.9090396083
0.9088841049
0.9090101972
0.9093413561
0.9099546944
0.9109132408
0.9123682623
0.9140678919
0.9158374089
0.9173461164
0.9183326933
0.9187701563
0.9189414345
0.9187206145
0.9180908909
0.9171397925
0.9157382745
0.9135906036
0.910975481
0.9079295834
0.9043886334
0.9004921608
0.8967855838
0.8930804537
0.8902954239
0.8917832859
0.8901091285
0.8922183981
0.8938507714
0.8932026778
0.8923543969
0.890200435
0.8871410537
0.8796555882
0.863829607
0.8341732146
0.8200071278
0.7936698598
0.7916438016
0.7843008128
0.7794787881
0.7760464931
0.776496114
0.7831291246
0.7847210036
0.7943322024
0.8047580092
0.8139370764
0.8260188967
0.8371855714
0.8487917179
0.8474996916
0.8399339721
0.8405470056
0.8279657293
0.8107828163
0.7946881411
0.7760852193
0.7588162457
0.7436065134
0.7292906887
0.7112876261
0.6945979037
0.6826253465
0.6807398259
0.6544138185
0.6390558248
0.6042922707
0.5999249905
0.5821536484
0.5826257278
0.5711081583
0.5686258626
0.5744396455
0.5991345242
0.6100423919
0.5860786804
0.5265688646
0.3916222044
0.3169999248
0.297114674
0.2891366876
0.2849761655
0.2893828541
0.279444461
0.2898320525
0.2793587851
0.2847007269
0.2781237429
0.2828769414
0.2723901478
0.2851504377
0.2782052443
0.2744803524
0.2578310469
0.2562810165
0.2816666711
0.2889474924
0.3948079227
0.5742579076
0.9747781682
0.988341342
0.9900420379
0.98954441
0.9880489583
0.9861464614
0.9834850679
0.9797192857
0.9755965586
0.9716273793
0.9671851855
0.9614078163
0.9551468779
0.9488913055
0.9440194243
0.9383786005
0.934264873
0.9307174041
0.9279791391
0.9260515022
0.9248091866
0.9240606674
0.9237055613
0.9236700168
0.9239035236
0.9244009578
0.9251466807
0.9260672534
0.9270816971
0.9280847733
0.9290640758
0.9300014304
0.9309334353
0.9318966862
0.9328796628
0.9338049753
0.9346217817
0.935230709
0.935496597
0.9354420574
0.9350767228
0.9342782266
0.933328315
0.932627066
0.9320186529
0.931272493
0.9305523557
0.9300451246
0.9287959727
0.9272617508
0.9250864875
0.9204716354
0.9144782323
0.9070673826
0.8985094385
0.890206273
0.8854232438
0.8797570416
0.8761832527
0.8770168791
0.8766601902
0.8776502614
0.8789628419
0.8804521956
0.8823270282
0.8840824177
0.8855968675
0.8881652403
0.8904668515
0.8919323874
0.8925707985
0.8913526998
0.8873838768
0.8793596449
0.8706515508
0.8601502459
0.8471475987
0.8335113692
0.8195702506
0.8047930604
0.7874173959
0.7736561932
0.758545833
0.7434063272
0.7235550641
0.7022241475
0.6723403417
0.644048572
0.6246599239
0.6087407985
0.5856195036
0.5665508249
0.5781497223
0.5862276768
0.5938754667
0.5414083678
0.4504675983
0.3635046207
0.3175307529
0.2843314149
0.2710175449
0.2643947516
0.2633568712
0.2715626663
0.2674180812
0.2620471524
0.2589308017
0.2571676418
0.2600739827
0.2661261923
0.276128975
0.2931654412
0.3111400833
0.3321660236
0.331613618
0.3405663915
0.3129604828
0.2840231387
0.2215074671
0.320037818
0.5007777906
0.9910806669
0.9941891163
0.9937130914
0.9926059713
0.9909664825
0.9889910087
0.9864241899
0.9828863577
0.9787609879
0.9743874269
0.9695720772
0.9640076523
0.9580868372
0.9524567969
0.9473014927
0.943087826
0.9398454248
0.9372410996
0.9353009309
0.9339462288
0.9330790995
0.9326060853
0.9324422634
0.932532001
0.9328408684
0.933315975
0.9338991165
0.9345254045
0.935136051
0.935740945
0.9364426078
0.9373562296
0.9385411937
0.9399895604
0.9416049415
0.9432796674
0.9449303357
0.9464873285
0.947924346
0.949301948
0.9507035068
0.9522009829
0.953921515
0.9558583953
0.9576454588
0.9586848562
0.9585767526
0.9570609491
0.9538517086
0.9490354833
0.9430180749
0.9353443657
0.9266805754
0.9184777209
0.9115414856
0.9075241922
0.906013211
0.9054414394
0.9055859353
0.9068813969
0.9080628702
0.9094303115
0.9104012476
0.9106223563
0.9097956816
0.9079790828
0.9056913139
0.902853446
0.8995791369
0.8949870661
0.8888356028
0.8819762994
0.8752743198
0.8698634172
0.8637086238
0.8566583473
0.8508218553
0.8448577807
0.8380108489
0.8297137577
0.8197743237
0.8077261564
0.793990445
0.7796941596
0.7632878377
0.7456577739
0.7262525242
0.7117470474
0.690164554
0.6633390011
0.6435585722
0.6312319955
0.6062223337
0.5578048004
0.4859770678
0.4367360096
0.4179752729
0.4127357117
0.3909836769
0.3596069275
0.3256359807
0.3126870943
0.2867770149
0.3127109404
0.3177988002
0.3141826601
0.323199701
0.3252169218
0.3228092985
0.3168340131
0.3139190976
0.3104963526
0.3166278901
0.3067821568
0.3251266529
0.3178515718
0.2893713897
0.2153363862
0.1481443934
0.1629464193
0.4542918596
0.9787280685
0.9920822068
0.9884623068
0.9848622388
0.9804692354
0.9751801564
0.9687516071
0.9607349929
0.9513759257
0.941243344
0.9304839356
0.9190252131
0.9075362836
0.8967941373
0.8875813381
0.8801245375
0.8746647845
0.8703056747
0.8671539492
0.8649198361
0.8633979026
0.8624801956
0.8620456973
0.8620465942
0.8622619818
0.8626513919
0.8631964193
0.863831233
0.8644595799
0.8650307253
0.8655822335
0.8663220467
0.8676096613
0.8697379851
0.8727539052
0.8764683826
0.8804927754
0.8843689417
0.8877702838
0.8906878648
0.8932439313
0.8956541256
0.8981355126
0.9007531062
0.9031595472
0.904728451
0.9048707563
0.9031313721
0.8987814666
0.8917348355
0.8826057001
0.8698688278
0.8570660645
0.8434582039
0.8332776886
0.8277021943
0.8268034949
0.8278220863
0.8304114645
0.8342854326
0.8376818776
0.8407919676
0.8423037443
0.8416857273
0.8384966845
0.833023927
0.8258380258
0.8176699537
0.8079057798
0.7948119402
0.7783743755
0.7587666752
0.7419288755
0.7286229734
0.7187746767
0.714520136
0.7129661141
0.7120253306
0.71019203
0.7049099646
0.6936556542
0.6801955693
0.6597671441
0.639770029
0.6159332779
0.6011362913
0.5936183684
0.5948830729
0.5962318612
0.59352827
0.5849219328
0.5633338852
0.5421122727
0.521200265
0.501996924
0.4812009856
0.4577819352
0.4537371935
0.4770242129
0.5225940708
0.5703140154
0.5775050747
0.5686285797
0.5641006696
0.5534424208
0.5528875755
0.5468689
0.53950997
0.5283803299
0.5215515095
0.5076706995
0.4907281448
0.4681792923
0.4516325457
0.4286320876
0.3906497983
0.2781664681
0.2281328445
0.2112733239
0.1515104223
0.3410219179
