0.9951839701
0.9967329549
0.9950547858
0.9936065723
0.9915590612
0.9895899954
0.9872632556
0.9847807324
0.9826783776
0.9787132611
0.9756864229
0.9718070874
0.9672287858
0.9651715074
0.9619986596
0.9575146863
0.9575946629
0.9551364785
0.9511181819
0.9500896194
0.9482494959
0.9468336108
0.9459474618
0.945566107
0.9456044427
0.9427636223
0.9457149283
0.945556212
0.9477725165
0.9476268999
0.9482529103
0.9490297043
0.9492845254
0.9500459793
0.952220747
0.953089502
0.9530502928
0.9542617908
0.9546788087
0.9542727285
0.9556039648
0.9561067196
0.955058115
0.9555421077
0.9549415899
0.9562569794
0.9548403011
0.9616273706
0.9449570806
0.9444988022
0.9554560066
0.9496234286
0.9504648067
0.9514585061
0.9497409125
0.9484353846
0.9502414001
0.9452588094
0.9454753489
0.9405155602
0.9411697602
0.9367867354
0.9349544726
0.931131722
0.9262130867
0.9220175495
0.9143819796
0.9088778775
0.9003413133
0.8951816991
0.8861797779
0.8795994215
0.8642834205
0.8618555188
0.8536553862
0.8445170457
0.838473868
0.827641317
0.826369533
0.8095648064
0.7943325764
0.7970308382
0.7710666897
0.756658017
0.7530933852
0.7403095001
0.6957307593
0.7212658435
0.6682877304
0.6772162265
0.6467045169
0.6419542225
0.622381472
0.6180288665
0.6126834267
0.6117591405
0.5912147103
0.6105671187
0.5852700265
0.5914787513
0.5856610672
0.567687834
0.5642583674
0.5513149549
0.5528522384
0.5529229216
0.5435306666
0.5398169492
0.5252157866
0.5157140266
0.5081626925
0.4848999777
0.4679107404
0.4558476682
0.4335585536
0.4082201855
0.3856319128
0.3380009813
0.2802598898
0.2358827465
0.4041599224
0.9923070197
0.9977321486
0.9971955296
0.9964941745
0.9955560885
0.9943519165
0.9931902162
0.9917617329
0.9902202112
0.9888533248
0.987230967
0.9855265909
0.98371583
0.9820790767
0.9803709396
0.9793483458
0.9777556193
0.9765941816
0.9757314394
0.9747805283
0.9746097171
0.9738469679
0.9732809754
0.9730371061
0.9725908684
0.9722025963
0.9730012821
0.9733934455
0.9736957534
0.9737689767
0.9737305929
0.9738043224
0.9743075136
0.9743025399
0.9743385049
0.9742700703
0.9750906966
0.9758627535
0.9760898868
0.9756850229
0.9758051364
0.9758683603
0.9762787603
0.9762290436
0.9762197557
0.9764515813
0.9773578742
0.9774224838
0.9728523786
0.9974775781
0.9726872665
0.9751291324
0.9744197096
0.9738893244
0.9729583704
0.9725627982
0.9721547351
0.9714824062
0.9709412248
0.9703500944
0.969268288
0.9677244286
0.9673111881
0.9668357115
0.9659256156
0.9647611494
0.9628809164
0.9615037823
0.9591673704
0.958158926
0.9565486511
0.9529531452
0.9501173764
0.9470697281
0.943595932
0.9416980152
0.9379320215
0.9346031838
0.9305156536
0.9274689553
0.925103881
0.918974377
0.9127417328
0.909137949
0.9003006359
0.885893052
0.8823491124
0.8696272765
0.8437292663
0.841031094
0.8258047368
0.814576557
0.7757962631
0.7424195964
0.7367016237
0.6912849594
0.6657230505
0.6408061916
0.593896127
0.5783918199
0.5308001133
0.5231231133
0.5134869267
0.4733563199
0.4608983039
0.4194251658
0.3949732531
0.3735692374
0.3485211198
0.3307593025
0.3106340471
0.2820940759
0.264504974
0.2336157077
0.2105941031
0.1956219777
0.1778810336
0.1628163367
0.1478134032
0.1663037696
0.3503456927
0.9801624183
0.9940720423
0.9954141076
0.9948805824
0.9937220705
0.9925801004
0.9910955836
0.9896951798
0.9882793474
0.9864485126
0.9851376795
0.9834886848
0.9817671973
0.9797898591
0.9783143293
0.9775998792
0.9760193819
0.9749637917
0.9744337649
0.9729462025
0.9727751089
0.972228371
0.9715033899
0.971167539
0.9702205145
0.9695864369
0.9688455996
0.9686151176
0.9699982512
0.9699756801
0.9702399201
0.970234279
0.9704993222
0.9702829159
0.9704800335
0.969930538
0.9695251215
0.9698020761
0.9704506008
0.9706980308
0.9700747819
0.9701116443
0.9702521773
0.969937402
0.9698272158
0.9690869029
0.9691714883
0.9690732591
0.9682631041
0.9670783956
0.9660237688
0.9662863227
0.9656520296
0.9652050464
0.9648388142
0.9637506561
0.9629065858
0.9624980837
0.9612355696
0.9598593227
0.9589003874
0.9566797061
0.9562461737
0.9558870339
0.9557365502
0.955191999
0.9525492759
0.950529561
0.9473847156
0.945538227
0.943957168
0.9418192255
0.9362463562
0.9321503291
0.9276134584
0.9222404868
0.9154815515
0.9072619639
0.8960603161
0.8870073753
0.8767945761
0.8690668104
0.8536820939
0.8506600656
0.8268727225
0.8206057706
0.7943497231
0.7923298236
0.7522491951
0.7723287476
0.6972051416
0.6843889119
0.646375451
0.6524603229
0.6007429873
0.5593655169
0.5568142046
0.5211551862
0.4650806748
0.4706770188
0.3856649024
0.3868196424
0.2997464717
0.3174459163
0.2903594354
0.2815589179
0.2772064762
0.2530793499
0.2422449271
0.2184450434
0.2073284483
0.1916952695
0.209587122
0.2080186413
0.2070692685
0.1984655063
0.1915340966
0.1709054126
0.1706748407
0.2497321438
0.586973614
0.9139073763
0.9835753752
0.9892098407
0.9908965308
0.9911707777
0.9900526851
0.988325215
0.9867666129
0.9850012516
0.984088443
0.9823135513
0.9803955491
0.9784198701
0.9768093155
0.9752432762
0.9745105529
0.9726277273
0.9724109324
0.9710637548
0.9702524365
0.9703092144
0.9697977464
0.9691783236
0.9683940789
0.9674751886
0.9665988936
0.965809585
0.9653471593
0.9648905773
0.9657833059
0.9652912719
0.965364509
0.9656099985
0.9649929781
0.9645378421
0.9636649423
0.9613085067
0.9608865522
0.9617893063
0.9617813219
0.961051704
0.9603068321
0.9600575878
0.9594697553
0.9585007003
0.9567283343
0.9553417262
0.9551385832
0.9536107247
0.9517220697
0.9470620073
0.9468969409
0.9468729386
0.9456908123
0.9446094814
0.9435491654
0.9387384752
0.9359267511
0.9319544632
0.928667704
0.9247589116
0.9213663443
0.9158225572
0.9116936459
0.9081495107
0.9098298572
0.904034491
0.8945993348
0.8874362007
0.8782518652
0.8720610131
0.8591365576
0.8477408056
0.8378932691
0.8355019414
0.8175358117
0.7965321748
0.7810024117
0.7498981207
0.7275281947
0.6913324837
0.6415271588
0.6529882802
0.60380059
0.598849324
0.6064004579
0.6054968482
0.5704119442
0.5609857771
0.5469846291
0.5237103574
0.5844599057
0.5295614598
0.4943998377
0.4854262318
0.5016392316
0.4787987982
0.426205056
0.4549781369
0.3901477653
0.3905051099
0.3775618784
0.3585275306
0.343886094
0.28824337
0.2944830977
0.2688047327
0.274971388
0.2435643841
0.2555313128
0.243738805
0.2315187955
0.2342881501
0.1949029757
0.2264727706
0.2206444877
0.2102550959
0.1975699423
0.2165472355
0.3307703688
0.5877284457
0.3161909869
0.5820087051
0.8933279798
0.9665627011
0.9795817918
0.9842864482
0.9846403827
0.9832677733
0.9822261606
0.9804905814
0.9753459409
0.9769774304
0.9768614632
0.9753882384
0.9717769578
0.9711656332
0.9719188487
0.9707356356
0.9685327822
0.9671470605
0.9664664105
0.9671286631
0.9663189803
0.965778395
0.9639223635
0.9629136135
0.9601008926
0.9583627951
0.9602232466
0.9583451454
0.9588706204
0.9565502988
0.9551349339
0.952631185
0.9516372512
0.9473891255
0.943753384
0.9449173067
0.9380932577
0.9376104566
0.9331532177
0.9316962638
0.9276603729
0.9215881966
0.9185281782
0.9122835504
0.9020025554
0.8943165667
0.8875380225
0.8818084495
0.8653504984
0.8492156847
0.8477072911
0.827788071
0.8218281134
0.8039252984
0.7913438737
0.8027498386
0.7796561896
0.7692470012
0.7569906559
0.7217449638
0.7098513738
0.6920751064
0.6721893451
0.640627444
0.6120259798
0.6305051269
0.6209085497
0.6188861555
0.6152518684
0.6008448581
0.5997760648
0.6057785155
0.574124395
0.5975046172
0.6079696538
0.6170833967
0.6149413716
0.6480379716
0.5967646172
0.6447924727
0.565277553
0.5449659613
0.5459915349
0.4970683243
0.4610917937
0.5179574664
0.5135629108
0.5080790637
0.4684290225
0.4978828901
0.4829879208
0.5152976577
0.4734600319
0.4982692203
0.4579930357
0.4497561562
0.4718333051
0.4543474816
0.4313604677
0.4187500276
0.3888925125
0.3748904736
0.3480464749
0.3460358019
0.3081582248
0.3116743459
0.3207260375
0.2961566863
0.2778061003
0.2678437684
0.2560751039
0.2414712935
0.2417785114
0.212749026
0.2137408575
0.2036712931
0.2789751746
0.3965106056
0.5870816482
0.1494552313
0.02591537661
0.03541544811
0.1983139022
0.4841688617
0.7277750413
0.8893741859
0.9505073122
0.9891749397
0.9770092572
0.9883304872
0.9913569634
0.98252985
0.9832929736
0.9808410942
0.9828365977
0.9718764618
0.9727930923
0.969571545
0.9662448725
0.9684433284
0.9645347333
0.964285648
0.9615678164
0.9580294895
0.9540659961
0.9457888871
0.9434500391
0.927720884
0.9258224858
0.9203962597
0.9023378697
0.8919341201
0.8769756012
0.8507545005
0.8345044786
0.8112008287
0.7907691003
0.7668717231
0.7268423677
0.6998791956
0.6845967943
0.6474990688
0.645861695
0.6187778133
0.5905187324
0.5892802477
0.6045924284
0.5464821087
0.5454532163
0.5221051046
0.5075554244
0.4935695626
0.4701098417
0.4505265761
0.4541519548
0.4246343772
0.4475747236
0.4252834391
0.4672537089
0.4572916565
0.5076881877
0.4910665356
0.5020483354
0.4956254108
0.5111897444
0.4896917461
0.4672749594
0.4596580554
0.4618938196
0.4677455764
0.4856620833
0.5021986623
0.4834029342
0.5071644444
0.4929444215
0.4863679078
0.4982175424
0.5160080704
0.5158723933
0.5335808145
0.5535259766
0.5661523111
0.599092934
0.5550929928
0.5563469558
0.5846108766
0.5024425542
0.5102089838
0.5380014116
0.5469928149
0.5246580163
0.5020377236
0.5254941593
0.5264550828
0.5227842124
0.4972121543
0.5166003383
0.4740113922
0.4625541358
0.4586463838
0.4526616483
0.4413706297
0.4451572309
0.4196394062
0.4038456184
0.3684979941
0.3624283289
0.2938883159
0.3120796033
0.296562566
0.2974269241
0.2751077345
0.2693282792
0.2589255267
0.2299909841
0.2204842714
0.2555464673
0.3303084192
0.4686063716
0.5683678668
0.1441614572
0.04117348984
0.04896475064
0.05254026752
0.1224188824
0.2990477871
0.3821626449
0.3702587248
0.4827671168
0.5903681968
0.607243463
0.6263923363
0.744636527
0.7903687158
0.8166976241
0.8407370052
0.8180892604
0.8270380458
0.8224345859
0.8257799846
0.8014338824
0.7867881876
0.7625063521
0.7479161273
0.7093528412
0.7005729351
0.6891126159
0.6283838448
0.6927826475
0.662092838
0.6127956478
0.634817996
0.6438496521
0.5831578117
0.5989164132
0.5690521111
0.547109141
0.5134668719
0.5170670339
0.4962583411
0.4878077153
0.4519695386
0.4327494741
0.4141437427
0.4143610535
0.4002287347
0.4102890121
0.3883528091
0.4185399311
0.4331837496
0.4012561596
0.4566281395
0.4125011693
0.4025861372
0.4050669017
0.3924897804
0.3874075281
0.3768527688
0.3353987934
0.3425187523
0.3439269929
0.3180138364
0.376506227
0.4044417238
0.4026741487
0.4220951618
0.4308651127
0.4629076409
0.4673262382
0.4552586959
0.4477194541
0.4313491256
0.4162727723
0.435948349
0.4627542843
0.4613905247
0.4746653377
0.467170651
0.478746352
0.4812419853
0.5152450302
0.5186104932
0.5124259556
0.5346256196
0.5560234301
0.5552194112
0.5459478074
0.5716911721
0.4903448893
0.4782446691
0.4746021981
0.518214378
0.510802838
0.5101150651
0.5112216751
0.5048005919
0.520482099
0.4948755018
0.4640383228
0.4691645351
0.4612659821
0.433992324
0.4281507985
0.4264543432
0.4046832984
0.4198611107
0.3701445535
0.3873090702
0.3511615113
0.3559088531
0.3159085682
0.3156135684
0.2966967985
0.2886858986
0.2621634945
0.2539840443
0.2645877623
0.2806282119
0.4050656979
0.4793426213
0.5587057857
0.1473730657
0.05437952362
0.05737438346
0.05333713282
0.06751354705
0.1406134784
0.31388111
0.4300710793
0.4281950583
0.4546416189
0.4682576957
0.5046254663
0.5032606498
0.5617071886
0.5918132609
0.6096026038
0.617035028
0.6171500698
0.601608166
0.5773980858
0.5782301502
0.5824090374
0.5593403069
0.5458636107
0.5672611468
0.5448683149
0.4988893557
0.5283712379
0.4705404411
0.4454334491
0.5076369577
0.476452271
0.4609295435
0.4855160939
0.4923294788
0.488296858
0.4998844202
0.4937976498
0.4883537468
0.4645113106
0.4734824067
0.4786449233
0.4612908975
0.4581378506
0.434592304
0.4291041502
0.4090650828
0.4154288159
0.3902053014
0.3894783579
0.4221793242
0.4078055347
0.4305652747
0.4403528203
0.4293365794
0.426071847
0.4334601459
0.4261440749
0.4332629321
0.4145616643
0.4044928765
0.4081012414
0.3627281278
0.3534307197
0.3781480029
0.3671192748
0.3662662367
0.3587160613
0.4028186852
0.4446567188
0.4372617033
0.4499224716
0.4429165576
0.4305124703
0.4278415786
0.422797914
0.4609294895
0.4472236417
0.4659697855
0.4455315533
0.4635265775
0.4588191636
0.490618353
0.5136977156
0.4872795502
0.5177242737
0.5237248204
0.5078199815
0.6330926035
0.5794031067
0.5250352662
0.4961922887
0.4718848185
0.4989326077
0.5059281963
0.5154048936
0.4915537533
0.5042034771
0.5513358836
0.4881830441
0.493720152
0.479744915
0.4482531484
0.4507196284
0.4426438772
0.4296915906
0.4329331076
0.3915004867
0.380002861
0.3690638079
0.3211655889
0.3345798442
0.3007883057
0.3075542072
0.2835368118
0.2784174713
0.2877379735
0.3550086967
0.456720979
0.5142901996
0.5313101156
0.1469029084
0.05872186787
0.05864313215
0.05434922946
0.05369447368
0.07047553662
0.1324601395
0.2846121097
0.3757965106
0.4129072314
0.4418391306
0.47442318
0.4740834696
0.467197008
0.5364788829
0.5465742168
0.5534590728
0.6055405299
0.581633708
0.5875015592
0.5747462628
0.570402149
0.5522704011
0.533598546
0.5048374428
0.5058035397
0.5531015013
0.5090946014
0.5040760928
0.4583447005
0.4463965461
0.4763686819
0.4870907526
0.4529070841
0.4838248615
0.4840122291
0.4908300427
0.4882654032
0.5012672184
0.4886504724
0.5208133389
0.4826338248
0.4886595718
0.4889765083
0.4898223136
0.4832977644
0.484987764
0.4623541851
0.4774861422
0.4540243404
0.434309995
0.4387627863
0.4144637723
0.4240836515
0.4479339749
0.4338191067
0.4435878499
0.4454792775
0.4334842294
0.4355043365
0.4119575151
0.407110945
0.4339621726
0.4141423999
0.3872373424
0.384127801
0.395811345
0.3871851821
0.375383454
0.3407452693
0.4057529931
0.4113280524
0.4329351195
0.4188627253
0.4142765647
0.3989630845
0.3935060799
0.396863771
0.4372748074
0.4406752312
0.4735455947
0.4221346008
0.4556966989
0.4143244189
0.4685865238
0.4834865088
0.4707354717
0.4806178987
0.4339881869
0.4666905654
0.5269738435
0.5572962679
0.4801829127
0.4565894507
0.450368704
0.4726798521
0.5187224082
0.5133658619
0.4344408229
0.5089229264
0.5150481242
0.4531773656
0.4866929622
0.4401753695
0.4324128824
0.419563745
0.4237014705
0.435099279
0.4036417026
0.3886809962
0.375906033
0.3526601359
0.3313147527
0.3127361434
0.2819261512
0.3136838468
0.3419146166
0.409618641
0.5019540814
0.4957162936
0.4979552952
0.1480240378
0.05868455012
0.06147088382
0.06077848096
0.05508147271
0.05950936686
0.07972443332
0.1495514901
0.2850925755
0.3724428972
0.3614653212
0.4246890703
0.4088713447
0.4269023959
0.4413573075
0.515513272
0.5055857397
0.5525831284
0.5464654735
0.5567059263
0.5745102752
0.5693962154
0.5701292597
0.5676364859
0.5491076766
0.510536327
0.4921534501
0.5353745168
0.51660231
0.5341079671
0.5123551653
0.4463037908
0.4883973654
0.4741968987
0.475386624
0.4872196825
0.476181757
0.4874413239
0.4870980633
0.4774147638
0.4837477476
0.48630467
0.4830740457
0.4768820071
0.4666514655
0.4700813941
0.4617886779
0.4603992141
0.4420380225
0.4616600693
0.465285441
0.4518097761
0.4534830715
0.4205441456
0.4111706171
0.4149062976
0.4298751806
0.4162298852
0.4454427908
0.4499330235
0.445429876
0.4308811088
0.395800504
0.4167954671
0.4163991541
0.4165811495
0.3977952293
0.3919208771
0.3883567047
0.3877266652
0.3437144445
0.3596040928
0.383367194
0.4020756257
0.4103007945
0.4084093143
0.4007892868
0.3864454992
0.3847330227
0.3418735802
0.4060553216
0.4220531483
0.4415684913
0.4247594477
0.4263147607
0.4181138225
0.4448168706
0.4871678867
0.4543033801
0.4593468892
0.485370784
0.4777355276
0.4884463133
0.6129140836
0.4738758469
0.4663438265
0.4079869876
0.4697646216
0.5306053715
0.4749285348
0.4674027107
0.5279364357
0.4932552769
0.4783817837
0.4773891
0.442313905
0.4339844688
0.4034843267
0.4256494567
0.3945154498
0.3922433325
0.3553074534
0.3295575678
0.3384242011
0.3123756333
0.3456210816
0.3941291584
0.4543974618
0.5258821191
0.48743326
0.4847221654
0.1480685901
0.06087019529
0.06383340465
0.06414292948
0.0621341216
0.06324049935
0.07098411029
0.09139003809
0.1395528694
0.3038224346
0.3474861139
0.3880500295
0.3932872751
0.4238185231
0.3994980115
0.4013123883
0.4458445981
0.473239945
0.4986315572
0.5309187955
0.4989645246
0.5219607223
0.531802188
0.5469009793
0.5540758575
0.5506399027
0.5513661597
0.5211894896
0.5032694661
0.5190511001
0.5048474451
0.5157370024
0.4799918639
0.5000535173
0.5069696718
0.4232650875
0.5018787357
0.4729254342
0.4972055364
0.4849653248
0.4855488678
0.4643797588
0.5055646589
0.4542972051
0.4676955444
0.4677658777
0.4694281622
0.4643547051
0.4554352106
0.4365248798
0.4492007285
0.4365222493
0.4534528548
0.4506956035
0.4534006533
0.4066409502
0.4159980044
0.4334578477
0.4137032024
0.4138445937
0.4379036311
0.4432428316
0.427584238
0.3837790184
0.3841992648
0.4072475343
0.4183923419
0.4314025324
0.4065851558
0.3976691318
0.3933271022
0.3496470892
0.3549904597
0.3652486547
0.3928134562
0.3976501699
0.4163009365
0.3909016477
0.3671737553
0.4090464196
0.3413634704
0.3591607867
0.3848478299
0.3759538078
0.4141907277
0.3897264161
0.3901249058
0.3928912609
0.4464152746
0.4731697216
0.4006191237
0.445120509
0.4441741079
0.4299703238
0.4639138799
0.5567974318
0.5171399603
0.4622365836
0.4313158541
0.5304593161
0.4584084246
0.4740031576
0.4851721054
0.5041120903
0.4722726877
0.4808800623
0.4554505532
0.4366230629
0.4217731299
0.4039347981
0.3978388608
0.3937971179
0.3644285252
0.3357990175
0.3664541378
0.3901629817
0.434743138
0.4870810128
0.5405877217
0.4603258199
0.4671860046
0.1464193123
0.06264559008
0.06505517885
0.0642510184
0.06452516502
0.06593061001
0.07119302893
0.08626532035
0.09980019828
0.1613329384
0.2889144129
0.3346731742
0.3526204012
0.4069939457
0.3982824214
0.3888374211
0.389474758
0.431820221
0.4341254507
0.4814949052
0.4968184476
0.4878455055
0.4880406302
0.5015771478
0.5249102301
0.5343227394
0.5199910081
0.4906869527
0.5153779312
0.521640104
0.5002977265
0.4824126424
0.5017915567
0.4123730317
0.4895144658
0.5304335295
0.4619431319
0.4597995765
0.4669636289
0.4630475605
0.4878176768
0.4657399884
0.4519759436
0.4808379556
0.4644698142
0.4404953231
0.4333437344
0.4586783946
0.4595756052
0.4639604078
0.4324880184
0.4439651088
0.435585713
0.4468078337
0.4635361508
0.4467848901
0.4415501896
0.3828935855
0.4259144982
0.4128681303
0.440840469
0.4473608455
0.4560249114
0.4837810331
0.4306292225
0.3906038425
0.3926826051
0.4035825476
0.4123070849
0.4085794376
0.3860071899
0.3968875165
0.3825328065
0.3297970468
0.3404175125
0.3612272983
0.3816108555
0.401502893
0.4260641177
0.3434098736
0.3917195294
0.3637624707
0.3524413742
0.3703262317
0.3944788962
0.3588225865
0.4027105222
0.3811030997
0.3550743387
0.4102081418
0.4339461719
0.4201247352
0.4388489724
0.4495223318
0.433607011
0.4383794339
0.4366616393
0.4906392314
0.4763968033
0.4311332601
0.4608662545
0.520560386
0.4388269603
0.4793828841
0.4997331569
0.5034637041
0.4624906842
0.4632233229
0.4378141677
0.4054602298
0.4070897287
0.3411664448
0.3934108209
0.3899605358
0.4000768959
0.4467643881
0.4864069668
0.5077022426
0.5320160285
0.4497783633
0.4582184087
0.1484464267
0.06382624489
0.06679880606
0.06539668079
0.06593306932
0.06735884462
0.07061363152
0.07637616599
0.0885536208
0.1108128277
0.1777791834
0.3018715037
0.3280555892
0.3499488154
0.3902195295
0.3930949708
0.3702146463
0.3711979681
0.4172016717
0.4322196798
0.4413919716
0.465375525
0.4736037233
0.4906151254
0.4962673822
0.5077251069
0.5269259532
0.5416556407
0.5011872476
0.4942395885
0.5113700834
0.5699286448
0.502205722
0.5098166538
0.4639566634
0.4578927652
0.5006425746
0.4757855948
0.4707382156
0.4611627356
0.4694345815
0.4894759919
0.4764222552
0.4495925773
0.4775829895
0.4717829828
0.4697662264
0.4249819443
0.4487582046
0.4584593037
0.4655509597
0.4165802212
0.4326943161
0.4167650311
0.437514763
0.4354889696
0.5044252044
0.4484575502
0.4314739534
0.4239200866
0.3911655321
0.3490919209
0.4235146576
0.4249986621
0.4548778455
0.4429015244
0.4291671808
0.3972644634
0.4080113457
0.4133648114
0.4172462908
0.4011348699
0.4034761492
0.4049930608
0.386841048
0.3578246489
0.3672235203
0.3308511329
0.3813134958
0.4042508017
0.3783732675
0.3718411363
0.3674046651
0.3804834661
0.3166725873
0.3679481979
0.354436042
0.3597477039
0.3723852536
0.3594424678
0.3878489786
0.4207959821
0.3947951782
0.4107672492
0.4352302044
0.4356455291
0.4366285577
0.4543798438
0.4333772237
0.4644564958
0.4673092549
0.4412318563
0.4782127789
0.5206003761
0.4486402717
0.5021419019
0.4949339739
0.4909846555
0.4577313383
0.4377010091
0.4093283842
0.4114959284
0.3928069847
0.3982354524
0.4363535533
0.4843245637
0.4940514611
0.5170189945
0.5238093731
0.4310792612
0.4466670191
0.1485327334
0.06442858698
0.06831067699
0.06636647665
0.06627779803
0.06667902223
0.06934525229
0.07352960158
0.0875632829
0.09849550474
0.1182994989
0.1894649036
0.3082420794
0.3074911515
0.358340483
0.3768610248
0.3773377337
0.3729019703
0.3709723681
0.400912732
0.4172746285
0.4649526235
0.4474451014
0.4559296586
0.4747471095
0.4941634267
0.4973076234
0.5029159242
0.5241363095
0.5045291342
0.4634977245
0.505710836
0.4927648662
0.574615014
0.5019657121
0.4162690923
0.4739664097
0.4805004435
0.477101477
0.4649612648
0.4636250678
0.4381873155
0.477434655
0.4504399985
0.4404745527
0.4541838832
0.4550168685
0.4591451669
0.442777875
0.4098294432
0.4500220111
0.4670492771
0.4572560832
0.4333388847
0.4290669003
0.4321700582
0.4211920359
0.4265165734
0.4908572057
0.4164197193
0.448162014
0.4540575698
0.4298397613
0.4178839213
0.423662967
0.4526826529
0.4470891669
0.4154599441
0.412432624
0.4015468896
0.3843888535
0.4113076837
0.3983541341
0.3917850493
0.389835074
0.3741061783
0.3642289943
0.3676187975
0.3612219585
0.3617491369
0.3966424158
0.3751315189
0.3789188001
0.3366070833
0.3749016978
0.3631210812
0.3489037802
0.3490484456
0.3542788279
0.3595599304
0.3032418954
0.3659955617
0.3616720154
0.399341467
0.4381698731
0.3927369952
0.4239038362
0.4454330887
0.4372811836
0.4399725316
0.4375754458
0.4336003837
0.4394916137
0.441534442
0.47859741
0.467350576
0.4915473888
0.4953698078
0.4696128164
0.4611540066
0.4224026104
0.4213845429
0.4275417058
0.4362260987
0.4991922881
0.5145737403
0.53597864
0.5130786441
0.5226106226
0.4114613195
0.4422905064
0.1485773389
0.06537160776
0.06960188493
0.0679883909
0.06782623968
0.06733805721
0.06827673189
0.07161467398
0.07846588955
0.08635725084
0.1107394349
0.1308765852
0.2066216706
0.310345123
0.2914890944
0.3399883614
0.3611910409
0.3549492129
0.3703994209
0.3729193618
0.4003116617
0.4202845918
0.4270892444
0.5029415737
0.4499585674
0.4733628653
0.4789919441
0.5138420549
0.4939644077
0.5263564888
0.5278680371
0.5020769617
0.4767400395
0.5129596317
0.5140044615
0.5437281279
0.4741832022
0.4529708709
0.4837229434
0.4752249113
0.4595301839
0.459131843
0.4618624368
0.4832917695
0.4631345668
0.4481451138
0.4556295394
0.4559408814
0.4623520728
0.4519966718
0.4348730345
0.4279509773
0.4363967029
0.4576833369
0.4384415824
0.4228482532
0.444542665
0.4394268866
0.4481673502
0.4432036073
0.4542660164
0.4216361261
0.4292372422
0.4097306186
0.4164940061
0.4112488235
0.4346177659
0.4360623464
0.4302704318
0.4053506308
0.4267295519
0.4091748248
0.4078777859
0.4028040969
0.4125547243
0.3931328887
0.3805453232
0.3653569998
0.3811909966
0.3533050962
0.3629414364
0.3647619033
0.3834709624
0.3781226455
0.3581641738
0.3570497289
0.3444058269
0.3548300666
0.3401622582
0.3416475095
0.3583937373
0.3446687808
0.3502903215
0.3746141533
0.278884331
0.4050975439
0.4022388175
0.3844189152
0.428715478
0.4349616118
0.4280112838
0.4307676645
0.4556600738
0.451438709
0.441371714
0.503851477
0.4680415755
0.4791511741
0.4880030187
0.4968468475
0.4599773736
0.4580374258
0.478556319
0.4971008983
0.4975683689
0.5202544151
0.4847883094
0.5176747415
0.4855230998
0.4132368993
0.4290019813
0.1544249289
0.065408443
0.07119125288
0.06951106386
0.06944411817
0.06882184365
0.0692658762
0.07155996284
0.07532714584
0.08595564109
0.08901249206
0.1241996319
0.1211027182
0.2383712007
0.2678450447
0.3059693502
0.3460606867
0.3694506425
0.3365187739
0.3727609275
0.38154961
0.4067369006
0.4353394639
0.4146294613
0.4554821982
0.4676781708
0.4806060348
0.4853376915
0.4914752221
0.4765364586
0.5031192452
0.5026780599
0.5107790829
0.5060848602
0.4979324464
0.5472230326
0.4794266966
0.4791745682
0.4554936796
0.4735275065
0.465536573
0.4565420773
0.4659372206
0.4085976153
0.4800475645
0.454529056
0.433443054
0.4532515096
0.447152032
0.4387835333
0.4377136768
0.435212598
0.4411277356
0.4411458409
0.4312487747
0.4722824202
0.4264457164
0.4326847757
0.4397508737
0.4341892378
0.437732091
0.461338682
0.4466089372
0.4438046295
0.4518098635
0.4195114293
0.4104855755
0.4254302278
0.4294776297
0.4250256623
0.4151440951
0.4107327786
0.4044071574
0.3941017915
0.4006881204
0.3981871846
0.3945916844
0.3948584086
0.3659581614
0.3638277216
0.3704335187
0.3671600173
0.3724646932
0.3393577722
0.3840449249
0.3382565063
0.3653180283
0.3437097433
0.3633823167
0.3333991535
0.3262923732
0.3316109229
0.3041632006
0.3697903972
0.3592557728
0.3405604763
0.3473040076
0.3740892513
0.3778956767
0.4275467441
0.4452101612
0.4359198143
0.4202425853
0.45051577
0.4654281381
0.4367176765
0.4635727314
0.47340559
0.472297549
0.4867565781
0.4897179842
0.4896363093
0.5076098753
0.5317959916
0.5225999011
0.519938958
0.5752844361
0.512529964
0.4799598919
0.3924956739
0.4190724186
0.1509416447
0.06599784253
0.0721017987
0.06978932275
0.07035716602
0.07005175079
0.07029028668
0.07105829136
0.07306340622
0.07988368496
0.08465522559
0.1006121981
0.1295350264
0.1474390391
0.2354724489
0.2873181847
0.2280067772
0.351468949
0.3541826305
0.3680162727
0.3692315478
0.397325396
0.3956964557
0.451272806
0.4624562442
0.4684747213
0.4790624717
0.4513056441
0.513656654
0.4952350995
0.5139619755
0.513499398
0.5153507433
0.511209174
0.4370096056
0.4941335755
0.5604743614
0.4985263295
0.4876073824
0.4499849522
0.4717959502
0.4566201547
0.4533730097
0.4575591305
0.4455988087
0.4910073017
0.4518138439
0.4553605156
0.4586725183
0.4504559512
0.4642211852
0.429730314
0.4369158555
0.443593834
0.4492927149
0.436010453
0.4330109023
0.4407150192
0.434504146
0.4406001667
0.4668174679
0.44000628
0.4341143335
0.4463145765
0.4264497745
0.4413990167
0.428595665
0.4201957739
0.4173675907
0.4299996277
0.4248420663
0.4159538638
0.4171286615
0.417613545
0.3816306888
0.3894064474
0.3975958837
0.3961042314
0.3934406904
0.3782187365
0.3690898516
0.3661337429
0.3631976711
0.3766640493
0.3519082979
0.3653865907
0.3569447533
0.33173584
0.3348131642
0.337103118
0.3503641037
0.3257112432
0.3460569104
0.243887312
0.3383809727
0.3498398137
0.3373718912
0.3525443692
0.3513838485
0.3228355006
0.3611148487
0.4160586148
0.4401530399
0.4097900072
0.4509563658
0.4493180462
0.4741132026
0.4477756707
0.5160294234
0.4826651991
0.5254145076
0.5628727082
0.5234408668
0.5067454697
0.5403576585
0.5477450098
0.5197680464
0.4440649985
0.4715764373
0.3818892291
0.4131934303
0.149178953
0.06591632136
0.0723838183
0.07056018055
0.07070516615
0.07104251187
0.07133251331
0.0715623452
0.07274208316
0.07653143165
0.08292653225
0.09070258403
0.1095568212
0.1239216183
0.1597186797
0.2336862247
0.2871367536
0.2813530699
0.3226706172
0.3595840623
0.3735746722
0.386158104
0.4026541634
0.4213167003
0.4116876608
0.4536656156
0.4669657425
0.483220558
0.4986491986
0.4735962913
0.5037844668
0.4591853674
0.5155998079
0.5034492254
0.5678834678
0.5006169621
0.4828909001
0.5034078141
0.4804248349
0.4685082712
0.450581373
0.461194184
0.4591214577
0.4468363608
0.4749944851
0.3990691191
0.4812392777
0.4684243049
0.3762073535
0.4701404057
0.4211464082
0.4686435468
0.4492390564
0.444457152
0.4362365462
0.4536102003
0.4384484622
0.4521729838
0.4397081964
0.4357650511
0.4411515804
0.4568424761
0.4441968542
0.4416127311
0.4445865107
0.4398240008
0.436287607
0.4195072431
0.4114433185
0.4100156037
0.4200791625
0.4143211383
0.4058995078
0.4032006642
0.4126698089
0.4073611445
0.3817850522
0.39755141
0.3969929788
0.385255242
0.3806125171
0.3570978538
0.3644447944
0.3585621171
0.3544179468
0.3394421786
0.3536514328
0.3551710484
0.3594112055
0.3109510225
0.3365457269
0.3381007783
0.3287320869
0.33960608
0.2999827513
0.2953385463
0.3021287526
0.3272640492
0.3434339447
0.3579566265
0.3695373543
0.3619478322
0.4357298071
0.4249430349
0.4325262003
0.4425804142
0.4783084621
0.4797742535
0.5331801985
0.5223184206
0.5331078756
0.5491526391
0.5303181822
0.5426071216
0.5979018751
0.5375122981
0.493314411
0.484739444
0.4694341165
0.37516305
0.426302439
0.1551483008
0.06609246059
0.07277960926
0.07112625856
0.07133623681
0.07114677185
0.07385789046
0.0720372739
0.07239172782
0.07319587397
0.07801312599
0.08519174817
0.09257527166
0.1204163705
0.1362514025
0.1675992417
0.2418614093
0.2706967419
0.3020671718
0.3482644994
0.3538237446
0.3935776711
0.3981211699
0.4225340514
0.4472995872
0.4487478318
0.4645834356
0.4842750134
0.4955166682
0.4857600288
0.5270897626
0.4988694191
0.5197929281
0.4750734868
0.5064772208
0.5004322898
0.4780919433
0.4967078514
0.5031157393
0.4806237504
0.4798262123
0.4595437456
0.4683699194
0.4544204999
0.4531908663
0.4616175424
0.4359859735
0.4596410603
0.4659787358
0.4616342399
0.4543478552
0.450892238
0.4404440121
0.446835883
0.4376447899
0.4359452304
0.4380453471
0.4380295479
0.445836491
0.4557949135
0.4545455877
0.4148289061
0.456405605
0.4452915946
0.4423072293
0.4265520316
0.4276150782
0.4336291588
0.4349482435
0.4289141635
0.4222989423
0.4176637655
0.4089883584
0.4040179248
0.4115477088
0.4106440301
0.404080488
0.3931380738
0.3908436188
0.392759598
0.3907400558
0.382444022
0.3639490143
0.3554641453
0.3615929973
0.3655501663
0.3562042258
0.3222453519
0.3513790766
0.3295027751
0.3502919176
0.2848956803
0.3245723274
0.3053027486
0.3310985457
0.3028326105
0.3209758427
0.2934433453
0.3230784625
0.3156865602
0.3201867257
0.3573450666
0.282582532
0.407084934
0.4223294027
0.4189392642
0.4765509964
0.4873311285
0.5186778648
0.5063182959
0.5925052087
0.5245314081
0.5978533266
0.6305576655
0.4988208122
0.5097503526
0.4975798594
0.4442308394
0.4592407255
0.3709019144
0.4147825963
0.1561513418
0.06615743079
0.07282667746
0.07109187989
0.07171987552
0.07164279173
0.07169820297
0.07244540416
0.07264875087
0.07387133346
0.07518866216
0.08258950752
0.09345063405
0.1045925288
0.1296320341
0.1463207941
0.2037640638
0.2532268914
0.304594379
0.3080389825
0.3646232978
0.3816207814
0.4037780431
0.4103003432
0.4385831594
0.4450892775
0.4550808022
0.4788814901
0.482402035
0.49225928
0.4754751176
0.4958952462
0.5095121491
0.507611842
0.5129172856
0.527113257
0.5117528491
0.4817746263
0.4856932584
0.4847561734
0.4711167869
0.4586303802
0.4532750022
0.4760325488
0.4363660266
0.4545924077
0.4564461001
0.4293780552
0.4499629545
0.4464767938
0.4190597031
0.4607890045
0.4529643325
0.4458748541
0.4411053465
0.4438425954
0.4500595752
0.4548149782
0.4550509529
0.4464836303
0.452013695
0.4272781761
0.4512705517
0.4506409347
0.4510156724
0.4384287301
0.4339627808
0.4270472
0.4324632675
0.412956771
0.3886391507
0.426901192
0.4107394275
0.4139832669
0.4006508483
0.4127157631
0.3957731663
0.405631445
0.3892386413
0.3886355087
0.3777790758
0.3829935569
0.3759365058
0.3666107288
0.3557320002
0.3488870328
0.3357036299
0.351242646
0.3284707944
0.3380868887
0.3230948179
0.3251305422
0.3285828146
0.306218819
0.3063343281
0.2780482706
0.3137865958
0.2899385449
0.2924959434
0.2981853278
0.3487241783
0.3247854529
0.3830478387
0.369806785
0.3925597101
0.4930502998
0.4515037959
0.4888418629
0.5657943713
0.5252587318
0.6328686763
0.5700459501
0.5983769112
0.5402416658
0.5481602775
0.5132897483
0.5090200456
0.4571167463
0.4542237917
0.361213736
0.4163582947
0.1501479489
0.06613677355
0.07453971478
0.07276277949
0.07127754367
0.07159431289
0.07192736003
0.0718888223
0.0742344477
0.07350622254
0.07531078347
0.07763658502
0.08717382705
0.1024893354
0.1239134544
0.1583107795
0.1874284869
0.2414927816
0.2921840079
0.3124676313
0.3430087605
0.3650659581
0.3995038647
0.4189828155
0.4442711049
0.4542685409
0.4852945594
0.4581696008
0.4843581028
0.4824831647
0.5470137272
0.5156735149
0.5275813818
0.5038091092
0.5249407611
0.4462731124
0.5037096205
0.501084657
0.4791932319
0.491255931
0.4675177767
0.4743850104
0.4680852913
0.4651610162
0.4609692618
0.4615951695
0.4371295124
0.4466125064
0.4446178981
0.4835095983
0.4451621243
0.4715828436
0.4192281929
0.4690103865
0.440911606
0.4535839484
0.4468559101
0.4353405949
0.4588935936
0.4396591833
0.448427981
0.4581640491
0.4432776838
0.4198129562
0.4354575473
0.4240812516
0.4335594494
0.4216711709
0.4174897822
0.4332305271
0.4284395613
0.4117513493
0.4091844384
0.4173950775
0.3896960085
0.4026225181
0.3988770009
0.4013290188
0.3916045337
0.3891181224
0.3947603668
0.3871971534
0.3699909082
0.3752046858
0.34620692
0.3511258011
0.3461478655
0.3497834504
0.3350544951
0.3357933291
0.323112685
0.313133093
0.2990886826
0.3149360041
0.3260858023
0.3194540848
0.2796826738
0.3257880928
0.3081708401
0.3145428013
0.3015164184
0.288247964
0.3652846945
0.3558472571
0.3962497808
0.4062008096
0.4746582645
0.5013064556
0.5080879734
0.553850876
0.5802914449
0.566695272
0.5704771073
0.5505189276
0.5639703787
0.5407922079
0.4673400395
0.444417713
0.4441632726
0.3716032275
0.417979105
0.1509102846
0.06617638607
0.07454798913
0.07076524756
0.0714701956
0.0713740161
0.07144231351
0.07169986077
0.0717410416
0.07576733962
0.0761674601
0.08129879873
0.09421156498
0.1125641473
0.1300604002
0.1657247159
0.2159461791
0.2316534849
0.2620832208
0.3113323149
0.3342884134
0.3693106547
0.3936598066
0.41899202
0.4343179062
0.4539253839
0.4652242348
0.4734753534
0.4938343854
0.5014552809
0.4757164234
0.4983388334
0.4993752051
0.4866396321
0.5128446243
0.5170295507
0.4975227028
0.492942044
0.496945491
0.4694406593
0.4967819003
0.4685036517
0.4803332115
0.4331973328
0.4553914064
0.4466332545
0.4491755215
0.4542783973
0.4647153899
0.4359766172
0.4456494756
0.4416663351
0.4536099142
0.4580174283
0.4515597378
0.4488440526
0.4364057812
0.4707737385
0.4288849971
0.4799478078
0.4375172312
0.4418994073
0.4459736544
0.4298956517
0.4197010207
0.4487762396
0.4268050783
0.4247541119
0.4284524918
0.4002052683
0.4253361437
0.4086498498
0.3952741352
0.4086243799
0.4130465302
0.4090840355
0.4108170533
0.3977527113
0.3944474975
0.4004612598
0.384802397
0.3850547311
0.3774021111
0.3765668793
0.3711145806
0.3605167423
0.342507057
0.3391491924
0.3359640069
0.3150705853
0.2946335538
0.3401533837
0.3180626466
0.3267514857
0.2966756245
0.2874895336
0.3119723032
0.2617996988
0.3027012906
0.3046358336
0.3172035366
0.3623656315
0.3694362115
0.3621054428
0.4211864422
0.4348079783
0.4681892444
0.5145281106
0.5116304143
0.6011841549
0.5681266019
0.5746844249
0.6773491316
0.5130101666
0.5582996281
0.5010160819
0.4989698337
0.444927982
0.4465930574
0.3620002382
0.4170593064
0.1496755206
0.06578149086
0.07208746007
0.07034090032
0.0708269558
0.07094536374
0.07273024949
0.07177922228
0.07231577323
0.07399525034
0.07809003491
0.08415446945
0.09066983482
0.119240239
0.1477130412
0.2066235127
0.2082399761
0.255107512
0.2714727679
0.3022791392
0.3566491599
0.3485813787
0.4025202499
0.426440774
0.4522691423
0.4524708864
0.48060759
0.4816960119
0.4819006313
0.4970133814
0.5067932443
0.5292891013
0.5091131749
0.54217384
0.4842322674
0.49633552
0.4922995179
0.482467406
0.4856802673
0.4899381673
0.4694046738
0.4747311539
0.456005141
0.4548186908
0.461871063
0.4500266026
0.4561763527
0.4528204247
0.4636665383
0.4432611786
0.4584187411
0.4458286434
0.450155691
0.4537338087
0.4472812779
0.4478168201
0.4538170671
0.4490837354
0.4521204236
0.4412296888
0.448668009
0.4375791931
0.4449196622
0.4267198698
0.4429812979
0.4043293089
0.4232024149
0.4180104373
0.4082286984
0.4248079765
0.3972568834
0.4160849608
0.4153684719
0.405842402
0.4121883409
0.4109790958
0.3868991344
0.4031435339
0.3984251357
0.3969000116
0.385144923
0.3792292362
0.3853628285
0.365452628
0.3511733
0.3675128967
0.317415618
0.345419336
0.3103683361
0.33702033
0.3273427227
0.3343730136
0.3188447502
0.3052150878
0.2901870751
0.3182225132
0.3047120704
0.3251237285
0.3269211038
0.3417141455
0.3499018523
0.3644825487
0.3631871462
0.4007570928
0.4236759108
0.41075456
0.4623997113
0.4736155454
0.5474462254
0.5253540479
0.5420808646
0.5359274066
0.5392692575
0.5696817026
0.558171879
0.5169354199
0.5091471775
0.4589269902
0.4558734155
0.3681940343
0.416610565
0.1485541488
0.06545990415
0.07118101909
0.06967107153
0.07025482449
0.07023962316
0.07045529006
0.07070272141
0.0725573516
0.07497883031
0.07985536684
0.0902527482
0.1118076334
0.151512873
0.1949194635
0.2208437211
0.2279969712
0.2553467297
0.2838755751
0.306577429
0.3298698378
0.3834894326
0.4023920115
0.4290579471
0.4492808362
0.4533582187
0.4741335749
0.4887867271
0.4996150423
0.5132821031
0.4994248048
0.5019187151
0.4772049675
0.5044800032
0.4898328618
0.5085605467
0.4835958777
0.4963586871
0.4792698862
0.4741086417
0.4614969075
0.5007821163
0.4482406554
0.4618020326
0.4509129798
0.4443049031
0.4546856749
0.4443361264
0.4561901011
0.4554215031
0.4410329861
0.446863175
0.4563659817
0.4412938211
0.4426072741
0.449004153
0.4549084718
0.4290030959
0.4783099127
0.4455503577
0.4339911394
0.4469888627
0.4218935374
0.4263754055
0.4209783299
0.4192502034
0.4202849055
0.4206181823
0.4074769869
0.4143063572
0.407138908
0.4047450217
0.4006347472
0.4167995723
0.410237594
0.3990752806
0.4161128366
0.406459053
0.4070208337
0.3920662794
0.3985395483
0.3884470316
0.3754553537
0.3770515027
0.364070501
0.3605032973
0.3517276121
0.3379426689
0.3428369044
0.3268735361
0.3333652327
0.3329448894
0.274053095
0.3192412694
0.2878015266
0.3195575254
0.3049236189
0.3373115078
0.3309565874
0.3528782369
0.3708566769
0.3829820875
0.4161300839
0.4243474586
0.432760424
0.4250207226
0.5064193709
0.4768083473
0.5287066337
0.4798116929
0.5442942134
0.5810670308
0.5721405319
0.5743458664
0.5570969715
0.5282205044
0.5067488301
0.4727004533
0.4440041256
0.3762808692
0.4196235825
0.1512246809
0.06523146953
0.07091348575
0.06916984043
0.06948138954
0.06933310317
0.06932176656
0.07042289523
0.07279903893
0.07844797919
0.08908182455
0.09963850678
0.1379056929
0.1866052518
0.2149553376
0.2318101853
0.2488008937
0.2845585373
0.2763690154
0.3602304808
0.3236824511
0.4019242919
0.4176718858
0.4337247888
0.4480519283
0.4666412605
0.5092580667
0.5107934102
0.4990829361
0.5130829134
0.4963204816
0.4899580985
0.5222437618
0.507200063
0.5004255718
0.4923193153
0.4849906422
0.4755717414
0.4819924011
0.4818727489
0.5225306293
0.4216831991
0.45869595
0.4514374419
0.4540804988
0.4528669725
0.4642007353
0.4595283184
0.4406358754
0.45279334
0.4580814242
0.4260891656
0.437373833
0.4369335194
0.446816385
0.4385908516
0.4367738516
0.4713949001
0.4321653036
0.4536635626
0.444992656
0.4436539647
0.427268463
0.4157830292
0.4149423911
0.40658626
0.4021613506
0.3943997813
0.4031026016
0.3984858524
0.4067696806
0.4089910512
0.4046808967
0.4262112498
0.4052489293
0.4117452064
0.3789614501
0.4223309519
0.387601312
0.4042740967
0.3884924862
0.3868225469
0.3662858795
0.3654818307
0.3595509097
0.3215351965
0.3444994258
0.351010914
0.3002464832
0.3438831089
0.3214351248
0.3030030524
0.3091506391
0.3046161332
0.3231276449
0.3409453648
0.3489424526
0.369859349
0.3790902488
0.3902729478
0.3985114251
0.4361694381
0.4127253496
0.4433852547
0.4424806844
0.4742130269
0.4693856133
0.4582340297
0.4499038305
0.5209107556
0.4995764541
0.5220010946
0.5019670573
0.5399073556
0.5729778586
0.5477074075
0.5311504471
0.4656650941
0.481245679
0.381460726
0.4204730497
0.1475870011
0.06488369823
0.06980274872
0.06807048567
0.06927645256
0.06847862478
0.06966150684
0.07052301372
0.07511149129
0.07989286053
0.09173745633
0.1204621838
0.184247575
0.2239961539
0.2405299906
0.2664004064
0.2562378238
0.2920604569
0.3231444567
0.3200264606
0.383416122
0.4090831907
0.434544903
0.4522590757
0.4725685558
0.4975372966
0.4867621833
0.5121087816
0.5086104622
0.5113169307
0.5229078357
0.5145560402
0.5008847422
0.4962823569
0.4771307553
0.4938714893
0.4911550835
0.4905201961
0.4840958027
0.4812990427
0.4204336005
0.4765792571
0.4384883188
0.4844378698
0.4538924695
0.4685255095
0.4496119235
0.4574074348
0.454822878
0.4403882087
0.4419208114
0.4480636669
0.4385176046
0.4421459061
0.4300605654
0.4261354069
0.4487032112
0.4445424066
0.4607072028
0.4550387679
0.4464002784
0.4301946842
0.3913955517
0.4100373843
0.401201393
0.4008421912
0.397376778
0.4004246224
0.4062857648
0.4075632428
0.4158600725
0.4204422434
0.4084469957
0.4146676493
0.4054816311
0.4082359736
0.4276265487
0.4291556952
0.4008108065
0.3965114422
0.3894313592
0.3629134784
0.3775778257
0.3599343768
0.35001846
0.3660682377
0.3637845827
0.3282866331
0.35312168
0.3317759803
0.3313808695
0.3012100194
0.3286249561
0.3256854421
0.3545000841
0.3616549508
0.3723337298
0.3782081965
0.3967607163
0.4070924833
0.4340397534
0.4321707646
0.4543366546
0.4597006234
0.4608763513
0.4634270311
0.4565904574
0.4574967364
0.4724624968
0.4512919357
0.4823809639
0.486980808
0.5427775677
0.5462741127
0.5380145771
0.5387525833
0.5224960793
0.4910694575
0.4901636554
0.3793734678
0.4225786347
0.1436366859
0.06370945541
0.06852144497
0.06671575581
0.06640075318
0.06780754907
0.06850285741
0.07164223968
0.07689219133
0.09423194208
0.1124960235
0.1663905319
0.225977798
0.2407089879
0.2823831918
0.2502157993
0.293426093
0.3024478725
0.335091617
0.3906197444
0.4074225892
0.4624440116
0.4385062479
0.4862763463
0.485213548
0.4998513448
0.5246234865
0.5273324179
0.5135120627
0.5305063533
0.5036609302
0.5092518032
0.5142848224
0.5057108835
0.4786362725
0.5240101238
0.4766948509
0.4894762892
0.4735820517
0.4639864315
0.4599500936
0.4715814026
0.484876275
0.4565015504
0.4711986759
0.4435647559
0.459922092
0.4415528444
0.4581228217
0.4121888077
0.4420763905
0.4552349213
0.4247618953
0.4058310132
0.4201507663
0.4436464881
0.4525736337
0.4667308706
0.4611431119
0.4435350226
0.4253104442
0.3974040444
0.4024785838
0.4066817563
0.3854313112
0.4000457955
0.3929095275
0.4007317246
0.4050371299
0.4109573264
0.4155083939
0.4001614596
0.4203728684
0.4081694073
0.4060280163
0.4079461091
0.4145317662
0.3706941684
0.3829186109
0.3878957762
0.3658426098
0.3691399007
0.3761788926
0.3579043779
0.351839429
0.3466122479
0.3117068439
0.3334801569
0.3388591551
0.3333479766
0.3039968168
0.3149402722
0.3531352906
0.3580650658
0.3832947454
0.37218291
0.3980392168
0.4101790196
0.4163912969
0.449548924
0.4485983564
0.4625997313
0.453005604
0.4551038391
0.4565358222
0.4647868645
0.4611340625
0.442235791
0.4598205755
0.4491739064
0.4610010965
0.4823495563
0.4846307207
0.5034461553
0.4947257385
0.5425169938
0.5215990442
0.5311340363
0.4906738713
0.4044009919
0.4374542623
0.1504604847
0.06326020754
0.06752332898
0.0647998852
0.06541880124
0.06443972861
0.06668874967
0.06964598986
0.08120906499
0.1082576639
0.129421406
0.1994173023
0.2624119366
0.2879063914
0.2604880748
0.2853879321
0.2867224325
0.3384321331
0.376868404
0.4244854054
0.4391146694
0.4569077333
0.4815462423
0.4864746877
0.498706736
0.5290564885
0.5086490362
0.5181697404
0.5163125081
0.526936368
0.5083199503
0.555065971
0.4878933196
0.5030851697
0.5111604534
0.4929399177
0.4814511228
0.4860535734
0.4758685562
0.4604598923
0.4747324258
0.4687942304
0.4552111441
0.4513955225
0.4366789853
0.4824115618
0.451351582
0.4458383826
0.4397496668
0.4267465733
0.4893600594
0.459695797
0.3856707536
0.3992585903
0.4480934055
0.4324884042
0.4750589556
0.4343732632
0.4412700428
0.4033875958
0.4023567336
0.3935156312
0.4051978825
0.378397063
0.3704283296
0.3848395561
0.3790668901
0.400194808
0.4030499124
0.4144616884
0.4009752766
0.4188448423
0.4153168902
0.4129133421
0.4279339981
0.4161379004
0.3967022368
0.3936969124
0.3925325374
0.3878579248
0.3852443205
0.3714183373
0.3656387345
0.338599979
0.3563013577
0.3373488622
0.3588219055
0.3650518777
0.3539438744
0.3272680159
0.3175842219
0.3885859572
0.3805558522
0.3973388383
0.4091718147
0.4148464965
0.43924972
0.4406176042
0.4642583489
0.4577300149
0.4560817947
0.4583947341
0.4578684052
0.458545929
0.4639945606
0.4522447231
0.4439315876
0.454754989
0.4572169015
0.4488188197
0.4553501523
0.4429475844
0.4434100189
0.478843565
0.4992719544
0.4841254617
0.5428770909
0.5054633742
0.5401896846
0.3851722924
0.4406487387
0.1465447363
0.06206781705
0.06600918815
0.063490644
0.06402390225
0.06405647137
0.06620867202
0.07402399339
0.09451042156
0.1371998686
0.1677909155
0.2835852784
0.2980042885
0.2868949901
0.2811767645
0.2606305187
0.3518753254
0.3627866826
0.4389848912
0.4618773371
0.4696874168
0.4953503744
0.4927384476
0.5189447473
0.5396738409
0.5437073461
0.5254682854
0.5564522764
0.5416941849
0.5695237066
0.5280586544
0.5326860092
0.4933777339
0.5191123476
0.5129235438
0.496767961
0.4911727889
0.4882822573
0.4813037634
0.4905219405
0.4757130301
0.4720901163
0.4719639021
0.4681604381
0.4884631019
0.4923577453
0.4417041818
0.4452323388
0.4532326172
0.4765538155
0.4930435756
0.3245200147
0.4131810122
0.4059944262
0.4020758187
0.5103062601
0.443248243
0.4437305065
0.4037172294
0.3949111825
0.386130274
0.3837884165
0.3918066004
0.3635290239
0.3854877234
0.378303687
0.4064149666
0.4061486953
0.4228836059
0.4240416249
0.4136645351
0.4235624568
0.4154529946
0.4171755361
0.4149689527
0.4014948178
0.3886374884
0.3758604927
0.3767349419
0.3674959662
0.3633375011
0.3594793251
0.3464816342
0.35197907
0.3734773282
0.3558358967
0.3632519171
0.3468817154
0.2918487561
0.3741561432
0.3759303623
0.4030563878
0.422773114
0.4184269773
0.4462264875
0.4341678414
0.4450781661
0.4438831343
0.4563343267
0.4369382673
0.4717423694
0.4435213609
0.4512458369
0.4335317801
0.4516626727
0.4514365715
0.4601042072
0.4639733582
0.4730603535
0.4519783985
0.4618120206
0.3938478378
0.4316177751
0.3936875244
0.4513106026
0.5108301601
0.4995857141
0.5229942632
0.5145051974
0.4439833004
0.4424208973
0.147104697
0.06140458276
0.06462330642
0.05979569588
0.0621720484
0.06250038859
0.06810325213
0.08035550496
0.1014995693
0.1663874183
0.2104699595
0.2907133791
0.287430525
0.2493031555
0.2693652705
0.3456849644
0.3871712889
0.4542316593
0.4835732049
0.4929921173
0.5139236812
0.5289769328
0.5390887108
0.5774453976
0.5379730931
0.562058635
0.5454344764
0.5728963708
0.5589278386
0.5239704651
0.514658553
0.4939046385
0.5116737998
0.5252970733
0.5063415093
0.4970916208
0.482993858
0.4993058725
0.4774843574
0.484754336
0.4735650166
0.4591056173
0.4843563488
0.4636911296
0.4799271111
0.4022119458
0.4316031191
0.4417062389
0.4514071542
0.4086609722
0.3884101934
0.2752166284
0.4294032193
0.4992715111
0.5540886897
0.4786912144
0.4340841764
0.3817618881
0.3610621276
0.3449324767
0.3613462534
0.3689529912
0.3715497547
0.3513779112
0.3841747066
0.399171323
0.4221763619
0.4317404754
0.4222747915
0.4189628427
0.4109949659
0.4309106754
0.4122707418
0.4189960095
0.3813639863
0.38568627
0.3715733962
0.3833171777
0.3836296435
0.3565944145
0.370503862
0.3656457841
0.3631239606
0.3804340609
0.3590078279
0.3605780496
0.3606052696
0.3375729248
0.4046768248
0.4241110059
0.4190613393
0.4567742217
0.4301551081
0.4638399646
0.4484645894
0.449810322
0.4748010197
0.4584250165
0.4827998003
0.4765530107
0.4433722104
0.4764087879
0.4283278403
0.4862272765
0.4688367056
0.4660263885
0.4704477934
0.4686268431
0.4513077379
0.4559764808
0.4153414951
0.4045091295
0.3758627915
0.3773835202
0.4117742331
0.4393494868
0.4961883621
0.4995374619
0.5156776789
0.4627942153
0.4450715846
0.1502843197
0.06112359102
0.06089471405
0.05929194799
0.05765390968
0.06170371547
0.07644140915
0.1135513076
0.1736720431
0.2942792791
0.2569547318
0.4570545182
0.2121114576
0.3127191189
0.3356265289
0.4113660132
0.4809519476
0.5071242716
0.5447926471
0.515665159
0.544693524
0.5590920592
0.5599429687
0.5694283194
0.6203412257
0.569226239
0.5822448403
0.5741284526
0.5500070818
0.5333077289
0.5163039401
0.5484385889
0.5325145797
0.5290571511
0.5030488831
0.5035091599
0.5222375944
0.494016107
0.4933405231
0.4843859941
0.4664655022
0.4994013899
0.4798838275
0.4659142986
0.4320816165
0.4387051988
0.4555482484
0.4363273335
0.4134612892
0.4289172604
0.3620066726
0.4200565581
0.6457112869
0.434430928
0.4731625751
0.3949430549
0.3209338383
0.3252495469
0.319655878
0.3450535597
0.3469326839
0.3760832693
0.3752259304
0.4133261986
0.4226590399
0.4347193479
0.4384555143
0.4326721603
0.4203381207
0.4219075686
0.4101757856
0.4084835464
0.3967670843
0.3875877076
0.3693238906
0.3892163468
0.377689791
0.392060196
0.3664349024
0.3750929796
0.3668185236
0.385082538
0.3774767821
0.3770371197
0.3731940286
0.3709351334
0.3925421581
0.4261593452
0.4359138705
0.4430087113
0.467673548
0.4698324135
0.458110993
0.4722032925
0.4594272419
0.4755493404
0.4676252004
0.4731153135
0.4784054184
0.4279404537
0.4746407824
0.4224060893
0.4836158365
0.4650820511
0.4570903326
0.4585852239
0.4662678188
0.4593921758
0.467763749
0.4394468307
0.4244815359
0.3819558037
0.3687932395
0.3444154462
0.3684324531
0.3880409787
0.4592235339
0.4980722083
0.5244051848
0.4683841353
0.4636530788
0.1454372379
0.05894113396
0.06002588055
0.05983915195
0.05852052567
0.06573977826
0.1015000334
0.1732333483
0.2353863291
0.2813509515
0.2723142157
0.3055882133
0.1479692843
0.2907910898
0.4365422799
0.5029839534
0.5356841136
0.5860643781
0.5713393595
0.5858292035
0.6189872245
0.5715904975
0.6227709182
0.6956255022
0.6009372152
0.6239630528
0.5830651009
0.5802361215
0.51883156
0.5179591412
0.5276020099
0.5299232649
0.519557617
0.4976423373
0.5007702754
0.5116232185
0.4741214054
0.4780137677
0.4590780346
0.4827019618
0.5025035177
0.474800259
0.4629632493
0.4427807203
0.4507793289
0.4627488786
0.4601395957
0.4671263612
0.4577737395
0.4897670351
0.4401370976
0.682668134
0.3532566106
0.4810610163
0.3151844118
0.2853139629
0.2771465414
0.3149220619
0.3409790374
0.3575384283
0.3705877203
0.3781676687
0.4103497654
0.4158537273
0.4342496289
0.4223504799
0.4366237254
0.4230136604
0.415025535
0.4210812863
0.4132058243
0.4168474914
0.3647071468
0.4115720467
0.3707809254
0.4121920272
0.3847730152
0.3994072461
0.3757312503
0.3734922399
0.3960995279
0.3679134142
0.3752151862
0.4004051718
0.3891911336
0.4407632229
0.4481190629
0.4529868426
0.4861761068
0.4722477636
0.47771634
0.4743320926
0.4637955288
0.4762644596
0.4621983365
0.4879039865
0.4935749126
0.4897829112
0.4458239456
0.4782874117
0.4465754336
0.5116945537
0.4622080002
0.4875756152
0.4690691257
0.488753903
0.477111453
0.4679849483
0.438389481
0.4023047455
0.3741010016
0.3550550315
0.3508339721
0.3104541796
0.3169259351
0.3476569882
0.4037140148
0.4615683461
0.5175139501
0.4778323544
0.4839443788
0.144058023
0.05734262345
0.05985740134
0.06200887675
0.06624549419
0.09393494912
0.198647
0.2406327924
0.3339043379
0.3834834263
0.3925738221
0.508002432
0.2175647743
0.6552894426
0.4008715602
0.5751348576
0.6653631034
0.6242572115
0.6864473062
0.6482387269
0.6649278446
0.6516393183
0.6787465965
0.6014267709
0.6181131769
0.5871623389
0.5783257293
0.5046007264
0.5322506217
0.5297308077
0.546807794
0.5114764048
0.5157031652
0.4983798191
0.5077369123
0.478631558
0.4871819773
0.4958533413
0.5174433676
0.5392214872
0.4897440409
0.4973096388
0.4766987758
0.4926832853
0.5001343499
0.502743083
0.5179473312
0.4866799806
0.4666727197
0.4875370639
0.4460086348
0.4163557119
0.2318292315
0.2062120567
0.1920395933
0.2434750169
0.3166775884
0.3513206934
0.3821385917
0.3998659812
0.411229158
0.4370420871
0.4291474549
0.4652894618
0.4632953971
0.4446263966
0.4170475595
0.436020658
0.4253117578
0.4207262954
0.395378135
0.3886390833
0.3997127653
0.3972859044
0.3823989729
0.4032934547
0.3712318893
0.3851494957
0.3621167404
0.4187340868
0.3825970412
0.4277508153
0.437192735
0.4648170982
0.4760368916
0.4819665749
0.4705671019
0.4970967236
0.4867270876
0.4849464633
0.4994631872
0.4979078976
0.4992045233
0.5021307588
0.5229026204
0.5084736865
0.4991866272
0.4643547506
0.4823855059
0.4623177665
0.5220835244
0.4612891469
0.4827299989
0.477587424
0.4724377237
0.462982591
0.4600395205
0.4071742965
0.4038215027
0.3866773679
0.3649712835
0.3575100526
0.3334573025
0.3289162469
0.3257885791
0.3057943711
0.3403234337
0.4192839684
0.5036876547
0.487624444
0.5012331634
0.1436707947
0.05412285775
0.05806485684
0.06592545375
0.08630823856
0.1695085015
0.2030491665
0.2796454073
0.31218454
0.3114112985
0.3252098258
0.3052451278
0.2452270285
0.5252714938
0.5850661102
0.7910000195
0.7001791718
0.780082888
0.6982472546
0.7409850216
0.6996445019
0.6733045078
0.628791408
0.6081216519
0.5838560662
0.5584285367
0.5041828744
0.5337140346
0.524922628
0.534276692
0.503317757
0.4846889881
0.4830347775
0.4651169515
0.4746775443
0.4615931844
0.4930499141
0.498033009
0.5018403533
0.4657025875
0.4591269236
0.4621389858
0.4563104107
0.4627193884
0.4655384146
0.4489196078
0.431218638
0.4113420092
0.4434376754
0.4333769978
0.4075057755
0.3962411665
0.1763262703
0.5500762515
0.1283270521
0.3989189003
0.3502930834
0.4089151689
0.4156597894
0.4337541461
0.4469650541
0.4592114164
0.4546975056
0.4333921278
0.4553108989
0.377008965
0.4173437168
0.4162633255
0.4208469457
0.4115409222
0.3977752488
0.4119124143
0.3919500729
0.4214766787
0.3948029704
0.4352296647
0.3975793025
0.4317096673
0.4363245592
0.4537689557
0.4556945216
0.4748335197
0.4863448222
0.4891875158
0.476829292
0.4945289016
0.5014165338
0.5183285544
0.5120499158
0.5234050101
0.5068637924
0.5154758551
0.5026379921
0.5347963019
0.4745823649
0.5005621044
0.4515380401
0.4739718261
0.4834108078
0.5049037219
0.4813791172
0.4805606
0.4710104614
0.4823044147
0.4589606481
0.4551391085
0.4102028978
0.4092160038
0.4039826948
0.3536780504
0.3501263817
0.3212162282
0.3152356613
0.3039990836
0.2875806059
0.2368753943
0.2940008067
0.3544680406
0.4681335868
0.4973274818
0.5183481748
0.1378601815
0.0421605826
0.04870425802
0.05864618613
0.1163049304
0.1501786666
0.334765111
0.4011288964
0.5128956647
0.6133943065
0.7559961965
0.7953735553
0.9215959547
0.9491951743
0.9335921225
0.9081587451
0.8872066248
0.8688640335
0.8648363605
0.8283282169
0.7994811816
0.7660692729
0.7417715581
0.7078318346
0.6895183063
0.6692530669
0.678456505
0.6510633587
0.6436934569
0.5897586676
0.5689051989
0.5473334532
0.5531934431
0.5273240267
0.5382957229
0.5283291287
0.5272567918
0.479151908
0.4740538507
0.4508993711
0.4561078037
0.4578547028
0.4237566419
0.4130027306
0.3975884072
0.3930076519
0.3807905379
0.3798097683
0.3666341106
0.339974428
0.2630713058
0.2268242974
0.1152997528
0.2765993533
0.1285536554
0.4375174571
0.3577887326
0.4344738397
0.4353335194
0.4521587522
0.4576400135
0.4639756105
0.4517154194
0.4515591543
0.4319352744
0.4496757343
0.4530209772
0.417166044
0.4084878737
0.4028380181
0.4202271795
0.4100468551
0.4357275187
0.4305472643
0.4368191539
0.4336014012
0.4484139562
0.4444306569
0.4559182459
0.4852965188
0.4802431694
0.5176947739
0.5145853433
0.5108818426
0.534493049
0.5427567509
0.5600256263
0.5553933563
0.550903372
0.5214267281
0.5470974665
0.54250613
0.545477406
0.5174000113
0.4961575102
0.495466911
0.4895383918
0.5011618484
0.5140870083
0.4946391809
0.4768142296
0.4658978586
0.4685668455
0.4548775218
0.4339176626
0.4176156273
0.4110871534
0.3862538245
0.3501276956
0.3310188017
0.3214076613
0.3116186848
0.2995048924
0.291436525
0.2655416636
0.2691168566
0.2588025972
0.2948794518
0.4118797305
0.5093891143
0.5185906505
0.1950908255
0.03280666464
0.04183456032
0.21378751
0.4931171435
0.7550118796
0.8840540752
0.9386460531
0.9646650342
0.973162201
0.9732730504
0.9658214627
0.9517182877
0.9371798449
0.9591126403
0.9999801546
0.9760166944
0.9657245659
0.9507875568
0.9485002238
0.9539415447
0.9497297
0.9507244697
0.9481983205
0.9435925206
0.9372357055
0.9299590821
0.9265001041
0.9170908054
0.9088431237
0.9003041946
0.8912268143
0.870748078
0.8531876022
0.8323297044
0.8018186118
0.7748975434
0.7245158022
0.7236314784
0.6883309149
0.6530205526
0.6291616051
0.5881471645
0.5602403891
0.5757111036
0.5299146119
0.5078265316
0.4898820208
0.4786051857
0.4449554564
0.4284961059
0.3856127116
0.5027617806
0.6058046957
0.5387035158
0.6554510808
0.5074027977
0.5518057942
0.5350934115
0.5125104846
0.513286828
0.4883492445
0.4674319132
0.4743426211
0.4394318785
0.4539241268
0.4543151472
0.4172177996
0.4235754643
0.4512869424
0.4147446322
0.4594242003
0.4528357238
0.4689324556
0.4452519082
0.4771591919
0.4480562601
0.5037323403
0.5098047556
0.5247758824
0.5309235729
0.5298331477
0.5458648241
0.5416329287
0.568362271
0.5987345783
0.5760686592
0.5580988186
0.5441365144
0.5749587969
0.570546862
0.5268252366
0.5208807599
0.5077138441
0.4842953118
0.52174973
0.4831009877
0.5153262651
0.4920880926
0.4636824402
0.4542308274
0.4503981559
0.4578419442
0.4122574976
0.4126263142
0.398668512
0.3647284163
0.334868943
0.3236966735
0.3024757568
0.3105814331
0.2838617894
0.2851196103
0.2524218017
0.2532920636
0.2432001433
0.2316896305
0.2384174741
0.3380378851
0.4741003594
0.5448778084
0.6931890765
0.7179834262
0.9117871896
0.9591053343
0.9750643698
0.9812781387
0.9816534727
0.9834360092
0.9836263677
0.9844930668
0.9869564733
0.9858392732
0.9978927075
0.9980340603
0.9986441953
0.9821221031
0.9794351618
0.9734569991
0.9742796216
0.9665484443
0.9637190802
0.9617466278
0.9621564508
0.9615551512
0.9618684273
0.959486359
0.9612357874
0.9571838471
0.9579399209
0.9560341115
0.9559682869
0.9539719774
0.9525834868
0.9492081288
0.9471921818
0.9431768267
0.9423315194
0.9395741953
0.9356397195
0.9306676367
0.9273681722
0.9227066662
0.9154703613
0.9104867261
0.8958002963
0.8835106224
0.8779158828
0.8670473131
0.8532755356
0.8459917759
0.8426155938
0.8484740373
0.8533295388
0.8143041793
0.8245104901
0.8027371832
0.7519689091
0.7756127032
0.7475118854
0.7363500699
0.7173840167
0.687052671
0.6811057675
0.6399299398
0.6344842018
0.6344543875
0.597305144
0.5974331714
0.5801227149
0.5653917156
0.6056460544
0.5412518721
0.561282195
0.5183735859
0.5417499094
0.5629637511
0.5610388868
0.5822449019
0.5822140674
0.5742100886
0.5654754014
0.6049838306
0.5706830768
0.6033874487
0.6264019061
0.561437793
0.5337591398
0.5382217788
0.5516955358
0.5455812655
0.4750963302
0.4946855092
0.5028789998
0.4743818529
0.5040460212
0.4926380593
0.4876503773
0.4652440578
0.4524027463
0.4527000913
0.4515492432
0.4526960188
0.4225226952
0.3889647426
0.3937295339
0.329273205
0.3205443542
0.3163697036
0.3131295373
0.3049714044
0.3011587032
0.2753046291
0.2460734309
0.2535234181
0.2433514239
0.2475117028
0.2355784061
0.2103947052
0.2343391083
0.4474236022
0.5577372159
0.9713602577
0.9851142966
0.9889004147
0.9894838375
0.9893185226
0.9885678979
0.9877127499
0.9865896942
0.9849819723
0.9843732594
0.9827618873
0.9815053184
0.9772143739
0.9723176034
0.9736235335
0.9737694931
0.9723948384
0.9714896727
0.9703193579
0.9683187005
0.9678088688
0.966743677
0.9665460178
0.9658158059
0.9659892778
0.9654067056
0.9643833041
0.9640550466
0.9649419649
0.9646323463
0.9640245752
0.9639170087
0.9635682376
0.9633500086
0.9628823163
0.9622306582
0.961631346
0.9613526811
0.9611679541
0.9612273492
0.9610549073
0.9608053396
0.9605959016
0.9601128015
0.9588961626
0.956907245
0.9576118228
0.9571048313
0.9576840811
0.9555427727
0.9526948488
0.9526537035
0.9454951315
0.9401641024
0.9346184804
0.9319147395
0.9324617669
0.9335240016
0.928660415
0.9265198151
0.9227031943
0.9212307481
0.9180935522
0.9150468658
0.9118463419
0.9091943619
0.9052683728
0.9004753649
0.8925404921
0.8905502926
0.8663342891
0.8650471791
0.8620435824
0.8556282672
0.8646286712
0.8466101428
0.8311914099
0.8272520926
0.7954968117
0.787718415
0.775113622
0.7365619255
0.7269610085
0.7108924276
0.6479060337
0.6056201834
0.6289676208
0.6034597782
0.570696328
0.5520973551
0.5295421666
0.5639056964
0.4925649102
0.5156890573
0.4848689782
0.4906361673
0.4476359211
0.4603349693
0.4320361173
0.4149724605
0.3935366859
0.3544425152
0.3224249795
0.288474986
0.2966959798
0.2685665989
0.3094222912
0.2854729548
0.2948330175
0.2626753761
0.2634158686
0.2207680852
0.248187744
0.2372680711
0.2412573879
0.2110471286
0.2108754962
0.1698373617
0.2010475451
0.3540030836
0.5586428489
0.990417177
0.9942741551
0.9948050302
0.9942689235
0.9933502178
0.9922230987
0.9908380608
0.9895237476
0.987963483
0.9862705267
0.984091303
0.9818441808
0.9806366308
0.9778217377
0.9759543921
0.9750988296
0.9745433396
0.9735921047
0.9724387559
0.9715535455
0.9707086122
0.9699602187
0.9700368347
0.9696212622
0.9690724491
0.9692073795
0.9691481245
0.9687611359
0.9689261833
0.9694861933
0.9693595922
0.9693975343
0.9694237991
0.969505411
0.9702512614
0.9698807535
0.9697472682
0.969386949
0.9695646163
0.9699196766
0.970376207
0.9704756429
0.9706053403
0.9706844935
0.9704016876
0.9692700505
0.9693386612
0.9697093474
0.9695775702
0.96850882
0.970140145
0.9682852721
0.9657159573
0.9629804106
0.9603661075
0.9592923097
0.959825981
0.9600029886
0.9587652347
0.9570759382
0.9563697555
0.9553356278
0.9549821506
0.9542494618
0.9539823789
0.9508287111
0.9523843826
0.9519787512
0.9505032251
0.9494282855
0.94658776
0.9416530828
0.9385626615
0.9407034821
0.9391160591
0.9348035568
0.9293784056
0.9227153708
0.9131482847
0.9056811313
0.8906769189
0.884537662
0.8620223212
0.8460357011
0.8201070885
0.8151384276
0.7892747271
0.7501075485
0.7269879479
0.711100021
0.6812974613
0.6493881023
0.6278686782
0.6219681058
0.5864536621
0.5701498578
0.5439888251
0.5113430648
0.4558617161
0.4447458171
0.4099227666
0.3767514912
0.3628059539
0.3623311356
0.3351262059
0.3221009953
0.3122488264
0.2736133472
0.2564346263
0.2343765751
0.2301110786
0.2180798547
0.2152205424
0.2114961118
0.1752661445
0.1974223055
0.1834774829
0.19990302
0.1814116106
0.2661809505
0.5465146154
0.9961708596
0.9971714112
0.9968929502
0.9962820772
0.9953510707
0.9942728639
0.992969705
0.9916279007
0.9899096882
0.9882192847
0.9861128607
0.9839686639
0.9824930878
0.9814150222
0.9792610482
0.9779499935
0.976801907
0.9754655866
0.974158402
0.9738934599
0.9733999512
0.9721722775
0.9719653557
0.9716990173
0.9716715435
0.9716081425
0.9717965105
0.9720189663
0.9724045605
0.972603659
0.9730052388
0.9734273048
0.9740133108
0.9742075149
0.9745350406
0.9747290237
0.9747533166
0.9748843447
0.9748780539
0.9752376907
0.9758508843
0.9759340111
0.976489323
0.9761866605
0.9765443091
0.9756473647
0.9750499361
0.9734487478
0.9748921444
0.9746800927
0.9746045409
0.9743231358
0.9732511511
0.9732630304
0.9711825574
0.9694227165
0.9686177928
0.9682726499
0.9678793433
0.9666285817
0.9650652368
0.9642320163
0.9636610297
0.9638224516
0.9631088261
0.9617093034
0.961619372
0.9605619533
0.9614160404
0.9601321802
0.9589962279
0.9564243537
0.951058761
0.9521559479
0.9508278211
0.9456282583
0.9413973802
0.9379603142
0.9313145053
0.9254584371
0.9190783588
0.9124416803
0.9052106768
0.8990362362
0.8953841373
0.8899080316
0.881095833
0.8767119442
0.8723189736
0.8618140412
0.8481478516
0.8472673471
0.8200433797
0.8013352471
0.7661048344
0.7391947896
0.6940506246
0.6800848303
0.6333608729
0.6223436492
0.5842105473
0.5504720231
0.5310522065
0.4797322009
0.4528399892
0.433327961
0.4067059897
0.3688369801
0.3449129311
0.3174765139
0.2890748953
0.256065472
0.2551981335
0.2077756355
0.2048261116
0.1927195297
0.168595918
0.1653012911
0.1548079559
0.136462216
0.4028626213
0.9930731015
0.9967845762
0.9956096402
0.9942850551
0.9926459799
0.9906312568
0.9882387635
0.9855315618
0.9828041319
0.9791216905
0.9763402273
0.9715844779
0.9715782492
0.9652343201
0.9612697446
0.9581195761
0.9550318649
0.9523158759
0.9498918189
0.9487047081
0.9478076803
0.9464109038
0.9448869737
0.9461469089
0.9457280059
0.9435272271
0.9445660368
0.9443424702
0.9456656892
0.9462479482
0.9470630591
0.9478722332
0.948866385
0.9500401608
0.9506789947
0.9515376898
0.951589636
0.9523396613
0.952435043
0.9531743928
0.9536121022
0.9541375805
0.9542755558
0.9547651808
0.9550548327
0.9556840705
0.9532031004
0.9631501278
0.959283406
0.9519263835
0.9516935169
0.9577116462
0.9486049519
0.9545421084
0.950927663
0.9474876255
0.9434981062
0.9406566894
0.9383100857
0.9363432692
0.9327728547
0.9300853135
0.9260818216
0.9232808107
0.9209730534
0.9198670642
0.918290864
0.9074057354
0.903665628
0.8954302205
0.8894392143
0.8724363393
0.8634731193
0.8443816545
0.8167864467
0.8240445731
0.8094998556
0.7988032194
0.7899834886
0.78793737
0.7729933882
0.775780963
0.7632859839
0.7699431871
0.746858616
0.7403463272
0.7285719367
0.7192054408
0.70360984
0.6833002931
0.676586499
0.645850819
0.6300063636
0.6423983794
0.6068538908
0.6058121214
0.6077101619
0.5960883143
0.5899307684
0.5687292767
0.5499417807
0.5665295594
0.5451533334
0.5461172765
0.5495431273
0.5377965467
0.5214809547
0.51627624
0.5207359471
0.5069992433
0.5076459396
0.4967084986
0.4738516712
0.46027158
0.4417592198
0.4080505434
0.3792895917
0.3500265774
0.3004651206
0.2554153237
0.323269379
