0.9979442912
0.9984637607
0.997848978
0.9975199038
0.9972446998
0.9969639911
0.9966554797
0.9963101213
0.9959277725
0.9955125126
0.9950681683
0.9945988217
0.9941107873
0.9936129644
0.9931184006
0.9926458607
0.9922166374
0.9918484578
0.9915505592
0.991321683
0.9911518274
0.9910308739
0.9909535766
0.9909163997
0.990909608
0.9909175426
0.9909240617
0.9909182058
0.9908967938
0.9908624914
0.990820245
0.9907744753
0.9907285431
0.9906853391
0.9906475019
0.99061808
0.9906025377
0.9906116678
0.9906637319
0.9907830451
0.99099227
0.9912985774
0.9916776565
0.9920711959
0.9924026714
0.9925987376
0.9926013825
0.9923683578
0.9918731183
0.9911178773
0.9901511263
0.9890589294
0.9879158671
0.9867702206
0.985736705
0.98500819
0.9846218686
0.9844646316
0.9844239996
0.9844359932
0.9844701124
0.9845129488
0.9845588113
0.9846051337
0.9846504044
0.9846936652
0.9847364609
0.9847928912
0.9849223762
0.9852691789
0.9859693223
0.9868621237
0.9874248555
0.9871447192
0.985760641
0.9831702377
0.9791737547
0.9729955399
0.9623706347
0.941256231
0.8949497088
0.7917844596
0.6025258792
0.3517669906
0.203858812
0.1459354629
0.1234959112
0.1607382338
0.3640098669
0.524912079
0.6698490738
0.64135832
0.6205135942
0.6495212044
0.6266033613
0.6355258972
0.6207012947
0.6076001409
0.6053047481
0.5964972295
0.5893065867
0.5801329
0.5738284328
0.5692785512
0.5642080361
0.5551997683
0.5389911902
0.5147548171
0.5027221477
0.5003946327
0.6017318417
0.6659979951
0.6099837054
0.5523123772
0.5892576478
0.9478499974
0.8625602257
0.4609357375
0.6948314406
0.297872111
0.5643161093
0.9975138319
0.9990421509
0.9988697267
0.9987023139
0.9985483998
0.9983931288
0.9982282367
0.9980487623
0.9978536488
0.9976441266
0.9974211531
0.9971857271
0.996939986
0.9966871816
0.9964324442
0.9961841409
0.9959528228
0.9957482811
0.9955768948
0.9954400094
0.9953340251
0.9952544895
0.9951991727
0.9951667011
0.9951525934
0.9951491238
0.9951481283
0.9951437551
0.9951341089
0.9951202201
0.9951039187
0.9950865314
0.9950689832
0.9950522714
0.9950372733
0.9950245939
0.9950151387
0.9950113772
0.9950190184
0.9950479906
0.9951107271
0.9952162947
0.9953605801
0.9955210322
0.9956619015
0.9957452965
0.9957391683
0.9956184549
0.9953645962
0.9949723775
0.9944652995
0.9939048614
0.9933575257
0.9928475235
0.9924100325
0.9921227171
0.9919876298
0.9919375513
0.9919252602
0.9919291954
0.9919400091
0.9919537171
0.9919686403
0.9919839639
0.991998876
0.9920116902
0.9920186127
0.9920127682
0.9919896932
0.9919817515
0.9921076498
0.992410264
0.9926737678
0.9925834947
0.9919925774
0.990911493
0.9893941907
0.9873907028
0.9847514993
0.98142732
0.9778116276
0.9747895914
0.9729186133
0.9713470777
0.9671196501
0.9559872491
0.9239420085
0.848694275
0.4581532679
0.08541317201
0.05727455629
0.04607368401
0.04262516983
0.04286639337
0.04185832756
0.04162793152
0.04107130638
0.04053392663
0.04015883488
0.03991309792
0.03968466166
0.03944032669
0.03928077227
0.03917989609
0.03911522509
0.0389818968
0.03861151497
0.03771772386
0.03711582183
0.03976115979
0.03888363201
0.04189628805
0.04682246247
0.05573264759
0.06174920496
0.06770569796
0.04148817322
0.0659277587
0.08407460479
0.1041420295
0.5705954556
0.9960168937
0.998343121
0.9985426149
0.9984732545
0.9983323199
0.9981677155
0.9979895181
0.9977969315
0.9975910379
0.997374346
0.9971462315
0.9969052429
0.9966517141
0.996386638
0.9961129525
0.995839061
0.9955778829
0.9953429142
0.9951441282
0.9949842191
0.99485755
0.9947584499
0.9946865468
0.9946432646
0.9946237855
0.9946181514
0.9946160958
0.9946108616
0.9946016403
0.9945912112
0.9945818454
0.9945733419
0.9945648942
0.9945565292
0.9945480211
0.9945378807
0.994523614
0.994502832
0.9944758256
0.9944501454
0.9944436195
0.9944797367
0.9945688929
0.9946927718
0.9948082257
0.9948658124
0.9948243662
0.9946504916
0.9943125729
0.9937875991
0.9930890891
0.9923236424
0.9917128317
0.9913570835
0.9911571185
0.9911610821
0.991278272
0.9913777719
0.9914331869
0.9914607575
0.9914742948
0.9914814062
0.991485691
0.9914884523
0.9914892499
0.9914851962
0.9914685113
0.9914213055
0.991306243
0.9910668149
0.9907735733
0.9908142162
0.9911175839
0.9911662964
0.99053491
0.9894966249
0.9884158074
0.9873193481
0.9860102225
0.9843314614
0.9825347741
0.9811638011
0.9803799621
0.9799471565
0.9796514748
0.979364619
0.9797357415
0.9810271726
0.9831844871
0.9819476332
0.974140016
0.1009812008
0.04218030843
0.03333616985
0.03273522163
0.03241103233
0.03222557793
0.03207491697
0.03195384389
0.03187558256
0.0318111374
0.0317593233
0.03172311881
0.03170978375
0.03172061721
0.03174275307
0.0317503884
0.03171589479
0.03165736684
0.03170286465
0.03210839959
0.03265146595
0.03354783152
0.03460648237
0.03632103245
0.03778063058
0.03983875751
0.03905903569
0.04756629189
0.1713803462
0.914564262
0.9942563388
0.9975624599
0.9979495504
0.9980586364
0.997983335
0.9978373185
0.9976629401
0.9974656538
0.9972520419
0.9970305306
0.9967989977
0.9965518341
0.9962870529
0.9960019464
0.9956948552
0.9953739645
0.9950569468
0.9947660608
0.9945235325
0.9943378284
0.9941960272
0.994085241
0.9940061221
0.9939642434
0.9939525365
0.9939575279
0.9939656328
0.9939674183
0.9939630459
0.9939584369
0.9939590917
0.9939638494
0.9939679427
0.993970072
0.9939692726
0.9939619132
0.9939417269
0.9939001079
0.9938276423
0.9937218018
0.9936041137
0.9935278975
0.9935433911
0.9936497926
0.9937873483
0.9938742039
0.993841656
0.9936329027
0.9931838225
0.9924179363
0.9912647682
0.9897306417
0.9882590169
0.9881067118
0.989206757
0.9899316065
0.9904807854
0.990777129
0.990903774
0.990949116
0.9909584285
0.9909524658
0.9909401789
0.9909250398
0.9909077705
0.9908870393
0.9908585533
0.9908118614
0.9907212508
0.9905056359
0.9899068608
0.9886148776
0.988522293
0.9891807962
0.9894610237
0.9878603724
0.9869126433
0.9865688704
0.9863600498
0.9857702938
0.9844967219
0.9833046436
0.9824680284
0.9815582022
0.9806712187
0.9805071262
0.9814306645
0.9831340075
0.9851521925
0.9870106346
0.9875967158
0.9876186939
0.9838080375
0.1203925562
0.03944808017
0.03243186583
0.03225591591
0.03213496529
0.03204526422
0.03198762121
0.03195490218
0.03194380204
0.03195200465
0.0319795521
0.03203254514
0.03211385055
0.0322201142
0.03233979743
0.03246438581
0.03261164866
0.03284858205
0.03330837278
0.03394254068
0.03476309392
0.03555615092
0.03596107785
0.03582319739
0.03710564592
0.03857312125
0.7061922011
0.7547807778
0.9929504885
0.9965493038
0.9971560775
0.9974251554
0.9974378066
0.9973389748
0.997200479
0.9970178114
0.9968063413
0.996590562
0.9963648137
0.9961163044
0.9958423281
0.9955344682
0.9951805723
0.9947857818
0.9943716738
0.993969772
0.993630161
0.9934016653
0.9932579446
0.9931566695
0.9930956001
0.993084306
0.9931010664
0.9931249628
0.9931532731
0.9931752014
0.9931884499
0.9931996626
0.9932152007
0.9932422401
0.9932685411
0.9932866833
0.993297458
0.9932972453
0.9932778621
0.9932263742
0.9931221442
0.992937125
0.9926611228
0.9923764384
0.9922246879
0.992282555
0.992480274
0.9926728162
0.9927341292
0.9925630354
0.9920431108
0.9910157276
0.9892666861
0.9863652574
0.9813612829
0.9769457929
0.9802642863
0.9858113855
0.9863664563
0.986625277
0.986686063
0.9866677594
0.9866178301
0.9865558889
0.9864895892
0.9864219358
0.9863546012
0.9862906016
0.9862382686
0.9862196739
0.9862878094
0.9865573137
0.9870746876
0.9842058664
0.9806034149
0.9825954745
0.9853354722
0.9854801781
0.983228961
0.9842773917
0.9858872626
0.9872950605
0.9875014772
0.9852961295
0.984127354
0.9830757716
0.9812977893
0.9799937096
0.9805113911
0.9825018384
0.9849592258
0.9870655406
0.9883209914
0.9889486975
0.989539575
0.9875983373
0.9797538343
0.07060417879
0.03658242869
0.03216629488
0.03207518961
0.03203768613
0.03202773008
0.03204321864
0.03207911828
0.03213115541
0.03220856894
0.03231604551
0.03245429663
0.03261418896
0.03278211495
0.03295322594
0.03315606504
0.03346616553
0.03390411583
0.0343708004
0.03470143132
0.03468746296
0.03429999274
0.03404032133
0.03924280604
0.7983286201
0.6121006557
0.9909532401
0.9949710826
0.9955998588
0.9964463873
0.9966195674
0.9965325798
0.9965191257
0.996408388
0.9962175279
0.9960311651
0.9958315706
0.9955907522
0.9953173041
0.9949951904
0.9945880952
0.9940919343
0.9935262874
0.9929118977
0.992314541
0.9919022371
0.9918115756
0.9918238643
0.9918600055
0.9919584189
0.9920417179
0.9920690806
0.9920761605
0.9921460899
0.9922182359
0.992280585
0.9923374174
0.992379475
0.9924542433
0.9924991832
0.9925245648
0.9925360419
0.9925290806
0.9924933703
0.9924076376
0.9922256499
0.9918556154
0.9912336732
0.9906259425
0.9904025525
0.9906067406
0.9909841978
0.9912911602
0.9913413568
0.9909429403
0.9898659602
0.9879483072
0.9848293768
0.9792294223
0.9677873691
0.7264153013
0.08770050952
0.06167529887
0.05514111231
0.05319267914
0.05253001354
0.05225438631
0.05212008656
0.05203618191
0.05197672269
0.05193719077
0.0519303738
0.05200036997
0.05226671855
0.05305988675
0.0553581508
0.06319458341
0.08382437356
0.7567277027
0.9493446773
0.9520806535
0.5257755645
0.9325515351
0.9564978302
0.9760219387
0.983624451
0.9881990668
0.9869003045
0.9839074172
0.9836238444
0.9832238221
0.979376132
0.9779329144
0.9797890479
0.9832491799
0.9865507867
0.9884860851
0.9888966495
0.9886479117
0.9883573766
0.9878803424
0.9841585317
0.968944696
0.05575703349
0.03540236807
0.03207512754
0.03205245509
0.03209743801
0.03216116909
0.03223379639
0.03233131274
0.03245571121
0.03260746341
0.03277597554
0.03294725647
0.03311214044
0.03328303743
0.0334963494
0.03376339394
0.03402250866
0.03415738196
0.03405731256
0.03372195957
0.03345801138
0.04200206113
0.8647091533
0.6577015295
0.1893594231
0.3394060474
0.9904715881
0.9930549751
0.9948978631
0.9950325605
0.9952694301
0.9956932954
0.9955050036
0.9953342755
0.9952060617
0.9949713184
0.994709246
0.9944076652
0.9939640558
0.9933575743
0.992605418
0.9916698755
0.9905152472
0.989277471
0.9886834564
0.9897380052
0.9902908205
0.9906827783
0.9908985919
0.9909126756
0.9907877896
0.9908125502
0.9910198596
0.9911955446
0.9913418446
0.9914258916
0.9914918799
0.9915947762
0.9916271833
0.9916449115
0.991659245
0.9916714607
0.9916805396
0.9916726424
0.991571428
0.9910527994
0.989316542
0.9877668042
0.9874492193
0.9879668823
0.9887305644
0.9893828762
0.9894967567
0.9887196583
0.987300789
0.9854528802
0.9833441274
0.9816772511
0.9805153997
0.9783260341
0.1119480245
0.03795554107
0.0325474613
0.03243005316
0.03234089502
0.03229513033
0.03227428096
0.03226898239
0.03227384171
0.03228612377
0.03230618891
0.03233760259
0.03239166287
0.03248632523
0.03260571282
0.03783911506
0.384178317
0.9634219953
0.07823323252
0.03904192933
0.03716280306
0.03822719127
0.0422612947
0.05048497886
0.08408043208
0.260746792
0.9280983876
0.9622509528
0.9797341803
0.9792726469
0.9736806876
0.97127406
0.9763345152
0.9824479809
0.9871889562
0.9888747898
0.9883335171
0.9877849595
0.9874110865
0.9867148716
0.9856643703
0.9808341786
0.9527461739
0.05023012425
0.03438283259
0.03212565385
0.03219285608
0.03228691725
0.03240354972
0.03253833857
0.03269417396
0.0328579164
0.03301769213
0.03316477374
0.03330483401
0.03345227747
0.03361287979
0.03374632345
0.03378734938
0.03368458976
0.0334477622
0.03331824829
0.04483793239
0.9295828796
0.6582816433
0.06850071176
0.0334777171
0.03511147728
0.04377257718
0.1281498594
0.9999856767
0.9899481917
0.9938082037
0.9943919946
0.9941783132
0.9945037905
0.9943337045
0.993947386
0.9937805554
0.993388336
0.9927131255
0.9918277179
0.9906121947
0.9888148171
0.9860045188
0.9813573623
0.9811571549
0.9839271877
0.9856279277
0.9862555098
0.9867983323
0.9866288311
0.986416386
0.9866890773
0.9873035805
0.9871154359
0.9865409446
0.9866030948
0.9868334641
0.9869631277
0.9869936057
0.9870492834
0.9871536105
0.9873616177
0.9877662516
0.988512169
0.9896120478
0.9882100183
0.9842136304
0.9803161738
0.9806557562
0.9822334901
0.9840460347
0.9856382923
0.9853557559
0.9857082685
0.9860600154
0.9854548126
0.9852069188
0.985320693
0.9864252056
0.9853119364
0.9741795924
0.05447975356
0.03618337119
0.03227943949
0.0322401145
0.03223263292
0.0322415885
0.03226239359
0.03229105804
0.03232374441
0.03235988137
0.03240163293
0.03240944986
0.0326393771
0.04561320189
0.951592232
0.9312827475
0.04910776681
0.03283035846
0.0324612695
0.03239044445
0.03239434221
0.03243314776
0.03256591237
0.03324827893
0.03561270395
0.03821394966
0.04837429921
0.08186519761
0.8854254054
0.912937829
0.9445040673
0.9706319013
0.9790830365
0.985920522
0.988148008
0.9887140246
0.9882022099
0.9873065245
0.9865794617
0.9859059602
0.9846420528
0.9792539647
0.8890558706
0.04564116598
0.03335571588
0.03229937372
0.03244404154
0.03258058983
0.03273321339
0.03288466633
0.03302715165
0.03315373962
0.03326820397
0.03337068738
0.03346689394
0.0335252786
0.03351177975
0.03341395411
0.03325566046
0.03343131348
0.04935902497
0.95159358
0.7234799499
0.06661143648
0.03227228276
0.03225857949
0.03221338701
0.03237235676
0.03490891502
0.04048521877
0.06702871443
0.3956728449
0.9875437514
0.9912895359
0.9927637197
0.9926235958
0.9927437749
0.9930904848
0.9923584704
0.9915283073
0.9903761624
0.9886329154
0.986046337
0.9814864978
0.9758765773
0.3133580191
0.07431786422
0.05141755309
0.05039569764
0.05005413793
0.04931166298
0.04936764663
0.05064245843
0.05096703644
0.05042372207
0.05010021557
0.05038133328
0.05094972427
0.05110945493
0.05131038104
0.05170676858
0.05251261655
0.05429730671
0.05881603376
0.07558990753
0.1469641792
0.800865221
0.9375934559
0.9419369437
0.9652540329
0.972926999
0.9744616952
0.9694169448
0.9747634809
0.9845874707
0.9870470491
0.9881665433
0.988035156
0.9880953458
0.9882363452
0.9877389341
0.9839463387
0.9674695
0.05448624521
0.03564667186
0.03220719633
0.03222453203
0.03227377911
0.03232723487
0.03237747063
0.03241260368
0.03244170499
0.03240660952
0.03468784063
0.1038569188
0.9776255228
0.3800220401
0.03664634795
0.03252670681
0.03246483767
0.03243396971
0.03242251179
0.03242882003
0.03244624356
0.03246861513
0.03246439714
0.03246505579
0.03257906588
0.03297026337
0.05209617147
0.2144756947
0.9668822091
0.9709447916
0.9654755299
0.1027891279
0.3008653188
0.9850010274
0.9893049058
0.9888890964
0.987593327
0.9870175909
0.9862710251
0.9856794347
0.9845137752
0.9809751491
0.4553731466
0.04174706658
0.03255753464
0.03257249534
0.03273754043
0.03287146141
0.03299400327
0.03310103353
0.03319772011
0.03327079146
0.03333264182
0.03334732082
0.03330109509
0.03319894796
0.03306915731
0.03370944315
0.05552961554
0.9638038406
0.793707523
0.06642607203
0.03211084851
0.03221212694
0.032226609
0.03226074226
0.03229846962
0.03229782126
0.0323893258
0.03318474976
0.03641462944
0.0465388072
0.119409296
0.9503298705
0.9877149534
0.9913600294
0.992068265
0.9916866633
0.9910677449
0.9897379543
0.988291144
0.9870643394
0.9866601391
0.9864001039
0.9831854915
0.105230246
0.03885132687
0.03234115017
0.03221928663
0.03218690122
0.03220632545
0.03224265079
0.03226287508
0.03228834979
0.03231549388
0.03235915141
0.0323978699
0.03242935428
0.03246019781
0.03249625733
0.03254855336
0.03262969821
0.03278015184
0.03320650575
0.04150876547
0.08258288019
0.9319643835
0.969356249
0.97507608
0.9679109301
0.06192227398
0.04280626092
0.06545022582
0.7151764722
0.9845230972
0.9888254213
0.9900577183
0.9898337222
0.9893692772
0.988551339
0.9871585469
0.982284701
0.9609405612
0.0539509746
0.03585994588
0.0322489484
0.03231214749
0.03240750466
0.03246884265
0.0324624336
0.03242400574
0.03652426698
0.6053774274
0.9715985222
0.07501078464
0.03397008149
0.03247664328
0.03247841812
0.03245657205
0.03244064076
0.03243510158
0.03244396519
0.03246813986
0.03248999056
0.03248582866
0.03249495688
0.03625805348
0.08345108798
0.9783137173
0.980777699
0.9762026583
0.1272059118
0.04185112315
0.03369346482
0.04451034932
0.3973434185
0.985881361
0.9870907595
0.9873314599
0.986676554
0.9861239734
0.9859137055
0.9867785722
0.9870554299
0.9829085052
0.1135547632
0.03964686656
0.03263007062
0.03277257017
0.03292831626
0.03302257109
0.03310832204
0.03316279679
0.03321566513
0.0332087981
0.03314590154
0.03304174491
0.0329050092
0.03405537647
0.07097643495
0.9706635238
0.8628216939
0.06638425372
0.0320739121
0.03217218763
0.0322076292
0.03224543475
0.03227905889
0.03229557901
0.03231475805
0.03235284252
0.03237716076
0.03234724063
0.03242586865
0.03517918928
0.04105488718
0.07513819015
0.6735234062
0.9871650773
0.9902967723
0.990929615
0.9893678638
0.9885382227
0.9882109116
0.988342017
0.9890461162
0.9877055334
0.9809100728
0.07896910147
0.03774866616
0.03226793953
0.0322022722
0.03221547114
0.03224098249
0.03227133779
0.03231083958
0.03236281294
0.03241732591
0.03246085052
0.03249413834
0.03252002854
0.03254674661
0.03256570482
0.03252985354
0.03373802613
0.05033205978
0.9304066712
0.9753917738
0.9805710985
0.9792312557
0.1113035102
0.04117531298
0.03264447319
0.03256173836
0.03466495167
0.04494842272
0.1610020413
0.9855152767
0.9897395374
0.9909129345
0.9902874847
0.9892808546
0.9879352279
0.9862554673
0.9814924845
0.9644499067
0.05795491074
0.03688592145
0.03242483778
0.03247684322
0.03260688917
0.03261831108
0.04972213269
0.9548267711
0.8982745018
0.03936395413
0.03246685176
0.03247773195
0.03248255157
0.03247563809
0.0324615065
0.0324504381
0.03244502703
0.03244461745
0.03243190457
0.03240096884
0.03406998696
0.05068627262
0.9532308393
0.9780979359
0.9763099063
0.2590001285
0.04330026022
0.03308263618
0.03266401498
0.03248981089
0.03334258313
0.04969954771
0.9630470879
0.9846381704
0.9867441443
0.9858526647
0.9849202621
0.985464617
0.9871422162
0.988615265
0.9878830458
0.9827556823
0.09176559435
0.0393285228
0.0327367012
0.03285584066
0.03301478601
0.03304965179
0.0331210571
0.03310614426
0.03304115985
0.03293512282
0.03278029687
0.03462360853
0.1265373514
0.9748484804
0.9079123035
0.06637350631
0.03206078849
0.03214944593
0.03218409166
0.03222213843
0.03225451354
0.03227499419
0.03229445294
0.03232343227
0.03235559395
0.03236504038
0.03235519869
0.03235176499
0.03232489427
0.03241371641
0.03429642161
0.04281674046
0.1001343696
0.9837140119
0.9867943504
0.987743538
0.9883303156
0.9884865751
0.9887357445
0.9890929864
0.9891059359
0.9866021603
0.9780074761
0.07083694127
0.0374408106
0.03228395539
0.03223429294
0.03225266724
0.03228733786
0.03234840461
0.0324090251
0.03245360379
0.03248035237
0.03248818975
0.03248948466
0.03246581503
0.03239687634
0.03832940596
0.3347843668
0.9792666971
0.9795732858
0.9791061273
0.2657061695
0.04531991519
0.03299889606
0.03276301562
0.03264822013
0.03256343375
0.03249506713
0.03269740295
0.04158048071
0.1524187315
0.9869030988
0.9905361566
0.9910707582
0.9898620437
0.9883041434
0.9869049833
0.9857981168
0.9821001688
0.9724179015
0.07580862078
0.04077730764
0.03366882907
0.03586477723
0.1007219267
0.9813184623
0.2041227524
0.03552554292
0.03245884849
0.03253161931
0.03251955805
0.03250063652
0.03248070145
0.03246417991
0.03244936662
0.03242942421
0.03237718373
0.03241787867
0.04113180565
0.5984836196
0.979320202
0.975736696
0.7927569639
0.04470580178
0.03350382265
0.03257957524
0.0325759826
0.03245955698
0.03239374832
0.03232354498
0.03544504595
0.06693724001
0.9782462789
0.9849685435
0.9837742886
0.981514614
0.9854017031
0.9873034778
0.9883427289
0.9891147924
0.9876093449
0.9820725913
0.09417134841
0.04064001357
0.03344426306
0.03283002368
0.03295742905
0.03304379735
0.03299289025
0.03291216443
0.03273158835
0.03529775617
0.2612691437
0.9768872618
0.9357394741
0.06636975688
0.03205440196
0.03213509056
0.03216584841
0.03220089979
0.03223302202
0.03225836123
0.03228292825
0.03231216192
0.03234294411
0.03236255892
0.03236893763
0.032371114
0.03236264011
0.03236965395
0.03239718848
0.03238679953
0.03247540053
0.03830110838
0.06631478933
0.9905456927
0.9846598457
0.9884916446
0.9887233269
0.9889338664
0.9890204239
0.9888416981
0.9884096708
0.9854341025
0.9763545963
0.07385066174
0.03889550622
0.03268818049
0.03226849624
0.03230271024
0.03237510499
0.03243120278
0.03246032515
0.03245293658
0.03244121256
0.03241099593
0.03417109786
0.05339976642
0.97080358
0.9837105988
0.9791805537
0.8572987265
0.04920648083
0.0336248076
0.03282549508
0.03277599953
0.03268827443
0.03262199303
0.03257298752
0.03253104437
0.0324874237
0.03263897855
0.04261395849
0.2192699559
0.9880550506
0.9907452411
0.9899279561
0.9880906995
0.9866465151
0.985370607
0.9851867275
0.9838954639
0.9801132472
0.2208883272
0.0546053574
0.8423123186
0.9618572409
0.06984935824
0.0331496178
0.03250204389
0.03254851001
0.03253675632
0.03251109226
0.03248400374
0.03246097111
0.03243879146
0.03241324639
0.03233109205
0.03608942582
0.07935021058
0.9798646246
0.9825456335
0.9607920097
0.04973520799
0.03435765886
0.03242290096
0.03248630048
0.03247697168
0.03242811589
0.03239021319
0.03233869577
0.03227778353
0.03230061346
0.03960111578
0.4877080598
0.9797295983
0.9754855198
0.9767918952
0.9861673006
0.9875449779
0.9880435673
0.9884932706
0.9887201523
0.9867630573
0.9805154622
0.2793443907
0.04795659398
0.03638170148
0.03313879507
0.03286888515
0.03287181113
0.03298912889
0.03607175371
0.4298431137
0.9770433008
0.9518132829
0.06636751318
0.03205031177
0.03212518328
0.03215261469
0.03218461372
0.03221617919
0.03224481646
0.03227320138
0.03230347691
0.03233312724
0.03235530763
0.03236780056
0.03237275164
0.03236839412
0.03236893659
0.03237897714
0.03237587217
0.03236436446
0.03236533386
0.03233382797
0.03630673564
0.06202460831
0.983140042
0.9865279697
0.9889401767
0.9891482929
0.9890241337
0.9886097659
0.9880377721
0.9876284819
0.9851931622
0.9786920734
0.1596234341
0.04522139315
0.03493108811
0.03231743135
0.03237804317
0.03245151255
0.03242564595
0.0324008405
0.03290118294
0.04394175949
0.8776295484
0.9819197545
0.9843746592
0.9680548075
0.05172605795
0.03465755124
0.03271297734
0.03274753189
0.03271948243
0.03267977626
0.03264215088
0.03260487501
0.03257144768
0.03254318381
0.03251649409
0.03248287767
0.03281802134
0.04612359004
0.5175517541
0.9870883575
0.9878130358
0.9868037553
0.98421817
0.982796918
0.9835904221
0.9854131931
0.985042783
0.9790081488
0.953874292
0.8565656543
0.0390555481
0.03256809444
0.03254224034
0.03254514648
0.03253290233
0.03250617055
0.03247342654
0.03243814398
0.03239529096
0.03236876215
0.03410623186
0.05121561833
0.9656685686
0.9827775698
0.9784570359
0.07387850178
0.03585595405
0.0323239693
0.03241616807
0.03244862847
0.03243749914
0.03240636795
0.03237848232
0.03233903897
0.03229434429
0.03226766689
0.03224524248
0.03393985283
0.05263263066
0.9629747146
0.9625117234
0.6011760734
0.9827313508
0.9861382194
0.9871688627
0.987205519
0.9869756893
0.9865480753
0.9849522754
0.9791045045
0.9478044474
0.1344334154
0.05214619028
0.03900074065
0.03805096052
0.03993638212
0.5063993522
0.9775098266
0.9615973243
0.06636558222
0.03204720889
0.03211784816
0.03214294501
0.0321725987
0.03220341401
0.03223367373
0.03226414571
0.03229509113
0.03232427305
0.03234760275
0.03236330739
0.03237173375
0.03237299426
0.03237500757
0.03238029966
0.03238031766
0.03237944907
0.03238547988
0.03236778195
0.03230734837
0.03227715898
0.03712456504
0.06804174044
0.9824509933
0.9874775546
0.9895188451
0.9890176738
0.9880654279
0.9873093992
0.9868320893
0.9867061029
0.9857173686
0.980405552
0.9191286584
0.05973702183
0.037929267
0.03250293745
0.03249927629
0.03247843651
0.03828186194
0.1622294108
0.9808916068
0.9843148431
0.9811916328
0.09626003132
0.03697529166
0.03257146736
0.03270174286
0.03272450578
0.03270319043
0.03267895224
0.03265366721
0.0326250526
0.03259549535
0.03256687409
0.0325399112
0.0325156854
0.03249588081
0.03246679817
0.03368218608
0.05212865676
0.973826579
0.9853447856
0.9840841859
0.9802782437
0.9813276205
0.9844158788
0.987352408
0.9877852535
0.9824615791
0.1602086531
0.03617609002
0.03259218269
0.03260355863
0.03256100345
0.03252682225
0.03249535853
0.03246432058
0.03242793277
0.03235356986
0.03248101368
0.04216218757
0.7740449761
0.9783235139
0.9787991055
0.5697912449
0.04021362975
0.03237873333
0.03235733697
0.03240900417
0.03242197749
0.03241069559
0.03238911739
0.03236585501
0.03233513648
0.03230146474
0.03227659514
0.03225704322
0.03224049821
0.03260294217
0.04147403309
0.9494463833
0.9526906557
0.07936681134
0.9612607827
0.9817707499
0.9856835599
0.9852971403
0.983263544
0.981562384
0.9810637711
0.977019549
0.9774091305
0.974442196
0.9251494451
0.7571754555
0.1289660755
0.8796661406
0.9760314124
0.9685753503
0.06636373808
0.0320446326
0.03211209109
0.03213565079
0.03216364928
0.03219370496
0.03222452852
0.03225590911
0.03228718749
0.03231638371
0.03234081104
0.03235910816
0.03237123538
0.03237791079
0.03238361197
0.03238996364
0.03239413583
0.03239882033
0.03240500196
0.03239645699
0.03236631313
0.03234180328
0.03233624555
0.03233942613
0.03764890511
0.07834960951
0.9837772719
0.9887553738
0.9886608789
0.9870419294
0.9856705707
0.9841470762
0.9837912158
0.9843882958
0.9822313284
0.9802263778
0.973044173
0.0770068111
0.0396554324
0.03630177003
0.05356243768
0.9683204406
0.9845700232
0.9825196246
0.812973634
0.04333330223
0.03262308117
0.0326253519
0.03269677858
0.03270770372
0.03269631415
0.03267852541
0.03265854938
0.03263524491
0.03260966203
0.03258326915
0.03255733193
0.0325334378
0.0325128603
0.03248873422
0.03246627318
0.03244787619
0.03568372888
0.08018947606
0.9786036451
0.9769294142
0.9793509778
0.9847230148
0.9885119694
0.9898361464
0.9887767908
0.984055832
0.05837100045
0.03257203805
0.03254302795
0.03251714293
0.03248879408
0.03246228055
0.03244107172
0.03241952761
0.03231470605
0.03669505125
0.09634062543
0.9805651566
0.9807494499
0.946718526
0.04801210382
0.03377041657
0.03232884042
0.03235272439
0.03238145637
0.0323930499
0.03238820378
0.03237385075
0.03235535162
0.03233132886
0.03230549336
0.03228381597
0.03226567635
0.03225125107
0.03224269739
0.03231544632
0.04019781801
0.9337633616
0.9443917743
0.0512812344
0.05747146466
0.9719218635
0.9839251479
0.982968039
0.9770120621
0.9728575096
0.9675902086
0.9611979979
0.9619357342
0.9477459625
0.9323923107
0.9451023928
0.9454395175
0.9743116427
0.9673935337
0.06636194158
0.03204237627
0.03210733418
0.03212991586
0.03215679269
0.03218619227
0.03221706313
0.03224873808
0.03228018347
0.03230967642
0.03233529633
0.03235597742
0.03237160468
0.0323829202
0.03239247693
0.03240134907
0.03240871157
0.03241573188
0.03242119706
0.03241633218
0.03239884405
0.03238332985
0.03238193762
0.03237864345
0.03235275513
0.03237082777
0.03924030743
0.1243672724
0.9835167408
0.9856513943
0.9848809716
0.98154906
0.9792688457
0.9793569772
0.979814088
0.9803857584
0.9819264257
0.9805352559
0.9716212477
0.07977620833
0.9343814239
0.9774253853
0.9844419351
0.9724048571
0.05199898736
0.0341412281
0.03253315919
0.03262126244
0.03266766176
0.03268561749
0.03268504364
0.03267429148
0.03265826312
0.03263844611
0.03261613896
0.03259293937
0.03257121646
0.03255393954
0.03254059814
0.03252523199
0.03251542713
0.03252860708
0.03260780468
0.03271941169
0.04586576712
0.9453847603
0.9728618659
0.9824190467
0.9876937647
0.988978677
0.9876454261
0.9866934863
0.9833196599
0.05309196404
0.0324126946
0.03243323032
0.0324314728
0.03241103122
0.03239320862
0.0323875994
0.03424483782
0.05355754262
0.9725260534
0.984732226
0.9782510612
0.06353107539
0.03503306825
0.0323002273
0.03235060898
0.03236065709
0.03237292732
0.03237799912
0.03237427295
0.03236351142
0.03234828167
0.03232899572
0.03230842467
0.03228984157
0.03227358624
0.03226044848
0.03225161176
0.03224420751
0.03223816536
0.0392593299
0.9110891523
0.9708640854
0.07279459456
0.03856361858
0.0844101404
0.9781747136
0.9749636647
0.9683839522
0.9622363904
0.9511097924
0.9241033962
0.8652976316
0.8126127844
0.8839409478
0.94768514
0.9706805293
0.9599943038
0.06636017364
0.03204032272
0.0321032183
0.03212520661
0.03215136086
0.03218026736
0.03221101087
0.03224273607
0.03227430293
0.03230422
0.03233101208
0.03235380428
0.03237244207
0.03238747284
0.03240031908
0.03241164028
0.03242117546
0.03242918929
0.03243415489
0.03243152908
0.03242098213
0.03241013971
0.03240415988
0.03239831217
0.03239154438
0.03238924705
0.03237284371
0.0325272015
0.04351168627
0.9030177948
0.9827192353
0.9811244009
0.974330321
0.9728803078
0.9739818176
0.9751519987
0.9765405355
0.9789196706
0.9813931072
0.9801445311
0.9763976492
0.9791637849
0.9816432256
0.14800656
0.03748743716
0.03246808553
0.03259329144
0.03264265392
0.03266668891
0.03267687641
0.03267655775
0.03266826006
0.03265437735
0.03263649414
0.03261586871
0.03259445793
0.03257626925
0.0325666801
0.03256229458
0.03255443261
0.03254332337
0.03255144439
0.0326403565
0.03275389168
0.04092523689
0.08676397473
0.9584652871
0.9737143525
0.9832336257
0.9856324098
0.9843376858
0.9829539153
0.9848319485
0.9796565107
0.04655418933
0.0323465547
0.03239701535
0.03238479664
0.03235391074
0.03274938601
0.0446784479
0.8771376906
0.9786677745
0.9810939214
0.2903037912
0.03908735429
0.03231413672
0.03234527746
0.03237442326
0.03237625452
0.03237555599
0.03237300942
0.03236698677
0.03235707434
0.03234385055
0.03232778653
0.03231077296
0.03229462551
0.03227983319
0.03226682216
0.03225515005
0.0322421284
0.0322210488
0.03218292643
0.03669089679
0.7355900776
0.9848775748
0.2919474173
0.03751854558
0.04809231342
0.9536752579
0.9678882209
0.9660475628
0.9615675078
0.949312759
0.9214754113
0.8848776558
0.9066830796
0.9447753759
0.9653546061
0.9351000939
0.06635841146
0.03203839594
0.03209951269
0.0321211821
0.03214692366
0.03217552888
0.03220615838
0.032237891
0.03226958854
0.03229994594
0.03232775804
0.03235226908
0.03237328529
0.03239112283
0.03240650841
0.03241978897
0.03243077107
0.03243930862
0.03244412762
0.03244295844
0.03243597964
0.03242731784
0.03241919716
0.03241103765
0.03240315075
0.03240288398
0.03240963094
0.03243030272
0.03240214612
0.03504887402
0.07347816116
0.9754826113
0.9711385229
0.9663447228
0.9695372845
0.9733197753
0.9774277115
0.9820650139
0.9861661731
0.9883742196
0.9866654502
0.9816254525
0.9406617295
0.04911914047
0.03288849244
0.03257152061
0.03263181238
0.03265749841
0.03266726128
0.03266876951
0.03266549031
0.03265768043
0.03264565018
0.03262948681
0.03260903608
0.0325862167
0.0325672656
0.03256094923
0.03255824235
0.03253830238
0.03250144859
0.03248042951
0.0330647018
0.04138606143
0.08035708802
0.9682378763
0.9704165149
0.9691450593
0.9729439147
0.9753202093
0.977802541
0.9779111554
0.9801850418
0.9825122704
0.9730205205
0.04375341573
0.03238202334
0.03239763856
0.03235226543
0.03822976137
0.150761979
0.9816358973
0.9793474615
0.9167821392
0.04658852283
0.03316045866
0.03233085365
0.03235465575
0.03237129912
0.03237590797
0.03237499539
0.03237018149
0.03236287079
0.0323531452
0.03234117336
0.03232731716
0.03231286332
0.03229877077
0.03228559675
0.03227364935
0.03226211431
0.03225057085
0.03223405628
0.03220873294
0.03216683735
0.03446334252
0.2657880732
0.9810451484
0.8997525149
0.04706938004
0.07008244375
0.9527842888
0.9684158496
0.9685785893
0.961625122
0.9476936937
0.9264561974
0.9259675167
0.9393277287
0.9573815484
0.8388795242
0.06635663285
0.03203654612
0.03209607066
0.03211763229
0.03214321924
0.03217172883
0.03220235308
0.03223414622
0.03226599416
0.03229672704
0.03232530666
0.0323510579
0.03237377446
0.03239358755
0.03241077744
0.03242548551
0.03243742879
0.03244636241
0.03245131743
0.03245119601
0.03244607805
0.03243854339
0.03242928467
0.03242075271
0.03241245653
0.0324133674
0.03242004279
0.03245156848
0.03248116512
0.03251913654
0.03270310395
0.05274826398
0.9540580587
0.9631829107
0.9688328826
0.9744885345
0.979984666
0.985202491
0.9892197283
0.9913249556
0.9904294375
0.9846449111
0.08673662197
0.03603173872
0.03259971734
0.03261423629
0.03262875092
0.03264573462
0.03265302281
0.03265257127
0.03264828442
0.03264120827
0.03263162585
0.03261806336
0.03259714858
0.03256893864
0.03254340393
0.03253368336
0.03251892129
0.03246163997
0.03237496
0.03391675325
0.04539467207
0.2249544863
0.9800781136
0.9809803788
0.9791178535
0.9749468262
0.9166070867
0.08112755617
0.8880299386
0.9737182057
0.9771512117
0.9787668538
0.9796282281
0.9683991444
0.0472453733
0.03249641787
0.03561816965
0.05990205667
0.9769757314
0.9852809551
0.9756066359
0.05622435517
0.03441707347
0.03232548194
0.03233976767
0.03235260731
0.03236684268
0.03237321183
0.03237347592
0.03236874096
0.03236091709
0.03235108649
0.03233971921
0.03232724454
0.03231474542
0.03230248039
0.03229104887
0.03228083006
0.03227084307
0.03226367473
0.0322553326
0.03225472434
0.03226034158
0.03230298709
0.03335613918
0.05504813244
0.9511951234
0.8707283131
0.8969048409
0.9313044751
0.9648302663
0.9702605855
0.9663928955
0.9585896575
0.9459623505
0.9365151011
0.9283993079
0.9430871669
0.5589668348
0.06635482271
0.03203474448
0.03209280704
0.03211444046
0.03214010591
0.03216873452
0.03219951002
0.03223145813
0.0322634635
0.03229444312
0.03232346081
0.03234991263
0.03237364944
0.03239469417
0.03241301419
0.0324286705
0.03244120203
0.03245048334
0.03245575395
0.03245651871
0.03245232977
0.03244573853
0.03243564488
0.03242706503
0.03241698837
0.03241776347
0.03241047792
0.03243045698
0.03243875769
0.03243603763
0.03474473772
0.04723329747
0.4685729141
0.9610631569
0.9696464351
0.9745474287
0.9794922518
0.9846969861
0.9888935096
0.9909745873
0.990439779
0.98738222
0.2170806306
0.03331746086
0.0326084786
0.03263236349
0.03262601834
0.03262750757
0.03263011213
0.03262898735
0.03262447776
0.03261818662
0.0326117708
0.03260305707
0.03258347287
0.03254943849
0.03251353472
0.03250635867
0.03246946441
0.03236678787
0.03471848204
0.04606797081
0.7386752196
0.9831129947
0.9853441526
0.9806105751
0.9665606604
0.1710088451
0.05115691469
0.0368967765
0.03898786327
0.885582725
0.9755326054
0.9760102232
0.9743174415
0.9754460665
0.9720890846
0.06286257629
0.04860115473
0.9334081168
0.9782849151
0.9807349074
0.1278381177
0.03738052444
0.03228745819
0.03236221429
0.03237520635
0.03237557817
0.0323765924
0.03237698505
0.03237454557
0.03236862353
0.03236006844
0.0323498946
0.0323386903
0.03232696151
0.03231607573
0.03230556761
0.03229607315
0.03228742513
0.03227840823
0.03227615013
0.03226872745
0.0322811857
0.03230056796
0.03233931235
0.03270962087
0.03840977878
0.07217094779
0.9297728207
0.9494966624
0.9519532658
0.9571594594
0.9652081488
0.9623220661
0.9579665005
0.9522056584
0.9397824785
0.9018832953
0.8965077901
0.3356779555
0.06635297637
0.03203298147
0.03208968749
0.03211156333
0.03213753405
0.03216650617
0.03219761762
0.03222983491
0.03226198173
0.03229302238
0.03232207471
0.03234862304
0.03237270691
0.03239431735
0.03241313689
0.0324293157
0.03244205284
0.03245159143
0.03245716614
0.03245888639
0.03245505869
0.03244934058
0.03243896955
0.03243236326
0.03241526297
0.03242265156
0.03239373928
0.03239019917
0.032366003
0.03508965454
0.0469441361
0.5242933338
0.9613125992
0.9623829868
0.9690544212
0.9717857313
0.975032026
0.9796707482
0.985105148
0.9880512467
0.9873932748
0.9855043235
0.9825632876
0.04945146974
0.03247212167
0.03254563206
0.03257439859
0.03258694969
0.03259485648
0.03259695236
0.0325934478
0.03258764291
0.03258492885
0.03258283921
0.03256872868
0.03253231604
0.03248923921
0.03248353352
0.03251997899
0.03724734107
0.05395929
0.9277695451
0.9811810607
0.9851923492
0.9812121197
0.8961407437
0.05153481783
0.0379411028
0.03316017512
0.03264421869
0.03249339133
0.039374463
0.9482006043
0.975215246
0.9688043085
0.9652767191
0.9726216945
0.9704730152
0.9260762411
0.9689009035
0.9760491347
0.8638053284
0.04371025099
0.03260036059
0.03233890839
0.03238376477
0.03239201663
0.03239088837
0.03238648641
0.03238158401
0.03237591681
0.03236839303
0.0323589861
0.03234843439
0.03233719744
0.03232574726
0.03231621137
0.03230715371
0.03230033745
0.03229318965
0.03228058614
0.03228281516
0.03226659068
0.03226970745
0.03226539989
0.03385327769
0.04082464363
0.07130696722
0.940883708
0.956037283
0.9659705068
0.9626663648
0.9566941273
0.9537029906
0.9433586835
0.9464511039
0.9539986351
0.9503654517
0.8875170731
0.8327931959
0.302963962
0.06635109934
0.03203126642
0.0320867269
0.03210902559
0.03213553322
0.0321650846
0.03219674212
0.03222936207
0.03226160629
0.03229246648
0.03232105793
0.03234699661
0.03237075871
0.03239234392
0.03241103525
0.03242737681
0.03243976721
0.03244943534
0.03245511988
0.03245772889
0.03245426889
0.03245054187
0.03243743712
0.03244279445
0.03241804547
0.0324254059
0.03239308724
0.03329566614
0.03903385155
0.05717184362
0.8790202058
0.968593895
0.9699415914
0.9635458051
0.9662983113
0.9686404238
0.970291605
0.9715229552
0.9761722913
0.979988473
0.9808378345
0.9800650177
0.9821963241
0.9468290222
0.03559247513
0.03243460576
0.03250398041
0.0325364356
0.03255602303
0.0325629496
0.03255914324
0.03255110114
0.03255028566
0.03255433377
0.03254013073
0.03249895293
0.03244164291
0.03337508707
0.04272587842
0.09377303829
0.9730354432
0.9818695381
0.9850106618
0.9824470396
0.6499715025
0.04519255001
0.03446338145
0.03241016283
0.03247604263
0.03252508384
0.03249123786
0.03239290338
0.04557246526
0.9736839226
0.9731196807
0.9669330202
0.9762186281
0.9818186318
0.9799060161
0.9789476266
0.9699322239
0.05821476922
0.03453197706
0.03238353454
0.03238268345
0.03239550093
0.03240052244
0.03239871014
0.03239249922
0.0323847496
0.03237652272
0.03236744521
0.0323571167
0.03234611857
0.03233455733
0.03232305654
0.03231491754
0.03230584423
0.03230224468
0.03229944103
0.03227880313
0.03227754059
0.03224910781
0.03267340167
0.0367442048
0.04931246778
0.6773711568
0.9712384698
0.9764051079
0.9735726883
0.9732877252
0.9647679511
0.7571401133
0.9386934299
0.8967022521
0.9206620509
0.9550096575
0.9594474879
0.9335698215
0.7072932388
0.3368514369
0.06634920187
0.03202962778
0.03208399737
0.03210693031
0.03213421259
0.0321645836
0.03219702822
0.0322302213
0.03226248454
0.0322928667
0.03232037746
0.03234481837
0.03236758422
0.03238866831
0.03240653274
0.03242280041
0.03243393816
0.03244325575
0.03244867793
0.03245179629
0.03244499392
0.03244682547
0.03242242888
0.03242187076
0.03238222547
0.03259607621
0.03594943568
0.0513160283
0.3117435526
0.9743026433
0.9778376951
0.9782554405
0.9748746685
0.9706028984
0.9733156351
0.9751198456
0.9770364503
0.9755931046
0.9758165567
0.9697869428
0.9562372411
0.9747853085
0.9804012344
0.9801196007
0.05860117848
0.03236106371
0.03243981387
0.03248859877
0.03252105166
0.03253270824
0.03252559191
0.0325110182
0.0325077196
0.03251146952
0.03247277499
0.03238133261
0.03407810972
0.04657727342
0.3792126996
0.9826497601
0.9842779204
0.9826588095
0.9778695865
0.1615217437
0.04399561472
0.03375372265
0.03239686979
0.03245388054
0.03248272518
0.03247040458
0.03243612103
0.03240989886
0.03260962805
0.08199540062
0.9746804102
0.9750725795
0.9836761045
0.9884903914
0.9885278875
0.9843050509
0.3080679942
0.04087765278
0.03249475838
0.03249501764
0.03245472128
0.03243036172
0.0324149625
0.03240481097
0.03239508509
0.03238508647
0.03237508646
0.03236484266
0.03235382774
0.03234272138
0.03233030598
0.0323178466
0.03231267326
0.03230005645
0.03229513566
0.0322915375
0.03225915212
0.03232979922
0.03460317889
0.04349964729
0.1575233994
0.9644684247
0.9799153172
0.9816065018
0.9799690055
0.9682648416
0.8519204448
0.08570583396
0.04619143356
0.0736823129
0.9341355557
0.9315120198
0.9580773327
0.9639614546
0.9573894167
0.9227182341
0.2753992334
0.06634728417
0.03202811288
0.03208164982
0.03210549142
0.0321337788
0.03216518648
0.03219868804
0.03223269916
0.0322648685
0.03229442181
0.03232004824
0.03234183155
0.03236289586
0.03238312581
0.03239942604
0.03241556438
0.03242379605
0.03243225452
0.03243448678
0.03243902871
0.0324203883
0.0324131413
0.03237113053
0.03247716827
0.03525436111
0.04623087729
0.1272212131
0.9682096181
0.9841471364
0.985977707
0.9840178265
0.9819820599
0.9800548977
0.9797498835
0.9799765336
0.9799317715
0.9812865496
0.97750145
0.9137221149
0.08369342934
0.05924652568
0.9693158086
0.9813714547
0.9841592821
0.9746529302
0.03784885083
0.03239043648
0.03245999461
0.03250023421
0.03251369865
0.03250039785
0.03247667552
0.03247813602
0.03247243962
0.03240555316
0.03536452551
0.04751870458
0.8428164196
0.9832709077
0.9859973325
0.9812214255
0.9539109989
0.06330396972
0.03918955423
0.03276171791
0.03246071063
0.03247660778
0.03247298075
0.03247012775
0.03244437636
0.03240976472
0.0324073618
0.03282729349
0.04381503678
0.9298323451
0.975305814
0.9848614944
0.9892534455
0.9896060257
0.9854730206
0.1077974862
0.03371428966
0.03258926253
0.03252793266
0.03247039866
0.03243788459
0.03241610829
0.03240218614
0.03239126867
0.03238075089
0.03237023769
0.03235931389
0.03234790567
0.03233798765
0.03232483257
0.03230852431
0.0323075022
0.0322893245
0.03227270148
0.03226239907
0.0338750654
0.04020468644
0.07022683963
0.9198585083
0.9813699117
0.9841949759
0.9834707685
0.9790199716
0.881324393
0.06934082233
0.0427025653
0.03658270737
0.03600634088
0.04788088342
0.8555847795
0.9389774584
0.9558358585
0.9619909102
0.9634217597
0.9587421706
0.4616698837
0.06634530334
0.03202678527
0.03207995871
0.03210509713
0.03213457764
0.03216716363
0.0322019823
0.0322371453
0.03226909756
0.03229753803
0.03232009219
0.03233762038
0.03235659947
0.03237535547
0.03238891365
0.03240665688
0.03240715629
0.03241485583
0.03241009623
0.03240415425
0.03236673363
0.032429228
0.03498641397
0.04414805087
0.09863637953
0.9606438606
0.9841722203
0.9869415668
0.9865097112
0.9867813458
0.9848124738
0.9845153146
0.9825865164
0.9830130424
0.9830650031
0.9696706772
0.8941698391
0.09508246157
0.04579253986
0.03629994104
0.03283348864
0.0654585958
0.9801948386
0.9847864203
0.98588365
0.112818133
0.03255639713
0.03245859488
0.03250149679
0.03250980632
0.03248808944
0.03245201347
0.03245617136
0.0326528578
0.03894381344
0.06171731805
0.9549425051
0.9810041972
0.9852138159
0.9819633916
0.8213357126
0.04708815593
0.03539329372
0.03244630131
0.03245486446
0.03247188414
0.03247565472
0.03245079163
0.03241734456
0.03239043881
0.03255971004
0.03515658125
0.04517286689
0.1162587284
0.9460074337
0.9677393523
0.9806989591
0.9861697755
0.9870694079
0.9856067597
0.9774383213
0.0398967954
0.03248282491
0.03247040961
0.03243850525
0.03241897585
0.03240379895
0.03239234052
0.0323826106
0.03237256912
0.03236236022
0.03235058959
0.03233742631
0.03233063566
0.03231905136
0.03229786724
0.03229630936
0.03226334632
0.03293034402
0.03770711228
0.05254725721
0.7764638406
0.9758994129
0.9826188812
0.9849645738
0.9836326196
0.9503934991
0.09089340477
0.04342688906
0.03544378835
0.03304951956
0.0364366969
0.04796490945
0.5149651165
0.9283417208
0.9326636649
0.9373446552
0.9451677363
0.9621222817
0.969661566
0.8794512909
0.06634311373
0.03202571307
0.03207941181
0.03210642569
0.03213714563
0.03217093543
0.03220728541
0.03224385674
0.03227528845
0.03230304614
0.0323209036
0.03233102003
0.03234889327
0.03236652685
0.03237138385
0.03239636594
0.03238566162
0.03238088345
0.03236497804
0.03243330645
0.03496508254
0.04304159571
0.08636683153
0.9499976863
0.9834960162
0.9868344385
0.9869919687
0.9879826196
0.986951449
0.9866468504
0.9845453184
0.9843505971
0.9808483953
0.9499076118
0.4877542391
0.06793802291
0.03996585385
0.03538043984
0.03274383489
0.03259258664
0.03253640634
0.03481712101
0.8806567292
0.9826041018
0.9859565194
0.9801804482
0.04398659976
0.03240801914
0.03250226651
0.03250403099
0.03246311875
0.03240182452
0.03377116694
0.04474448076
0.1344937141
0.9784264008
0.982609197
0.9841551521
0.9813690535
0.4769738608
0.04476517849
0.03412257657
0.03243410193
0.03249024208
0.03248921335
0.03245665018
0.0324255178
0.03242347276
0.03297834739
0.03577996859
0.04560528336
0.09966108685
0.9272277703
0.9756182388
0.9775143402
0.9740799769
0.9742172217
0.9769788794
0.9796715978
0.9818615466
0.9835412523
0.09519538433
0.03251188315
0.03242239249
0.03240424512
0.03239413488
0.03238616967
0.03237880657
0.03237102613
0.03236138402
0.03235192948
0.03233945822
0.03232092751
0.03231402799
0.03230281827
0.03227117796
0.03233866053
0.03466905832
0.04442925125
0.2572115245
0.969907888
0.9808902706
0.9826969199
0.9812424288
0.9734363773
0.2522545046
0.04884157423
0.0361871239
0.0330508942
0.03557003199
0.04252588538
0.07246989024
0.8816411073
0.9577026313
0.9556637868
0.9245537602
0.8828558918
0.8877719358
0.9486796308
0.9753743963
0.9519059852
0.06634044442
0.03202493702
0.03208085763
0.03211068804
0.03214226901
0.03217707957
0.0322154335
0.03225331545
0.03228232197
0.03231144448
0.03232459552
0.03232117955
0.03233675772
0.03236003781
0.0323480942
0.03236852475
0.03234573118
0.03245565156
0.03502835632
0.04295497647
0.08605442997
0.9443310672
0.9826501349
0.9864906574
0.9869518318
0.9881101947
0.9874423223
0.9874458091
0.9856930287
0.9845634659
0.9782080641
0.9202607345
0.09804292533
0.04666586357
0.03658833336
0.03415688356
0.03261560349
0.03255695027
0.03256643828
0.03258747279
0.03251720137
0.03233367947
0.04261739416
0.9759277089
0.9843440294
0.9825581732
0.9485133619
0.03614580971
0.03251012066
0.03249320029
0.03237421763
0.03433895143
0.04721377741
0.5710961487
0.983733137
0.9851524959
0.9817817756
0.972617377
0.102541716
0.04244588378
0.03358487612
0.03251220228
0.03253806492
0.03250079084
0.03244648218
0.03242547832
0.03398804566
0.0369196996
0.05489504218
0.2240173837
0.9611108484
0.9810605125
0.9846694496
0.9818426439
0.980627007
0.9799936311
0.9760992697
0.8956370583
0.7071871022
0.9748404327
0.9837515583
0.9773123531
0.03894875927
0.03234627011
0.03235721014
0.03236240086
0.03236408258
0.03236245209
0.03235729704
0.03234681595
0.03233887998
0.03232570305
0.03230042943
0.03228245479
0.03224799131
0.03348872694
0.03978898717
0.06505867594
0.9209898962
0.9818290466
0.9841748934
0.9829010063
0.9769697987
0.8084151087
0.05504026022
0.03904539069
0.03387759985
0.03627351422
0.04467379137
0.08572985919
0.9051903759
0.9735954118
0.9798818834
0.9746712838
0.9624710909
0.9420155763
0.9042590657
0.921474677
0.8537956239
0.9773497075
0.9695119736
0.06633733259
0.03202448915
0.03208565028
0.0321200317
0.03215138584
0.03218612434
0.03222778502
0.03226811187
0.03228770279
0.03231820637
0.03233096421
0.03231314245
0.03231637816
0.03232478542
0.03233015049
0.03262132649
0.03542028905
0.0438891013
0.09524035776
0.9556686743
0.9825846293
0.9862632993
0.9865173028
0.9878658335
0.9874600149
0.9876684039
0.9860166302
0.9849422124
0.9790310587
0.9042105592
0.07536207964
0.04162333851
0.03503401197
0.0326170725
0.03247114499
0.03248976139
0.03254412577
0.0325894931
0.03258466162
0.03255664197
0.03250305602
0.03240685762
0.03311682855
0.2307766321
0.9824158843
0.9820214505
0.982677036
0.1797320141
0.03337801735
0.03268028017
0.03655587887
0.05034431239
0.9046755579
0.982655408
0.985998417
0.9811743761
0.9284010978
0.05445336086
0.03759836425
0.03268677094
0.0325739269
0.03256660483
0.0325138839
0.03253923943
0.0345155959
0.03908915361
0.06389781972
0.6661703218
0.968630567
0.9854427787
0.9865789148
0.9844668732
0.9857681358
0.9824545782
0.9495971249
0.7369678944
0.1102230435
0.05151556492
0.04393049243
0.9554944384
0.9823831343
0.9833339001
0.07717713254
0.0323765824
0.03231704124
0.03233427903
0.03234321907
0.03234645793
0.03234432786
0.03233062669
0.03232335952
0.03231033777
0.03227293779
0.03241572707
0.03538945305
0.04574333055
0.6206983345
0.9750157177
0.9825404044
0.9852887799
0.982858298
0.9475096833
0.07846677221
0.04154617732
0.03647049658
0.03739141295
0.0503074513
0.1404686515
0.9545936714
0.980228102
0.9848149214
0.9832016868
0.9847620472
0.9837432552
0.9640830578
0.9073709748
0.7919682374
0.8434595801
0.1072422578
0.9767856056
0.9744774139
0.06633625522
0.03202498793
0.03209579328
0.03213747854
0.03216782686
0.03219997388
0.03224319452
0.03229134204
0.03229449318
0.03230868468
0.03229949335
0.03230665862
0.03249522482
0.03463998039
0.03751507969
0.05291615464
0.1514601352
0.9689480234
0.9832865236
0.986533926
0.9864205624
0.9873050785
0.9867213125
0.9874858314
0.9861025808
0.9853309717
0.9801664514
0.9225315572
0.07650159921
0.04142717065
0.03458628692
0.03242905872
0.03238026997
0.03241717371
0.03249032601
0.03255605057
0.03258410514
0.03259174672
0.03257043808
0.03252335468
0.03248094033
0.03245058817
0.03240370341
0.04127185943
0.9650890068
0.9761852999
0.9793544386
0.9820761542
0.07625308084
0.04505496755
0.08144533296
0.9681248863
0.9810377588
0.9849769428
0.9822698342
0.7123190034
0.04524592745
0.03479947152
0.03253919747
0.03256909788
0.03258169984
0.03286256412
0.03554318806
0.04333413572
0.08137427962
0.8919735849
0.9744855271
0.9853252575
0.9856569268
0.9853231866
0.9854678128
0.976270083
0.923419322
0.1046566462
0.04940893522
0.03712680214
0.03548895645
0.03313795743
0.03267744405
0.05681888132
0.9796438159
0.9850896095
0.9752088436
0.03887751974
0.03227205258
0.03230761961
0.0323243073
0.0323316878
0.03233315128
0.03231449479
0.03229949054
0.03227591047
0.03372002129
0.04008195148
0.06686742112
0.9421587388
0.979370256
0.982499745
0.9809538404
0.9765670678
0.2333513308
0.04703341966
0.03955003984
0.0382809748
0.06066295515
0.3832391288
0.969163197
0.9845507363
0.9861219346
0.984097465
0.9850543536
0.9799988332
0.9528883896
0.238634624
0.07085421734
0.04496721722
0.04332862379
0.04470998837
0.05158779399
0.9701086155
0.9752904127
0.06634689977
0.03203052856
0.03211447624
0.0321629265
0.03219392
0.03222744429
0.03225611473
0.03229099123
0.03230833593
0.03262566151
0.03474078267
0.03718124746
0.04811261473
0.1227388144
0.7947542018
0.9777970231
0.9877046483
0.9880251202
0.9867449264
0.9872167379
0.9861193948
0.9858719053
0.9850628514
0.9854222178
0.981339446
0.9407215044
0.08570333786
0.04231650102
0.03457312052
0.03237663523
0.03231337662
0.03233986672
0.03240343452
0.03244860621
0.03249182228
0.03255083554
0.03259352699
0.03261632075
0.03260965039
0.03253923465
0.03244553469
0.03241883651
0.03250890936
0.03543538343
0.5751440892
0.9652311124
0.9659687958
0.9750093565
0.9738965997
0.5873053955
0.9784389887
0.9823627521
0.9827386907
0.9793895089
0.3002889068
0.0442109401
0.03399177536
0.03255097209
0.03262039572
0.03402007815
0.03711019499
0.05180817766
0.1525365293
0.9585491102
0.980594361
0.9857212639
0.984725981
0.9862267507
0.9853227044
0.9704636086
0.7546695534
0.06663110585
0.04026589094
0.03492973933
0.0327554953
0.03261568806
0.03263073015
0.03262944039
0.03255078485
0.03600225636
0.9557587626
0.9835582417
0.9829320589
0.1948222568
0.03291288053
0.03229790872
0.03231629524
0.03232173538
0.03231935842
0.03228777524
0.03255070726
0.03582071678
0.04730551256
0.5888931667
0.9746023278
0.981652638
0.9842054266
0.9810441767
0.9362587029
0.05933828478
0.04402331686
0.04259419718
0.07286931301
0.8475454636
0.9695180647
0.9864806495
0.986691287
0.9852223165
0.9849312724
0.9740632849
0.8990710326
0.08410834876
0.04380979496
0.03608932998
0.03389698036
0.03344482201
0.03325883246
0.03292413665
0.03840415006
0.9545565032
0.9694678758
0.06639752745
0.03205362544
0.03214564715
0.03216757355
0.03221082672
0.03236071188
0.03358174731
0.03606706969
0.03968464192
0.05924509344
0.1853765298
0.9505783764
0.9805835824
0.989110255
0.9906067476
0.9899031409
0.9890106113
0.9888544294
0.9867984223
0.9849755071
0.9824393934
0.9809049433
0.9758057208
0.9608189874
0.1054917207
0.04391146201
0.03477877185
0.0324259976
0.03228644428
0.03228273868
0.03232296031
0.03235844784
0.03238701997
0.03241938129
0.03244966732
0.03249481844
0.03255244228
0.03263447531
0.03278177422
0.03308102995
0.03398230737
0.03559251532
0.03743645707
0.04479996233
0.1074289785
0.9748156857
0.973228705
0.9764630607
0.9799681761
0.9801848531
0.9812714255
0.9785142362
0.9656362267
0.07562005079
0.04100111985
0.03327092576
0.03265701403
0.03494441088
0.03883244572
0.06787436599
0.5000218399
0.9718932321
0.9853209397
0.986695948
0.984452875
0.9859475852
0.9829756164
0.9636778365
0.3946181999
0.05817318112
0.03755962238
0.0342066345
0.03255918039
0.0325593112
0.03257925693
0.03264570165
0.03268481524
0.03264043659
0.0325292374
0.03240690763
0.05757273537
0.9776419264
0.9807317754
0.9724623826
0.04569617879
0.03232226684
0.03232194307
0.03230734771
0.03231486921
0.03408690745
0.04103895366
0.07210873007
0.9415732622
0.975717315
0.9818305458
0.9810284951
0.9768931683
0.1733750839
0.057923374
0.05484073302
0.1035910481
0.943936723
0.9771375682
0.9849707442
0.9845482248
0.9861659787
0.9854949211
0.9678230679
0.7299945314
0.06351533145
0.03959417979
0.03490089687
0.03310843271
0.03314867128
0.03317466853
0.03336752055
0.03337711932
0.0330166617
0.03745169693
0.9312948754
0.960415645
0.06673816039
0.03210859581
0.03236580762
0.03413396268
0.03659380407
0.04570102795
0.1003838586
0.5338531586
0.9808789143
0.9883977671
0.9919390153
0.9918622357
0.9911211151
0.9911891693
0.9915944913
0.9911315432
0.9899477745
0.9882931911
0.9858630255
0.9821417857
0.9742775864
0.9582422302
0.71333263
0.1108333753
0.07106842142
0.05835660305
0.05410866874
0.05349724699
0.05356145954
0.05411432411
0.05498292696
0.05547508079
0.05608477394
0.05662932204
0.05734037728
0.05822551398
0.05945395947
0.06162949169
0.06645315987
0.08067819115
0.1446016248
0.3578386893
0.8762694231
0.9530244783
0.9751415089
0.9808272746
0.9820971388
0.9823764741
0.9838553752
0.9839283427
0.9808318045
0.966673335
0.0591190996
0.03765648743
0.03422177241
0.03652892
0.04497898584
0.09033167812
0.8854163036
0.9728115303
0.9863134749
0.9866679711
0.984774313
0.9849464645
0.9768824396
0.9386346306
0.1164665828
0.04795796025
0.03625414348
0.03364893317
0.03258968356
0.03258855145
0.03260057078
0.03265009622
0.03265364895
0.03264445086
0.0326354002
0.03259258803
0.03254350138
0.03245835314
0.03882812152
0.9585666516
0.9743812526
0.9669545493
0.9212953357
0.03923207513
0.03236588306
0.03355078467
0.03767927632
0.05087680887
0.7077892345
0.9667959524
0.9751409517
0.975548853
0.9729525505
0.8710466158
0.09390100908
0.1232817781
0.497386314
0.9719085573
0.9836211516
0.9860411839
0.9838450062
0.9856941481
0.983280317
0.9648931315
0.3664295731
0.05561366552
0.03729362334
0.0343253411
0.03299693295
0.03308786916
0.03320672742
0.03342761726
0.03343395805
0.03338888423
0.03334402165
0.03308186148
0.03699776084
0.8941331735
0.9509034262
0.1211527999
0.0427047899
0.05892304898
0.1839586002
0.9851958497
0.9860786425
0.9917678293
0.9938246354
0.9939401936
0.99338465
0.9933984673
0.9936882788
0.9932992064
0.992876415
0.99231772
0.9916589761
0.9908249768
0.9894820525
0.9876229084
0.9853180302
0.9823128717
0.9798763665
0.9815227887
0.9855146997
0.9872968012
0.9881235971
0.9881957724
0.9884801138
0.9885647502
0.9885215889
0.9881374356
0.9881551246
0.9884813286
0.9887757058
0.9889544452
0.9891022964
0.9892615194
0.9894503465
0.9896938867
0.9900344169
0.9905410169
0.9909927148
0.9883633441
0.9849371285
0.9824531242
0.9834553301
0.9836408743
0.9828114543
0.9805699259
0.975720402
0.9634446155
0.08793341396
0.04934007756
0.04559790385
0.08843542592
0.4691701352
0.9536895714
0.979037507
0.9831550342
0.983227665
0.9842218174
0.9835386616
0.9697706354
0.8314505736
0.07023698463
0.04134361897
0.03513309213
0.03285980291
0.03263948545
0.03263686021
0.03263868313
0.03266269428
0.03265211335
0.03264607604
0.03264405687
0.03263941861
0.03262843664
0.03257991847
0.03250241604
0.03271009894
0.03577035304
0.5128399987
0.9673148591
0.9515420283
0.9512589148
0.6151601039
0.04150102504
0.05140836474
0.3327312032
0.9496370458
0.9684148582
0.9708255937
0.9669266496
0.954108371
0.7563897247
0.6232265239
0.9496920586
0.9759186927
0.987463813
0.9867494395
0.9848097442
0.9850988773
0.9774698957
0.9442833901
0.1350294274
0.04880830999
0.03625612734
0.03367448541
0.03298078168
0.03301270599
0.03315022852
0.03334588365
0.03338810058
0.03343364302
0.03345633901
0.03343680473
0.03340906873
0.0332231527
0.03687181989
0.8328484095
0.941285304
0.9807095625
0.9861357586
0.9920930623
0.9943465913
0.9943097284
0.9940168129
0.9944750802
0.9949763318
0.9951679752
0.994962347
0.9946799522
0.99440994
0.9941847216
0.9938828641
0.9933498327
0.992705751
0.9920218474
0.9911774566
0.9901935849
0.9892579214
0.9885712871
0.9884710191
0.9890190577
0.9902048287
0.9913834882
0.9918365417
0.9920882468
0.9923274035
0.992603918
0.9925869819
0.9923980142
0.9923391024
0.9923737157
0.9924790325
0.9925644707
0.9926204554
0.9926446436
0.992639785
0.9925828554
0.9924307391
0.9921216904
0.9915730051
0.9906523336
0.9886832296
0.9869980346
0.9860156884
0.9856635507
0.9841341035
0.9800842577
0.9710973694
0.9397763169
0.8809334758
0.953595119
0.9690536784
0.9809673398
0.9863055267
0.9839447243
0.9798856433
0.979361536
0.9758776251
0.9672676444
0.6814719218
0.05618462007
0.03823912569
0.03445417915
0.03266157093
0.03262799953
0.03260514094
0.03261125603
0.03260833196
0.0325751674
0.03255642498
0.03254807374
0.03254840539
0.0325626486
0.03259836088
0.03267903368
0.03284287191
0.03319731461
0.03410607782
0.03728872864
0.08755731962
0.9724434627
0.9525747969
0.9431206981
0.9434763228
0.7739999704
0.9196291575
0.9743736652
0.9759329587
0.9733034566
0.9699165609
0.9612003918
0.9485246826
0.9627610707
0.9768192291
0.9810333141
0.9820338421
0.9854519176
0.9851434834
0.9667519964
0.82346505
0.07228790089
0.04183675243
0.0353162061
0.0331210531
0.03297071225
0.03296113782
0.03310813664
0.03322960881
0.03325351515
0.03331319686
0.03335916855
0.03339680509
0.03344415239
0.0335049903
0.03358170265
0.03348030514
0.03678114545
0.7435038138
0.933796441
0.9887285168
0.9943841078
0.9955353059
0.9959975794
0.9963133412
0.9961906896
0.9961043529
0.9959801208
0.9958442687
0.9957160054
0.9955286617
0.9952509353
0.9949667415
0.9946702715
0.9942559179
0.9937603651
0.9932452239
0.9927120586
0.9921965871
0.9917860781
0.9915626225
0.9915786361
0.9917671479
0.9920209772
0.9923091827
0.9925718186
0.9927488635
0.9928857496
0.9929961617
0.993082922
0.9930641765
0.9930415475
0.9930214998
0.9930404203
0.9930717099
0.9930883354
0.99306634
0.9929940284
0.9928506806
0.9926022098
0.99221835
0.9917081964
0.9911471324
0.9905799549
0.9899079712
0.9893566146
0.9888686068
0.9879540748
0.9862215863
0.9838098908
0.9821666738
0.982777356
0.9844027302
0.9844747808
0.984526573
0.9841785702
0.9816630756
0.9730565728
0.9536086572
0.8722043218
0.1484865777
0.07950249299
0.06136888856
0.05456399258
0.05390240909
0.05347582172
0.05345370567
0.05355896554
0.05371483603
0.05397443718
0.05425103374
0.05455201101
0.05489528158
0.05528962246
0.05580623666
0.05661840743
0.05823826342
0.06228870844
0.07476635082
0.1384944327
0.3015595296
0.9112846936
0.9702989281
0.9737252326
0.9720269661
0.9731404153
0.9728945029
0.9736452037
0.9745945045
0.9750893491
0.9724490087
0.9719188373
0.9704921392
0.9731568291
0.9747315351
0.9782750627
0.9816346293
0.9754522653
0.9446242367
0.2314198005
0.0549740568
0.03750621047
0.03454553279
0.03304462249
0.03304066258
0.03303841018
0.03316935152
0.03318114786
0.03314924582
0.03316616328
0.03318377195
0.03321512683
0.03326210815
0.03332559507
0.03341260606
0.03354657872
0.03377382329
0.03396963444
0.03661482991
0.6367077958
0.9280998829
0.9928649376
0.9962409549
0.9969130476
0.9971069917
0.9971234367
0.997077271
0.9969698957
0.9967739146
0.9965577276
0.996364898
0.9961658945
0.9959185619
0.9956450988
0.9953544615
0.9950169549
0.9946436281
0.9942653569
0.9939028297
0.9935848477
0.9933462805
0.9932107318
0.9931792257
0.9932083843
0.993246503
0.9932869373
0.9933469785
0.9934152758
0.9934748431
0.9935181612
0.9935532442
0.9935795128
0.993582987
0.9935715607
0.9935551471
0.9935435982
0.9935286678
0.9934907629
0.9934131693
0.9932823029
0.993086421
0.9928285404
0.9925478321
0.9923124434
0.9921398019
0.9919654118
0.9917613864
0.9915068262
0.9910926724
0.9904870386
0.9898332745
0.9893922065
0.9892065243
0.9890305749
0.9881645256
0.9869389155
0.9851117663
0.9825589931
0.9794674451
0.9762720085
0.9761099619
0.9816951781
0.9850859186
0.985815178
0.986220093
0.98614771
0.9861416536
0.986180947
0.9862339468
0.9862935588
0.9863522929
0.9864102053
0.9864671634
0.9865223667
0.9865751502
0.9866234233
0.9866635571
0.9866898253
0.9866986961
0.9867256038
0.9867396367
0.9868564988
0.9836652047
0.9825426658
0.983116034
0.9834878203
0.9837724986
0.9832075719
0.9814414844
0.97848232
0.9766827463
0.9760719885
0.9770713906
0.9755971429
0.9776541759
0.9766000217
0.9465978522
0.7399914365
0.07547196948
0.04285521002
0.03569964247
0.03372986935
0.03330470017
0.03327727923
0.03328022501
0.0333543588
0.03327736461
0.03320534389
0.03315886362
0.03310139208
0.03306511892
0.03306314617
0.03309396755
0.03314507461
0.0332201018
0.03333463106
0.03351774086
0.0338760154
0.03464440775
0.03658941662
0.4531362405
0.9309468964
0.9953603484
0.9974421792
0.997731652
0.9978077164
0.9977592661
0.9976554026
0.997518423
0.997327796
0.9971106555
0.9968961129
0.9966801376
0.9964449125
0.996192128
0.9959246136
0.9956377039
0.9953408395
0.9950499949
0.994780332
0.9945493298
0.9943716834
0.9942528102
0.9941855618
0.994145824
0.9941090418
0.9940724809
0.9940497702
0.9940436827
0.9940461995
0.994048925
0.9940524183
0.9940562595
0.9940533572
0.994039012
0.9940165302
0.993989372
0.9939594681
0.9939214108
0.9938661751
0.9937874623
0.9936862223
0.9935760848
0.9934873903
0.9934515062
0.9934624714
0.9934761651
0.9934569602
0.9933751058
0.9932026623
0.9929449085
0.9926474856
0.9923522663
0.9920015599
0.9914392737
0.9906022154
0.9895185654
0.9881747136
0.9868328782
0.9859503271
0.9857252651
0.986232033
0.9873396411
0.9891316791
0.9897681787
0.9899990778
0.9901281459
0.9902069316
0.9902543601
0.990288388
0.9903170378
0.9903432534
0.9903679917
0.9903914036
0.9904124509
0.9904282406
0.9904322762
0.9904108925
0.9903374953
0.9901651226
0.9898231838
0.9892455319
0.9884377005
0.9877594131
0.9867998601
0.9867144809
0.9868228328
0.9867654427
0.9860356439
0.9842125154
0.9817091883
0.9799994537
0.9779420354
0.9772966875
0.9668270747
0.8852968835
0.1802551536
0.05269588247
0.03799358274
0.03535575862
0.03343312291
0.03344384426
0.03349862579
0.03361285301
0.03362808357
0.03347969962
0.03338568428
0.03329489726
0.03320285088
0.03312965878
0.03306378397
0.03300050827
0.03295799372
0.03296102481
0.03300603501
0.03308297741
0.0332193813
0.03345147308
0.03389563634
0.03503823012
0.03604035347
0.126117983
0.9492427468
0.9970879569
0.9982386333
0.998315962
0.9982895892
0.9981980144
0.9980676164
0.9979113101
0.9977260718
0.9975207569
0.9973079388
0.9970897648
0.9968617711
0.9966242866
0.9963785195
0.9961260961
0.9958752981
0.9956366086
0.9954197985
0.9952343034
0.9950859043
0.9949739691
0.9948909785
0.9948229423
0.9947574727
0.9946931521
0.9946371268
0.9945935964
0.9945608202
0.9945348203
0.9945140644
0.9944966142
0.9944780005
0.9944545091
0.9944259412
0.9943942241
0.9943620166
0.994331103
0.9943019008
0.994275934
0.9942595715
0.9942654805
0.9943095978
0.9943993911
0.9945189904
0.9946349064
0.9947169556
0.9947411034
0.9946901356
0.9945615909
0.9943626428
0.9940923931
0.993715961
0.9931717963
0.9924472679
0.991591219
0.9906602388
0.9898421788
0.989343035
0.9891901317
0.9892923236
0.9894984809
0.9897220719
0.9899951436
0.9901429626
0.9902142625
0.9902642182
0.9902870754
0.9902936796
0.9902931153
0.9902897732
0.9902853991
0.9902801938
0.9902733398
0.9902625576
0.9902429364
0.990204886
0.9901313454
0.9899963076
0.9897716175
0.9894570604
0.9891412235
0.9889737001
0.9888940788
0.9885588119
0.9880177387
0.9873394321
0.9862519012
0.9845560406
0.981922562
0.9790949029
0.9670798973
0.8122911673
0.07070978347
0.04347625588
0.03847400208
0.03579936106
0.03443668249
0.0341503284
0.03370965023
0.03370198592
0.03372901891
0.03364690241
0.03355561743
0.03341075533
0.03329872091
0.03323540173
0.03318416653
0.03313426074
0.03308487663
0.03301429373
0.03291970629
0.03286919101
0.03286638849
0.03292355832
0.03304838411
0.03335378378
0.0339439132
0.03494321847
0.03624598183
0.06650481896
0.940824365
0.9983717719
0.9987955834
0.998720224
0.9986226051
0.9985006086
0.9983590483
0.9981996216
0.9980211311
0.9978270651
0.997622283
0.9974089454
0.9971874638
0.9969595689
0.9967275412
0.9964954052
0.9962709034
0.9960627368
0.9958784244
0.9957233188
0.9955984793
0.9954995753
0.9954178197
0.9953425632
0.9952665154
0.9951896897
0.9951171881
0.9950534092
0.9949997042
0.9949551283
0.9949181618
0.9948860551
0.99485486
0.9948214798
0.9947852225
0.9947477603
0.9947128031
0.9946854685
0.9946721955
0.9946812776
0.9947235483
0.9948107959
0.9949501754
0.9951357921
0.9953443754
0.9955435134
0.9957042739
0.995804607
0.9958296436
0.9957713284
0.9956227779
0.9953711264
0.9949934775
0.9944671949
0.9938002045
0.9930419295
0.9922737013
0.9916234443
0.9911889369
0.9909543344
0.9908285309
0.9907093804
0.9905617092
0.9904491127
0.990396497
0.9903593234
0.990331504
0.9903032888
0.9902710941
0.9902361369
0.9902000779
0.9901639006
0.9901280643
0.9900928962
0.9900589211
0.9900272953
0.9900007584
0.9899856897
0.9899963327
0.9900616826
0.9902283864
0.9905303556
0.9908887976
0.9910244502
0.9905743855
0.9892422474
0.9867728891
0.9830441828
0.9781650556
0.9656354807
0.807726243
0.1194274542
0.06011628318
0.05148411191
0.04885972199
0.04860629009
0.05000346266
0.04827691363
0.04654970315
0.04423729067
0.04210553911
0.04139075599
0.04189502116
0.04249538024
0.04282275487
0.04285165255
0.04303271678
0.0433611596
0.04357836608
0.04366284311
0.04354717406
0.04301170333
0.04260078246
0.04264865153
0.04288737237
0.04314400122
0.04271674861
0.04593572169
0.05359627968
0.05928276947
0.07389522616
0.822907359
0.9969789861
0.9984453939
0.9979288479
0.9976094747
0.9973327276
0.9970536659
0.996752162
0.9964164974
0.9960485631
0.9956551104
0.9952405677
0.9948079822
0.9943624087
0.9939095159
0.993458202
0.9930243409
0.9926260302
0.992278839
0.9919928305
0.9917682423
0.9915932892
0.9914467037
0.9913043902
0.9911506083
0.9909855072
0.9908211958
0.9906701014
0.9905390855
0.990429172
0.9903381443
0.990260145
0.9901865593
0.9901101135
0.9900282288
0.9899433425
0.9898629514
0.9897992515
0.989769603
0.9897972287
0.989910772
0.990138632
0.990495059
0.9909625594
0.9914866738
0.9919954642
0.9924260826
0.9927332604
0.9928880798
0.9928743592
0.9926760234
0.9922628451
0.9915865391
0.9906011395
0.9893123577
0.9878100799
0.986267107
0.9849446898
0.9840398956
0.9835183818
0.98316455
0.9827438858
0.9821697619
0.9815949998
0.981176052
0.9809108688
0.9807428179
0.9806170619
0.9805058471
0.9803971869
0.9802883511
0.980179886
0.9800731312
0.979970235
0.9798753641
0.9797973901
0.9797553323
0.9797881124
0.9799688498
0.9804155113
0.9812655141
0.9825537191
0.98400315
0.9849799649
0.9847579482
0.9825442561
0.97665834
0.9603752229
0.8818297008
0.3289347779
0.1327137946
0.1885906845
0.429344116
0.3242527046
0.5688816134
0.4762472757
0.5066886818
0.514588286
0.5095388368
0.5126926563
0.528016852
0.5621924309
0.578084866
0.5625224715
0.5382150627
0.525347024
0.5187618949
0.5155031779
0.513403626
0.5108359127
0.5091022451
0.5044267486
0.5004616525
0.4997558103
0.4975302616
0.4930098481
0.4920658185
0.5402816626
0.5534578934
0.4700656121
0.5226666545
0.4016487951
