0.9993897952
0.9995392879
0.9993432276
0.9992410354
0.9991624158
0.9990864942
0.999004597
0.9989127808
0.9988098078
0.9986963705
0.998573741
0.9984427151
0.9983036577
0.9981567693
0.9980022968
0.9978410931
0.9976752112
0.9975082956
0.9973458817
0.9971952264
0.9970638929
0.9969576719
0.9968794756
0.9968296563
0.9968069083
0.9968090077
0.9968325525
0.9968721978
0.9969214997
0.9969751905
0.9970329135
0.9970975804
0.9971694673
0.9972430253
0.9973089396
0.9973577959
0.9973777125
0.9973524791
0.9972723259
0.9971391258
0.9969625272
0.9967570911
0.996544593
0.9963585667
0.9962447199
0.9962492706
0.9963927128
0.9966487638
0.9969525131
0.997232253
0.9974383115
0.9975575552
0.9975955751
0.9975513255
0.9974407761
0.9972889455
0.997110932
0.996911459
0.9966899251
0.9964431847
0.9961664307
0.9958529733
0.9954935596
0.9950786726
0.994622668
0.9942370483
0.9941293173
0.9943238585
0.9945985393
0.9947687197
0.9947832611
0.9946567715
0.9944161762
0.9940820489
0.9936657551
0.9931743465
0.99262864
0.9921055373
0.9917762013
0.9918526535
0.9923548838
0.993017884
0.9935177902
0.9936064261
0.9930096525
0.9910499172
0.9844947146
0.9610966271
0.02717613717
0.02122127421
0.9184864898
0.02433661543
0.9273134989
0.0240022501
0.9273401085
0.02399125244
0.9274936469
0.02399216256
0.9277362683
0.02399294859
0.9277520405
0.02397702585
0.9271060666
0.02395717876
0.9270524447
0.02394831152
0.9269183561
0.0239462201
0.9271582616
0.02395026513
0.9270059782
0.02398305193
0.9280968617
0.02406243296
0.927355739
0.02429811876
0.9264577483
0.02555038346
0.9162190939
0.03762334273
0.1021789506
0.9992573634
0.999713299
0.9996567857
0.9996046038
0.9995596619
0.9995161995
0.9994709442
0.9994219536
0.9993683309
0.9993101672
0.9992479174
0.999181826
0.9991119821
0.9990384584
0.9989613264
0.9988808899
0.9987979685
0.9987140644
0.9986315338
0.9985535863
0.998483669
0.9984244745
0.9983774489
0.99834303
0.9983211479
0.9983115726
0.9983135269
0.998324862
0.9983422945
0.9983627102
0.9983854931
0.9984120624
0.9984427908
0.9984753863
0.9985058599
0.9985302722
0.998543077
0.9985357422
0.998503084
0.9984463897
0.9983699359
0.9982787192
0.9981795217
0.9980836555
0.9980088828
0.9979767934
0.9980025344
0.9980840528
0.9982034194
0.9983341975
0.9984423584
0.9985123217
0.9985442898
0.998535319
0.9984926915
0.9984328768
0.9983638898
0.9982884774
0.99820734
0.9981203803
0.9980270884
0.9979263706
0.9978156029
0.9976883616
0.9975327832
0.9973508214
0.9972225488
0.9972027966
0.9972326029
0.9972409301
0.9972052866
0.9971284954
0.9970178098
0.9968792538
0.9967157084
0.9965258911
0.9963053628
0.9960582143
0.9958307105
0.9957232935
0.9958004182
0.9959959775
0.9961791085
0.9962412195
0.9961001814
0.9956428572
0.9945689777
0.9922308797
0.9884256017
0.9574326195
0.01002924807
0.008376336191
0.008172903056
0.008314813997
0.008170657399
0.008313342016
0.008169852161
0.008313098881
0.008169747239
0.008313261035
0.008169368752
0.008312776351
0.008167512551
0.008310584005
0.008166941593
0.008310146327
0.008166532994
0.008310119638
0.008167646964
0.008312242409
0.008169493027
0.008315958543
0.00817724198
0.008329150506
0.008187901939
0.008354979781
0.008214284656
0.008432446169
0.008354334238
0.01385254083
0.9516336344
0.9988005711
0.9995001855
0.9995565747
0.9995348726
0.9994947855
0.9994484315
0.9993981693
0.9993438528
0.9992852057
0.999222921
0.9991577262
0.9990895451
0.9990180893
0.9989432181
0.9988647106
0.9987825365
0.9986972153
0.9986099437
0.9985229335
0.9984396001
0.9983635983
0.9982972643
0.9982412274
0.9981953076
0.9981596615
0.9981356504
0.9981248117
0.998125809
0.9981339965
0.9981441239
0.9981562134
0.9981740826
0.9981988375
0.9982276992
0.998257169
0.9982856669
0.9983064726
0.9983042215
0.998272654
0.998218377
0.9981483553
0.9980641141
0.9979644855
0.9978519859
0.9977394458
0.9976512305
0.9976100774
0.9976189686
0.9976690663
0.9977700992
0.9979046094
0.9979944819
0.9980404956
0.9980342524
0.9979953788
0.9979637788
0.9979425329
0.9979257516
0.997910605
0.9978962186
0.9978822893
0.9978681423
0.9978514637
0.9978254875
0.9977717115
0.9976458654
0.9974219663
0.9972606541
0.9971610811
0.9970462258
0.996908898
0.9967732216
0.9966514273
0.9965427951
0.9964396287
0.9963282428
0.9961845107
0.9959681101
0.9956503895
0.9953443747
0.9952180418
0.9952785632
0.9954114568
0.9955310112
0.9956214267
0.9956674547
0.9955672632
0.995186515
0.9946766834
0.9942775982
0.9938058928
0.01655346021
0.008406025239
0.007374623315
0.007376094462
0.007374561986
0.007375885854
0.007374440233
0.007375603322
0.007374250176
0.007375438169
0.007374223767
0.007375351167
0.007374344955
0.007375442997
0.007374779664
0.007375994817
0.007375857461
0.007377455512
0.007378113111
0.00738049458
0.007382340771
0.007385922098
0.007389478203
0.007394176371
0.007399989493
0.007404594955
0.00741447703
0.007466058327
0.02950813602
0.9761220197
0.998227499
0.9992566556
0.9993691237
0.9994040823
0.9993870041
0.9993474732
0.9992976718
0.9992407413
0.9991776585
0.9991110072
0.9990428582
0.9989727628
0.9988997155
0.9988232787
0.998742708
0.998657293
0.9985669858
0.9984724676
0.9983759846
0.99828215
0.9981961071
0.9981201981
0.9980533546
0.9979933172
0.9979392872
0.9978946223
0.9978660475
0.9978563744
0.9978581246
0.9978587929
0.9978587574
0.9978680542
0.9978889616
0.9979154677
0.9979472476
0.9979917235
0.9980382159
0.9980501999
0.9980163361
0.9979565601
0.9978875535
0.9978082418
0.9977049698
0.9975618474
0.9973793499
0.9971873652
0.9970241334
0.9968859643
0.9967299376
0.9966073131
0.9967759114
0.9972321962
0.997298903
0.997267943
0.9972020231
0.9972244193
0.9973078012
0.997409141
0.9975117954
0.9976106583
0.9977044242
0.9977927076
0.9978749091
0.9979493063
0.9980106984
0.9980351063
0.9979071528
0.9972573894
0.9969345414
0.9966790503
0.996436446
0.9962489359
0.9961382512
0.9960919749
0.9960847594
0.9960891582
0.9960730089
0.9959819481
0.9956981417
0.99509369
0.9945589507
0.9943880792
0.9945277803
0.9948342964
0.995240931
0.9956849557
0.9959992897
0.9960087899
0.9957167465
0.9954216917
0.9959731876
0.9961220846
0.9928563697
0.0121389847
0.008088146677
0.007374392311
0.007374653178
0.007374732116
0.007374507776
0.007374469392
0.007374376226
0.007374473001
0.007374469333
0.00737471309
0.007374857415
0.007375361357
0.007375793476
0.007376746663
0.00737767805
0.007379347388
0.00738101879
0.007383712811
0.007386170499
0.007390096829
0.007392607163
0.007397970106
0.007399485616
0.007407283688
0.00783278146
0.03154697964
0.9936636993
0.9974604116
0.9989312127
0.9991151426
0.9992004457
0.999217291
0.9991944267
0.9991531364
0.9990990392
0.9990336237
0.9989635533
0.9988940938
0.9988236659
0.9987497743
0.9986720165
0.9985891504
0.9984995486
0.9984023114
0.9982968777
0.9981852068
0.9980746027
0.9979741535
0.9978868491
0.9978080453
0.9977303863
0.9976491656
0.9975688966
0.997504868
0.9974733143
0.9974749953
0.9974745045
0.9974651362
0.997471189
0.9974964175
0.997518488
0.9975359921
0.997605254
0.9977108034
0.9977526705
0.9977075241
0.9976321214
0.9975676244
0.9975113327
0.9974342705
0.9972908526
0.9970340644
0.9966854061
0.9963170815
0.9959057581
0.9952073344
0.993800608
0.9918621623
0.9936526762
0.9949915896
0.994566507
0.9934527785
0.9937072094
0.994325394
0.9949250572
0.9954465661
0.9958910566
0.9962704831
0.9965972236
0.9968828959
0.9971402211
0.9973874211
0.9976567081
0.9979786392
0.9972755545
0.9959078114
0.9954895062
0.9952510679
0.9951781105
0.9952491977
0.9954067093
0.9956012602
0.9958024799
0.9959931015
0.9961580126
0.9962453072
0.99598128
0.9942651718
0.9931958484
0.9930320103
0.9935420828
0.9943045136
0.9951413863
0.9958660312
0.9961627234
0.9958754172
0.9953353529
0.9952692091
0.9957758623
0.996065706
0.9948434905
0.9888799366
0.01067159757
0.007767437817
0.007374752474
0.00737473536
0.007374531205
0.00737448102
0.007374492231
0.007374603281
0.007374809005
0.007375122365
0.007375601243
0.007376221183
0.007377106251
0.007378185968
0.007379645018
0.007381332323
0.007383483557
0.007385722284
0.007388376382
0.007390475336
0.007392863183
0.007393531268
0.007395879177
0.008048441807
0.9540319035
0.8915047825
0.996238528
0.9985307265
0.9987413042
0.998892208
0.9989491457
0.9989501882
0.9989335616
0.9988970068
0.998835304
0.9987649593
0.9986991514
0.9986325292
0.9985592798
0.9984804606
0.9983949062
0.9983005227
0.9981958344
0.9980769723
0.9979432683
0.9978064925
0.9976852643
0.997586036
0.9974974168
0.9974006058
0.9972800366
0.9971369183
0.9969942027
0.9968854436
0.9968610324
0.9969184368
0.9969369968
0.9969577096
0.997009597
0.9970343968
0.9969872225
0.9970001582
0.9972462364
0.9973667348
0.9972896463
0.9971820945
0.9971421769
0.9971571679
0.9971792055
0.9971491616
0.9969643667
0.9964812738
0.9958740797
0.99528474
0.9944080818
0.992469915
0.9869701846
0.9761342229
0.02127610984
0.01630332369
0.009486850312
0.009226251337
0.009465074078
0.009717577538
0.01002346397
0.01037461305
0.01077657776
0.01123787789
0.01177642366
0.01243622501
0.01335122094
0.01503028312
0.0218277904
0.03347335542
0.97737324
0.9714551305
0.9826904136
0.986378816
0.9886760555
0.9902714354
0.9914820668
0.9924657851
0.9933250387
0.9941539951
0.995072364
0.9961741961
0.9948818468
0.9914987968
0.9891105409
0.9898527965
0.99126254
0.9926633905
0.9942209626
0.9954441072
0.995842384
0.9952116158
0.9949954963
0.9953554805
0.9957038301
0.995827911
0.9956813953
0.9938890137
0.9773299607
0.009419464811
0.007376489759
0.007374855389
0.00737462558
0.007374585863
0.007374678581
0.007374915066
0.007375271993
0.007375794295
0.007376453328
0.007377322617
0.00737835958
0.007379656978
0.007381133674
0.007382876009
0.007384667571
0.007386539658
0.007388015517
0.007389242847
0.007389457626
0.007388449377
0.008254632414
0.0340850383
0.9788925503
0.9896342345
0.997270167
0.9979997581
0.9982269663
0.9985150937
0.9985135869
0.9985522173
0.998597638
0.9985616362
0.9984967007
0.9984453472
0.998390142
0.9983185828
0.9982377989
0.9981463191
0.9980440486
0.9979343871
0.9978057576
0.9976454026
0.9974682878
0.9973125023
0.9971995162
0.9971115889
0.9970052353
0.9968371467
0.9965943708
0.9962965296
0.9959549257
0.9956407258
0.9957037994
0.9963615557
0.9963785135
0.9964312344
0.9964883832
0.9963741712
0.9960824192
0.996083405
0.996810657
0.9966303258
0.9964662536
0.9965177687
0.9967008482
0.9969238459
0.9971471529
0.9973209899
0.9972257445
0.9961788926
0.995493404
0.9952230767
0.9948157343
0.9939773253
0.9928295783
0.9918439508
0.9935478532
0.01957007761
0.009560080648
0.007687432391
0.007402060022
0.007392577584
0.007385802565
0.007382541443
0.007380649686
0.00737953157
0.007378805451
0.007378314211
0.007378144853
0.007378737293
0.007382188698
0.007799257385
0.007967435644
0.008315515066
0.008584257067
0.00880099402
0.008988106225
0.009166460679
0.009353997566
0.009574541112
0.009883286326
0.01046039521
0.01244898403
0.01608576975
0.9580559685
0.9551192312
0.9716149433
0.9811798131
0.9840166041
0.9878714995
0.9899834251
0.9940073216
0.9951411472
0.9954625295
0.9955622757
0.9957911082
0.995979559
0.9960827357
0.9960793178
0.9957843646
0.9954826245
0.02407247957
0.008750409953
0.007374984513
0.007374562331
0.007374638601
0.007374895861
0.007375289791
0.007375833026
0.007376502298
0.007377319696
0.007378264076
0.007379368411
0.007380598329
0.007381969373
0.007383339705
0.007384612885
0.007385522771
0.007385967458
0.007385582858
0.007383732753
0.00821670285
0.9758565295
0.9841180007
0.01691249053
0.01089575192
0.02007221872
0.9924678943
0.9965957005
0.9974857293
0.9976013914
0.9980264307
0.9982941852
0.9981529578
0.9981276108
0.9980943981
0.9980179163
0.9979327621
0.9978263829
0.9976953173
0.9975797603
0.9974682043
0.9972994094
0.997071211
0.9968485375
0.9966920471
0.9966195056
0.9965555119
0.9963687761
0.9960099151
0.9954981646
0.9947222842
0.9933031265
0.9909979391
0.9928558795
0.9944354163
0.9934640202
0.9934071171
0.9936446118
0.9931634113
0.9906969946
0.9935986092
0.9939178528
0.9923846193
0.9928928697
0.9938262347
0.9947406111
0.995647909
0.9966171959
0.9975836028
0.9971387024
0.9956536879
0.9955730363
0.9957586121
0.9955273461
0.9948581412
0.9944246949
0.9949879851
0.9957631569
0.9948342776
0.9729314775
0.009895067089
0.007389222219
0.007388311911
0.007384532401
0.007382071226
0.007380621537
0.007379599676
0.007378706153
0.007377875861
0.00737718227
0.007376600416
0.00737609332
0.007375155571
0.007374880992
0.007374965172
0.007375049801
0.007375118493
0.007375186396
0.00737526357
0.007375346107
0.007375423235
0.007375557936
0.007375984631
0.007377222779
0.008650273352
0.01284078814
0.949533311
0.9736118873
0.9822888833
0.9794144545
0.8314248177
0.01093633805
0.01476753957
0.9914039645
0.994914235
0.9960389607
0.9961597774
0.9962880992
0.9964139115
0.9965279746
0.9970316052
0.9972006824
0.9954750183
0.01584806464
0.008463380641
0.007374651713
0.007374696062
0.007375129717
0.007375695308
0.00737635749
0.00737711183
0.007377938347
0.007378848855
0.007379837345
0.00738090908
0.007381938505
0.007382786792
0.007383286742
0.007383277659
0.007382549942
0.007380408444
0.008493124775
0.7495841138
0.9511785911
0.01463667657
0.007374419299
0.007374668038
0.007801107009
0.009198711453
0.0156027621
0.987251905
0.9943101525
0.9974287409
0.9977090159
0.9975706465
0.9978043677
0.9976390052
0.997546141
0.9974299335
0.9972087667
0.9969967609
0.9969651836
0.9969455603
0.9967187437
0.9963759343
0.9960370428
0.9958585106
0.9959888428
0.9960265063
0.9956436189
0.9950548607
0.9942894273
0.9927929955
0.9888313577
0.9842908841
0.02732422703
0.01573243619
0.0119825273
0.01119555
0.009962293301
0.01367501587
0.9873240005
0.01435565184
0.00935876192
0.009217740427
0.009503392736
0.009861267984
0.01043359335
0.0117521721
0.01843426789
0.9999998089
0.9908670376
0.9919825315
0.9945613335
0.9952595844
0.995550993
0.9943425418
0.994405099
0.9955157408
0.9965121168
0.9960027235
0.995998993
0.02362546323
0.008228812664
0.007382167271
0.00738111616
0.007379601637
0.007378620582
0.007377796403
0.007377077631
0.007376555303
0.007376258201
0.00737604543
0.00737557557
0.007375178016
0.007375068382
0.007375102867
0.007375173807
0.007375256987
0.007375353329
0.007375459753
0.00737551897
0.007375500333
0.00737532236
0.007377064799
0.009668808057
0.9424391497
0.9872507705
0.988311317
0.9857803375
0.9660292742
0.0103338975
0.007976896591
0.007375851047
0.008278394049
0.01220399718
0.9914700097
0.9953095478
0.9962964589
0.9963648237
0.9964507482
0.9966865297
0.9970755695
0.9973034967
0.9967034956
0.9944062871
0.0141549941
0.008376267925
0.007374914333
0.00737532347
0.007376029242
0.007376734779
0.007377444166
0.007378172183
0.007378949883
0.007379804929
0.00738059231
0.007381159051
0.007381414481
0.007381185454
0.007380359914
0.007378408844
0.008533061482
0.9614974446
0.9734259141
0.01463522629
0.007373234919
0.007373696624
0.007373532191
0.0073734912
0.007374168046
0.007754394307
0.008465495968
0.01192986109
0.03041537946
0.9924295966
0.9959798266
0.9968536719
0.9967574926
0.9970429047
0.996633321
0.9959966028
0.9955377268
0.9964855952
0.996937266
0.9962699649
0.9954672368
0.9944414822
0.9943083934
0.9958330458
0.9961693975
0.9952246397
0.9948859828
0.9947042949
0.9940867334
0.993670948
0.9946064385
0.9941665527
0.9869186352
0.9816032643
0.01627308694
0.01654275248
0.984971526
0.01112449467
0.007379681128
0.007377398365
0.007376334483
0.00737597086
0.007375933986
0.007376207387
0.007377547985
0.007430506694
0.009776126925
0.9649688856
0.9832234367
0.9878468753
0.9950761634
0.9951272931
0.9936557914
0.9948801969
0.9961759788
0.9965893044
0.9969928324
0.9968908532
0.9918551134
0.009862595999
0.007378903043
0.007379175298
0.007378343053
0.00737748656
0.007376765623
0.007376297623
0.007376064827
0.007375891373
0.007375585617
0.007375273013
0.007375075141
0.007375001612
0.007374997257
0.007375026894
0.007375076915
0.007375149208
0.00737520994
0.00737517084
0.007374595924
0.008132165096
0.01629922059
0.9925803602
0.9919927817
0.9897430606
0.9796537727
0.01073516112
0.008091642591
0.00737547967
0.007375500869
0.007374976207
0.007374450623
0.008203995159
0.01234325549
0.9916595948
0.9952842454
0.9962805127
0.9964913061
0.9967801704
0.9969964145
0.9970864714
0.9970660959
0.9963113006
0.9938015345
0.01404094899
0.008412737364
0.007375474169
0.007376113186
0.007376852036
0.007377425725
0.007378013826
0.007378738104
0.007379368561
0.007379762382
0.007379918625
0.007379620863
0.007378853803
0.007377187787
0.008804954869
0.9755741989
0.9751988381
0.01463490115
0.007372901997
0.007373343961
0.007373502982
0.007373609202
0.007373804814
0.007373986149
0.007374066057
0.007374607644
0.007377024619
0.008003683328
0.009485624927
0.01563957078
0.9856366466
0.9943693964
0.9957453615
0.9951599839
0.9920422479
0.9916546909
0.9969317601
0.9967415776
0.9958074229
0.9934076851
0.9867874264
0.9905254871
0.9959986403
0.995466919
0.9944620919
0.9951715031
0.9957296524
0.9948925936
0.9948651279
0.9954435675
0.9946874357
0.9941224564
0.9955977161
0.9959501804
0.992581648
0.01323483194
0.00795329198
0.007377363952
0.007376608245
0.007375927411
0.007375740912
0.007375760147
0.007375846278
0.007377606531
0.01233194548
0.9903536596
0.01523967997
0.008956408456
0.01059500312
0.01748549567
0.9859023259
0.9885857248
0.9942987348
0.9959526718
0.9962812657
0.9964666345
0.9962973295
0.9953676187
0.0161380088
0.00793953956
0.007377846158
0.007377543789
0.007376727019
0.007376228685
0.007375992655
0.007375790276
0.007375534142
0.007375283092
0.007375086668
0.007374955102
0.007374879303
0.00737484396
0.007374812518
0.007374747031
0.007374625065
0.007374767208
0.007594282125
0.009919140647
0.9892743312
0.9952627008
0.9943546322
0.9885965787
0.01142044648
0.008177959003
0.007375258176
0.007375573064
0.007375408828
0.007375171636
0.007374779682
0.007374442285
0.007374321042
0.00818818416
0.01205193243
0.9910318227
0.9953193721
0.9965494735
0.996795685
0.996906659
0.996898459
0.9968408616
0.9968481652
0.9962213011
0.9939415058
0.01421484276
0.008403617381
0.007375912255
0.00737658322
0.007377066668
0.007377735584
0.00737830842
0.007378568049
0.007378779648
0.007378503758
0.007377874074
0.007376534336
0.00914740495
0.9863806761
0.9828854257
0.01463481508
0.007372796798
0.007373182123
0.007373392674
0.007373577616
0.007373765238
0.007373932617
0.00737404911
0.007374246475
0.007374529795
0.007374530188
0.007374233056
0.007374821022
0.007808395453
0.009005278459
0.01403811559
0.9900203315
0.9938988471
0.9901300012
0.01852027464
0.04054890739
0.9932157837
0.994161323
0.9911890833
0.9666380631
0.01531471239
0.01663342156
0.9756528279
0.9866283204
0.9950272264
0.9953448922
0.9947177155
0.9953295494
0.9945925004
0.9945527578
0.9956765797
0.9968189302
0.9961624374
0.9934985055
0.983993932
0.009657400792
0.007376721583
0.007375615023
0.007375281931
0.007375308209
0.00737518824
0.007740476166
0.01706382545
0.9909978869
0.01168277626
0.007378602666
0.007376969189
0.007997634263
0.01345557873
0.9653390506
0.9810457906
0.9918146408
0.9955906419
0.9961167612
0.9961466892
0.9966905201
0.9961681969
0.9850664203
0.008715018985
0.007377123945
0.007377005077
0.007376349703
0.00737606776
0.007375781471
0.007375508277
0.007375283575
0.007375100185
0.007374939479
0.007374812116
0.007374751764
0.007374714025
0.007374598763
0.007374238803
0.007375570668
0.009182758383
0.9296341946
0.9935306382
0.9955164262
0.9927341658
0.01326616418
0.008271678548
0.007375017838
0.007375294852
0.007375381238
0.007375315549
0.007375148562
0.007374908339
0.00737464745
0.007374436601
0.007374273362
0.00737419719
0.008132058309
0.01196935563
0.9919990747
0.9958763764
0.9968591723
0.9968145195
0.9966396097
0.9966219592
0.9967189648
0.9968196055
0.9961773166
0.993671218
0.01371119019
0.008429645452
0.007376553312
0.007376321702
0.007377366231
0.007377555795
0.007377840228
0.007377873233
0.007377320683
0.007376361839
0.009629548203
0.9909208387
0.9876389639
0.01463479276
0.007372758602
0.007373098327
0.007373298715
0.00737349869
0.007373689885
0.007373852897
0.007373985391
0.007374154895
0.007374377558
0.007374512223
0.007374506326
0.007374608553
0.007374666989
0.007374620363
0.007375108998
0.008288686844
0.01569736058
0.9955418184
0.9935813386
0.009589887911
0.008546957721
0.01376161877
0.9913778649
0.9928554488
0.9928129443
0.01551988319
0.009375476644
0.008453234439
0.01021969082
0.015598782
0.9804151687
0.99291375
0.9942976777
0.9933523132
0.9952113245
0.9964540476
0.9964068953
0.9954279407
0.9949349868
0.9947305195
0.01772888815
0.00837166315
0.007374815986
0.007374867111
0.007375017093
0.008364315813
0.9706988402
0.9740936358
0.008489961409
0.0073757579
0.00737948042
0.009510918735
0.974118754
0.9830811721
0.8980154967
0.01053419194
0.01452725164
0.9931471869
0.9953135927
0.9962576626
0.9964400916
0.9959098676
0.9932904148
0.01187198405
0.0073792975
0.007376611033
0.007376269022
0.007375825077
0.007375497146
0.007375297455
0.007375140505
0.007374955914
0.007374766657
0.007374683297
0.007374713719
0.007374697441
0.007374029489
0.008208756709
0.01773080311
0.9943045933
0.9946350791
0.9941010304
0.337343709
0.008912078864
0.007375297796
0.00737503106
0.007375123368
0.007375178188
0.007375135879
0.0073750448
0.007374885795
0.007374696606
0.007374519292
0.007374381146
0.007374281529
0.007374213286
0.007374227962
0.008192491242
0.01295491283
0.993817983
0.9965521475
0.9966080879
0.9963108511
0.9964007513
0.9964847006
0.9965610176
0.9966192787
0.9958442855
0.9933046214
0.01615793595
0.009160639318
0.007854589191
0.007377175393
0.007376473981
0.007376969026
0.007378899481
0.007376347699
0.01052782324
0.9933534111
0.9906777314
0.01463478777
0.007372743284
0.007373052597
0.007373232584
0.007373425062
0.00737361471
0.007373785542
0.007373939867
0.007374113592
0.007374310896
0.007374464489
0.007374546982
0.007374645535
0.007374716631
0.007374766764
0.007374975423
0.007375260634
0.007376323252
0.01180006312
0.9953698233
0.9943864458
0.009718878848
0.007376502369
0.008884826433
0.626979389
0.992984944
0.9951743854
0.9920716242
0.01155464629
0.008031028146
0.007376400375
0.007875202534
0.0091334216
0.01366904107
0.9835024458
0.9905743339
0.9951408425
0.9957197263
0.9949308103
0.9946303285
0.9957487385
0.9959431613
0.9917696423
0.01153764636
0.008092042528
0.007377207333
0.01088714541
0.9918109538
0.01944206368
0.007798903689
0.007375954123
0.0084204853
0.03993965597
0.9956089911
0.987297853
0.01026933261
0.008012929242
0.007375407258
0.009002245768
0.981761114
0.9957956688
0.9966460396
0.9965891744
0.9969067861
0.9970351504
0.03003060079
0.008240960571
0.007375928609
0.007375774807
0.007375422704
0.007375306249
0.007375226565
0.007375022992
0.007374725404
0.007374531071
0.00737450069
0.00737479226
0.007597365272
0.01001869743
0.9907740143
0.9960819415
0.994691255
0.977552978
0.009913018855
0.007608025073
0.007374925702
0.007374774317
0.007374851594
0.007374926171
0.007374944607
0.007374904211
0.007374806602
0.007374673575
0.007374535
0.007374413736
0.007374323842
0.007374279421
0.007374275774
0.007374299265
0.007374448145
0.008413392778
0.0167395807
0.9940306417
0.9950333698
0.9956526452
0.9959059393
0.9960601781
0.9961094408
0.9960764193
0.9960539158
0.9955732541
0.9929668062
0.9721834927
0.01430026096
0.01019024795
0.008411018346
0.008077145765
0.007898133271
0.01127311051
0.9950055508
0.9927239483
0.01463478756
0.007372736925
0.007373027124
0.007373189038
0.007373369392
0.007373554402
0.007373731866
0.007373902356
0.007374082334
0.007374269575
0.007374429378
0.007374548837
0.007374660475
0.007374744652
0.007374821635
0.007374977384
0.007375178761
0.007375464797
0.007375700338
0.01081512896
0.9952740936
0.9944933563
0.009833950134
0.007375533218
0.007637579093
0.00955071184
0.9795639504
0.9937769314
0.9938281484
0.9865235617
0.01059074554
0.007975749906
0.007375696162
0.008133220193
0.01404556133
0.9850136603
0.9884993985
0.9913504392
0.9922195778
0.993494771
0.9943415856
0.9950471707
0.9952279843
0.9934033143
0.985418988
0.01233756195
0.01580173136
0.9897845547
0.01342518399
0.007379338105
0.007616905052
0.009973931761
0.9890303805
0.9956227814
0.03145615574
0.008557181163
0.007375243137
0.007375316286
0.007374655828
0.007890504178
0.014339574
0.9944406608
0.9959972274
0.9967563547
0.9974141099
0.9973078345
0.9930260258
0.01006754641
0.007376223032
0.007375288163
0.007375290337
0.00737541031
0.007375250534
0.007374851269
0.007374569631
0.007374513946
0.007377524081
0.009661432541
0.9641218674
0.9944676677
0.9962926158
0.9927294518
0.01079010374
0.007717142446
0.007374570941
0.007374806084
0.007374702807
0.007374722479
0.007374778157
0.007374803141
0.007374784425
0.00737471953
0.007374623044
0.007374514491
0.007374411234
0.007374326069
0.007374268549
0.007374239024
0.007374236839
0.007374237948
0.007374237431
0.007374851802
0.008922259728
0.9263363772
0.9920111593
0.9948357179
0.9953835105
0.9955359083
0.9953408922
0.9948733841
0.994566825
0.9945374391
0.992762131
0.9932166005
0.9926029737
0.9663962317
0.9479131115
0.01457993089
0.9180046932
0.9943497145
0.9940287907
0.0146347888
0.007372734709
0.00737301333
0.007373161602
0.007373330921
0.007373510627
0.007373691467
0.007373871752
0.007374056984
0.007374242409
0.007374409203
0.007374550906
0.007374680352
0.007374790672
0.007374900429
0.007375054267
0.007375240358
0.007375465481
0.007375616882
0.007375394425
0.01061439228
0.9951567484
0.9946242167
0.00996008822
0.007374812835
0.007374173466
0.007834618334
0.01063327713
0.987114847
0.9937894901
0.9930719292
0.9798103238
0.01105384678
0.01018985589
0.9820493615
0.9923367506
0.9857034915
0.01114040943
0.01080044927
0.9779349509
0.9931811534
0.9944720758
0.9942058743
0.99389623
0.9933399908
0.992765396
0.9912561268
0.9786134962
0.009682364312
0.007376329226
0.008730332683
0.6819384085
0.9912478549
0.9691967698
0.009229027889
0.007377411634
0.007375004507
0.007374978769
0.007374731539
0.007374379725
0.007374717463
0.009157277675
0.98355575
0.9959066302
0.9969629938
0.9971944046
0.9970352505
0.9960181846
0.01879013858
0.008273236145
0.007374794247
0.007375520335
0.007375720157
0.007375171088
0.007374775619
0.007374740813
0.008588780915
0.02546187264
0.9952378873
0.9948675759
0.995033131
0.02285805642
0.008455787431
0.007374387475
0.007374836396
0.007374901103
0.007374791842
0.007374729239
0.007374720319
0.007374717366
0.007374694483
0.007374642592
0.007374567134
0.007374479678
0.007374392113
0.007374314297
0.007374253155
0.007374209616
0.007374181389
0.007374160119
0.007374150418
0.00737415968
0.007373977684
0.007672111726
0.009787462072
0.9792591586
0.993117797
0.9952453215
0.9951044801
0.9940413731
0.9925841235
0.9914330725
0.9900761097
0.9886552764
0.9894655935
0.9821854414
0.9531645311
0.9757453594
0.9808177872
0.9928164947
0.992856163
0.01463479065
0.007372734722
0.007373006707
0.00737314529
0.007373306047
0.007373481063
0.007373663085
0.007373848881
0.007374038343
0.007374226139
0.007374401462
0.00737456085
0.007374709845
0.007374847579
0.007374987621
0.007375152777
0.007375335814
0.007375523994
0.007375636196
0.007375540691
0.007375218792
0.01044845137
0.9950404562
0.9947495156
0.01009442075
0.007374788483
0.007374747968
0.007374466736
0.008051252832
0.0115683398
0.9908331531
0.9930502889
0.990862989
0.9902429005
0.9874738233
0.992719844
0.0169656423
0.008405935362
0.007375384073
0.007956951121
0.01156317425
0.9888883568
0.9927679319
0.9930616538
0.9918032453
0.9923862355
0.9934371851
0.9881821958
0.9653412488
0.01141893327
0.01296541349
0.9887799062
0.9902597608
0.0132187711
0.00777883464
0.007374889289
0.007374807981
0.007374727555
0.007374558408
0.007374353997
0.007374341869
0.007374161453
0.007860282814
0.0138992081
0.9947546551
0.9966295031
0.9971004352
0.9971656391
0.9965812352
0.9915386339
0.01077193284
0.007784407658
0.007376187039
0.007376088286
0.007374983408
0.007982709585
0.01135410465
0.993166764
0.9963244059
0.9943351344
0.9557223775
0.009500227363
0.007376873834
0.007374597638
0.007374732752
0.007374798453
0.007374743868
0.007374697115
0.007374670279
0.007374651044
0.007374623053
0.007374577382
0.007374515305
0.007374443509
0.007374370277
0.007374303337
0.007374248822
0.007374209805
0.007374188095
0.0073741846
0.007374207271
0.007374257939
0.007374231085
0.007374059829
0.007373985988
0.007889725481
0.01062148551
0.9888286766
0.9952034353
0.9948875197
0.9916858407
0.9882534333
0.9853255508
0.9826227988
0.9788147803
0.9693204852
0.8972063598
0.927546058
0.9826578858
0.9910509071
0.990072789
0.01463479279
0.007372736008
0.007373004618
0.007373136598
0.007373291324
0.007373462821
0.007373645062
0.007373833945
0.007374026715
0.007374218262
0.00737440195
0.00737457577
0.007374742271
0.007374902443
0.007375064632
0.007375238692
0.007375415681
0.007375575385
0.007375660237
0.007375598782
0.007375405551
0.007375036364
0.01029524961
0.9949210375
0.9948717061
0.01024088044
0.007375334519
0.007375660773
0.007375639444
0.007375953171
0.008411172366
0.01801149962
0.991328926
0.9946083581
0.9937117172
0.9677309766
0.01015417594
0.007378254616
0.007376138002
0.007375394695
0.00737484996
0.008591829102
0.9218310744
0.992570327
0.9924634191
0.9914802479
0.9927099208
0.9911734489
0.9889471355
0.9897659769
0.9865365262
0.9902680414
0.8042941292
0.00880679679
0.007374887954
0.007375003583
0.007374893672
0.007374711305
0.007374538398
0.007374395028
0.007374363097
0.007374307611
0.007374163975
0.0073746129
0.009286244014
0.9894392854
0.9967596982
0.9971231195
0.9965217947
0.9958606753
0.9933194557
0.9723900583
0.009621782976
0.007380464829
0.007882003777
0.0101425018
0.9815209832
0.9943740181
0.9959113995
0.9898611614
0.009814118722
0.00757821808
0.007374551138
0.007374351206
0.007374497066
0.007374610644
0.00737463998
0.007374635139
0.007374619583
0.007374598055
0.007374567884
0.007374525574
0.007374472041
0.007374411687
0.007374350609
0.007374295001
0.007374250458
0.007374220932
0.007374209885
0.007374219813
0.007374254579
0.00737430577
0.00737431737
0.00737426849
0.007374330631
0.007374486496
0.007374566876
0.008137394483
0.01460225367
0.9940277647
0.9922065876
0.9863870718
0.9830286801
0.9828903351
0.9827310646
0.98138763
0.9787767639
0.9768502776
0.9818118739
0.9882605144
0.9811407497
0.01463479503
0.007372737937
0.00737300533
0.007373133099
0.007373284099
0.007373453477
0.007373635798
0.007373826464
0.007374021528
0.007374216318
0.007374406469
0.007374590755
0.007374770151
0.007374945474
0.007375120859
0.007375298461
0.007375466445
0.007375603245
0.007375668764
0.00737562467
0.007375473014
0.007375224934
0.0073748566
0.01015195344
0.9947962336
0.9949883033
0.01043331014
0.007376065049
0.007376159441
0.007375907234
0.008266731402
0.01344082319
0.9908536828
0.9936026541
0.9937548702
0.9748670478
0.008885615669
0.007376045895
0.007375927009
0.007375563807
0.007375416391
0.00737525129
0.007790989271
0.01225147614
0.9917361993
0.9918571138
0.9929171797
0.9928772001
0.9928308199
0.993724999
0.9908932682
0.9765493427
0.01032280744
0.007649299133
0.007374722643
0.00737488275
0.007374832622
0.00737469801
0.007374547006
0.007374427181
0.00737437108
0.00737431111
0.007374253321
0.007374420894
0.007374371062
0.008012005618
0.0190871333
0.9964465845
0.9963758633
0.9954657004
0.9946460291
0.993951152
0.9944654009
0.02687526669
0.01165630312
0.9459157358
0.9879107601
0.9932495423
0.9937840298
0.01696544534
0.008142972679
0.007374114105
0.007374713015
0.007374587079
0.007374560143
0.007374584873
0.007374599119
0.007374597672
0.007374583379
0.007374559703
0.007374527381
0.007374486181
0.007374437587
0.007374384925
0.007374332965
0.007374286623
0.00737425085
0.007374229241
0.007374225206
0.007374239642
0.007374272716
0.007374312488
0.00737433145
0.007374325803
0.007374391005
0.007374539641
0.007374782354
0.007375047291
0.007375723967
0.01025700547
0.9877485346
0.9866811838
0.9844448496
0.9873093971
0.989120962
0.9901586977
0.9906339373
0.9900066157
0.9875684057
0.9882487785
0.961724984
0.01463479714
0.007372739998
0.007373007598
0.007373133139
0.007373282552
0.00737345134
0.007373634086
0.007373825819
0.007374021999
0.007374218336
0.007374411864
0.007374601969
0.007374788475
0.00737497132
0.00737515203
0.007375328736
0.007375486569
0.007375604707
0.007375654274
0.007375617158
0.007375493358
0.007375297817
0.007375056168
0.007374700865
0.01003377268
0.9946624562
0.9950608275
0.01118376029
0.007376484444
0.008050782045
0.01111566934
0.9877962281
0.9920528874
0.9909457866
0.9894591027
0.9841639879
0.9064456556
0.007893884413
0.007375942093
0.007375634424
0.007375395821
0.007375270439
0.007375575827
0.008389508646
0.01528370783
0.989591588
0.9925709594
0.9939638124
0.9948725909
0.9954546248
0.9941046593
0.9709828258
0.008600533682
0.007374681468
0.007374975559
0.007374994429
0.007374859129
0.007374717587
0.007374577185
0.007374466076
0.007374403046
0.007374360535
0.007374357357
0.007374484304
0.007374579827
0.00737461857
0.007376105288
0.01123490856
0.9933106556
0.9943989207
0.9928780978
0.9923846648
0.9946473936
0.9961989279
0.9951832568
0.9919918027
0.991180964
0.9918242047
0.9569626871
0.009290451441
0.007375590077
0.00737441946
0.007374687718
0.007374665918
0.007374618713
0.007374592465
0.007374581547
0.007374571788
0.007374555122
0.007374529793
0.00737449627
0.007374455497
0.007374409639
0.007374361632
0.007374315641
0.007374275529
0.007374245827
0.007374229167
0.007374228809
0.007374243382
0.00737427186
0.007374300383
0.007374318594
0.007374319038
0.007374367221
0.007374466969
0.007374712669
0.007374959169
0.007375219957
0.007375207989
0.01014759965
0.9775873962
0.9865183298
0.9905674688
0.9923569384
0.9934552302
0.9940657522
0.993689429
0.9894701614
0.9863024735
0.03890195179
0.01463479884
0.007372741734
0.007373010481
0.007373135639
0.007373285619
0.007373455501
0.00737363932
0.007373831729
0.007374027727
0.00737422324
0.007374416423
0.00737460749
0.007374795038
0.007374978094
0.007375157509
0.007375330343
0.007375478062
0.007375581487
0.007375616019
0.007375575045
0.007375455706
0.007375290285
0.007375139285
0.00737490917
0.007374570582
0.01011727799
0.99420681
0.9946943202
0.01356876876
0.01138607387
0.984667667
0.9923684815
0.9911289096
0.9770806348
0.01188284817
0.01319839857
0.9909450984
0.01217474208
0.007375655177
0.007375675012
0.007375106555
0.007374505476
0.007975810476
0.0104215641
0.9778558308
0.9849118611
0.9888978151
0.9922118278
0.9943101291
0.9949611459
0.9937833802
0.9883863866
0.01018321776
0.007374469001
0.007374796472
0.00737489319
0.007374815308
0.007374699644
0.007374582861
0.007374486998
0.00737442851
0.007374398107
0.007374410496
0.007374482852
0.007374529662
0.00737457061
0.007374794046
0.007374946036
0.009248403003
0.9857793294
0.9896150546
0.9882879021
0.9924059611
0.9957916658
0.9969793727
0.9964890015
0.9932661558
0.9889092518
0.01241345542
0.007773730018
0.007374809156
0.007374459334
0.00737457241
0.007374600667
0.007374601194
0.00737458465
0.007374568687
0.007374553737
0.007374534172
0.007374507017
0.007374472251
0.007374431057
0.007374386109
0.00737434006
0.007374297102
0.007374260088
0.007374233812
0.007374219721
0.007374222031
0.00737423665
0.007374265773
0.007374290163
0.007374314599
0.007374317713
0.007374353791
0.007374383199
0.007374638536
0.007374812905
0.007374733591
0.007958786561
0.009977825985
0.9241783136
0.9857283597
0.9913452885
0.9930876186
0.9941536508
0.9948049275
0.9945958203
0.9907606578
0.9741845906
0.02662829881
0.01463479983
0.007372742723
0.007373013268
0.007373139996
0.007373292931
0.007373465823
0.00737365156
0.007373844495
0.007374039013
0.00737423102
0.007374419954
0.007374607435
0.007374790066
0.007374966304
0.007375138772
0.00737530597
0.00737544302
0.007375536208
0.007375560554
0.007375512191
0.007375365692
0.007375183563
0.007375110258
0.007374946462
0.00737467156
0.007374464126
0.01072668053
0.9910161017
0.9928093089
0.9904524452
0.9928005168
0.992172772
0.9797278731
0.01017601752
0.008118822606
0.007756182404
0.942112361
0.9863269651
0.008759904725
0.007375463992
0.007375063152
0.007975326004
0.01019750819
0.9664262734
0.9823145565
0.9814503137
0.9760099472
0.9852190347
0.9891494196
0.9913706411
0.9906623258
0.9897558142
0.9697151909
0.007999798821
0.007374570197
0.007374735221
0.007374728629
0.007374659128
0.007374570097
0.007374490684
0.007374444726
0.007374431109
0.00737446248
0.007374520941
0.007374587911
0.007374759297
0.007374982544
0.00737522054
0.007375383365
0.008972392798
0.9812186641
0.9887770894
0.9930555892
0.9961538701
0.9974559332
0.997553293
0.9959064766
0.9812396109
0.009147288047
0.007375224693
0.007375090508
0.007374723122
0.007374623502
0.007374592839
0.007374586778
0.007374576258
0.007374561428
0.007374543818
0.007374521194
0.007374491312
0.007374454352
0.007374411329
0.007374365455
0.007374318761
0.007374276183
0.007374239273
0.007374214319
0.007374200781
0.007374207253
0.007374223763
0.007374262389
0.007374296227
0.00737434596
0.007374360906
0.007374468122
0.007374413446
0.00737469635
0.007374626171
0.007948167155
0.009849461253
0.8751406676
0.9737804671
0.9817909785
0.9892141852
0.9915253219
0.9928891258
0.9939075735
0.9940203265
0.9922144102
0.9864114639
0.02669732382
0.01463479982
0.007372742589
0.007373015455
0.00737314603
0.007373304784
0.007373482912
0.007373671498
0.007373865031
0.007374056892
0.007374242701
0.007374423783
0.007374604111
0.007374775961
0.007374938004
0.007375098796
0.007375260656
0.007375383178
0.007375467603
0.007375493669
0.007375466765
0.007375278554
0.007375021102
0.007375025415
0.007374892847
0.007374545542
0.008009173269
0.009971057873
0.9782326417
0.9944702748
0.9954729637
0.9942621563
0.9867669986
0.0106663215
0.007945652617
0.00737500516
0.007374805555
0.008394163619
0.9807215662
0.9732470505
0.007957093812
0.00833171444
0.01113015541
0.9820744976
0.9901713124
0.9900527642
0.9889368613
0.9860569387
0.9878254162
0.9859621591
0.9506616501
0.9837799383
0.9882054735
0.9874736486
0.01002519528
0.007374182879
0.007374552073
0.007374627758
0.007374610226
0.007374549811
0.007374481324
0.007374446476
0.00737445211
0.00737451548
0.007374555251
0.007374606702
0.007374888658
0.007375202314
0.007375503596
0.007376773301
0.008778454022
0.01490424845
0.9901025739
0.9935060594
0.9958030703
0.9972068254
0.9974880476
0.9964323054
0.992279594
0.01087537764
0.007374857559
0.007374877942
0.007374679836
0.007374609652
0.007374573351
0.007374567109
0.007374563172
0.007374554044
0.007374537958
0.007374514092
0.007374481463
0.007374441554
0.007374395141
0.007374346579
0.00737429658
0.007374252045
0.007374211782
0.007374186906
0.00737417124
0.007374183538
0.007374205686
0.007374262544
0.007374308573
0.007374439181
0.00737445417
0.007374712081
0.00737482837
0.007377212565
0.008493769388
0.01097764985
0.9626864593
0.9812856063
0.9802753388
0.9746383523
0.9829928687
0.9863265568
0.9877034708
0.9897642709
0.9908298723
0.990198744
0.9904695714
0.04663738073
0.01463479851
0.007372741056
0.007373016807
0.007373153977
0.007373322132
0.007373508052
0.007373700309
0.00737389474
0.007374082825
0.0073742599
0.007374430722
0.007374602733
0.007374757565
0.007374896088
0.007375040871
0.00737520313
0.007375302499
0.007375368401
0.007375394424
0.007375458577
0.007375296052
0.007374928941
0.007375078521
0.007374980529
0.008146780782
0.0107747144
0.9627646175
0.9848607654
0.9942000568
0.9956739619
0.9939270327
0.01339146094
0.008214479122
0.007375183274
0.00737509811
0.007374796083
0.007374526924
0.01106974965
0.9894173349
0.01692216201
0.01684174853
0.9913438882
0.9937136924
0.9943886303
0.9931006238
0.9924517761
0.9903232446
0.9288935324
0.01287963636
0.009836318906
0.8142684981
0.9902961171
0.9918583126
0.9648901566
0.007867864682
0.00737446786
0.007374596485
0.007374598212
0.007374548257
0.007374471387
0.007374428456
0.007374430015
0.007374537629
0.007374534533
0.007374393645
0.007374539932
0.00737450156
0.007657823052
0.009077069614
0.01587094207
0.9907058632
0.9914443711
0.9931499618
0.9941805606
0.995859416
0.9963943156
0.9955755181
0.9943042767
0.9900625195
0.008397737374
0.007374774964
0.00737460948
0.007374583006
0.007374561453
0.007374557244
0.007374556071
0.007374550924
0.007374536876
0.007374512534
0.007374476875
0.007374433316
0.007374381778
0.007374329029
0.007374272359
0.007374224186
0.007374175674
0.007374148395
0.007374127424
0.007374143414
0.007374155645
0.00737424769
0.007374229612
0.007374373114
0.007374345234
0.00737485795
0.007799014443
0.009799530278
0.02244127166
0.9915412576
0.9909854989
0.9887028162
0.9819194365
0.9770462718
0.9786293606
0.9785841111
0.9737733644
0.9748747622
0.9817783488
0.9863179513
0.9902390285
0.9782356424
0.01463479571
0.007372738089
0.007373017532
0.007373164555
0.007373346605
0.007373542992
0.007373739347
0.007373935495
0.007374118182
0.007374283425
0.007374444314
0.007374613448
0.007374743861
0.007374843798
0.007374967211
0.007375143694
0.007375208812
0.007375236693
0.007375207182
0.007375385449
0.007375370596
0.007375145685
0.007377433961
0.008712834062
0.01249733291
0.9876585572
0.9898818317
0.9894659269
0.9910288864
0.9908423831
0.9886884468
0.01125485419
0.007375359954
0.007375512237
0.007375252084
0.007375575017
0.007911626131
0.00928377148
0.9748713838
0.9913819666
0.9947570695
0.995536001
0.9956955538
0.9948329109
0.9922222793
0.9816892292
0.01443773649
0.009281628808
0.007860129736
0.007376076288
0.009118653316
0.9917316393
0.9943091079
0.9913561375
0.01024722653
0.007374400234
0.007374638606
0.007374643095
0.007374586454
0.007374486373
0.007374419463
0.00737436863
0.007374519781
0.007374547933
0.007374329352
0.00737463973
0.007943289019
0.009887241244
0.6746809195
0.9927407908
0.9936640626
0.992524664
0.9925399925
0.9938798342
0.9948561163
0.9945300253
0.9924568889
0.9941235365
0.995187926
0.01560283831
0.007375176311
0.007374550282
0.007374559458
0.007374543334
0.007374546444
0.007374550352
0.007374550749
0.007374539854
0.007374515898
0.007374476843
0.007374429485
0.007374370607
0.007374313301
0.007374245582
0.007374191596
0.007374129988
0.007374097083
0.007374054193
0.007374093666
0.007374039493
0.007374131117
0.007374072358
0.00737437404
0.007712997975
0.008983648893
0.01410133995
0.9816607014
0.9949589347
0.9955960283
0.994150227
0.9909467647
0.9870134822
0.9844637337
0.9817958597
0.9772378471
0.9421171151
0.9278042688
0.8050732917
0.9829245413
0.9919098998
0.9861389346
0.01463479152
0.007372734189
0.00737301866
0.007373179221
0.007373380684
0.007373589265
0.007373789093
0.007373990067
0.007374164521
0.007374310838
0.007374464745
0.007374653192
0.007374754732
0.007374784922
0.007374873665
0.007375091022
0.007375073426
0.007375056414
0.007374820486
0.007374899481
0.007374587598
0.007669593796
0.009483677022
0.02290050325
0.9934989941
0.9944268033
0.9926536546
0.9873008963
0.9853714547
0.0150478501
0.9686859622
0.9739390628
0.008152705645
0.00737684891
0.007899172329
0.009419812165
0.0145906637
0.9754753988
0.9876046233
0.9942828273
0.995805348
0.9959612887
0.9951425722
0.9931956317
0.6029462989
0.009870764331
0.00802458278
0.007376118533
0.007375608635
0.007375455115
0.007375043328
0.01313965364
0.9945331636
0.994787224
0.9873282812
0.008110279325
0.00737474412
0.007374775287
0.007374685994
0.007374534737
0.007374477496
0.00737429185
0.007374382897
0.007374133346
0.0076290995
0.008758337356
0.01328971649
0.9854691216
0.992845679
0.9946224726
0.9942782739
0.9929991564
0.9923189326
0.992338725
0.9919969934
0.02072871901
0.01376620454
0.9940747661
0.9960892192
0.9940888117
0.009310614717
0.007374365057
0.00737448352
0.007374480096
0.007374513361
0.007374535937
0.007374550319
0.007374546278
0.007374524448
0.007374480787
0.007374430743
0.007374361934
0.007374299908
0.007374217281
0.007374157438
0.007374063265
0.007374045403
0.007373935371
0.007373974329
0.00737390646
0.007374165124
0.007690471012
0.008800672498
0.01292098548
0.9712994518
0.9935140712
0.9954792645
0.9955831393
0.9956083306
0.9941066371
0.9928394036
0.9931708917
0.9915783846
0.9887542894
0.9864866874
0.9751371146
0.9746053181
0.9343136786
0.9478012008
0.9924143869
0.990368049
0.01463478699
0.007372731039
0.007373022558
0.007373200624
0.007373428697
0.007373646989
0.007373845739
0.007374061772
0.007374227077
0.007374337277
0.007374481554
0.007374739765
0.007374833405
0.007374762284
0.007374766782
0.007375115762
0.007374977537
0.007374959433
0.007374800484
0.007376184015
0.008303501872
0.01034508102
0.9108876906
0.9943406486
0.9958840389
0.9951041282
0.9902464848
0.9118649767
0.0103930641
0.008414359142
0.01032788765
0.9812266065
0.01153287405
0.01058333776
0.01964584482
0.9850669019
0.9936128036
0.9944753215
0.9942748138
0.995820981
0.9959785767
0.9947442927
0.9913090872
0.01555525897
0.009031911863
0.007656139226
0.007375222294
0.007375272437
0.007375355087
0.007375219781
0.007374572986
0.008085835906
0.9866364453
0.9947234881
0.9946712647
0.01342088646
0.007375090639
0.007375016257
0.007374910079
0.007374637342
0.007374669382
0.007374581773
0.007375840262
0.008186690439
0.01020576526
0.8123182458
0.9922057309
0.9950667258
0.9952783964
0.9955106856
0.9940824328
0.9926205224
0.9893794841
0.8774414538
0.01107808431
0.008630478631
0.007379196843
0.01408999706
0.9954377706
0.9956181789
0.9856638797
0.007930609893
0.007374250184
0.007374342982
0.007374459339
0.00737451727
0.007374554831
0.007374559336
0.007374540802
0.007374489255
0.007374436924
0.007374356912
0.007374295779
0.007374177264
0.007374140641
0.00737397436
0.007373938723
0.007373821725
0.007374035467
0.00767868414
0.008728653151
0.01254949151
0.9654571663
0.9929200232
0.9952714122
0.9955572802
0.9962787313
0.9960562878
0.9956894531
0.9948497734
0.9938154126
0.9948941668
0.9956250277
0.9896948282
0.9788897435
0.7107212675
0.9172244664
0.01461756993
0.9058182586
0.9905944532
0.990482166
0.01463478559
0.00737273314
0.007373033735
0.007373232475
0.007373499813
0.007373715065
0.007373894392
0.007374147212
0.007374315493
0.007374370935
0.007374472188
0.007374860047
0.007374982389
0.007374860346
0.007374741547
0.007375088594
0.007374709874
0.007375153449
0.007800289035
0.009487471731
0.01819443621
0.9896432095
0.9914383653
0.9934940674
0.9933403474
0.9867335005
0.01256514626
0.009470307701
0.009178227064
0.009589841445
0.01458185394
0.9899991043
0.9879538267
0.9869476112
0.9955641597
0.9959824179
0.9952623384
0.9954757586
0.9945638465
0.9956861475
0.9951373756
0.9749132566
0.01065568601
0.008259968078
0.007376057224
0.007375516752
0.007375498993
0.007375277813
0.007375170363
0.007374997194
0.007374490738
0.007374000906
0.01016293623
0.990924284
0.9941985403
0.9910396271
0.008983793892
0.007374866575
0.007375046273
0.007374632546
0.007374613645
0.007743377211
0.00944044813
0.01879239486
0.9912505113
0.9938483923
0.9951129435
0.9962362143
0.9954760758
0.995080754
0.9924484836
0.9229094395
0.0120030527
0.008772091605
0.007710109282
0.007376179583
0.007376054049
0.007892859524
0.9841241191
0.995595498
0.995616727
0.0139658179
0.007374592486
0.007374349034
0.007374485847
0.007374532695
0.007374582162
0.007374586383
0.007374566633
0.007374502393
0.007374453487
0.00737434119
0.007374324641
0.007374139932
0.007374089247
0.007373920394
0.007374086916
0.007677397159
0.008684194446
0.01232365822
0.9609148756
0.9926211754
0.9951919048
0.9955965318
0.9964301179
0.9963760742
0.9967186611
0.9960873145
0.9954250102
0.9944768763
0.9896245798
0.9720820596
0.02050421475
0.01273755457
0.009156284743
0.008660778418
0.008190847851
0.007971425373
0.01156801313
0.9917474865
0.9882954524
0.0146347962
0.007372750675
0.007373062162
0.00737327759
0.007373610908
0.007373799177
0.007373907845
0.007374216698
0.007374408405
0.007374436534
0.007374472527
0.007374921105
0.007374893727
0.007374890353
0.007375529175
0.007383900674
0.007982450832
0.009404806129
0.01459235922
0.9729709643
0.9933128757
0.9941631271
0.9919556656
0.9893259732
0.9764026247
0.01150722373
0.01159426677
0.01461891732
0.924279007
0.970927903
0.993095157
0.9952421738
0.9953606984
0.9948812672
0.9956541019
0.9957266253
0.9946509102
0.9943537871
0.9916790286
0.9830248904
0.01860423977
0.009598143419
0.007667431177
0.007375973685
0.007375745251
0.007375614697
0.007375528824
0.007375207152
0.007375108294
0.007374959554
0.007374551505
0.007374177068
0.00789012767
0.9616990183
0.9912041328
0.9904531572
0.9787236608
0.008138987855
0.007375245421
0.007692579326
0.008686751032
0.01246871477
0.9728029634
0.9944941844
0.9961093712
0.9960712302
0.9962285356
0.9964620304
0.9953912135
0.9822847847
0.01369750463
0.008865384542
0.007720530989
0.007375688662
0.007376286956
0.007376551584
0.007375907231
0.007374714166
0.009158260939
0.9938651725
0.9964001711
0.9938235742
0.009143616291
0.007374260916
0.007374508696
0.007374534794
0.007374615231
0.00737462143
0.007374603183
0.007374499336
0.007374499877
0.007374325924
0.007374315125
0.007374155956
0.007374468232
0.007731755117
0.008764010346
0.01238154489
0.957745793
0.9923661184
0.9951122664
0.9955865641
0.9964747611
0.9965265079
0.9969589539
0.996651155
0.9968538259
0.9962893627
0.9875107751
0.714854589
0.0117747959
0.008581805613
0.007846558608
0.007388198426
0.007385480284
0.007383309109
0.007381312261
0.007378659237
0.01054271468
0.9937148136
0.9897112642
0.01463485707
0.007372798296
0.007373131219
0.007373341112
0.00737377002
0.007373896736
0.007373873655
0.007374160682
0.007374208934
0.007374239349
0.007374557763
0.007376406414
0.007719216191
0.00802033766
0.009128318204
0.01457217608
0.04487423324
0.9888770119
0.994154972
0.994719459
0.9932900642
0.9919779091
0.9801650053
0.9788591505
0.02572740919
0.9675697116
0.9815609
0.9943059446
0.9942094811
0.9929471506
0.9934943531
0.9951968499
0.9958821597
0.9961374945
0.996187782
0.9956747401
0.9832429463
0.8074763176
0.01232197024
0.00899053671
0.007917025141
0.007378547652
0.007378057351
0.007377481784
0.007376503065
0.007375945238
0.00737559576
0.007375166539
0.007375095605
0.007375007491
0.007374640832
0.007374366471
0.007374416488
0.01051644029
0.9848949056
0.9854738502
0.9903397326
0.01558540597
0.008805436549
0.01117711787
0.8218951366
0.9915475856
0.9944557814
0.9950594561
0.9961591976
0.995124092
0.9941937419
0.9930596846
0.02538953558
0.009937635385
0.007805230238
0.00737568155
0.007375869073
0.007376038315
0.007376380988
0.007376558921
0.007375894734
0.007375022787
0.00737483558
0.01402396753
0.9956323184
0.9955835849
0.9839978514
0.007893901161
0.007374451504
0.007374507107
0.007374677116
0.007374655549
0.007374670806
0.007374483578
0.007374481757
0.007374336655
0.007374806355
0.007785804579
0.009054957395
0.01369785659
0.9688316338
0.9923535615
0.9950177251
0.9955161097
0.9964531999
0.9965421607
0.996998257
0.9967276904
0.9969149687
0.9962423614
0.991370582
0.02793302653
0.01099262937
0.008062224197
0.00766102294
0.007395510477
0.007397115876
0.007393703044
0.007391048572
0.007387625857
0.007383722666
0.00737957393
0.009660935194
0.9914829121
0.9880279799
0.01463521057
0.007372913861
0.00737324591
0.007373494197
0.007373933337
0.007373774685
0.007373855759
0.007375000085
0.007672668358
0.007962256289
0.008913649856
0.01243712068
0.02119080867
0.9767050864
0.9873679503
0.994667508
0.9973050971
0.9969905977
0.9960069818
0.9956744609
0.9940191367
0.9915932398
0.9863258112
0.9812399715
0.9911380037
0.9929509978
0.992159196
0.993368542
0.9944243294
0.9946422834
0.9937464581
0.9929753069
0.9932683835
0.993144778
0.9908799065
0.0237685885
0.01076437946
0.008069476469
0.007660873905
0.007379034614
0.007379843656
0.007379457104
0.007379035131
0.007378326193
0.007377261353
0.007376592306
0.007376203345
0.007375582252
0.007375131753
0.007374775786
0.00737458121
0.007374766154
0.00737566287
0.008853948811
0.9668162225
0.9814464311
0.9874842027
0.9877047158
0.9632478156
0.9843921279
0.9922647025
0.9942024884
0.9953505162
0.9954081254
0.9955941456
0.9935122992
0.9329114657
0.01058185817
0.008401325019
0.007378547619
0.007376375106
0.007376181078
0.007376264543
0.007376409861
0.007376389924
0.007376334932
0.007375861405
0.007375329291
0.007375173687
0.007936104228
0.9857820742
0.9955823776
0.9954706703
0.01404160609
0.007375151968
0.007374694183
0.00737492693
0.007374739883
0.007374669024
0.007374463887
0.007374952274
0.007805050025
0.009222999103
0.01480650322
0.978704942
0.9936484148
0.9952474879
0.9953165422
0.9963174232
0.9964788133
0.9969949595
0.9967572315
0.9969594701
0.9963085183
0.9914118718
0.02526047245
0.01039996656
0.008049836279
0.007411043904
0.007411575679
0.007415272733
0.007408195865
0.007403945445
0.007397792242
0.007392096199
0.007387650577
0.00738388555
0.007379940492
0.009170024928
0.9872108326
0.9839555089
0.0146387676
0.0073733134
0.007373321859
0.007374046088
0.007381304672
0.007817875361
0.008328193113
0.0110623071
0.01783243859
0.9728462661
0.9871065257
0.9944775347
0.9970927643
0.996994771
0.9965226818
0.996818987
0.9970930074
0.9971632643
0.9964644854
0.9958312431
0.9948671471
0.9937282935
0.9923992057
0.9920682212
0.9922197288
0.9938554197
0.9924822114
0.9914929628
0.9910582481
0.993592155
0.9938792546
0.9880301556
0.9759674957
0.9805932344
0.01113297748
0.008116523964
0.007380439979
0.007378824245
0.00738008893
0.007379482287
0.007379069869
0.00737871044
0.007378069703
0.007377540886
0.007376989254
0.007376747752
0.007376985665
0.007378202836
0.00738239622
0.007775087272
0.007972179998
0.008641778315
0.0106331942
0.01457371567
0.9818427699
0.9889915111
0.9920422572
0.9929814082
0.9918992734
0.9909148341
0.9928053458
0.9944926673
0.9943354114
0.9928468605
0.9899781423
0.01621490856
0.009078953044
0.007639446292
0.007375480061
0.007375988151
0.007376259774
0.007376302668
0.007376274404
0.00737636355
0.007376357483
0.007376241776
0.00737588771
0.007375531077
0.00737581282
0.007376028644
0.009404296092
0.9940260856
0.996000698
0.9943694022
0.01025189715
0.007374907093
0.007375191532
0.00737480928
0.007375198627
0.007814401338
0.009263316406
0.01510692693
0.9805390495
0.9941043947
0.9954863004
0.9955824192
0.9961978777
0.9961208366
0.9968191187
0.99670868
0.9969849553
0.9963866655
0.9916870003
0.02634249776
0.01046352727
0.008056215747
0.007431484729
0.007435685527
0.007437899832
0.007431462175
0.007424746895
0.007413929229
0.007404980573
0.007397672574
0.007391935291
0.007387607583
0.007384365947
0.007380867558
0.008841590241
0.9783441088
0.9764871798
0.01670036949
0.007840408759
0.008050109012
0.009165818194
0.01445856776
0.04968436709
0.990128372
0.9937361935
0.9969579334
0.9971178281
0.9968629351
0.9971929327
0.9975082244
0.9977235737
0.9975282606
0.9974499865
0.9972788008
0.9970104284
0.9967228024
0.996361153
0.9957982203
0.9952347109
0.9946858325
0.9943418295
0.9939752738
0.9931908158
0.9917107459
0.9884113742
0.9784737473
0.9739319605
0.02494437298
0.01678147321
0.01304135549
0.01271983428
0.01151168868
0.009227325741
0.009430676604
0.00956353447
0.009699484709
0.009845423
0.01000325856
0.01017460905
0.01036155387
0.01057115619
0.01082182401
0.0111627269
0.01174019477
0.01314113008
0.02047462975
0.03127374372
0.9656187761
0.9654288839
0.9874862021
0.9940770556
0.9941768429
0.9942848647
0.9949823301
0.9954991623
0.9953062
0.9945836878
0.9946673938
0.9949645005
0.9934703439
0.8694376723
0.01014847892
0.008155058938
0.007376139803
0.007375788465
0.007376246372
0.007376342633
0.007376181041
0.007376110872
0.007376147354
0.007376265997
0.007376346584
0.007376327715
0.007376152644
0.007375803141
0.007375819095
0.007376242318
0.007378397849
0.01852376492
0.9948064029
0.9933961943
0.9887897145
0.009157624905
0.007376563038
0.00789310442
0.009390834271
0.01540402413
0.9807240946
0.9941311463
0.9954695313
0.9955235777
0.9960556785
0.9959426151
0.9961622758
0.9963533098
0.996906252
0.996514261
0.9920841685
0.0283877228
0.01059856987
0.008093136394
0.007457666082
0.007469245785
0.007476225574
0.007466247888
0.007452609305
0.007438369106
0.007425923403
0.007414048618
0.007404665593
0.007397309358
0.007391850978
0.007387876746
0.007385106649
0.007382035763
0.008593895583
0.9509836636
0.963331961
0.9838938458
0.03206809575
0.9890473828
0.9928454936
0.9964376711
0.9980097929
0.9980258431
0.9977822158
0.9979274076
0.9980980054
0.9979991802
0.9979835575
0.9979378818
0.9978883993
0.9978696172
0.9977995066
0.9976002722
0.9973402059
0.9971014896
0.9968736015
0.9965621258
0.9962382083
0.9959239975
0.9956328404
0.9952518949
0.9946436856
0.9937741305
0.9926875483
0.9913890326
0.9903789537
0.9927188897
0.9945025831
0.99404017
0.9941269328
0.9934980451
0.9927360192
0.9930323406
0.9936400587
0.9941079646
0.994509035
0.9948664234
0.9951895726
0.9954843179
0.9957562888
0.9960122939
0.9962610585
0.9965137792
0.9967861052
0.9971103301
0.9976365294
0.9966581217
0.9947362106
0.9940805746
0.993916661
0.9944416718
0.9945971799
0.9951438061
0.995491622
0.9954334754
0.9949628092
0.9937043785
0.9913634261
0.01797482072
0.009229043631
0.007651428956
0.007375828706
0.007375953119
0.007376078482
0.00737616023
0.00737595967
0.007375655626
0.007375515178
0.007375593925
0.007375758641
0.007375922328
0.007376077116
0.007376269682
0.007376879166
0.007378783062
0.007822093306
0.008254835202
0.01176642723
0.9921610704
0.9909734665
0.9880947123
0.9607796457
0.01150486817
0.01874019044
0.9837159494
0.9941998019
0.9954053606
0.9953987278
0.9958880514
0.9956332908
0.9955991352
0.9955796406
0.9951808605
0.9942973034
0.9933799194
0.04248903104
0.01107429301
0.008148829701
0.007477473251
0.007500985014
0.007524555388
0.007517346586
0.007498658827
0.007477589567
0.007457371457
0.007439857402
0.007425688383
0.007413628762
0.007404297579
0.007397189668
0.007392059156
0.007388553711
0.007386281896
0.007383814461
0.008824292477
0.9441426599
0.9300734813
0.9942883331
0.9975135597
0.9980660197
0.9980522694
0.9983118588
0.9985038288
0.9986190294
0.9985208534
0.9984782591
0.9984299213
0.9984151062
0.9983848952
0.9982992985
0.9982071156
0.9981396722
0.9980605094
0.997905034
0.9977078269
0.9975197905
0.9973451672
0.9971523301
0.9969542454
0.9967573657
0.9965592707
0.996322306
0.9960287823
0.9957313548
0.9955198933
0.9954704559
0.9956178646
0.9958296106
0.9965165341
0.9967270634
0.9968027354
0.9967490765
0.9965878421
0.9965397935
0.9966596689
0.9967975477
0.996927148
0.9970480388
0.9971610162
0.9972663067
0.9973633782
0.9974505982
0.9975244562
0.9975781212
0.9975990406
0.9975658438
0.9974533367
0.997253263
0.9963156731
0.9954537094
0.9945603871
0.9939932638
0.9940631106
0.9940461941
0.993674962
0.9932819785
0.992021441
0.9883260041
0.01176239824
0.008360936404
0.007377504641
0.007376781964
0.007376838055
0.007376836048
0.007378252756
0.007382145831
0.007757035463
0.007905442436
0.008240590621
0.0085072116
0.008791194196
0.009080451214
0.009408739529
0.009861177597
0.01076101371
0.01438555754
0.01958676146
0.8842006908
0.9677375709
0.9899452022
0.9924092012
0.991300626
0.9890259053
0.9870506556
0.9950857697
0.9954614333
0.9951772058
0.9957015972
0.9954423693
0.9953817899
0.9953408229
0.9946475842
0.9939246642
0.9907466335
0.8123448702
0.01062191096
0.008530242886
0.007491939919
0.007520373135
0.007557555557
0.007565949947
0.00755955885
0.007539321474
0.007511314443
0.007483857758
0.007460885714
0.007441521891
0.007425971136
0.007413489871
0.007404058288
0.007397072787
0.007392183767
0.007389176672
0.007387311035
0.007384406119
0.008578803136
0.896130996
0.9541529362
0.9968516163
0.9983738053
0.9988040472
0.9988559433
0.9988896745
0.998881865
0.9988551339
0.998835454
0.9988008955
0.9987382954
0.9986889136
0.9986411195
0.9985622601
0.9984713679
0.9983863936
0.9982945558
0.9981703245
0.9980246883
0.9978809427
0.9977456972
0.9976114532
0.9974810709
0.9973544233
0.9972294435
0.9970972976
0.9969636488
0.9968590329
0.9968152634
0.9968432475
0.9969222974
0.9969950958
0.9970796395
0.9972360099
0.9973490468
0.9973597749
0.9972889677
0.9972262558
0.9972341637
0.9972800221
0.9973364169
0.997393281
0.9974473803
0.9974967795
0.9975390234
0.9975700965
0.9975834068
0.9975686086
0.9975105952
0.9973911028
0.9972039354
0.9969791244
0.9967188212
0.996245531
0.9955838608
0.9949454802
0.9943266448
0.9931632094
0.9900401943
0.9809600661
0.9608894681
0.01395726964
0.01054008167
0.009087063405
0.009520803066
0.00998621057
0.01057238706
0.01141566745
0.01306824233
0.02029269138
0.02883076993
0.9555332096
0.9349791292
0.9779018607
0.9856801837
0.9894791447
0.9916395651
0.9930948609
0.9942033025
0.9951780774
0.9963804401
0.9948821486
0.9919120881
0.9930696371
0.994437237
0.9949213346
0.9948523588
0.9944219536
0.9947169668
0.9950920979
0.9948852262
0.9950279006
0.9951819601
0.9945133992
0.9939678302
0.9909905617
0.9129734679
0.01158859373
0.008595089129
0.007742402022
0.00751135086
0.00756885065
0.007593344415
0.007594413234
0.007598025105
0.007593014981
0.007561135778
0.007524622711
0.00749146604
0.007465531945
0.007443935484
0.007426773131
0.007413498571
0.007403798714
0.007396750055
0.007391929691
0.007389489505
0.007388400245
0.007386395994
0.008524590324
0.9363186654
0.9596758028
0.9979357887
0.9989127424
0.9990860733
0.9991603861
0.9991728185
0.999140185
0.9990931041
0.999051916
0.9990108302
0.9989536441
0.9988947615
0.9988337384
0.9987593766
0.998676126
0.998590773
0.9984996089
0.9983947708
0.9982816022
0.9981699467
0.9980644819
0.9979650751
0.997873345
0.9977888642
0.9977105564
0.9976370874
0.9975739533
0.997533849
0.9975258855
0.9975480971
0.9975853945
0.9976142621
0.9976386821
0.9976880822
0.9977462712
0.9977601348
0.9977268347
0.9976831383
0.9976599222
0.9976563404
0.9976641583
0.9976758653
0.9976873273
0.9976958963
0.9976987775
0.9976920046
0.9976697306
0.9976239819
0.997545793
0.997430374
0.997290432
0.9971611051
0.9970434982
0.9968485247
0.996534763
0.9961892818
0.9957865993
0.9951091146
0.9938128209
0.9916226741
0.9888123225
0.9904327897
0.9922251524
0.9927318082
0.9937728489
0.9948208011
0.9956065061
0.996216227
0.9967028909
0.9971209141
0.9976401341
0.9966790496
0.9949616252
0.9946102771
0.9946888127
0.9949903509
0.9953100015
0.9955704396
0.9957281224
0.9957348053
0.9955481565
0.9952348455
0.9940041587
0.994128223
0.9950852127
0.9957210198
0.9958715726
0.9956621123
0.9954700177
0.9948206989
0.9949784491
0.9943996478
0.9940539556
0.991456611
0.93538243
0.01202741242
0.008698174953
0.007774974146
0.007478694184
0.007533752438
0.007564632814
0.007591326533
0.007622725644
0.007626481734
0.007638265989
0.007641377058
0.007590430418
0.007540477195
0.007499537568
0.00747090698
0.007446649644
0.007427596257
0.00741324052
0.007403292214
0.007396129374
0.007391233237
0.007389820086
0.007389714041
0.007390515267
0.007906661286
0.8904800582
0.04088979627
0.9986319739
0.9992450469
0.9993254027
0.9993518847
0.9993458997
0.9993111477
0.9992631541
0.9992142712
0.9991647317
0.9991087762
0.9990488845
0.9989846692
0.9989130384
0.9988356743
0.998754753
0.9986693978
0.9985782201
0.9984848523
0.9983943709
0.9983099491
0.9982331484
0.9981654808
0.9981070698
0.9980574912
0.9980166282
0.9979870204
0.9979728936
0.9979757296
0.9979918579
0.9980125049
0.9980274425
0.998037743
0.9980541529
0.9980721712
0.9980722203
0.9980483337
0.9980132151
0.9979803635
0.9979532002
0.9979312326
0.9979119264
0.9978928136
0.9978719521
0.9978474182
0.9978167631
0.9977767642
0.997723828
0.9976558262
0.9975764703
0.9975010779
0.9974505542
0.9974191197
0.9973653782
0.9972737151
0.9971682512
0.9970462625
0.9968715453
0.9966395425
0.9964386416
0.9963963815
0.9964476999
0.9967813739
0.9968939598
0.9969966709
0.9971702494
0.9973354577
0.9974678894
0.9975527733
0.9975696333
0.9975033583
0.997371502
0.9966569769
0.9961964478
0.9958808196
0.9957198149
0.9956338399
0.9955485758
0.9953902785
0.9950883064
0.9946284393
0.9942133673
0.9942115689
0.994504086
0.9950526594
0.9955913436
0.9957874032
0.995631991
0.9958149942
0.994826127
0.9944518898
0.9925086703
0.9552411686
0.01247257605
0.008781008542
0.007759802609
0.007484592955
0.007562063884
0.007527924523
0.007522133875
0.00753933767
0.007588738492
0.007665072271
0.007681680788
0.007709324996
0.007725970148
0.007626751827
0.007557810734
0.007506382827
0.00747651411
0.007448926798
0.007427849467
0.007412178902
0.007401955846
0.007394958638
0.007390203029
0.007390817782
0.007391874309
0.00739278066
0.007393968566
0.01813788039
0.9690390203
0.9991303088
0.9994733635
0.9994946178
0.9994892895
0.9994664057
0.9994288639
0.9993825495
0.9993330662
0.9992815026
0.9992261586
0.9991672116
0.9991038025
0.9990349448
0.9989616038
0.9988849043
0.9988051543
0.9987231479
0.998641856
0.9985647533
0.9984944584
0.9984328221
0.9983812539
0.9983401736
0.9983093923
0.9982886234
0.9982782561
0.998278684
0.9982886021
0.9983044169
0.9983207524
0.9983323868
0.9983388327
0.9983432519
0.998343542
0.9983323763
0.9983071805
0.998272262
0.9982331964
0.9981927401
0.9981521976
0.9981115463
0.9980701532
0.9980273288
0.9979825045
0.9979352437
0.9978853953
0.9978336742
0.9977829739
0.9977403276
0.9977174829
0.9977241461
0.9977534695
0.9977844393
0.9978082023
0.9978292383
0.9978445044
0.997845875
0.9978357613
0.9978310437
0.9978426856
0.9978438991
0.9978041939
0.9977516407
0.997697496
0.997655659
0.9976180365
0.9975695099
0.9974946427
0.9973774243
0.9972191931
0.9970695033
0.9969458499
0.9967025752
0.9963977083
0.9961236119
0.9958686028
0.9956051789
0.9952975806
0.9949223144
0.9945235293
0.9942720526
0.9942961096
0.9944261853
0.9945567782
0.9947606181
0.9948905596
0.9950406985
0.9953196498
0.993072217
0.9780658826
0.01384025793
0.008997133661
0.00776234031
0.007464157405
0.007544762096
0.007644683808
0.007643146386
0.007548689039
0.007485670502
0.00744970913
0.007466405907
0.007563863986
0.007695240057
0.007951291471
0.007813922756
0.007628832233
0.00754520797
0.007494590958
0.007466965746
0.007442570911
0.007419428522
0.007404821468
0.007395099759
0.007384478967
0.007386504261
0.007401045256
0.007394019501
0.007393802108
0.007394256717
0.01410968207
0.9900156551
0.9995101301
0.999636004
0.9996121039
0.9995842509
0.9995506308
0.9995110753
0.9994671342
0.9994203205
0.9993707621
0.9993177042
0.9992607613
0.9991991822
0.9991325737
0.9990615991
0.9989872288
0.9989105137
0.9988332387
0.9987583334
0.9986889267
0.9986276081
0.9985763232
0.9985363418
0.9985080508
0.9984911795
0.9984851005
0.9984890273
0.9985015548
0.9985200162
0.9985406024
0.9985591414
0.9985723583
0.9985793172
0.9985802495
0.9985733616
0.9985555686
0.9985261796
0.9984873191
0.9984417126
0.9983913239
0.9983376015
0.9982813025
0.9982226951
0.9981619378
0.9980994991
0.9980366053
0.9979758023
0.9979216641
0.9978814274
0.9978647429
0.9978809404
0.9979327418
0.9980107296
0.9980992024
0.9981888311
0.9982757667
0.9983547087
0.9984205539
0.9984712894
0.9985053516
0.9985159095
0.9984882669
0.9984112723
0.9982952066
0.9981620238
0.9980155727
0.9978546961
0.9976789105
0.9974894379
0.9972971285
0.9971339339
0.997045685
0.9970120986
0.9969102424
0.9966814456
0.9963837825
0.9960403009
0.9956616202
0.9952661867
0.9949020628
0.9946627821
0.9946318676
0.9947191474
0.9946426524
0.9941225302
0.9928676323
0.9905277262
0.9881141772
0.9891373328
0.01891411034
0.01083903787
0.009094566629
0.008745835632
0.00900336347
0.008576064265
0.008740328334
0.009058604203
0.009279853844
0.008472301378
0.008615513036
0.008316300019
0.008521003139
0.009101646081
0.009557064668
0.007738074228
0.008010838949
0.008768094014
0.008780433759
0.008707036769
0.008900661542
0.008843294552
0.009151143759
0.008333852216
0.008496851399
0.008316510155
0.008630540728
0.008707913845
0.008591592554
0.00913986218
0.009009553665
0.0115440588
0.9781909891
0.9990900271
0.9995294673
0.9993672801
0.9992712046
0.9991925175
0.9991146884
0.9990331813
0.9989469815
0.9988548189
0.9987550315
0.9986467044
0.998528357
0.9983991747
0.9982602617
0.9981135254
0.9979614274
0.9978080857
0.9976598578
0.9975235546
0.9974049489
0.997308336
0.9972363869
0.99718978
0.9971676993
0.9971684571
0.9971898278
0.9972281993
0.9972774967
0.9973294947
0.9973756313
0.9974095294
0.9974290884
0.9974341825
0.9974215213
0.9973857317
0.9973255154
0.9972443277
0.997146816
0.9970365367
0.9969164343
0.9967883941
0.9966533374
0.9965118084
0.9963649513
0.996215844
0.9960712573
0.9959437321
0.9958530525
0.995824566
0.9958806286
0.9960252854
0.9962350619
0.9964732789
0.9967147153
0.9969464853
0.9971564034
0.9973348905
0.9974775778
0.997579281
0.9976241532
0.9975846712
0.9974379657
0.9971910105
0.9968756778
0.9965058263
0.9960769343
0.9955882626
0.9950550585
0.9945351434
0.9941545344
0.9940412498
0.9941193214
0.9940954949
0.9937873932
0.9932258924
0.9924607728
0.9915432605
0.9905650172
0.9897256217
0.9893394836
0.9895968882
0.9901856529
0.9904065679
0.9895079074
0.9860353578
0.9729136847
0.9190862742
0.03258908946
0.02830958803
0.9623359181
0.02598864913
0.941660859
0.05104383696
0.9194468244
0.02584204561
0.9178051423
0.04170036242
0.9356636322
0.02684762319
0.9305985314
0.03022651238
0.9408745199
0.1907708977
0.9482587298
0.01550671925
0.9647035703
0.03831754575
0.9513460264
0.0512203641
0.919319484
0.3484611664
0.8134096026
0.01550406959
0.6278059981
0.01920103255
0.9457234149
0.07380244063
0.7509901048
0.3034187405
0.950666199
0.07805675243
