0.9987654489
0.9990700832
0.9986781128
0.9984702762
0.9983046764
0.9981414824
0.997967148
0.9977773193
0.9975699184
0.997343684
0.9970977541
0.9968316725
0.9965468425
0.9962475311
0.9959395356
0.9956283402
0.995319023
0.9950177449
0.9947334757
0.994478454
0.9942661078
0.9941073507
0.9940078666
0.9939670825
0.9939775026
0.9940238827
0.9940822175
0.9941214546
0.994110894
0.9940307673
0.9939048828
0.9938076171
0.9938188538
0.9939728334
0.9942411057
0.9945421647
0.994780179
0.9948883434
0.9948483283
0.9946748446
0.9943950861
0.9940407214
0.9936519517
0.9932863544
0.9930226568
0.9929466904
0.9931103611
0.9934889859
0.9939821584
0.9944625445
0.994829927
0.9950465007
0.9951127079
0.995020282
0.9947976587
0.9944931855
0.9941365757
0.9937373107
0.9932943795
0.9928017653
0.9922502765
0.9916273654
0.9909165517
0.9901036401
0.9892235519
0.9884879032
0.98826848
0.9886034387
0.9890897205
0.9893859946
0.9893917798
0.9891302138
0.988649978
0.9879896511
0.9871720164
0.9862137016
0.9851592565
0.9841566039
0.9835203437
0.9836410972
0.9845715324
0.9858329733
0.9868032787
0.9869776841
0.9858011034
0.9819730535
0.9696782791
0.9286851725
0.05930091307
0.04638264261
0.9095460024
0.06486318857
0.9168077155
0.05425895023
0.9137053569
0.0862060225
0.9012538687
0.1432702779
0.8804865255
0.1999917299
0.8542144316
0.260482681
0.8221680441
0.3224834774
0.7814449027
0.3862102644
0.7241118943
0.4535130577
0.6573710033
0.5166668182
0.600231277
0.5551500557
0.5743124847
0.5671590251
0.5956581082
0.5790462522
0.5461536189
0.4885874234
0.7373395401
0.07085846197
0.3268521239
0.9984922954
0.999419481
0.9993066542
0.9992009479
0.9991075819
0.9990155609
0.9989200288
0.9988189894
0.9987110012
0.9985950167
0.9984703331
0.9983364009
0.9981935417
0.9980435551
0.997889034
0.9977323453
0.9975755741
0.997421247
0.9972731739
0.9971367602
0.9970181368
0.99692251
0.9968531368
0.996811288
0.9967963277
0.9968052298
0.996830551
0.9968582934
0.9968707456
0.9968524905
0.9968073894
0.9967641024
0.9967570126
0.9968065909
0.9969087558
0.9970317696
0.9971312822
0.9971744884
0.9971524898
0.9970724338
0.9969454838
0.996782743
0.9965972962
0.9964089556
0.9962482213
0.9961539379
0.9961579701
0.9962651214
0.9964504738
0.9966695093
0.996858897
0.9969846083
0.9970415691
0.9970204066
0.9969334529
0.9968124793
0.9966732373
0.9965211785
0.9963577107
0.9961826488
0.9959949658
0.9957924525
0.9955699446
0.9953154116
0.9950083932
0.9946573226
0.994411212
0.9943648463
0.9944086062
0.994412327
0.9943339865
0.9941780344
0.9939575215
0.9936835405
0.9933615937
0.9929898878
0.9925617694
0.9920877403
0.9916548279
0.9914450593
0.9915778123
0.9919385381
0.9922858932
0.992407259
0.9921374114
0.9912591138
0.9892359288
0.9849788776
0.9780175523
0.9313951067
0.02115081441
0.01903134229
0.02023701733
0.02014317035
0.02049857144
0.02186859383
0.02085867673
0.02086906503
0.02004994501
0.0198035753
0.01935869051
0.01916090573
0.0189277661
0.01875594715
0.0187207803
0.01843516373
0.01872204358
0.01810089632
0.01873089715
0.01811236357
0.01867959629
0.01846663055
0.01871553407
0.01873910657
0.01881251748
0.01924231381
0.01905923262
0.01965575378
0.01881254691
0.02927080918
0.7946799166
0.9975457416
0.9989818949
0.9990999665
0.999056715
0.9989732172
0.9988746763
0.9987686429
0.998658055
0.9985423128
0.9984200737
0.9982902214
0.998151366
0.998003379
0.9978485428
0.9976897896
0.9975287178
0.9973659528
0.9972027117
0.9970422113
0.9968901459
0.9967531817
0.9966364517
0.996542908
0.9964747797
0.9964352165
0.9964290531
0.9964586202
0.9965128806
0.9965618399
0.9965692113
0.9965341241
0.9964912277
0.9964710517
0.9964974468
0.9965844965
0.996699182
0.99678046
0.9967873063
0.9967224725
0.9966100591
0.9964668583
0.9962965866
0.9960969781
0.9958711509
0.9956391564
0.9954422926
0.9953240524
0.995297776
0.9953545865
0.995515233
0.9957506911
0.9959149105
0.9960027242
0.9959902796
0.9959119823
0.9958468058
0.9958019078
0.995766026
0.9957335867
0.9957027897
0.9956729044
0.9956423494
0.995606086
0.9955500163
0.9954374387
0.9951857202
0.9947568621
0.9944509176
0.9942534156
0.9940249197
0.9937554145
0.9934896374
0.9932497379
0.993034129
0.9928281554
0.9926057073
0.9923212962
0.9919010477
0.9912971769
0.990723563
0.9904806127
0.990584996
0.9908364986
0.9910720097
0.9912519441
0.9913436115
0.9911619978
0.9904757147
0.9895582262
0.9887472211
0.9876418014
0.03512317748
0.01964617821
0.01846964359
0.0208062408
0.0204726945
0.01939090934
0.01862262844
0.01752493715
0.01706752042
0.01651721346
0.01628338723
0.0159885397
0.01584939808
0.01567654915
0.01558636231
0.01548078061
0.01542253587
0.015363628
0.01533073895
0.01529890168
0.01527979935
0.0152624595
0.01525031258
0.01524170386
0.01523853696
0.01524559172
0.0152912735
0.01564326971
0.04545859598
0.948006385
0.9963198174
0.9984688849
0.9987102796
0.9987872373
0.9987515289
0.9986642777
0.9985561258
0.9984414294
0.9983220169
0.9981963022
0.9980628236
0.9979184873
0.9977622675
0.9975982774
0.9974313857
0.9972623404
0.9970889222
0.9969096887
0.9967270348
0.9965483906
0.9963831143
0.9962370633
0.996111637
0.996007843
0.995931307
0.9958978414
0.9959301981
0.9960355738
0.9961742608
0.9962463092
0.9962347046
0.9962022888
0.9961720205
0.9961444665
0.9961928056
0.9963219676
0.9964128228
0.9963867852
0.996255493
0.9960780915
0.9958929488
0.9956996399
0.9954714033
0.9951749731
0.9948046285
0.994407251
0.9940511349
0.9937371038
0.9933949888
0.99312088
0.9933977463
0.9942676176
0.994414087
0.9943729838
0.9942533813
0.9943006216
0.9944677021
0.9946712029
0.9948781078
0.9950779789
0.9952679448
0.9954469599
0.9956134301
0.9957630899
0.995883385
0.995921666
0.9956502357
0.9944060764
0.9938021284
0.9933005463
0.9928306348
0.9924681107
0.9922503934
0.9921536804
0.9921307934
0.9921296537
0.992087907
0.9919006156
0.9913470569
0.9902105141
0.9892270707
0.9889105062
0.9891742308
0.9897629994
0.9905379542
0.9913778133
0.9919745813
0.9920036066
0.9914688398
0.9909147197
0.991918384
0.9921562089
0.9857475722
0.02717374078
0.01955458498
0.01935053043
0.01956632741
0.01861251132
0.01774999852
0.01723593344
0.01673080076
0.01644005023
0.01614776258
0.01596341939
0.01578234559
0.015663121
0.01555073928
0.01547403208
0.01540812813
0.01536361117
0.01532635636
0.01529969291
0.01527837001
0.01526238233
0.0152517438
0.01524814142
0.0152545026
0.0152809562
0.0164757293
0.0660345439
0.9840601083
0.9945772128
0.9977493009
0.9981614235
0.9983622582
0.9984055075
0.9983485952
0.9982489463
0.9981402071
0.9980261729
0.9979041135
0.9977727575
0.9976249726
0.9974575033
0.9972794694
0.9971013212
0.9969227237
0.9967358264
0.9965337977
0.9963173064
0.9960979166
0.9958917184
0.9957062139
0.995537378
0.9953783559
0.9952302688
0.9951194679
0.9951043107
0.9952448925
0.9955482576
0.9958465523
0.9959560855
0.9960018705
0.9960261427
0.9959536122
0.995802142
0.9958560389
0.9959691797
0.9959002618
0.9956563263
0.9953702014
0.9951324579
0.9949427011
0.9947408763
0.9944300209
0.9939071836
0.9932008139
0.9924375385
0.9915736417
0.9901474925
0.9873489495
0.9833466742
0.9865149896
0.9892454171
0.9885137637
0.9863861064
0.9869624985
0.9882442407
0.9894823443
0.9905597965
0.991479289
0.9922651209
0.9929426928
0.9935360805
0.9940717085
0.9945862911
0.9951364779
0.995760445
0.9943441257
0.9917565554
0.9909991565
0.9905147929
0.9903705903
0.9904996511
0.9907942494
0.9911624672
0.9915465602
0.9919118995
0.9922260563
0.9923842678
0.9918698991
0.9886666487
0.9867338644
0.9864136063
0.9873447515
0.9887679386
0.9903301345
0.9917016791
0.9922766098
0.9917368615
0.9907120038
0.9905662184
0.9915126088
0.9920692744
0.9896767975
0.9780757994
0.02388329547
0.01821434303
0.01794964273
0.0176579962
0.01704601586
0.01663865332
0.01635407614
0.0161034527
0.0159206757
0.01576004734
0.01564050972
0.01553808882
0.01546141312
0.01539894889
0.01535287821
0.01531607777
0.01528823025
0.01526613901
0.01524904539
0.01523651371
0.01522919202
0.01522814883
0.01523535836
0.01717765267
0.7796148912
0.9286666481
0.991570446
0.9967545497
0.9972809764
0.9976705025
0.997867175
0.9978701974
0.9977930562
0.997709964
0.9976180241
0.9975131177
0.9973986724
0.9972559105
0.9970736566
0.9968730815
0.9966796063
0.9964925244
0.9962931468
0.996063177
0.9957977471
0.9955158642
0.9952500419
0.9950141001
0.9947912306
0.9945504474
0.9942657388
0.9939548914
0.9937147652
0.9937048756
0.9941288206
0.9949644465
0.995942914
0.9961033371
0.9962095772
0.9962182346
0.9959435894
0.9951146306
0.9951652291
0.9951055453
0.9946683023
0.9942069193
0.9939511093
0.9938851067
0.9938915262
0.9938258029
0.9934616834
0.9924899703
0.9912665596
0.9900755447
0.9883412491
0.9846200496
0.9744905245
0.9550227751
0.04385555891
0.03257113163
0.01958963628
0.01911404475
0.01965082912
0.02003500974
0.02062803255
0.02133401683
0.02216107116
0.02312294938
0.02426166711
0.02568271538
0.02770947894
0.03156451455
0.0481036836
0.0842579007
0.9560928447
0.9474487863
0.966798931
0.9733344454
0.9776427962
0.9806768181
0.9830051514
0.9849140798
0.9865945218
0.9882248358
0.9900319331
0.9922105463
0.98978181
0.9837277358
0.9794545743
0.9806312073
0.9831477582
0.9856670659
0.9884935198
0.9908273722
0.9916007549
0.9903989529
0.9899825869
0.9906679674
0.9913496208
0.9916100234
0.9913274072
0.9878564718
0.956953075
0.02058419685
0.01652140733
0.01688632865
0.01664057038
0.01633435803
0.01609504558
0.01591181172
0.01575785206
0.01563712008
0.01553721528
0.0154592942
0.01539698088
0.01534924087
0.01531159151
0.01528231324
0.01525890296
0.01524005208
0.01522525244
0.01521452753
0.01520812968
0.01519996521
0.01760446944
0.475821779
0.9301238036
0.9740069627
0.9934321154
0.9952869853
0.9959547916
0.9967947113
0.9972367579
0.9971079445
0.9970913829
0.9970475037
0.996967408
0.9969048193
0.996798027
0.9966009837
0.9963605772
0.9961394163
0.9959433865
0.9957394867
0.9954860557
0.9951580942
0.9947802434
0.9944200402
0.9941202286
0.9938504054
0.9935225068
0.9930259645
0.9922942964
0.991356773
0.990323375
0.9897546609
0.9911681658
0.9944234578
0.9958363106
0.9954312426
0.9954079105
0.9955668885
0.9938553772
0.9920521227
0.9930096642
0.9923553959
0.9917130676
0.9917360473
0.9921963037
0.9927961689
0.9934013749
0.9938901102
0.9938148095
0.9916580423
0.9903313987
0.9898904776
0.9892124861
0.9877870998
0.9860176668
0.9844761663
0.9868239548
0.04300349434
0.02000118339
0.01598038274
0.01534419078
0.01526786947
0.01521339447
0.01518732497
0.01517226508
0.01516343896
0.01515784331
0.01515425442
0.0151536987
0.01516097402
0.01520102624
0.01604859293
0.01639675783
0.01712126311
0.01766621993
0.0181168622
0.01850999203
0.01888700519
0.01928515539
0.0197560055
0.02042029734
0.02167101767
0.02600027297
0.03439538931
0.9322125419
0.9291897502
0.9516394935
0.9662931595
0.9709430806
0.9769617446
0.9802918
0.9877983907
0.9900954292
0.9907920911
0.9910156281
0.9914796993
0.9918686573
0.9920897422
0.9921034789
0.9915195757
0.9907772727
0.05353491247
0.01877957608
0.01608657189
0.016263511
0.01611051187
0.01592139946
0.0157674772
0.01564507128
0.01554427361
0.01546404443
0.01540009847
0.01535041434
0.01531133596
0.01528051065
0.01525546073
0.01523450834
0.01521720968
0.01520330816
0.01519273478
0.0151784406
0.0171474648
0.8745385407
0.9474204625
0.0336099921
0.02096104125
0.03250361036
0.9770319914
0.9902714517
0.9954036377
0.9960209454
0.9959545273
0.9963632699
0.9961433784
0.9961600352
0.9962363964
0.9960661955
0.9957546991
0.9954635659
0.9952201788
0.9950106015
0.9947753801
0.9944098087
0.9939060205
0.9933782808
0.9929546847
0.9926788932
0.9923939679
0.9917735455
0.9905662412
0.9885633041
0.9848918434
0.9762331985
0.946562526
0.9661591727
0.1181100629
0.05995537528
0.03825050438
0.0429793708
0.04489320486
0.9523330255
0.9767114545
0.9784779756
0.9738489728
0.9780083938
0.9825209568
0.9860535357
0.9890220824
0.9917899108
0.9943725268
0.9935224716
0.9904979482
0.990473903
0.9909497183
0.9905945247
0.9894595142
0.9888661646
0.9900447817
0.991519191
0.9896891956
0.9490928382
0.02051467123
0.01524011259
0.01523165396
0.01520195437
0.01518285389
0.01517160433
0.01516372536
0.0151567907
0.01515031112
0.01514494473
0.01514013709
0.01513532394
0.01512808367
0.01512631491
0.01512718087
0.01512797366
0.01512863373
0.01512929232
0.0151300402
0.01513085659
0.01513166584
0.01513302709
0.01513696742
0.0151481012
0.01789615839
0.02711537931
0.924350855
0.9572479989
0.9699571931
0.9650532893
0.8469153987
0.02271970769
0.03056772265
0.9825207957
0.9896471346
0.99192585
0.9921911384
0.9924607806
0.992720085
0.992946928
0.9939069547
0.9942078273
0.9906821558
0.03370745192
0.01795039457
0.0157912385
0.01588654013
0.01578990411
0.01566334566
0.01555837172
0.01547438008
0.01540728467
0.01535515084
0.01531428248
0.01528189375
0.01525505361
0.01523170282
0.01521177675
0.0151948364
0.01518080301
0.01516342643
0.01757676733
0.8523545901
0.9204645903
0.02975211212
0.01511791444
0.01511805675
0.01576294055
0.01730624392
0.02581251361
0.2019602688
0.9876623481
0.9932453844
0.9944843976
0.9943709552
0.9952357489
0.9957876631
0.9952292493
0.9947303373
0.994268719
0.9938463904
0.9937201514
0.9936061734
0.9930800852
0.9922753589
0.9914438658
0.990965907
0.9911581589
0.9911578154
0.9901281893
0.9884329725
0.9862206666
0.9823827576
0.9732292562
0.9561454879
0.041883161
0.02340467844
0.01768888237
0.01658808736
0.01536788346
0.02550632886
0.9652907119
0.02263066432
0.01776859905
0.01787847015
0.01848091481
0.01918760022
0.02025014061
0.02252959652
0.03290000644
0.1214126416
0.9786355525
0.9824671251
0.9881134479
0.989754645
0.9905270268
0.9883431693
0.9886669365
0.9909276196
0.9929118698
0.9919206308
0.9917512425
0.05021304138
0.0169332909
0.01518243663
0.01517439025
0.01516272792
0.0151553296
0.01514907862
0.01514360739
0.01513969618
0.01513748665
0.0151356319
0.01513174684
0.01512871093
0.01512805268
0.01512850382
0.01512922654
0.01513004658
0.0151309837
0.01513202403
0.01513269491
0.01513271944
0.01513133177
0.01514563773
0.01989715162
0.9000900688
0.9765674708
0.9790929556
0.9755698974
0.9502128556
0.02176360741
0.01645738074
0.01513452
0.01701181219
0.02522991025
0.9826675806
0.9904379314
0.9924526174
0.9926161798
0.992794917
0.9932469741
0.9939936181
0.9944308056
0.9932046452
0.9884982929
0.02970063381
0.01758945343
0.0155848264
0.01564548191
0.01558020272
0.01549013952
0.01541752209
0.01536220054
0.01531931009
0.01528562124
0.01525710669
0.01523116037
0.01520867853
0.01518890878
0.01517212318
0.01515327194
0.01786610186
0.9379563894
0.9452395022
0.02974374208
0.01511075092
0.01511435533
0.01511477845
0.01511574354
0.01512143072
0.01522790865
0.01665431382
0.02032431711
0.03693279319
0.9748995657
0.9876320086
0.9943438558
0.9948887354
0.9942078748
0.9931813469
0.9918158973
0.9906441248
0.9924014061
0.9933230656
0.9919161965
0.99008467
0.9877600449
0.9875636969
0.9910246236
0.9919289313
0.9901055301
0.9896575418
0.9897323177
0.989193519
0.9889770136
0.9906042233
0.9912063018
0.9803626808
0.9714599487
0.07682706778
0.08850179603
0.9856447871
0.02335374526
0.01515129152
0.01513947944
0.01513124041
0.01512897617
0.01512924591
0.01513159638
0.01514072891
0.01521775201
0.01986608442
0.9053695064
0.9603567629
0.9717230268
0.9890703302
0.9895063283
0.9868523806
0.9895314422
0.9921769058
0.9930278055
0.9938015458
0.9935348594
0.9831646014
0.0202864957
0.01515730068
0.01515896587
0.0151527799
0.01514636627
0.01514095556
0.01513750334
0.01513584849
0.01513447354
0.01513197293
0.01512949921
0.015128032
0.0151275798
0.01512767324
0.01512803484
0.01512856407
0.01512928235
0.01512990865
0.01512967577
0.01512487917
0.01673654947
0.03373954079
0.9846230474
0.9846601786
0.9814069551
0.9664145895
0.02277584512
0.01673587603
0.01513223644
0.01513209132
0.01512729216
0.01512272979
0.01685413459
0.02552219623
0.9831158093
0.9904468998
0.9924655798
0.9928836615
0.9934346255
0.9938442693
0.9940110527
0.9939543801
0.9923966383
0.987198968
0.0291671488
0.0175299252
0.01544193879
0.01547859207
0.01542989876
0.0153705439
0.01532492741
0.01529083961
0.01526120029
0.01523262723
0.01520806949
0.0151856332
0.01516634853
0.01514689979
0.01845075257
0.9621243685
0.9548467473
0.02974192966
0.01510876411
0.01511239694
0.01511412764
0.01511542491
0.01511744312
0.01511997831
0.01511999294
0.01511896188
0.01512715642
0.01603841175
0.0175633457
0.02534680084
0.09449147089
0.9877897724
0.9895763227
0.98933043
0.9824774867
0.9804770112
0.9929115218
0.9927964277
0.99095492
0.985706034
0.9709412478
0.9800733806
0.9919150933
0.991302506
0.9899354008
0.9914067772
0.9923887834
0.9909136096
0.990683034
0.9917435851
0.990776649
0.9901193624
0.9927011753
0.9937162092
0.9882834987
0.0306791781
0.01607602034
0.01514299968
0.01513570837
0.0151301617
0.01512887111
0.01512920047
0.01513016574
0.0151453629
0.02422870658
0.9764229921
0.02951239541
0.01821304734
0.02129670289
0.03441861517
0.9701190896
0.9769971025
0.988387024
0.9917433674
0.9924189322
0.992763188
0.9923854772
0.990414483
0.03345146985
0.01630960463
0.01514861396
0.01514665396
0.01514053435
0.01513683655
0.01513516059
0.01513362167
0.01513157808
0.01512959329
0.01512808649
0.01512712004
0.01512659684
0.0151263897
0.01512620325
0.01512572391
0.01512472703
0.01512587943
0.01563323317
0.02080026327
0.9789827658
0.9901744908
0.9888955171
0.9795569723
0.02437955444
0.01691860171
0.015130701
0.01513309271
0.0151315587
0.01512925605
0.01512577805
0.01512282336
0.01512172322
0.01682719168
0.02500484093
0.9821350104
0.9905798279
0.9930065923
0.9934780349
0.9936816135
0.9936537846
0.9935231285
0.9935035676
0.9921707661
0.9873673786
0.02932699908
0.01741887879
0.01533626279
0.01535552229
0.01532755986
0.01529615539
0.01526721781
0.01523558236
0.01521061892
0.01518575283
0.01516361342
0.01514399377
0.0192552175
0.9759273709
0.9666337939
0.02974146427
0.01510809027
0.01511129142
0.01511306859
0.01511469877
0.01511653983
0.01511873221
0.01512019025
0.01512081786
0.01512245368
0.01512358336
0.01512297288
0.01512790524
0.01517308154
0.01720205753
0.02320603756
0.9730523576
0.9865777612
0.9783180868
0.03427326068
0.07273750093
0.9859553329
0.9885790373
0.9824790602
0.9331288384
0.03273840704
0.03849150274
0.9685287111
0.980842354
0.9916831441
0.991724955
0.9900968959
0.9908184164
0.9896158545
0.989826815
0.9919956232
0.9941684716
0.9930645337
0.9870392416
0.9570069336
0.01955017334
0.01514006305
0.01513095569
0.01512804234
0.015127741
0.0151261295
0.0158857556
0.03333206168
0.9776079685
0.02265867027
0.01515131791
0.01513942567
0.01643051276
0.02784130067
0.9362539123
0.9632809341
0.9835339775
0.9910865047
0.9921364095
0.9921756073
0.9932079281
0.9921288578
0.9699548915
0.01793348575
0.01514347251
0.01514274178
0.01513773375
0.01513568168
0.01513349493
0.0151313366
0.01512957292
0.01512815633
0.01512692399
0.01512594179
0.01512548258
0.01512518652
0.0151242179
0.01512116232
0.01513208411
0.01889366807
0.8928870615
0.9870538061
0.9903641852
0.9850758445
0.0292067789
0.01717498918
0.01512871976
0.01513085752
0.01513147887
0.01513076532
0.01512917634
0.01512702505
0.01512475386
0.01512294667
0.0151215211
0.01512082969
0.01672650018
0.02493515547
0.9840933056
0.9916789418
0.9936152761
0.9935229824
0.9931728444
0.993113909
0.9932643145
0.9934176009
0.9920529137
0.9867855989
0.02821455989
0.01740696992
0.0152534724
0.01526669119
0.01526940688
0.01523857561
0.01521580009
0.01519199699
0.01516485644
0.01514516388
0.02043184816
0.9830947218
0.9748861062
0.02974134
0.01510782066
0.01511067795
0.01511231744
0.01511403732
0.01511591127
0.01511792987
0.0151195847
0.01512076662
0.01512208287
0.01512303198
0.01512319154
0.01512432088
0.01512619966
0.01512583402
0.01512321755
0.01672945502
0.03159440132
0.9906858955
0.986022981
0.01946787027
0.01767594489
0.03041835423
0.9837445398
0.9847840135
0.9845240113
0.03127165544
0.01963303008
0.01798370559
0.02283260444
0.03807348501
0.9651799995
0.9845122276
0.9876023703
0.9864457549
0.9906244616
0.9932819758
0.993354964
0.9912474935
0.9895226065
0.9885692463
0.03551119662
0.01716196608
0.01512534903
0.01512547612
0.01512501199
0.01700583902
0.9294122323
0.9403854154
0.0172753476
0.0151325154
0.01514749563
0.01930499178
0.9468503406
0.9680686721
0.8672721735
0.02180419794
0.03065417461
0.9864220349
0.9906369415
0.9924269661
0.9927594692
0.9916938979
0.9863499333
0.02467560841
0.01516731634
0.01513972046
0.01513722299
0.01513379286
0.01513119238
0.0151296403
0.01512843865
0.01512699974
0.0151254816
0.01512478308
0.01512496831
0.01512475362
0.01511914578
0.01682768701
0.03628626347
0.9883355739
0.9894222244
0.9871896458
0.5817326061
0.01844777532
0.01513173398
0.01512831042
0.01512912221
0.01512956809
0.01512917681
0.01512833878
0.01512693675
0.01512529368
0.01512377312
0.01512260765
0.01512177812
0.01512116128
0.01512122801
0.01686314292
0.02711693283
0.987618002
0.9930116871
0.9931597691
0.9925855965
0.9927126111
0.9928299695
0.9929404973
0.9930109914
0.9913725759
0.9860195557
0.03326590633
0.01887458845
0.01621581157
0.01520953181
0.01519445926
0.01519174529
0.01518610876
0.01514930136
0.02274785069
0.9872622656
0.9805996088
0.02974130936
0.01510770308
0.01511033606
0.01511183438
0.01511351513
0.01511535027
0.01511725159
0.01511892959
0.01512030822
0.01512157846
0.01512248482
0.01512300539
0.01512404616
0.01512576045
0.01512705324
0.01512732084
0.01512859263
0.01513864265
0.02455501009
0.9903514154
0.9877078911
0.01969672314
0.01513974427
0.01855953091
0.8556301403
0.9855733325
0.9901161309
0.9831347955
0.02320262134
0.01644593559
0.01514932465
0.01622581757
0.0184507957
0.02631768753
0.9622472036
0.9811594164
0.9907090432
0.9919781796
0.9903596048
0.9892759871
0.9911081973
0.9914175675
0.9828452008
0.02382669209
0.01665909837
0.01514002087
0.02105608826
0.9802220688
0.03846412078
0.01604302593
0.01513623573
0.0170772144
0.06409668979
0.9901621876
0.9735724369
0.02130612638
0.01647756774
0.0151312912
0.0186061222
0.9652652112
0.9915102714
0.9931772503
0.9930643012
0.9936511587
0.993854648
0.07004166149
0.01696937865
0.01513436065
0.01513336051
0.015130533
0.01512966156
0.01512909742
0.01512750811
0.01512508254
0.01512344373
0.0151230502
0.01512525123
0.01560311619
0.02067600032
0.9810549584
0.9919639044
0.9895211748
0.9616472079
0.02029998169
0.01569360062
0.0151269355
0.01512579769
0.01512660186
0.01512734419
0.01512754852
0.01512720607
0.01512636272
0.01512521491
0.01512402605
0.01512299564
0.01512224395
0.01512188663
0.0151218641
0.0151219882
0.01512320404
0.01733828289
0.03567177295
0.988192977
0.9902872379
0.9914081182
0.9918082954
0.9920495522
0.9920939035
0.9919670811
0.9918551703
0.9908365454
0.9856091659
0.9469077228
0.0297850492
0.02106831064
0.01738265307
0.01668578856
0.01627111849
0.02445410101
0.9902713417
0.984643469
0.02974130803
0.015107653
0.0151101477
0.01511152873
0.015113127
0.01511488318
0.01511669245
0.01511836925
0.01511984786
0.01512117796
0.01512224581
0.01512313695
0.01512434478
0.01512593352
0.01512734349
0.0151281871
0.01512917411
0.01513179211
0.01513424362
0.02238826696
0.990055981
0.9880478998
0.01999487595
0.01513618763
0.01578013343
0.02030082253
0.9696515678
0.988092557
0.987559454
0.9727348936
0.02210733266
0.0165156384
0.01513767768
0.01674727438
0.02986631124
0.9725788604
0.9799219295
0.9846069015
0.9856552996
0.9874614608
0.9886654005
0.989901249
0.9902674713
0.9867656629
0.9722775901
0.0258541828
0.03011086526
0.9736144194
0.02655037228
0.01516247485
0.01564727448
0.02048634364
0.9751090562
0.9903478592
0.06167860883
0.01757152216
0.01512969239
0.01513006055
0.01512438995
0.01621771876
0.03001427735
0.988760592
0.9919191161
0.9933829187
0.9946455479
0.9944210781
0.9858307617
0.0208576824
0.01513824052
0.01512943999
0.01512947669
0.01513054903
0.01512935091
0.01512607483
0.01512367523
0.01512305067
0.01514897456
0.01986111792
0.9346802589
0.9889705606
0.9925046755
0.9859479169
0.02288662689
0.01594638512
0.01512299779
0.01512665266
0.01512575591
0.01512581683
0.01512626109
0.01512646801
0.01512629798
0.01512573315
0.01512489917
0.0151239663
0.01512308549
0.01512236666
0.01512188861
0.0151216497
0.01512163882
0.01512162768
0.01512149311
0.01512707388
0.01845708896
0.8949147664
0.9848220685
0.989911279
0.9908793658
0.9911044335
0.9906437041
0.9896296296
0.9889708808
0.9889359285
0.9856964665
0.9864680585
0.9851367865
0.9430226499
0.9178908887
0.03097424807
0.8879127971
0.9888190621
0.9873719261
0.02974131824
0.015107637
0.01511004943
0.01511133847
0.01511285123
0.01511452509
0.01511626422
0.0151179405
0.01511949408
0.01512092519
0.01512218973
0.01512337689
0.0151247471
0.01512630967
0.01512776665
0.01512894033
0.01513017972
0.01513207766
0.01513364756
0.01513160481
0.02182882486
0.9897203103
0.9884334565
0.02033582069
0.01513496421
0.01513043725
0.01631460835
0.0229991887
0.9769590845
0.9878188373
0.9864723939
0.9664272788
0.0240455005
0.02134892503
0.9669573826
0.9858339973
0.9767936679
0.02439500428
0.02301785192
0.9622016258
0.9865187548
0.988965895
0.9884707816
0.987822851
0.9869124337
0.9858504794
0.9823624864
0.9532731286
0.01999303693
0.01513891313
0.01785865212
0.6383587649
0.9829794012
0.9396382425
0.01908296317
0.0151518726
0.01512778009
0.01512732963
0.0151250999
0.01512198516
0.01512498097
0.01888333726
0.9681555543
0.9917139844
0.9937780788
0.9942274103
0.9939097545
0.9919061119
0.04058707771
0.01704511118
0.01512532879
0.01513128014
0.01513321453
0.01512873875
0.01512540482
0.01512502899
0.01765917452
0.05435043897
0.9902746717
0.9900023115
0.9901847843
0.05250679029
0.01751757632
0.01512236407
0.01512570965
0.0151273111
0.0151266284
0.01512605183
0.01512591202
0.01512585008
0.01512563262
0.01512517571
0.0151245221
0.01512377045
0.01512302306
0.01512236434
0.01512185213
0.01512149191
0.01512126093
0.01512108477
0.01512100331
0.0151210613
0.01511933949
0.01576601512
0.02037061565
0.9625524527
0.9867889037
0.9907141956
0.9903838338
0.988225508
0.9853367949
0.9831814116
0.9808047057
0.9783934465
0.9796996827
0.9681008707
0.9338822502
0.95953915
0.9664066718
0.9859906101
0.9851131637
0.02974133414
0.01510763946
0.01511000557
0.01511122487
0.0151126651
0.01511427021
0.01511595975
0.01511763992
0.01511925658
0.01512079245
0.01512223108
0.01512363828
0.01512514763
0.01512674948
0.01512828636
0.01512967729
0.01513107333
0.01513261189
0.01513360562
0.01513283123
0.0151296603
0.02136589197
0.9893799261
0.9888019363
0.02070662625
0.01513524385
0.01513745423
0.01513070916
0.01664815236
0.02417317384
0.9811941829
0.9860932237
0.982920381
0.9822034994
0.9776288926
0.9871842168
1.270082255e-07
0.01773699304
0.01513307356
0.0164087655
0.02404111507
0.9781985601
0.9860901545
0.9863323378
0.9838676442
0.9851086006
0.9870486485
0.9778946142
0.9443114643
0.02375141828
0.02581164682
0.9767294769
0.9808831499
0.02751395937
0.01600669138
0.01512662812
0.01512611104
0.0151252946
0.01512373159
0.01512188769
0.01512166023
0.01512005881
0.01615385823
0.02908582014
0.9893374125
0.9930946036
0.9940380729
0.994183398
0.9930565025
0.9833229075
0.02245795393
0.01601096811
0.01513668648
0.01513656915
0.0151273027
0.01642218571
0.02361811647
0.9860989411
0.992484815
0.9889019432
0.9316941244
0.01977823175
0.01514690037
0.01512431594
0.01512519666
0.01512633387
0.01512612475
0.01512579763
0.0151255537
0.01512536162
0.01512510142
0.01512469842
0.01512416108
0.01512354536
0.0151229217
0.01512235591
0.01512189968
0.01512157805
0.01512140527
0.01512138827
0.01512159579
0.01512204296
0.01512180376
0.01512032442
0.0151195832
0.01623522058
0.02224420015
0.9794308308
0.9907789397
0.990087232
0.9840702717
0.9780509824
0.9732573226
0.9689157144
0.9628964658
0.9491459166
0.8916108383
0.909837268
0.9693027731
0.9828102957
0.9798257521
0.02974135281
0.01510765175
0.01510999473
0.01511116317
0.01511254869
0.01511410353
0.01511576101
0.01511744822
0.01511911602
0.01512074012
0.01512231124
0.01512387036
0.01512548329
0.0151271353
0.0151287387
0.01513024084
0.01513166339
0.01513293983
0.01513357563
0.01513292866
0.01513111382
0.01512749049
0.02094511031
0.9890278011
0.9891589051
0.02111750494
0.01513941341
0.01514281808
0.01513940745
0.01513932013
0.01724005527
0.03786515138
0.982843482
0.9895276147
0.9880378667
0.957613668
0.02262755866
0.01531679455
0.01513791268
0.01513150055
0.01512624371
0.0176548748
0.8423945759
0.9849549378
0.9845561791
0.9831160702
0.9855486832
0.9829240554
0.9792521447
0.979907029
0.9719796185
0.9799950223
0.7906372072
0.01802628985
0.01512640674
0.01512743006
0.01512674497
0.01512520412
0.01512364609
0.01512232333
0.01512193797
0.01512136569
0.01512004736
0.01512400047
0.01913161453
0.9786119386
0.9933105152
0.9940598015
0.9929080397
0.9916827785
0.9869646953
0.9511445802
0.0200065563
0.01517932318
0.0162338446
0.02114458334
0.9656945408
0.9888181551
0.9917450168
0.9805326558
0.02055642551
0.01559335921
0.01512407677
0.01512235696
0.01512347759
0.01512474508
0.0151251823
0.01512523994
0.01512513716
0.01512495059
0.01512468281
0.01512431391
0.01512385338
0.01512333861
0.01512282124
0.01512235376
0.01512198342
0.01512174325
0.01512166233
0.01512176167
0.01512207496
0.01512252936
0.0151226383
0.01512224572
0.01512283836
0.01512418955
0.01512488868
0.0168069973
0.0321947075
0.988710076
0.9853284445
0.9756136177
0.9704886286
0.970065809
0.9695263126
0.9671547922
0.9629260156
0.9606213263
0.9682554019
0.9781425013
0.9635811622
0.02974137207
0.01510766829
0.01511000321
0.01511113687
0.01511248592
0.0151140088
0.01511564831
0.0151173436
0.0151190488
0.01512073523
0.01512239184
0.0151240407
0.01512571192
0.01512739027
0.01512902192
0.01513055747
0.01513193835
0.01513301663
0.01513342769
0.01513281708
0.01513121331
0.01512878579
0.01512526389
0.02055843854
0.9886589856
0.9894985625
0.02164629221
0.01514265059
0.01514213996
0.01513814673
0.01727456212
0.03037057437
0.983348643
0.9877979047
0.9880708478
0.9588929576
0.01847381451
0.01514157552
0.01513738563
0.01513367212
0.01513143959
0.01512963764
0.01596406968
0.02465410826
0.981720039
0.9831229882
0.9856195614
0.9857535527
0.9858666192
0.9874431518
0.9817351879
0.9565307481
0.02165366201
0.01572782855
0.01512526016
0.01512676477
0.01512636505
0.01512517559
0.01512380451
0.01512267964
0.01512209142
0.01512147772
0.01512088114
0.01512218301
0.01512168013
0.01645818743
0.04011184592
0.9926287974
0.9925526
0.990841517
0.989397792
0.9881817808
0.9889417677
0.06243553392
0.02441586304
0.9201717085
0.9779553336
0.9870566528
0.987715348
0.03645703644
0.01679563267
0.01512030819
0.015125522
0.01512446084
0.01512420676
0.01512457463
0.01512482044
0.01512489606
0.01512482087
0.0151246364
0.01512436443
0.01512401361
0.01512360103
0.01512315636
0.01512272033
0.01512233452
0.01512204061
0.01512186847
0.0151218467
0.01512198225
0.01512227684
0.01512262701
0.01512279661
0.01512276181
0.01512335789
0.01512468658
0.01512683919
0.0151292795
0.01512950948
0.02154721167
0.9777471949
0.9762298013
0.9726651941
0.9768784561
0.9796942724
0.9813764653
0.9820970711
0.9809365486
0.9766641525
0.9775441717
0.9291705384
0.02974139001
0.01510768513
0.01511002176
0.01511113494
0.01511246494
0.01511397274
0.01511560554
0.01511730843
0.01511903684
0.01512075678
0.01512245196
0.01512413312
0.0151258124
0.01512747665
0.01512909237
0.01513061248
0.01513193064
0.01513287606
0.0151331607
0.01513257116
0.01513108749
0.01512890545
0.01512648722
0.01512346864
0.02023303413
0.9882661043
0.9897494568
0.02338782005
0.01514313557
0.01677166887
0.02434797426
0.9799712912
0.9856161894
0.9831219292
0.9802134644
0.9740605219
0.8316070113
0.01616610446
0.01513710135
0.01513397631
0.0151313707
0.01512991829
0.0151322758
0.01733270141
0.031502179
0.9781306158
0.9846715182
0.9876755341
0.9896506037
0.9908231722
0.988161978
0.9444635701
0.01776485512
0.01512552591
0.01512771805
0.01512780861
0.0151266412
0.01512537739
0.01512410401
0.01512306665
0.0151224312
0.01512197242
0.01512185055
0.01512283721
0.015123573
0.01512378864
0.01513662439
0.02315363421
0.9862857159
0.9886825036
0.985924639
0.9851211289
0.9892875768
0.992250816
0.990235045
0.9844855198
0.9833755924
0.9844086852
0.9301457331
0.01924413794
0.01513356387
0.01512305455
0.01512534838
0.01512516423
0.01512478547
0.01512466885
0.01512466541
0.01512465505
0.01512456257
0.01512437552
0.01512410535
0.01512376757
0.01512338535
0.01512298588
0.01512260524
0.01512227609
0.01512203638
0.01512190723
0.01512191564
0.01512204839
0.01512229724
0.01512254139
0.01512269625
0.01512269845
0.01512312368
0.01512398891
0.01512614792
0.01512837699
0.01513073975
0.01513083298
0.02126004051
0.9617024318
0.9755911657
0.9821877414
0.9852726391
0.9872465312
0.9883283363
0.9875639527
0.979735478
0.9734198514
0.08521733968
0.02974140498
0.01510769937
0.01511004433
0.01511115061
0.01511247844
0.01511398672
0.01511562226
0.01511733199
0.01511907093
0.0151207966
0.01512248579
0.01512414629
0.01512578226
0.01512738515
0.01512894097
0.01513041425
0.01513166551
0.01513253875
0.01513278578
0.01513224917
0.01513078082
0.0151286339
0.01512667024
0.01512502324
0.01512235221
0.02029820391
0.9872577194
0.9891451854
0.02891781671
0.02491934552
0.9759555579
0.9863123731
0.9835950444
0.9583272733
0.02484347788
0.02883681871
0.983637497
0.02507899426
0.01513363991
0.01513368829
0.0151285298
0.01512325591
0.01638979278
0.02181778481
0.9611818735
0.970859338
0.9776700622
0.9841406758
0.988476371
0.9898451779
0.9876328024
0.9775077378
0.02098171194
0.01512322025
0.01512609162
0.01512688289
0.01512622288
0.01512521545
0.01512416919
0.01512328295
0.01512270388
0.01512236195
0.01512238969
0.01512294267
0.0151233094
0.01512362961
0.01512549961
0.01512680718
0.01903027093
0.9720292699
0.9798891615
0.9777512399
0.9851827997
0.9915421324
0.993861061
0.9929231109
0.9868099419
0.978256576
0.02591938275
0.01598966423
0.01512616434
0.0151233408
0.01512433056
0.01512459993
0.01512465591
0.01512460368
0.01512454359
0.01512447944
0.01512436097
0.01512416366
0.01512389103
0.01512355777
0.0151231904
0.01512281371
0.01512246424
0.01512216601
0.01512195904
0.01512185341
0.01512188407
0.0151220133
0.01512226218
0.01512246159
0.01512266128
0.01512267333
0.01512299005
0.01512321581
0.01512541119
0.01512693208
0.01512632404
0.01640211576
0.02090006085
0.905769885
0.974134283
0.9834924717
0.9865785453
0.9885373986
0.9897090731
0.9892532051
0.9820068997
0.9525879495
0.0561792877
0.0297414156
0.01510770915
0.01511006767
0.01511118107
0.01511252374
0.01511404724
0.01511569373
0.01511741031
0.01511915125
0.01512085861
0.01512250051
0.01512409217
0.0151256343
0.01512712619
0.0151285805
0.01512998348
0.0151311485
0.015131983
0.01513227416
0.01513191882
0.01513042189
0.015127947
0.0151261332
0.01512538416
0.01512377966
0.0151219103
0.02168869073
0.9813259588
0.9859866072
0.9826795204
0.9867893366
0.9852693777
0.9616225048
0.0209950472
0.01668212405
0.01596529977
0.9069760313
0.9718064134
0.01788892877
0.01513136579
0.01512766136
0.016337849
0.02089551545
0.9423987776
0.9690104613
0.9660036818
0.9563212493
0.9708615001
0.9785812041
0.9831179591
0.9820922062
0.9806587138
0.9442281105
0.01642429213
0.01512412716
0.01512554105
0.01512548225
0.0151248772
0.0151240814
0.01512335024
0.01512289182
0.01512270413
0.01512290529
0.01512335991
0.01512393727
0.01512542424
0.01512734684
0.01512948591
0.01513110389
0.01851273386
0.964668059
0.978562678
0.9864308026
0.9922873
0.9948295583
0.9950209951
0.9917607278
0.9636031357
0.01882411075
0.01512959952
0.01512849137
0.01512549888
0.01512471431
0.01512450843
0.0151245246
0.01512451671
0.01512446036
0.01512436826
0.01512422163
0.01512400301
0.01512371656
0.01512337391
0.01512300509
0.0151226292
0.01512228902
0.01512199731
0.01512180664
0.0151217086
0.01512177597
0.01512191824
0.01512224517
0.01512251865
0.01512293193
0.01512302422
0.01512396379
0.01512345628
0.01512583825
0.01512524644
0.01640987864
0.0206425094
0.8750046441
0.9575901885
0.9685155819
0.9798827913
0.9837711457
0.9862018736
0.9879744625
0.9880973899
0.9845247843
0.9733032702
0.05637786335
0.02974142074
0.01510771368
0.01511009165
0.01511122776
0.01511260319
0.01511415574
0.01511581952
0.01511754413
0.01511928588
0.01512095745
0.01512251475
0.0151239958
0.0151253947
0.01512672377
0.01512804261
0.01512936737
0.01513038587
0.01513114418
0.01513150953
0.01513157637
0.01513027503
0.0151273131
0.01512528778
0.01512531379
0.01512352771
0.01651596513
0.02116107289
0.9624746247
0.9892325157
0.9910517159
0.988615088
0.9736642972
0.02189850999
0.0162841751
0.01512721228
0.01512566483
0.01729883736
0.962442926
0.948430829
0.01637707026
0.01708794099
0.02267449487
0.9611970447
0.9810128352
0.9814246149
0.9782924677
0.973342212
0.9760213288
0.9701426163
0.9130472347
0.9704381329
0.9782850813
0.9768612503
0.02077872079
0.01512073269
0.01512396675
0.01512462875
0.01512447611
0.01512393092
0.01512330355
0.01512295045
0.01512293514
0.01512341226
0.01512371504
0.01512419717
0.01512667175
0.01512934729
0.01513196762
0.01514386284
0.01817196467
0.03187953405
0.9808758984
0.9872460367
0.9915977693
0.9943138464
0.9948698967
0.9927668203
0.9845737609
0.02245752572
0.01512621031
0.015126575
0.0151250224
0.01512452362
0.0151243013
0.01512433128
0.01512437858
0.01512436782
0.01512428496
0.01512412539
0.01512388357
0.01512357474
0.01512320784
0.01512282184
0.01512242415
0.01512207405
0.01512176061
0.01512157771
0.0151214655
0.01512158567
0.01512177393
0.01512225588
0.01512262218
0.01512373563
0.01512378916
0.01512596489
0.01512678809
0.01514988483
0.01756918187
0.02319828303
0.9449828723
0.9682537419
0.9669627397
0.9594326493
0.9704212407
0.9752075062
0.9773059428
0.9804912476
0.9822515796
0.980981347
0.9810455959
0.1074643084
0.02974141935
0.01510771368
0.01511012031
0.01511129747
0.01511272489
0.01511431804
0.01511600099
0.01511773483
0.01511948747
0.01512111493
0.01512255705
0.01512389852
0.01512510426
0.01512621029
0.01512737027
0.01512865992
0.01512943184
0.01512995611
0.01513020679
0.01513093275
0.01513003931
0.01512713683
0.01512608608
0.01512980181
0.0170039707
0.0226789157
0.9506895443
0.9752248883
0.9888353384
0.99129025
0.9873313623
0.027409462
0.01683415857
0.01512815041
0.01512776478
0.01512557242
0.01512310424
0.02263188962
0.9786790793
0.03582365048
0.03493794114
0.9818462186
0.9867822569
0.9890762718
0.9863960091
0.9840430578
0.9786275551
0.8666035524
0.02624083027
0.0201724015
0.8506735218
0.9813995528
0.9845325994
0.9383416093
0.01616476786
0.01512319529
0.0151243714
0.01512439527
0.01512393897
0.01512324627
0.01512283038
0.01512278625
0.01512363651
0.01512354683
0.01512239421
0.01512369044
0.01512326256
0.01573400865
0.01878044512
0.03408497709
0.9821234278
0.983410253
0.9865554994
0.9884370835
0.9915683363
0.9926353086
0.9910540438
0.9885856114
0.9800864744
0.01726632036
0.01512551213
0.01512431791
0.01512422375
0.01512415311
0.01512421436
0.01512428621
0.01512430608
0.01512423595
0.01512406875
0.01512379987
0.01512346132
0.01512305438
0.01512263793
0.01512218996
0.01512181658
0.0151214406
0.01512124651
0.01512109372
0.01512124777
0.01512134263
0.01512212754
0.01512190518
0.0151230981
0.0151226915
0.01512729059
0.016059976
0.02040538893
0.05084436389
0.983657456
0.9830360912
0.9793767439
0.9687649493
0.9620748698
0.9643056529
0.9638828399
0.9560867812
0.9557638876
0.9665457357
0.9744449157
0.9810433433
0.9573619737
0.02974141031
0.01510771204
0.01511016372
0.01511140424
0.01511290429
0.01511454364
0.01511623755
0.0151179794
0.01511976856
0.01512134967
0.01512265736
0.0151238683
0.01512482832
0.01512562052
0.0151266028
0.01512797814
0.01512839434
0.01512843983
0.01512783739
0.01512874351
0.01512751694
0.01512357815
0.01567812127
0.01851425383
0.0296832998
0.9789126365
0.9829924109
0.9810721421
0.9824119211
0.9816272012
0.9759996335
0.02266087025
0.01512914813
0.0151310075
0.01512896942
0.01513180671
0.01628233589
0.01915074157
0.9486964652
0.9824685515
0.9892765256
0.9909207584
0.9913135515
0.990584145
0.9866653958
0.9533180684
0.02774358439
0.01878110347
0.0161407206
0.01513673427
0.01892629256
0.9840572637
0.9889233401
0.9832928729
0.02122012208
0.01512252457
0.01512473324
0.01512480424
0.01512428113
0.01512339291
0.01512277122
0.01512228588
0.01512351269
0.01512366165
0.01512183836
0.01512473176
0.01635049993
0.02049670322
0.7059686216
0.9856487066
0.9875332112
0.9854049659
0.9854071229
0.9877118754
0.9894118916
0.9887105362
0.984957874
0.9882983318
0.9902637645
0.03268300988
0.01512898966
0.01512369395
0.0151239477
0.01512394894
0.01512408649
0.01512420326
0.01512426546
0.01512421524
0.01512404571
0.01512374517
0.01512337445
0.01512290813
0.01512245816
0.01512192288
0.01512150881
0.01512103045
0.01512079766
0.01512045818
0.01512081575
0.01512029908
0.01512105291
0.01512039038
0.01512301138
0.01586990925
0.0186219573
0.03005335223
0.966428762
0.9899346076
0.9911438914
0.988384041
0.9824225559
0.9754810934
0.9715098871
0.9676602842
0.960937524
0.9242601422
0.9050135584
0.8635871063
0.9680957397
0.9840772286
0.9724182832
0.02974139375
0.01510771569
0.01511024051
0.01511157203
0.01511316844
0.01511484523
0.01511651975
0.01511826503
0.01512014295
0.0151216587
0.01512281174
0.01512400752
0.01512471436
0.01512501764
0.01512579792
0.01512758842
0.01512745558
0.01512737119
0.01512539224
0.01512629291
0.01512357325
0.01604970267
0.02019523895
0.5351573441
0.9862845856
0.9896735496
0.9879230752
0.980358622
0.9640791648
0.02983294039
0.9431940002
0.9501131064
0.01674126782
0.01514076184
0.01619974414
0.0192295479
0.03011300598
0.95388562
0.9756685265
0.9882340853
0.9912816078
0.9915145893
0.9895649177
0.9865634882
0.4017375598
0.02055897191
0.01625738584
0.01513483898
0.01513223062
0.01513130059
0.01512833752
0.02805130388
0.9894015759
0.9897504127
0.9753385733
0.01667481204
0.01512559627
0.01512597548
0.01512513684
0.01512381454
0.01512324088
0.01512158162
0.01512228197
0.01512009085
0.01567234283
0.01808655526
0.02795187826
0.9724518182
0.9859173176
0.9892982623
0.9887381648
0.9863150714
0.9852032752
0.9849810271
0.9834719999
0.04328891291
0.02897528661
0.9882637179
0.9921075319
0.988069039
0.01919161748
0.01512195133
0.01512321073
0.01512335814
0.01512377082
0.01512404788
0.01512422082
0.01512421804
0.01512405786
0.01512371355
0.01512331893
0.01512277047
0.01512228616
0.0151216325
0.01512117563
0.01512042896
0.0151203383
0.01511938853
0.01511972204
0.01511898977
0.0151211862
0.01581875485
0.01821259445
0.02734768022
0.9508296948
0.987291474
0.9909970287
0.9911624023
0.9911294526
0.9881979954
0.985752052
0.986257229
0.9833779056
0.9785486098
0.9739611143
0.9566736897
0.9597075356
0.9083130518
0.9171449293
0.9849714127
0.9803393114
0.02974137798
0.0151077415
0.01511038094
0.01511183388
0.01511356461
0.01511524509
0.01511681607
0.015118554
0.0151206477
0.01512201114
0.01512290548
0.01512437453
0.0151250461
0.01512470223
0.01512497624
0.01512798909
0.01512704489
0.01512735083
0.01512657264
0.01514474106
0.01748376733
0.02300911842
0.9428577976
0.9855224995
0.989859378
0.988999947
0.9800775372
0.5931777934
0.02102506563
0.01701376881
0.02153369804
0.9660483877
0.02419081917
0.02155793042
0.03946812249
0.9677524045
0.9865909901
0.9886937173
0.9882873658
0.9911794823
0.9914956966
0.9886755236
0.9794726448
0.02896719768
0.01841311788
0.01561502808
0.01513287592
0.01513174599
0.01513152302
0.01512987994
0.0151241273
0.01665901148
0.9750234936
0.9897057631
0.9895019807
0.02826320064
0.0151288074
0.01512815614
0.01512706112
0.01512466416
0.01512478008
0.01512377383
0.01513402797
0.01680298607
0.02113311967
0.7979715688
0.9847815302
0.990182494
0.9906272351
0.9910358933
0.988444156
0.9856277047
0.9791043405
0.8415185322
0.02298385382
0.01772527662
0.01516413035
0.02993031651
0.9909086874
0.991232718
0.9719101581
0.01629399275
0.01512117188
0.0151221692
0.01512329783
0.01512386762
0.01512422023
0.01512427218
0.01512412665
0.0151237081
0.01512329176
0.01512264976
0.01512217441
0.0151212278
0.01512097868
0.01511959089
0.0151193598
0.01511826155
0.01512008597
0.01579276036
0.01804780616
0.02647128884
0.9423549543
0.9861665778
0.99064267
0.9911866076
0.992488808
0.992025932
0.9912651654
0.9896248955
0.9876934486
0.9896941978
0.9910489506
0.9800695704
0.9599016134
0.7477091576
0.8826264911
0.03168224613
0.8891658452
0.9819120848
0.9805151498
0.02974140339
0.01510783425
0.01511063515
0.01511221766
0.01511416298
0.01511580585
0.01511708083
0.01511873027
0.0151213527
0.01512241678
0.01512265422
0.01512472092
0.01512577651
0.01512520153
0.01512456255
0.01512779496
0.01512479113
0.01512930736
0.01607477494
0.02001707974
0.04466581957
0.9831254005
0.9844896532
0.9865852413
0.9847238192
0.9730246075
0.02438025573
0.01926386465
0.01819607782
0.01969898052
0.02960706722
0.9788981594
0.9755596601
0.9730330966
0.9905429855
0.9915358833
0.9903294239
0.9905682891
0.9885818137
0.9905912528
0.9891206828
0.9392593952
0.02137008644
0.01674288112
0.01513447328
0.01513156979
0.01513192912
0.01513066986
0.01512967104
0.0151279318
0.01512345343
0.01511919962
0.02118839646
0.9828694265
0.988781715
0.9828746509
0.01860709215
0.01512698649
0.01512837056
0.01512462113
0.01512401435
0.01589697114
0.01940334205
0.03895063354
0.9821736295
0.987867898
0.9903726934
0.9924201965
0.9909597665
0.9901085411
0.9849522763
0.8861086061
0.02493207787
0.01804519291
0.01585619999
0.01513751428
0.01513666045
0.01623642385
0.9697757185
0.9912226416
0.9911987432
0.02926772996
0.01512422017
0.01512224395
0.01512354303
0.01512399268
0.01512441549
0.01512443813
0.01512426433
0.01512372854
0.01512333274
0.01512242045
0.01512231678
0.01512078195
0.01512043224
0.01511894614
0.01512047161
0.01579225233
0.0179540949
0.02596374361
0.9360453471
0.9855753191
0.9904880547
0.9912671932
0.9927937256
0.9926638789
0.9932612614
0.9920206258
0.9907042281
0.9888002562
0.9794828177
0.9488939808
0.0445479132
0.02665646032
0.01902217444
0.01780998507
0.01682019737
0.01647606855
0.02517189918
0.9843683172
0.9760965589
0.02974162214
0.01510810607
0.0151111045
0.01511271508
0.01511500998
0.01511664131
0.01511740571
0.01511860145
0.01512212368
0.01512283407
0.01512189992
0.01512404713
0.01512466318
0.01512499097
0.0151295
0.01518275817
0.01637443681
0.01935765613
0.0307996264
0.9541243182
0.9874762266
0.9889000447
0.9843071782
0.9767913401
0.9444895582
0.02410376159
0.02320879397
0.0295700753
0.8318185316
0.9411742177
0.9854495583
0.989841046
0.9902317943
0.9893849903
0.9908877973
0.9911214888
0.9895721506
0.9888318387
0.9811589247
0.959250665
0.03504358907
0.0193302823
0.0157179428
0.01513667109
0.01513505265
0.01513311381
0.01513183642
0.01512948055
0.01512875821
0.01512740805
0.01512392076
0.01512074949
0.01623384034
0.9375423057
0.9836254079
0.9824161522
0.9631577596
0.01679447189
0.01513058422
0.01580511843
0.01783816862
0.02554613022
0.9479470475
0.9887432811
0.992044699
0.992096086
0.9924126687
0.9927782098
0.9906006871
0.9657569985
0.02843783726
0.0182662924
0.0158767053
0.01513320814
0.01513796774
0.01514051887
0.01513528772
0.01512498724
0.01890806126
0.9877481404
0.9927442651
0.9876785994
0.01887973528
0.01512138129
0.01512373645
0.01512400035
0.01512465393
0.01512466161
0.0151244757
0.01512359659
0.01512359845
0.01512212953
0.01512206649
0.01512063157
0.01512328357
0.01589189983
0.01810624285
0.02612457196
0.9323411938
0.9850912817
0.9903342542
0.9912494579
0.9928807294
0.9929610143
0.9937469619
0.9931033767
0.9934431933
0.9922442484
0.9749716768
0.6755191489
0.0243702411
0.01767588503
0.01614077911
0.01517470764
0.01515768622
0.01514909543
0.01514637999
0.01514300956
0.02264864608
0.9881200356
0.979127842
0.0297427059
0.01510880716
0.01511199543
0.01511330368
0.0151159723
0.01511761294
0.01511800573
0.01511865683
0.01512192771
0.01512043142
0.01512032189
0.01512821868
0.01574930888
0.01634308998
0.01844093409
0.02865844296
0.08583809694
0.9758000736
0.9878254835
0.9891994777
0.9864633529
0.9836190636
0.9579646936
0.949095988
0.05011879361
0.9339627318
0.9609888265
0.9873433312
0.9881318601
0.9859983551
0.9868770788
0.9899872331
0.9913511659
0.991867454
0.9918499574
0.9906123518
0.9671957815
0.7086469907
0.02515380441
0.01813242666
0.01618550313
0.01515532375
0.01515412013
0.0151496686
0.01514139772
0.01513607778
0.01513251187
0.0151289626
0.01512835613
0.0151275847
0.01512460381
0.01512240005
0.01512306654
0.02196381592
0.9730738641
0.9745329043
0.9823725584
0.03432424532
0.018106854
0.02311308126
0.7779473887
0.9830439103
0.9888814484
0.9901996756
0.9922843208
0.9904376066
0.9886265021
0.9859785383
0.0551593857
0.02053760912
0.01604613715
0.01513297295
0.01513432147
0.01513597104
0.01513889092
0.01514054571
0.01513512835
0.01512765597
0.0151260492
0.02937682348
0.9912235127
0.9912013316
0.9696256749
0.01623747698
0.015123293
0.01512379434
0.0151251483
0.01512487743
0.01512493437
0.01512331225
0.01512327235
0.01512191721
0.01512575941
0.0159887165
0.01862900444
0.02860654428
0.9453368391
0.9850787735
0.9901693231
0.9911098258
0.9928318363
0.9929921169
0.9938299995
0.9932685076
0.9935870513
0.9921528803
0.9821063324
0.05966560132
0.02260979721
0.01655201077
0.01570651356
0.01515481495
0.01515925682
0.0151574105
0.01516103852
0.01515926376
0.01515245065
0.01514277685
0.02044844817
0.9842549321
0.9760666477
0.02974845436
0.01511074795
0.01511338404
0.01511413838
0.01511664695
0.01511687419
0.01511788565
0.01512367243
0.01517824019
0.01607067654
0.01705061566
0.02224905891
0.03454920063
0.9299738206
0.9696479468
0.9878884753
0.9939756964
0.9934093147
0.9914478065
0.9907698356
0.9871960265
0.9817186341
0.9700359055
0.960611292
0.9813820608
0.985671317
0.9845534199
0.9865763016
0.9882312952
0.9886979536
0.9870435614
0.9856356848
0.9860948217
0.985607093
0.9802511907
0.0465519124
0.02173484334
0.01661762309
0.0157637087
0.01516266479
0.01516985165
0.01516638055
0.01516280716
0.01515710969
0.0151479312
0.0151417257
0.015137914
0.0151323038
0.01512798753
0.01512542494
0.01512412594
0.01512594101
0.01513404624
0.0182889276
0.9436209225
0.9674742372
0.9771914805
0.9774719803
0.9370380088
0.9689388737
0.9851185137
0.9887590122
0.9907964915
0.9909339009
0.9912186831
0.9873142063
0.9051707303
0.02206043589
0.01729390305
0.01515924906
0.01513856138
0.01513705993
0.01513778861
0.01513910823
0.01513903768
0.01513869902
0.01513482136
0.0151302707
0.01512867914
0.01630848174
0.9720925816
0.9911564445
0.9909812364
0.02983029139
0.01512974845
0.01512549805
0.01512726021
0.01512550231
0.01512479134
0.01512289655
0.01512688733
0.01602589192
0.01894198876
0.03065459445
0.9587494724
0.9871511861
0.9905132536
0.9907559335
0.9925714678
0.9928556059
0.9938137809
0.9933264175
0.9936801846
0.9922950052
0.9822472312
0.05330051702
0.02133542545
0.01648743111
0.01517865063
0.01516223932
0.01516767572
0.01516803803
0.01517242642
0.01516812077
0.01516323883
0.01515886576
0.01515117928
0.0151392113
0.0193007692
0.9776246201
0.9689979672
0.02981893497
0.01511902199
0.01511438387
0.01511483811
0.01512712247
0.01577888708
0.01649719549
0.01898814777
0.03018939459
0.09689396915
0.9753521187
0.9844693983
0.9927001379
0.9930913806
0.9924265557
0.9930984643
0.9936868939
0.9938350335
0.9924082854
0.991051824
0.9889226424
0.9864351316
0.9837700403
0.9836414084
0.9843242956
0.9875218622
0.9851842319
0.9834633462
0.9821772869
0.9863571808
0.986783975
0.9748959251
0.9514523828
0.9611990717
0.02290488912
0.01665958876
0.01517236473
0.01516009279
0.01517049983
0.01516578452
0.01516244404
0.01515941787
0.01515417723
0.01514988263
0.01514523839
0.01514312913
0.01514538976
0.01515698734
0.0152003286
0.01600810397
0.01643166504
0.01786138854
0.02209859469
0.03072748742
0.9656537263
0.9790079974
0.9845810159
0.9862937934
0.9843047667
0.9826567569
0.9861091677
0.989268684
0.9889639356
0.9862274913
0.9805775536
0.03467066189
0.01881066221
0.01571295968
0.01513105836
0.01513533536
0.01513767261
0.01513802424
0.01513791632
0.01513878103
0.01513883039
0.01513796448
0.0151350745
0.01513207895
0.01513423228
0.01513559788
0.01940957343
0.9879313543
0.9919320659
0.9888816092
0.02138543436
0.01512725963
0.01512942531
0.01512588833
0.01512904326
0.01604868266
0.01902743642
0.03124637179
0.9616989879
0.9879388281
0.9908644328
0.9911335482
0.9923363928
0.9922146785
0.9934544482
0.9932209154
0.9937288734
0.9924647494
0.982853228
0.05601833904
0.02144425916
0.01646394695
0.01517802523
0.01516989419
0.01517206861
0.01517752631
0.01518294035
0.01518025196
0.01517694916
0.01517203561
0.01516565676
0.01515905976
0.01515045711
0.0151376749
0.01853863336
0.9658156633
0.9572463845
0.0299491062
0.01517710949
0.01591273545
0.01704123022
0.02317158287
0.04310135371
0.9667463863
0.982200138
0.9914649921
0.9952297649
0.9950859571
0.9943586982
0.9946904462
0.9950905559
0.9947619089
0.9946104676
0.9942505104
0.9936739125
0.9930480671
0.9922619024
0.9910560593
0.9898892294
0.988847862
0.9883183166
0.9877614024
0.9862742791
0.9833746851
0.9770602862
0.9581341225
0.9457628857
0.05108637798
0.03429526847
0.02685030831
0.02630640133
0.02384632199
0.0190084041
0.01942765264
0.01969061602
0.01997265867
0.02027483245
0.02060125932
0.0209591194
0.0213512349
0.02179436839
0.02232980703
0.02306981507
0.02434880463
0.02750548326
0.04456066363
0.0763273372
0.9394323997
0.9419294971
0.9761020918
0.988120057
0.9883427113
0.9886579408
0.9900519792
0.9910597272
0.9907156472
0.9893981392
0.9895684077
0.9900569926
0.9871710008
0.8561379934
0.02116131264
0.01680369718
0.0151376225
0.01513376052
0.01513763503
0.0151385057
0.01513728794
0.01513668225
0.01513702173
0.01513810204
0.01513885816
0.01513877966
0.01513736896
0.01513444988
0.015134354
0.01513758679
0.01515675161
0.03936921839
0.9895211014
0.9870733637
0.979070944
0.01902333927
0.01514079244
0.01621729835
0.0193048622
0.03196091229
0.9621434113
0.9879870368
0.9908161941
0.9910121071
0.9920594856
0.9918721945
0.9922981721
0.9925576504
0.9935160414
0.9926347705
0.9837622213
0.06191580214
0.02174653979
0.01651001717
0.0151857046
0.01517790983
0.01518241353
0.01518689625
0.0151869832
0.01518612149
0.01518701925
0.01518477598
0.01518070208
0.01517549952
0.01516918208
0.01516144551
0.01515175096
0.01513884856
0.01798822571
0.9408420889
0.9390986057
0.1050327297
0.03147821456
0.1154870955
0.9823424911
0.9896052382
0.9947555889
0.995237671
0.9950141262
0.9955430921
0.9960030798
0.996285106
0.9959844012
0.9958500329
0.9956792022
0.9955849259
0.9954183631
0.995005275
0.9944598991
0.993944955
0.9934469962
0.9927924076
0.9921395221
0.991542555
0.9910192581
0.9903202861
0.9891563002
0.9874231014
0.9851869872
0.9825051355
0.9803934493
0.9848895603
0.9884385151
0.9875721962
0.9878306188
0.986614349
0.9851464751
0.9857671709
0.9869840015
0.9879247362
0.9887358294
0.9894608403
0.9901179898
0.9907187859
0.9912745521
0.9917990274
0.9923097444
0.9928290493
0.9933882287
0.9940423378
0.9950601982
0.9931416451
0.9895829318
0.9883811132
0.9879360939
0.9888967173
0.9892855696
0.9904010096
0.9910951619
0.990994387
0.9900870868
0.9877126918
0.9832201219
0.03878560561
0.01912545167
0.01573947722
0.01513411691
0.01513518914
0.01513607081
0.01513658
0.01513512051
0.01513289005
0.01513175664
0.01513243359
0.01513382126
0.0151352276
0.01513660106
0.01513835602
0.0151437468
0.01516063748
0.01610270471
0.01703728457
0.02443203212
0.9841855938
0.9824084913
0.9779507306
0.9371902705
0.02383668562
0.03911581222
0.9676811013
0.9881314723
0.9906884096
0.9907656073
0.9917374371
0.9913185681
0.9913044815
0.9912396073
0.990577586
0.9888061312
0.9861171119
0.1086475388
0.02276176807
0.01663280088
0.01519923782
0.01518692198
0.01519184137
0.01519583185
0.0151954031
0.01519320441
0.01519098354
0.0151892976
0.01518879682
0.01518717999
0.01518416892
0.01517984951
0.01517427597
0.01516667739
0.01515581987
0.01514248355
0.01805551924
0.9150894198
0.9067871145
0.9908375632
0.9949117725
0.9964462982
0.9966638078
0.9964737307
0.9967518981
0.9970170601
0.9969007864
0.9968744526
0.9967927059
0.9966997609
0.9966558907
0.9965655429
0.9963730525
0.9962029224
0.9960142987
0.995686915
0.9952765441
0.9948791741
0.994506216
0.9941049831
0.9937083722
0.9933304412
0.9929612487
0.9925177912
0.991956333
0.9913668403
0.9909163923
0.9907722749
0.9910478796
0.9914689724
0.992799872
0.9932303604
0.9934024558
0.9933126466
0.9930070495
0.9929219019
0.9931628024
0.9934376625
0.9936971936
0.9939401607
0.9941677759
0.9943802568
0.9945763337
0.9947524784
0.994901288
0.9950085613
0.9950485498
0.9949777843
0.9947403496
0.9943210516
0.9925135265
0.9908662646
0.9891318529
0.988032259
0.9882195511
0.9883066436
0.9877572793
0.9871000619
0.9846559254
0.9775591101
0.02464985583
0.01725880912
0.01514969485
0.01514207211
0.0151426467
0.01514291278
0.01515525767
0.01519032001
0.01595784303
0.01627641416
0.01697107807
0.017499659
0.01808618434
0.01868633053
0.01937333578
0.02032723744
0.02222788846
0.0297921995
0.04184310397
0.8488374108
0.9431278718
0.9800308776
0.9848382596
0.9829869361
0.9790559341
0.975007004
0.9898797688
0.990761597
0.9903008893
0.9913480056
0.9909260765
0.9908689165
0.9907828274
0.9895864148
0.9881160342
0.9818271711
0.7866021461
0.02205827437
0.01738184807
0.01527091166
0.01520666377
0.01520733515
0.01520732584
0.01520381238
0.01519974608
0.0151962057
0.01519330949
0.01519139076
0.01519049621
0.01519025489
0.01518935686
0.01518744723
0.0151844216
0.01518029631
0.01517458115
0.01516489439
0.01514589525
0.01751647288
0.7309950366
0.9039025521
0.9942191322
0.9971349258
0.9976649675
0.997905052
0.9978158904
0.9977625323
0.9976859807
0.9976390236
0.997568581
0.9974244794
0.9972745274
0.9971673837
0.9970650149
0.9969031486
0.9967246197
0.9965248311
0.9962638042
0.9959617103
0.9956621881
0.9953791352
0.9951023531
0.9948408167
0.9945946983
0.9943573268
0.9941071737
0.9938502752
0.9936404498
0.9935380637
0.9935717154
0.993714785
0.9938611581
0.9940289827
0.994333013
0.9945589775
0.9945851087
0.9944500455
0.9943305034
0.9943486465
0.9944399017
0.9945515744
0.994664266
0.9947715578
0.9948694571
0.9949528778
0.9950135747
0.9950381336
0.9950057117
0.9948862989
0.9946443739
0.9942683216
0.9938142008
0.9932853844
0.9923456518
0.9910480412
0.9897972739
0.9885843342
0.9863567126
0.9805963959
0.9649776092
0.9315646168
0.02936272384
0.02177654667
0.01867003077
0.01956867364
0.02053095935
0.02175684586
0.02354292832
0.02709375957
0.0428003129
0.06445007719
0.9219345549
0.9004461316
0.9588709412
0.9718405895
0.9789512768
0.9831295058
0.9859956147
0.9881983709
0.9901290581
0.992491867
0.9897368315
0.984398246
0.9863615651
0.9888690125
0.989829156
0.9897460621
0.9889488923
0.989450896
0.9901459489
0.9898367082
0.9901649848
0.9904549569
0.9892995234
0.9881755091
0.9822399109
0.8739654037
0.02397505689
0.01761370206
0.01579471577
0.0152208447
0.01523349644
0.01522689949
0.01521772923
0.01520860995
0.01520106649
0.01519581988
0.01519279657
0.01519131054
0.01519083855
0.01519105146
0.01519153485
0.01519143819
0.01519041924
0.01518838723
0.01518543992
0.01518166029
0.01517671567
0.01516284794
0.01759700643
0.8936183841
0.9196096605
0.99598966
0.997908571
0.9982353747
0.9983432096
0.9983516075
0.9982997656
0.9981990409
0.998104106
0.9980069416
0.9978709125
0.9977230842
0.9975907139
0.9974625665
0.9973118152
0.9971440218
0.996956627
0.9967404426
0.996507572
0.9962773989
0.9960596737
0.9958560831
0.995671258
0.9955045665
0.995352643
0.9952106595
0.9950866557
0.9950029876
0.9949773612
0.9950093353
0.995074757
0.9951304619
0.9951807533
0.9952773255
0.9953898331
0.9954164175
0.9953506896
0.9952648847
0.9952197617
0.9952128376
0.9952278018
0.9952501007
0.9952717125
0.995287378
0.9952914585
0.9952759607
0.9952291949
0.9951354056
0.9949772187
0.9947459054
0.9944663729
0.9942040606
0.9939572974
0.9935591065
0.9929362251
0.9922535295
0.9914516343
0.9901044336
0.987558723
0.9833380441
0.978014148
0.9808362636
0.9841431446
0.9851165765
0.9872208136
0.989338588
0.9909342279
0.9921784843
0.9931747127
0.9940214629
0.9950407401
0.9931890732
0.9900876462
0.9894684789
0.9894792153
0.9899827224
0.9905622537
0.9910499563
0.9913488852
0.9913581133
0.9909838671
0.9903763895
0.9881590687
0.9884277274
0.9902230232
0.9914364026
0.9917499129
0.9913642407
0.9909759993
0.9897621689
0.9900644264
0.9890584765
0.9883235633
0.983190043
0.9008731713
0.02505390303
0.01789938828
0.0159305422
0.01526417763
0.01529872427
0.01526953627
0.01525033266
0.01522994618
0.01521208336
0.01520019677
0.01519350796
0.01518999394
0.01518887231
0.01518912148
0.01519021345
0.01519157903
0.01519283208
0.01519341671
0.01519301078
0.01519151286
0.01518906204
0.01518634462
0.01518501993
0.01518966937
0.01626630444
0.8683275281
0.1074824888
0.9972786868
0.9985052083
0.998662672
0.9987071093
0.9986881528
0.9986305982
0.9985372675
0.9984331747
0.9983223725
0.9981944043
0.9980569948
0.9979209942
0.9977839921
0.997636724
0.9974789594
0.9973083081
0.9971238743
0.9969340623
0.9967494592
0.9965768561
0.996420206
0.9962830933
0.9961658496
0.9960670574
0.9959853968
0.9959245466
0.9958918489
0.9958904746
0.9959148983
0.9959501933
0.9959775157
0.995997733
0.996029471
0.9960630745
0.9960610348
0.9960121342
0.9959415365
0.9958758964
0.9958215645
0.9957772374
0.9957378616
0.9956986365
0.9956557669
0.9956054472
0.9955428271
0.9954615787
0.99535477
0.9952185362
0.9950604803
0.994910086
0.9948061656
0.9947364284
0.9946236742
0.9944414686
0.9942354281
0.9939963072
0.9936519496
0.9931951247
0.9927996842
0.9927157313
0.9928124975
0.9934453871
0.993657055
0.9938579035
0.9942007075
0.9945281225
0.9947915206
0.9949606596
0.9949946479
0.9948599421
0.9945978113
0.9932605561
0.9924217732
0.9918063279
0.9914689661
0.9912742756
0.9910872789
0.9907676619
0.9901821584
0.9893066639
0.9885199234
0.988529284
0.9891380829
0.9902136597
0.9912329795
0.991611843
0.9913186071
0.9916236682
0.9897768157
0.989028655
0.9852108594
0.9265080278
0.02607001422
0.01818958125
0.01606301278
0.0153374248
0.01539891389
0.01534796476
0.01533180727
0.01528662307
0.01525115147
0.01522103075
0.01520366159
0.01519207289
0.01518722096
0.01518538053
0.01518614099
0.01518785298
0.01519024133
0.01519253508
0.01519441093
0.01519546445
0.01519547498
0.01519438162
0.01519228882
0.01519026491
0.01519170184
0.01520327597
0.01522341288
0.0356698304
0.9469381262
0.9982476273
0.9989424855
0.9989854044
0.9989740536
0.998928745
0.9988597309
0.9987702804
0.9986690536
0.9985588615
0.9984378832
0.9983093165
0.9981768774
0.9980401237
0.9978964712
0.9977459812
0.9975881843
0.9974245893
0.9972613209
0.997105584
0.9969629407
0.9968374928
0.9967322996
0.9966482383
0.9965846948
0.9965406415
0.9965163368
0.9965123176
0.9965263628
0.9965522826
0.9965804929
0.9966011668
0.9966127534
0.9966203521
0.9966192587
0.9965951767
0.9965433274
0.9964724702
0.9963937468
0.9963124867
0.9962310747
0.9961493552
0.9960660781
0.9959799279
0.9958898355
0.9957950026
0.9956952213
0.9955920323
0.995491268
0.9954067193
0.9953609144
0.9953720042
0.9954268167
0.9954863069
0.9955346406
0.9955797358
0.99561381
0.9956196298
0.9956013417
0.9955916695
0.9956122993
0.9956127914
0.995531245
0.9954219815
0.9953100917
0.9952231665
0.9951445596
0.9950446166
0.9948935036
0.994661223
0.9943515218
0.9940575643
0.9938134024
0.9933503199
0.9927759658
0.9922529059
0.9917579332
0.9912463612
0.9906545483
0.9899408831
0.9891873005
0.9887049962
0.9887374731
0.9890070634
0.9893117383
0.9897315999
0.989966673
0.9901326244
0.9905741821
0.9862501581
0.9592580522
0.02908587744
0.01865738361
0.0160937831
0.01536802968
0.01547672589
0.01543041125
0.01540585119
0.01535390545
0.01530642141
0.01526324208
0.015225989
0.01520263696
0.01518433902
0.01517754604
0.01517283336
0.01517349867
0.01517473882
0.01517760157
0.01518027834
0.01518303753
0.01518520027
0.01518656488
0.01518724979
0.01518709922
0.01518616838
0.01518567876
0.01518747603
0.01520280938
0.01522071282
0.02710370961
0.9776062366
0.9990048444
0.9992626252
0.9992155582
0.9991614392
0.9990972628
0.9990229291
0.9989377215
0.9988431077
0.9987391423
0.9986255928
0.9985041935
0.9983765133
0.9982426133
0.9981021711
0.9979559406
0.9978050294
0.9976523305
0.9975033062
0.9973641494
0.9972402251
0.9971356929
0.9970532734
0.9969938035
0.9969566713
0.9969404728
0.9969435397
0.9969632151
0.9969946735
0.9970310105
0.9970644741
0.997088647
0.9971011941
0.9971018884
0.9970867876
0.9970497436
0.9969895096
0.996910504
0.9968183083
0.9967168526
0.9966089474
0.9964960248
0.9963785998
0.9962570249
0.9961323029
0.9960069541
0.9958860999
0.9957788139
0.9956992893
0.9956662641
0.9956977018
0.9957988828
0.9959521545
0.9961280396
0.9963086044
0.9964853366
0.9966464118
0.9967805533
0.9968830043
0.9969504448
0.9969697914
0.996912972
0.9967587522
0.9965267992
0.9962601045
0.9959674303
0.9956469494
0.9952979447
0.9949232627
0.9945441343
0.994220347
0.9940353859
0.9939509614
0.9937430299
0.9933042355
0.9927402867
0.992089387
0.9913737537
0.9906304373
0.9899477008
0.9894914423
0.9894092323
0.9895436692
0.9893888104
0.9884419135
0.9862403647
0.9823041088
0.9777185614
0.9782866775
0.04171567138
0.02302862289
0.01913866207
0.0171864029
0.01786781817
0.01808382446
0.01871332866
0.01819298826
0.01879081144
0.01802333175
0.01874127776
0.0177323836
0.01863027867
0.01757889618
0.01847546871
0.01773059726
0.01833265939
0.01801116828
0.01832232436
0.0182903848
0.01847173742
0.01853393796
0.01866952834
0.0187567898
0.01885882384
0.01903269889
0.01911235949
0.0192906315
0.01935037818
0.02004677711
0.01890135634
0.02334471772
0.9467369833
0.9981459852
0.9990422201
0.9987138883
0.9985246649
0.9983751257
0.9982309119
0.9980755386
0.9979034972
0.9977112893
0.997497682
0.9972659142
0.9970191394
0.9967580823
0.9964828046
0.9961951453
0.9958979007
0.9955973742
0.9953047857
0.9950331252
0.994794154
0.9945970887
0.9944477997
0.9943479333
0.9942958712
0.9942880987
0.9943201423
0.9943852409
0.9944723627
0.9945665064
0.9946516584
0.9947152199
0.9947520305
0.9947604447
0.9947330312
0.9946588901
0.9945355734
0.9943703341
0.9941728722
0.9939505134
0.9937091272
0.9934523679
0.993182006
0.9928991623
0.99260625
0.9923095747
0.9920227262
0.9917705266
0.9915917039
0.991535436
0.9916448755
0.9919282171
0.992341557
0.992815643
0.9933015056
0.9937716565
0.9941990933
0.9945622704
0.9948507959
0.9950538493
0.995140803
0.9950588247
0.9947643081
0.994271583
0.9936428547
0.9929070136
0.9920574641
0.9910945152
0.9900491712
0.9890320269
0.9882764231
0.9880143579
0.9881069068
0.9880180292
0.987411593
0.9863424423
0.9848970241
0.9831737043
0.9813487451
0.9797888001
0.9790538115
0.9794811935
0.9805201278
0.9808896764
0.9791667415
0.9727522918
0.9506454401
0.8767298181
0.07154627205
0.06253749247
0.943631542
0.06101482154
0.9337754528
0.04220279145
0.9236120627
0.1169816059
0.8990167659
0.1956470429
0.8686053652
0.2654724901
0.8292241536
0.3439042179
0.7715392567
0.441881196
0.6944474669
0.5257089349
0.63608497
0.5744958304
0.6075170783
0.5861963943
0.5886148708
0.58291488
0.5866469112
0.5915959691
0.6020766225
0.599329564
0.5878334605
0.5829709321
0.6065664668
0.5572921475
0.7659119744
0.1301215038
