0.9993917506
0.9995416387
0.9993492164
0.9992499607
0.9991739298
0.9991004597
0.9990208781
0.9989310202
0.9988291782
0.9987153785
0.9985903161
0.9984547558
0.9983100958
0.9981588939
0.9980042173
0.9978487298
0.9976947105
0.9975449009
0.9974034776
0.9972763566
0.997170137
0.9970902205
0.9970395626
0.9970184664
0.9970246596
0.9970531191
0.9970949208
0.9971360062
0.997159199
0.9971495052
0.9971021053
0.9970395431
0.997007338
0.9970427613
0.9971486316
0.9972880473
0.9974074597
0.997467243
0.997454936
0.9973764571
0.9972446202
0.9970747631
0.9968867621
0.9967095143
0.9965828113
0.9965501255
0.9966375454
0.9968320811
0.9970824582
0.9973239411
0.9975066611
0.9976132693
0.9976455967
0.9976008513
0.9974931032
0.9973455873
0.9971725136
0.9969784146
0.9967627915
0.9965227032
0.9962536018
0.9959491397
0.9956005832
0.9951992063
0.9947595824
0.9943885592
0.994282171
0.9944627904
0.9947198316
0.9948770079
0.9948846424
0.9947563452
0.9945179006
0.9941890963
0.9937808484
0.9932999039
0.9927663927
0.9922549694
0.9919319115
0.9920033063
0.9924896367
0.9931352396
0.9936268488
0.9937248617
0.9931704259
0.9913425195
0.9853817508
0.9661926108
0.03052957512
0.02306603119
0.938133689
0.02880472306
0.9447457988
0.03394696284
0.9461896361
0.02652669637
0.9335778373
0.159891435
0.9202995453
0.1684138126
0.9153982788
0.2130287211
0.9093231144
0.2516542733
0.8883937438
0.2361076163
0.8436218952
0.2994578891
0.7956596907
0.3734084043
0.744204731
0.440634444
0.6815844313
0.5083081969
0.6989360262
0.4501129436
0.7369109971
0.4250736833
0.8242771273
0.04285529516
0.1422036574
0.9992598924
0.9997144857
0.9996591605
0.9996082174
0.999564494
0.9995222827
0.9994783039
0.9994305301
0.9993778645
0.9993200784
0.9992573046
0.9991896822
0.9991176699
0.9990423629
0.9989651419
0.9988871564
0.9988093321
0.9987327884
0.9986593084
0.9985915213
0.9985324408
0.9984845936
0.9984495142
0.9984278283
0.99841949
0.9984238389
0.9984388187
0.9984593832
0.9984771116
0.998482494
0.9984693612
0.9984445039
0.9984274291
0.9984361614
0.9984755854
0.9985321801
0.9985819211
0.9986059311
0.9985983923
0.9985622294
0.9985026369
0.9984249123
0.9983354478
0.9982441276
0.9981663473
0.9981217953
0.9981264961
0.9981825909
0.9982774463
0.9983885797
0.9984837335
0.9985460343
0.9985739251
0.9985637466
0.998521758
0.9984632725
0.9983958569
0.9983221476
0.9982428386
0.9981578535
0.9980667086
0.9979683461
0.9978602232
0.9977361597
0.9975849329
0.9974089393
0.9972847111
0.9972642776
0.997291191
0.9972973257
0.9972609855
0.9971849062
0.9970761421
0.9969405435
0.9967808965
0.9965959341
0.9963813088
0.9961409466
0.9959197167
0.9958149732
0.9958890781
0.9960782683
0.9962567482
0.9963203586
0.9961911258
0.9957645052
0.9947681625
0.992640618
0.9893209529
0.9684356822
0.01076232485
0.009223878931
0.009404581482
0.01146111863
0.01538620222
0.01546881872
0.01423323691
0.01570117555
0.01329695856
0.01104039815
0.01053921956
0.006597791957
0.007001356404
0.01147421137
0.01128675945
0.009488369773
0.009455096442
0.009110389247
0.009140138997
0.008961323511
0.009019808534
0.008896588997
0.009009426494
0.008826131015
0.008941688932
0.00974320905
0.009097056626
0.008999017204
0.008902136482
0.01557591569
0.9348373817
0.9988027771
0.9995016674
0.9995584907
0.9995375725
0.9994984797
0.9994533732
0.9994046312
0.999352063
0.9992951736
0.9992341751
0.9991692087
0.9990998603
0.9990261829
0.9989494091
0.9988710284
0.998791738
0.9987116714
0.99863127
0.998552053
0.9984768711
0.9984090543
0.9983510147
0.9983038663
0.9982682233
0.9982452086
0.9982372931
0.9982471443
0.9982733946
0.9983068232
0.9983299499
0.9983259582
0.9983006233
0.9982781405
0.9982805512
0.9983180117
0.9983751323
0.9984187971
0.9984260794
0.998397675
0.9983454743
0.9982777859
0.9981964591
0.9981003093
0.9979907651
0.9978778869
0.99778271
0.9977271072
0.997716827
0.9977468012
0.9978288236
0.9979492026
0.9980314065
0.9980733325
0.9980664853
0.99802866
0.9979975161
0.9979762608
0.9979594108
0.9979442563
0.9979299171
0.9979160589
0.9979019849
0.9978853902
0.9978596061
0.9978065666
0.9976836214
0.997466751
0.9973106103
0.9972144638
0.9971038781
0.9969717412
0.9968412761
0.9967242064
0.9966197661
0.9965205174
0.9964132882
0.9962748434
0.9960663414
0.9957603245
0.9954656868
0.9953435937
0.9954000913
0.9955256634
0.9956385354
0.9957240087
0.9957688839
0.9956783203
0.9953280351
0.9948574088
0.9945002266
0.9941306001
0.01891177021
0.01002975023
0.009941569349
0.02324923113
0.01934095711
0.01951183123
0.0148842057
0.01119967659
0.01013701827
0.009365415117
0.009017552997
0.008561366976
0.008376990481
0.008187557061
0.008093243299
0.00798490325
0.007928102429
0.00787504349
0.007843322074
0.007815795075
0.00779832714
0.00778385712
0.007774651343
0.007767649433
0.007764577558
0.007765423071
0.00777465498
0.007838992733
0.03042183621
0.9756930124
0.9982250867
0.9992566986
0.9993697315
0.9994052474
0.9993889868
0.9993507374
0.9993028418
0.9992485718
0.9991887265
0.9991250257
0.9990582033
0.9989868041
0.9989100917
0.9988300517
0.9987490651
0.9986672791
0.9985832527
0.9984959942
0.9984066135
0.9983189619
0.9982378701
0.9981660935
0.9981036582
0.9980499236
0.9980061902
0.9979788777
0.9979792714
0.9980153241
0.998081299
0.9981486704
0.9981706491
0.9981496973
0.9981210172
0.9981047628
0.9981331043
0.9982005409
0.9982517241
0.9982445064
0.9981842741
0.9981003905
0.99801209
0.9979197446
0.9978105626
0.9976678375
0.9974882493
0.9972959444
0.9971261715
0.9969777402
0.9968116645
0.9966742335
0.9968172906
0.9972534974
0.9973206184
0.9972948846
0.9972350713
0.9972585514
0.9973404117
0.9974398528
0.997540802
0.997638193
0.9977306626
0.9978177728
0.9978988869
0.9979722414
0.9980325193
0.9980555843
0.9979280615
0.997298372
0.9969867018
0.9967439864
0.9965141502
0.9963375187
0.9962343826
0.9961923993
0.9961872204
0.9961927051
0.9961782104
0.9960917285
0.9958204202
0.9952423198
0.9947300362
0.9945623908
0.9946885482
0.994971625
0.9953497014
0.995769837
0.9960749501
0.9960981176
0.9958340798
0.9955645416
0.9961018329
0.996264244
0.9933006789
0.01504164339
0.01435928145
0.01969877711
0.01754287721
0.01230844323
0.01056161287
0.009713374855
0.009151675967
0.00900202766
0.008710239333
0.008470015744
0.008244522693
0.008128610191
0.00802732738
0.007954989674
0.007899280783
0.007859604499
0.007829664325
0.007808081126
0.007792039077
0.007780772488
0.007773026324
0.007768996625
0.007768171137
0.007771847987
0.008288806795
0.0376028209
0.9934047892
0.997443314
0.998926191
0.9991115293
0.9991978791
0.9992157208
0.9991943095
0.9991553796
0.9991051732
0.999045513
0.9989817593
0.9989161344
0.9988443131
0.9987636526
0.9986784351
0.9985938448
0.9985093839
0.9984205908
0.9983235973
0.9982186028
0.99811176
0.9980116923
0.9979222375
0.9978405588
0.9977614966
0.9976828321
0.9976135864
0.9975782737
0.9976062423
0.9977131821
0.9978709437
0.9979962561
0.9980323372
0.9980381328
0.9980151251
0.9979661725
0.9980014336
0.9980558714
0.9980269942
0.9979124967
0.9977761832
0.9976620352
0.9975711783
0.9974758291
0.9973290934
0.9970785274
0.9967376546
0.9963744408
0.9959703677
0.9952976429
0.9939543173
0.9920370725
0.9936422702
0.9949461703
0.994565945
0.9935557382
0.993820256
0.9944234237
0.9950077329
0.9955168037
0.9959515945
0.9963234326
0.9966441549
0.9969249662
0.9971782391
0.9974217201
0.9976858957
0.9979970689
0.9973092942
0.9959916771
0.9955982789
0.9953845342
0.9953232539
0.9953962566
0.9955494678
0.9957367421
0.9959298186
0.9961126208
0.9962708871
0.9963547809
0.9961012026
0.9944659604
0.9934433221
0.9932827415
0.9937541307
0.9944563947
0.9952319208
0.9959278286
0.9962353858
0.9959764513
0.9954684843
0.9954118315
0.9959032037
0.99618837
0.9950528116
0.989776015
0.01502293347
0.01263825238
0.01237060656
0.01070419428
0.00959627169
0.009095410724
0.008850201638
0.008606342319
0.008400773327
0.008216934304
0.008099546642
0.008010433537
0.007945017962
0.00789380538
0.007856264554
0.007827869641
0.007807089395
0.007791634568
0.00778060746
0.007772968169
0.007768579455
0.007767168284
0.00776758951
0.008747795188
0.851045206
0.9495501926
0.996186136
0.9985113854
0.9987266601
0.9988805706
0.9989394753
0.9989425337
0.9989286257
0.9988969646
0.9988444161
0.9987872548
0.9987322828
0.9986663236
0.998581291
0.9984874408
0.9983977057
0.9983115429
0.99821902
0.9981103211
0.9979826638
0.9978461002
0.9977182669
0.9976071915
0.9975042496
0.9973924684
0.9972560822
0.997097726
0.9969521497
0.9968794732
0.9969684837
0.9972595158
0.9976592289
0.998089069
0.9981601939
0.9981874895
0.9980923815
0.9976992043
0.9977146573
0.9976719527
0.9974637968
0.9972445171
0.9971210234
0.9970875107
0.9970903859
0.9970621648
0.9968940688
0.9964257819
0.9958328976
0.9952659365
0.9944465301
0.9926800794
0.9878996178
0.9793494892
0.02382807599
0.01730731286
0.01002166811
0.009754384003
0.01002634521
0.01031163156
0.01065902124
0.01106000486
0.01152231993
0.01205712375
0.01268751235
0.01346938466
0.01457254827
0.01665176843
0.0257610174
0.04557334863
0.9800856947
0.9757143802
0.9844047019
0.9875152483
0.9894958502
0.9909006145
0.9919829263
0.9928726523
0.9936571957
0.9944205987
0.9952740186
0.9963091574
0.9950764215
0.9918886155
0.9896663327
0.9903703945
0.9916758946
0.9929078526
0.9942963036
0.9955362028
0.9959302449
0.9953253726
0.9951185761
0.9954715408
0.9958144331
0.9959401002
0.9958050487
0.9941274376
0.9803074891
0.01161446993
0.009436167492
0.009604461467
0.009133290982
0.008803395366
0.008565916216
0.008373594035
0.008211465108
0.008094750713
0.008007209289
0.007942558944
0.007893272381
0.007856413573
0.007828685767
0.007808062911
0.007792726086
0.007781569296
0.007773783154
0.007768974365
0.00776678068
0.00776408234
0.008995051664
0.418818973
0.9563438183
0.9894723419
0.9972097741
0.9979536762
0.9981910015
0.9984856708
0.998487994
0.9985302041
0.9985801816
0.9985550206
0.9985128953
0.9984923592
0.9984514304
0.9983634009
0.9982528472
0.998151679
0.9980630042
0.9979705001
0.9978528307
0.9976965606
0.9975141709
0.9973411279
0.9972019671
0.99708419
0.9969448348
0.9967309839
0.9964132111
0.9960011221
0.9955111941
0.9950846041
0.9952715635
0.996349927
0.9975205234
0.9981250013
0.9979718746
0.9980331576
0.9972467522
0.9963724811
0.9967565343
0.9964310587
0.9961273316
0.9961301286
0.9963338642
0.9966046193
0.9968822569
0.9971141239
0.9970938683
0.9960329266
0.9953631625
0.9951353489
0.9947941694
0.9940760479
0.9931659263
0.9924733602
0.9938132459
0.023042998
0.01025130144
0.008089357855
0.007770720766
0.007759913644
0.007751679348
0.007747821538
0.007745619245
0.007744330605
0.007743529853
0.007743043181
0.007743044153
0.00774434298
0.007751393253
0.008210743207
0.008394798049
0.008781822307
0.009085540308
0.009330985089
0.009544052096
0.009748337132
0.009964221299
0.01021923667
0.010578026
0.01125422764
0.01364565881
0.01819420471
0.9665222989
0.9621184689
0.974677644
0.9828847731
0.9852890085
0.9880645382
0.9902431778
0.9941969605
0.9952140948
0.99552013
0.9956333691
0.9958695819
0.9960617735
0.9961667016
0.9961636012
0.9958792556
0.995593432
0.03050782142
0.01009039808
0.008698610896
0.008797121568
0.008581611627
0.008371979494
0.008215340507
0.008099071212
0.008010958872
0.00794498643
0.007895445533
0.007858483813
0.007830733451
0.007809917941
0.007794301619
0.007782726895
0.007774532235
0.007769255931
0.007766498999
0.007762086385
0.008689809046
0.9205173977
0.9705228446
0.01776581344
0.01149734657
0.02133289358
0.9922788733
0.9964905545
0.9974086262
0.9975323341
0.9979672202
0.9982417393
0.9981209282
0.9981523556
0.998208647
0.9981348821
0.997989295
0.9978542931
0.997742162
0.997646365
0.9975395188
0.9973681424
0.9971269292
0.9968728901
0.9966711585
0.9965525383
0.9964466244
0.9961982704
0.9957091773
0.9949347058
0.9936081619
0.9907147807
0.9831112812
0.9822524156
0.9908247076
0.05537464157
0.0330472723
0.02920654001
0.02895302992
0.9810059524
0.9896730455
0.9905643444
0.9887507895
0.9903329754
0.9921524207
0.9936231006
0.9948963097
0.9961273265
0.9973554176
0.9969502785
0.9954473557
0.995387256
0.9956129024
0.9954377621
0.9948597382
0.9945538039
0.9951857387
0.9959441641
0.9950778749
0.9769694968
0.01055641052
0.007756094454
0.007754621023
0.007750158773
0.007747317362
0.007745617918
0.007744428328
0.007743386094
0.007742408125
0.007741594622
0.007740853684
0.007740145545
0.007739077498
0.00773880577
0.007738933558
0.007739054699
0.007739152958
0.007739248635
0.007739354942
0.007739467544
0.007739573053
0.007739752094
0.007740306589
0.007741972067
0.009087247244
0.01343564666
0.9532496143
0.976018875
0.9840257742
0.9809339821
0.9154683476
0.01176874627
0.01611383092
0.9916201233
0.9949855949
0.9960891356
0.9962198033
0.9963524112
0.9964771401
0.9965862562
0.9970704082
0.9972324602
0.9955622201
0.01825791461
0.00946976689
0.008332665815
0.008361783973
0.008237091138
0.008112103574
0.008020166113
0.007951255099
0.007899904029
0.007861932762
0.007833591369
0.007812223716
0.007795982803
0.007783623791
0.007774699338
0.007768718825
0.007765272229
0.00775995878
0.008944510041
0.872246321
0.946571545
0.01534718727
0.007738188371
0.007738463553
0.008183469283
0.009648028684
0.01637651227
0.9866991737
0.9940192382
0.9972544019
0.9975396305
0.9974156569
0.9978067342
0.9980650031
0.9977880258
0.9975461708
0.9973291382
0.9971288935
0.997069255
0.9970214454
0.9967741226
0.9963920821
0.9959896199
0.9957462698
0.995854579
0.9958855612
0.9954346515
0.9946920395
0.9937168862
0.991924397
0.9874814179
0.9819030612
0.02297062661
0.01373007252
0.0093326319
0.008481195317
0.007781711884
0.0129263526
0.982229024
0.01171184597
0.009193933119
0.009265140886
0.009593569794
0.009973189655
0.01053518005
0.01172495368
0.01723068241
0.05306656492
0.9899075034
0.9913839076
0.9942067525
0.9950272019
0.9954054122
0.9942911479
0.9944539267
0.9955989335
0.9965764614
0.996075749
0.9960625159
0.02741238046
0.008675278504
0.007747165254
0.007746065018
0.007744284822
0.007743160227
0.007742219207
0.007741390134
0.007740794361
0.007740458517
0.007740185016
0.007739611404
0.00773916327
0.007739062165
0.007739128269
0.007739234328
0.007739352248
0.007739484101
0.007739626698
0.007739708016
0.007739688446
0.007739443675
0.007741553823
0.01013880801
0.9333280099
0.9872138611
0.9890542266
0.9875687772
0.9764721336
0.01112311392
0.00841633419
0.007740139958
0.008723702998
0.01312633546
0.9917568388
0.9953959152
0.9963552315
0.9964274146
0.9965125888
0.9967392784
0.9971120849
0.9973276449
0.996735708
0.9945036023
0.01577405368
0.009153618804
0.008090629454
0.008106574995
0.008037154567
0.007961204994
0.007906082999
0.007866310272
0.007836966815
0.007814851098
0.007797770393
0.007784272557
0.007774316932
0.007767367925
0.007763101102
0.007757127765
0.009118819537
0.962019286
0.9667524962
0.01534537825
0.007736782925
0.007737311738
0.00773713473
0.007737103121
0.007737898139
0.008131642443
0.008859558043
0.01226341453
0.0272572991
0.9904012065
0.9946310216
0.9974677248
0.9976867864
0.9973440233
0.996852328
0.9962238988
0.9956876013
0.9964948385
0.9969238899
0.9962635644
0.9954097312
0.9942769386
0.9941130857
0.9957618707
0.9961653113
0.9952429089
0.9949692074
0.9949376764
0.9945615299
0.9944282998
0.9952862061
0.9950499145
0.991097556
0.9868542413
0.03951146847
0.04297132582
0.9927571854
0.01188093558
0.00774220364
0.007740641882
0.007739512107
0.007739219185
0.007739291523
0.007739676781
0.007741092838
0.007751877456
0.01015337255
0.9514062722
0.9797519171
0.9866796067
0.9947769278
0.9949141739
0.9935543908
0.9948798652
0.996200153
0.9966200563
0.9970162412
0.9969139325
0.992097722
0.01048510571
0.007743499148
0.007743707949
0.007742769513
0.007741810779
0.007740990811
0.007740465938
0.007740216348
0.007740014967
0.007739646613
0.007739281997
0.007739063659
0.007738995191
0.007739007525
0.007739058376
0.007739132043
0.007739231409
0.007739315816
0.007739285981
0.007738564913
0.008598583085
0.01773408642
0.9923061905
0.9922773519
0.9908911775
0.9844472486
0.01187612596
0.008608237707
0.0077396134
0.007739678689
0.007739004451
0.00773834683
0.008647784481
0.01333463917
0.9920072339
0.9953985442
0.9963544171
0.9965584255
0.9968346255
0.9970382366
0.997117321
0.9970861356
0.9963355203
0.9938912944
0.01544268993
0.009061007517
0.007947832668
0.007956099489
0.007913978647
0.007871283653
0.007840478974
0.007817773436
0.007799928221
0.007785032193
0.007773875405
0.007765685962
0.007760369151
0.007753977189
0.009450774256
0.9796734789
0.9745933576
0.01534498085
0.007736392989
0.007736912515
0.007737119345
0.007737264334
0.007737519899
0.007737751807
0.007737853659
0.007738443574
0.007740976337
0.008293586213
0.009130800182
0.01364111288
0.04013523594
0.9945304817
0.9951985501
0.9950362715
0.9919902157
0.9913450608
0.996774587
0.9966894834
0.995818302
0.9933896843
0.9864839532
0.9906376834
0.9961120963
0.9957336663
0.9949712128
0.9957194836
0.9962492155
0.995531774
0.9954641549
0.99592984
0.9953530232
0.9951237509
0.9964872084
0.9969824348
0.9943215698
0.01592259792
0.008225357986
0.007741169521
0.007740158582
0.007739390499
0.007739230153
0.007739292177
0.00773944186
0.007741693052
0.01273421264
0.9882512701
0.01470734515
0.009300942547
0.01104268341
0.01811521889
0.9855620486
0.9886247893
0.9943058165
0.9959796895
0.9963211175
0.9965034441
0.9963332797
0.9954299725
0.01776099611
0.008356012587
0.00774213219
0.00774186067
0.007740929686
0.007740367029
0.007740115436
0.007739889873
0.007739589387
0.007739297037
0.007739073776
0.007738930301
0.007738852574
0.007738821637
0.007738794385
0.007738725092
0.007738582404
0.007738778652
0.007995564997
0.01074822198
0.9901758868
0.9951453658
0.9945985972
0.9905217585
0.01281580215
0.008707429815
0.007739482446
0.007739764739
0.007739580815
0.00773926633
0.007738767246
0.007738340556
0.007738203646
0.008636109066
0.01304195261
0.9915134246
0.995458497
0.9966266388
0.9968590964
0.9969583352
0.9969386833
0.9968683707
0.9968626837
0.9962397761
0.9940136646
0.01551010638
0.008964599582
0.007860123421
0.007864092149
0.007843043931
0.007820823837
0.007802873493
0.007786293492
0.007774166659
0.007764470338
0.007757654778
0.007750904012
0.009896343826
0.9878936972
0.9824481393
0.01534488186
0.007736275563
0.007736733842
0.007737003696
0.00773724574
0.007737498299
0.007737733486
0.007737918531
0.007738221955
0.007738654895
0.007738776506
0.007738517873
0.007739278321
0.007741946081
0.008845007173
0.01214311884
0.987499372
0.9935396714
0.9897544394
0.01871757824
0.04474820737
0.9935390565
0.994646578
0.9915291049
0.9689003199
0.01712231004
0.01979046864
0.9840177778
0.9903535634
0.9959563053
0.9960339362
0.9952830773
0.995602387
0.9949015823
0.9949659947
0.9960924243
0.9971833661
0.9966399161
0.9936800369
0.9796097126
0.01003755818
0.007740817959
0.007739498315
0.007739105837
0.00773907194
0.007738854127
0.008110671098
0.0171578194
0.9895202127
0.01161462296
0.007742191518
0.007741075052
0.008415456361
0.01438706805
0.9660629733
0.9810194562
0.9919680887
0.9956754517
0.9961826079
0.9962031896
0.9967224008
0.9962082774
0.9859906148
0.009212816225
0.007741394582
0.007741261342
0.007740498618
0.007740192493
0.007739871709
0.007739554029
0.007739294454
0.007739085122
0.007738903437
0.007738759087
0.007738692189
0.007738651544
0.007738515925
0.007738063442
0.007739738987
0.009690464532
0.9427658155
0.9933440148
0.9949998528
0.992447663
0.01567524653
0.008851433308
0.007739240163
0.007739480632
0.00773954059
0.007739451852
0.0077392375
0.007738935423
0.007738610066
0.007738352308
0.007738149625
0.00773806688
0.008579343297
0.01299159934
0.9924527135
0.9960072982
0.9969345367
0.9968792115
0.9966926549
0.9966616996
0.9967458098
0.9968309797
0.9961836746
0.993704071
0.01478472893
0.008933137718
0.007803435002
0.007808695187
0.00780433772
0.007788010116
0.007775789324
0.007765122295
0.007755733362
0.007748452888
0.01053609967
0.9917157175
0.9873092638
0.01534486078
0.007736236971
0.007736644943
0.007736901587
0.00773716206
0.007737418236
0.007737646447
0.007737843307
0.007738088853
0.007738397508
0.007738593245
0.007738571283
0.007738662308
0.007738923911
0.007738883395
0.007738421292
0.00857223617
0.01638392041
0.9954496051
0.9932875401
0.0100012879
0.009074356847
0.0161590364
0.9920352043
0.9920659377
0.9923953599
0.01648059173
0.01007187139
0.009171961106
0.01176134737
0.02062641955
0.9849882041
0.9928875776
0.9940739452
0.9933754354
0.9954279383
0.9967330678
0.9967719676
0.9957260301
0.9948416537
0.9944385653
0.01864252587
0.008802154321
0.00773871873
0.007738719436
0.007738612245
0.008711645272
0.9623072245
0.9678797487
0.008839771333
0.007739580087
0.007743948442
0.01001023322
0.9747947534
0.9826481635
0.9002875908
0.01108875881
0.01601302639
0.9934349328
0.9954264572
0.9963180533
0.9964846784
0.9959641884
0.9934721944
0.01280381413
0.007745397744
0.007740792718
0.007740419362
0.00773991641
0.00773953232
0.0077393042
0.007739127345
0.00773891693
0.007738694967
0.00773859385
0.007738628399
0.007738616971
0.007737778514
0.008619164549
0.0190659631
0.994221669
0.9945849515
0.9931519125
0.6642628221
0.009454563471
0.007739760326
0.007739101922
0.007739197829
0.007739250204
0.007739208703
0.007739102106
0.007738909955
0.007738678512
0.00773846292
0.007738296787
0.007738179802
0.007738093378
0.007738121311
0.008653038034
0.01422991252
0.9941490339
0.9966676156
0.9966908885
0.9963833452
0.9964622812
0.996529183
0.9965838936
0.9966184768
0.9958264412
0.9932743799
0.01742839294
0.009681506826
0.008288950936
0.007772920009
0.007767725038
0.007764228912
0.007757274247
0.007746964534
0.01179348239
0.9938288844
0.9904047501
0.01534485922
0.007736223694
0.00773659811
0.007736827631
0.007737076339
0.007737326019
0.00773755599
0.007737766324
0.007737995654
0.007738242508
0.007738422091
0.007738496096
0.007738612379
0.007738842778
0.007739028813
0.007739020979
0.007739159279
0.007740657617
0.0126454858
0.9953044172
0.9941006371
0.01015681781
0.007741064496
0.009523649385
0.9300688455
0.9927998813
0.9952773676
0.9920722307
0.01210319098
0.008432030683
0.007742459871
0.008327911499
0.009564635374
0.01385819419
0.9823671313
0.9909453204
0.9954876112
0.9961239198
0.9953294872
0.9947734223
0.9956733123
0.9958348321
0.9917716836
0.01238665587
0.008546016947
0.007740731099
0.01084720746
0.9906943879
0.01969810409
0.008177409486
0.007740040259
0.008809571949
0.04126646357
0.9954614846
0.9868564859
0.0107447665
0.008395992983
0.007739526858
0.009561441462
0.9836821424
0.9958925481
0.9966966443
0.9966318769
0.9969355291
0.9970584389
0.03737253424
0.008694994396
0.007740003013
0.007739854029
0.007739433687
0.007739306462
0.007739225002
0.00773899626
0.007738644277
0.00773840703
0.007738365121
0.007738736433
0.007973806394
0.01058035022
0.9908344837
0.9961040048
0.9948694342
0.9825282523
0.01034048323
0.008032413154
0.007738884608
0.007738716761
0.007738823387
0.007738931007
0.007738971354
0.007738932772
0.007738819384
0.007738659326
0.007738491662
0.00773834546
0.007738239125
0.007738188754
0.007738188602
0.007738211686
0.007738418521
0.008911738514
0.01921325426
0.9943418034
0.9951803848
0.9957680638
0.996004267
0.9961329803
0.9961576413
0.9960966446
0.9960395395
0.9955302479
0.9929167832
0.9736072962
0.01537700639
0.01079168372
0.008850812862
0.008500852924
0.008305054727
0.01263580205
0.9953101229
0.9924971584
0.01534486172
0.007736219071
0.007736572236
0.007736777226
0.007737007704
0.007737246578
0.007737477379
0.007737697948
0.007737924292
0.007738150463
0.007738336141
0.007738474118
0.007738639192
0.007738861048
0.007739059861
0.00773915435
0.007739265222
0.007739620051
0.007739983928
0.01153822909
0.9951754174
0.9942516914
0.01031309396
0.007740161524
0.008071869517
0.01045999939
0.9864179816
0.9943676028
0.9941022579
0.9874700535
0.0114884497
0.008463703922
0.007740574519
0.008567478203
0.0154785925
0.986736254
0.9899055153
0.9925687787
0.9931972428
0.9939587662
0.9945003553
0.995072313
0.9952505885
0.9935882457
0.9869468809
0.01344486018
0.0154679494
0.9873928277
0.01396987961
0.007744199446
0.007964864818
0.01024960843
0.9884148234
0.9954913938
0.03402071304
0.008982721413
0.007739174064
0.007739294643
0.00773852211
0.00831095689
0.01581658487
0.9946204321
0.9960724737
0.9967966124
0.9974304859
0.9973251551
0.9932459029
0.01074631831
0.007740646959
0.007739270365
0.007739276984
0.007739437935
0.007739273125
0.007738800139
0.007738452746
0.007738381794
0.007742775119
0.01025593952
0.9683126466
0.9945643299
0.9963985426
0.9933751774
0.01196029109
0.008190270858
0.007738278655
0.007738906223
0.007738758659
0.007738741989
0.007738793959
0.007738823878
0.007738802831
0.007738725364
0.007738608434
0.007738476542
0.007738351401
0.007738249247
0.007738181305
0.007738148259
0.007738147931
0.007738149698
0.007738137944
0.007739041663
0.009497666383
0.9523668017
0.9924947596
0.9950651932
0.995546328
0.9956658569
0.995449546
0.9949585819
0.9946095018
0.9945383679
0.9927832099
0.9932235491
0.9926029008
0.9674787926
0.951030936
0.01545448621
0.94077143
0.994458595
0.9938414067
0.01534486458
0.00773621774
0.007736557699
0.007736744037
0.007736958126
0.00773718652
0.007737416547
0.007737644037
0.007737873436
0.007738098449
0.007738300302
0.007738481431
0.007738679624
0.007738903462
0.007739108425
0.007739258504
0.007739413837
0.007739667259
0.007739880865
0.007739597006
0.0112619019
0.9950239669
0.9944237835
0.01048525087
0.007739796696
0.007739116883
0.008381921029
0.01205132411
0.9894573227
0.9942232331
0.9935827735
0.9847140672
0.01258001167
0.01110170055
0.9845954538
0.9931431627
0.9881153533
0.01230480583
0.01200138314
0.9831737679
0.9936245265
0.9946278475
0.9943101469
0.9940323806
0.9935956166
0.9931198321
0.991403825
0.9777256723
0.01028927589
0.007740702658
0.009066935618
0.7555444294
0.9905216991
0.970912691
0.009752714793
0.007741939303
0.007738928138
0.007738910686
0.007738623297
0.007738197488
0.007738697251
0.009730428615
0.9850650152
0.995991955
0.9970005008
0.9972196445
0.9970644101
0.996088041
0.02132676493
0.008733974044
0.007738679201
0.007739542802
0.007739846867
0.007739201018
0.007738708548
0.007738687528
0.009089875835
0.03006573942
0.9953168645
0.9949845293
0.9952665206
0.02939383821
0.009027702766
0.007738284468
0.007738690904
0.007738978149
0.007738884372
0.007738786174
0.007738753584
0.007738739962
0.007738707874
0.007738642891
0.007738549978
0.007738442897
0.007738336153
0.007738241966
0.007738168614
0.007738117248
0.007738084387
0.007738059818
0.007738048957
0.007738060792
0.007737820026
0.008075190172
0.01051977572
0.9829708857
0.9935994621
0.99547528
0.9953096171
0.9942727208
0.9928374406
0.9916767404
0.9903461344
0.9889810193
0.9897243481
0.9825214044
0.9553245547
0.9763940348
0.9817133572
0.9928174998
0.9925589187
0.0153448672
0.007736217923
0.007736549912
0.007736723088
0.007736924739
0.007737144855
0.007737373629
0.007737605836
0.007737840434
0.007738071744
0.00773829079
0.007738501432
0.007738722232
0.007738953762
0.007739171161
0.007739358359
0.007739542922
0.007739749525
0.007739882557
0.007739767681
0.007739325294
0.01103141237
0.9948709895
0.9945888996
0.01067093237
0.007739830956
0.00774012375
0.007739318205
0.008553615038
0.01267147487
0.9912200029
0.9934057119
0.9920436643
0.9917841072
0.9891722502
0.9936467602
0.02111577123
0.008953869021
0.0077397227
0.008426760028
0.0126670225
0.9896479912
0.9929082279
0.993146519
0.9920004786
0.9925969127
0.9936139988
0.9889958149
0.9732569469
0.01230767338
0.0133016103
0.9866520351
0.9894752684
0.01428919062
0.008188406019
0.00773888146
0.00773875571
0.007738649672
0.007738445301
0.007738196344
0.007738174263
0.007737952701
0.008276338243
0.01525507477
0.9949026859
0.9966762124
0.9971301668
0.99719411
0.9966297168
0.9919181553
0.01155774111
0.008191482016
0.007740341609
0.007740377042
0.007738984233
0.008424994601
0.01229647373
0.9934444442
0.9963943023
0.9945241697
0.9670708502
0.01020899556
0.007742568736
0.007738554727
0.007738628179
0.007738817009
0.007738794054
0.007738743875
0.007738702487
0.007738670627
0.007738631062
0.007738572261
0.007738494722
0.007738406107
0.007738316332
0.007738234829
0.007738169012
0.00773812264
0.007738097699
0.007738095369
0.007738125344
0.007738189637
0.007738150335
0.007737928923
0.007737835345
0.00833181084
0.01154741661
0.9901235112
0.9954830352
0.9951521134
0.992164475
0.9889577843
0.9862239167
0.9836892207
0.9802428951
0.9716627875
0.9262257651
0.9425034604
0.9835277242
0.9910947487
0.989788221
0.01534486962
0.007736218943
0.007736546454
0.007736710817
0.007736903967
0.007737118417
0.007737346262
0.007737581837
0.007737821612
0.007738060437
0.007738293386
0.007738523246
0.007738758631
0.007738997484
0.007739225386
0.007739432885
0.007739626521
0.007739800008
0.007739884654
0.007739789554
0.007739531592
0.007739026267
0.010820906
0.9947131457
0.9947492434
0.01087517916
0.007740486498
0.007741006814
0.007740592459
0.007740674066
0.008847581045
0.02002749516
0.9918466867
0.9950059656
0.9942389744
0.9773065562
0.01119031509
0.007744425773
0.007740639243
0.007739612424
0.007738872206
0.009081279322
0.9262044317
0.9924766973
0.9924130899
0.9915755759
0.9928194275
0.991509328
0.9896357836
0.9902771496
0.9865375245
0.9893702595
0.8658949914
0.009323439382
0.00773901259
0.007739054474
0.00773888749
0.007738653919
0.007738438907
0.007738259857
0.007738212654
0.007738134895
0.007737948854
0.00773855863
0.00986873147
0.9900164386
0.9968009417
0.9971521328
0.9965681404
0.9959327302
0.9935311096
0.9762877077
0.01025603102
0.00774717469
0.008308926639
0.01088509767
0.9838713613
0.994567562
0.9960086926
0.9905787366
0.01051231797
0.00796754774
0.007738541962
0.007738242192
0.007738377051
0.007738573944
0.007738643839
0.007738654298
0.007738638493
0.007738609761
0.00773856949
0.007738515098
0.007738447828
0.007738372907
0.007738297659
0.007738229617
0.007738175603
0.007738140473
0.00773812843
0.007738142579
0.007738187596
0.007738252582
0.007738265316
0.007738203427
0.007738286379
0.007738484889
0.007738589364
0.008614544891
0.01662017374
0.9944704798
0.9927704343
0.9875903006
0.984596019
0.9842682753
0.9839118079
0.9824040748
0.9795593039
0.9780095453
0.9827462285
0.9884939381
0.9811401475
0.0153448719
0.007736220431
0.007736545848
0.007736704709
0.007736892742
0.007737103993
0.007737331597
0.007737569647
0.007737813447
0.007738057984
0.00773829968
0.007738539944
0.007738782331
0.007739024198
0.00773925663
0.007739471809
0.00773966332
0.007739812061
0.007739867329
0.007739779259
0.007739552431
0.00773921117
0.007738721829
0.01062665632
0.9945482149
0.9949019783
0.01113696659
0.007741069702
0.007741026513
0.007740517277
0.008830650604
0.01569219995
0.9918827884
0.9940515903
0.9941693832
0.9789883434
0.009420807124
0.007740620894
0.007740349153
0.007739814224
0.007739546247
0.007739273269
0.008179663094
0.01288934219
0.9914543993
0.9917536119
0.9929162089
0.9929743751
0.9929908534
0.9938417276
0.991147253
0.9787953845
0.01091767372
0.008030121558
0.007738756002
0.007738913095
0.007738823724
0.007738650081
0.007738460462
0.007738309061
0.00773823387
0.007738153621
0.007738076122
0.007738271574
0.007738206171
0.008441494852
0.02160484543
0.9964976514
0.9964254546
0.9955464406
0.994762977
0.9941110786
0.9946187464
0.03304092642
0.01264149526
0.9606058625
0.9887038988
0.993458604
0.9939681215
0.0191231145
0.008600228667
0.007737966278
0.007738722728
0.007738543619
0.007738487479
0.007738544907
0.00773858489
0.007738598766
0.007738589056
0.007738562288
0.007738522147
0.007738470342
0.007738409534
0.00773834405
0.007738279788
0.007738222783
0.007738179132
0.007738153266
0.007738149418
0.007738168644
0.007738211048
0.007738261322
0.007738284459
0.007738277422
0.007738363127
0.007738558074
0.00773887403
0.007739202558
0.007740206985
0.01112916507
0.9892956688
0.9881196669
0.9861384981
0.9883496458
0.9897719468
0.9905541544
0.9908155413
0.9901232711
0.9879026954
0.9885916791
0.9638256646
0.01534487403
0.00773622209
0.007736547079
0.007736703022
0.007736888807
0.007737099082
0.007737327266
0.007737567153
0.007737813371
0.007738060532
0.007738305166
0.007738547825
0.007738789633
0.007739028259
0.007739258327
0.007739472944
0.00773965801
0.007739790459
0.007739830103
0.007739747051
0.007739538846
0.007739233751
0.007738899069
0.007738484839
0.01046309911
0.9943717305
0.9950097214
0.01202397211
0.007741253848
0.00856150895
0.01246670242
0.9900920634
0.9929044571
0.9917396002
0.9903111445
0.9850415339
0.9238162649
0.008302723837
0.00774035676
0.007739900516
0.007739530795
0.007739318542
0.007739626288
0.008833997106
0.01624114244
0.9893812915
0.9924990222
0.9939631608
0.9949032109
0.9954889115
0.9942383701
0.9757898882
0.009130392569
0.007738662869
0.007739082178
0.007739074181
0.007738876086
0.007738686864
0.007738506204
0.007738363747
0.007738280619
0.007738223009
0.007738213541
0.007738361998
0.007738471473
0.007738503769
0.007740546415
0.01207231832
0.9935158271
0.9945269989
0.993097089
0.9926538404
0.9947852948
0.996275465
0.9953269609
0.9923744114
0.9915236867
0.9920567598
0.9640392023
0.009862818803
0.00773992821
0.00773833922
0.007738677435
0.0077386389
0.007738574934
0.007738558936
0.007738560714
0.007738561596
0.00773854979
0.007738523294
0.007738483846
0.007738433948
0.007738377181
0.007738317617
0.007738260597
0.007738210946
0.007738174336
0.007738154032
0.007738154176
0.007738172971
0.007738209119
0.007738244748
0.00773826709
0.007738267078
0.007738329171
0.007738456233
0.007738769537
0.007739091141
0.0077394353
0.007739422651
0.01099247881
0.9815125406
0.9879544491
0.9912588727
0.9927318839
0.9936347169
0.9941066578
0.993667621
0.9895856564
0.9868189429
0.04444957742
0.0153448759
0.007736223668
0.007736549445
0.007736704655
0.007736890746
0.007737102102
0.00773733175
0.00773757306
0.007737820127
0.007738066504
0.007738308207
0.007738545862
0.007738779571
0.007739007857
0.007739228703
0.007739437207
0.007739613969
0.007739737742
0.007739773861
0.007739700287
0.007739495835
0.007739196988
0.007738930545
0.007738719248
0.007738352638
0.01050540097
0.9938796199
0.9946783152
0.01488584371
0.01271244466
0.9879209042
0.9932128886
0.9919248506
0.9801934233
0.01288333728
0.01416382495
0.9909777881
0.01306681912
0.007739941906
0.007739950921
0.007739179184
0.007738409696
0.008394923115
0.01102155855
0.9783802068
0.9847844268
0.9888175414
0.9922220951
0.9943486658
0.9949883354
0.9939060341
0.9893376181
0.01099456909
0.007738404074
0.007738819499
0.00773893315
0.007738821599
0.007738667061
0.007738515272
0.007738391647
0.007738315577
0.007738275127
0.007738287478
0.007738373451
0.007738429554
0.007738483266
0.007738758997
0.00773895935
0.009813801499
0.9867037493
0.9901099276
0.9890279635
0.9927522951
0.9959039516
0.9970339264
0.9965533983
0.9934610682
0.9894253852
0.01336711084
0.008172180363
0.00773878972
0.007738382173
0.00773852579
0.007738558325
0.007738560864
0.007738552783
0.007738544748
0.007738536798
0.007738520832
0.007738492794
0.007738452992
0.007738403591
0.007738348567
0.007738291642
0.007738238291
0.007738192143
0.007738159309
0.007738141612
0.007738144577
0.007738162957
0.007738199777
0.0077382301
0.007738260382
0.007738263177
0.007738310272
0.007738342358
0.007738657019
0.007738867133
0.007738748889
0.008386599775
0.01065757547
0.9530707169
0.9871613253
0.9919242211
0.9934033647
0.994301007
0.9948255917
0.9945544318
0.9907615328
0.9759707175
0.02894570474
0.01534487743
0.007736224983
0.007736552556
0.007736709102
0.00773689797
0.007737112391
0.007737344405
0.007737586983
0.007737833835
0.0077380763
0.00773830942
0.007738535298
0.007738753533
0.007738964026
0.007739169156
0.007739367278
0.007739531637
0.007739650055
0.007739693033
0.007739646635
0.007739439184
0.00773909269
0.007738848766
0.007738781492
0.007738578417
0.007738293525
0.01121872789
0.9908776792
0.9930627614
0.9914266289
0.9935038483
0.9928308952
0.982194835
0.01083041543
0.008549512598
0.008145295931
0.9482471247
0.9868686709
0.009275415457
0.007739652818
0.007739129059
0.008404186446
0.010872209
0.968456392
0.9821734702
0.981402564
0.9766342513
0.9855401759
0.9895169401
0.9915412156
0.9908556426
0.9903712718
0.9767733109
0.008460452664
0.007738513671
0.007738717518
0.007738703941
0.007738611783
0.007738496063
0.007738393645
0.007738335007
0.007738318206
0.007738356605
0.007738426825
0.007738508142
0.007738738413
0.007739040035
0.007739314773
0.007739601419
0.009499999221
0.9830438615
0.9895489261
0.9933791063
0.9962511685
0.9974922289
0.9975778795
0.9959700324
0.9828931247
0.009693259591
0.007739292056
0.007739137103
0.007738702976
0.007738585971
0.00773854993
0.00773854757
0.007738544737
0.007738536186
0.007738523294
0.00773850266
0.007738471174
0.00773842909
0.007738377965
0.007738322194
0.007738264601
0.007738211611
0.007738165223
0.007738133555
0.007738115941
0.007738123762
0.007738144355
0.00773819356
0.007738236719
0.007738301431
0.007738319223
0.007738464497
0.00773839755
0.007738749016
0.007738667595
0.008399103122
0.0105158439
0.9200994193
0.9757197129
0.9833984222
0.9899595429
0.9919805785
0.9931465074
0.9939682156
0.9939870763
0.9921425865
0.9864053893
0.02874536802
0.01534487851
0.007736225969
0.007736556416
0.007736716496
0.007736910729
0.007737130126
0.007737365253
0.007737609194
0.007737855793
0.007738092013
0.007738311313
0.007738519545
0.007738715034
0.007738899893
0.007739083991
0.007739269916
0.007739411832
0.007739517623
0.007739569414
0.007739582544
0.007739403901
0.007738984897
0.007738704858
0.00773876681
0.007738570791
0.00849842587
0.01086417602
0.9815359069
0.9946570466
0.9956112542
0.9945406705
0.9879985867
0.01140614822
0.008352192085
0.007738861496
0.007738645162
0.008818242871
0.981239695
0.9762791871
0.008387871058
0.00877648592
0.0119081109
0.9833996273
0.9900480296
0.9897395686
0.9888280717
0.9862405969
0.9880648639
0.9867599408
0.9532213451
0.9832464304
0.9883615537
0.9886231568
0.01082197984
0.007738015419
0.007738464281
0.007738561046
0.007738539611
0.007738462469
0.007738374833
0.00773833194
0.007738342234
0.007738423307
0.007738468689
0.007738518516
0.00773888805
0.00773933196
0.007739664702
0.007741836266
0.009414162244
0.01694567144
0.9908453471
0.993800295
0.9959120767
0.9972455521
0.9975112753
0.9964783183
0.992559483
0.01166738109
0.00773883015
0.00773886766
0.007738640822
0.007738564405
0.0077385261
0.007738525604
0.007738529912
0.007738527254
0.007738515113
0.007738492133
0.007738456881
0.007738411154
0.007738356001
0.007738297052
0.007738235331
0.007738179724
0.007738128675
0.00773809658
0.007738075616
0.007738090404
0.007738118113
0.007738191582
0.007738250726
0.007738423135
0.007738445115
0.007738782901
0.007738938324
0.007742850985
0.009037600748
0.01195645678
0.9714772167
0.9822883676
0.9808798119
0.9768566204
0.9844833244
0.9873195954
0.9885120757
0.9901359462
0.990955971
0.9902025319
0.9902954657
0.05298481714
0.01534487905
0.007736226752
0.007736561586
0.00773672775
0.007736930194
0.007737156231
0.007737394627
0.007737640062
0.007737887986
0.007738116859
0.007738318002
0.007738504672
0.007738669947
0.007738819977
0.00773897942
0.007739159119
0.007739263025
0.007739331459
0.007739361782
0.007739464122
0.00773934121
0.007738930762
0.007738778474
0.007739477294
0.008777247393
0.01202800224
0.9763259462
0.9871672174
0.9944327353
0.9957095531
0.9939321026
0.01457101228
0.008663779639
0.007739042178
0.007738949866
0.007738630999
0.007738306324
0.01169339602
0.9896152788
0.01867144894
0.01810611008
0.9913663746
0.9937395862
0.9941607578
0.9928953462
0.9924732629
0.9906251308
0.9388097775
0.01397304788
0.01044499279
0.8973278134
0.9898076913
0.9920599971
0.9718161969
0.008292094404
0.007738322251
0.007738500356
0.007738510536
0.007738449585
0.007738352028
0.007738300028
0.007738306707
0.007738443585
0.007738433268
0.007738214859
0.007738373198
0.007738328477
0.008023607956
0.009651121965
0.01903066574
0.9918027111
0.992071635
0.9934442768
0.9943503422
0.9959306376
0.9964452756
0.9956573139
0.9944533976
0.9905577308
0.008868048035
0.007738731721
0.007738551303
0.007738529142
0.007738511621
0.007738514819
0.007738521914
0.007738523286
0.007738512753
0.00773848846
0.007738449012
0.007738398589
0.007738337027
0.007738272861
0.007738202625
0.007738142197
0.007738080169
0.007738044293
0.007738015648
0.007738034676
0.007738048648
0.007738167581
0.007738144664
0.00773832861
0.00773828836
0.007739012009
0.008221371005
0.01056927745
0.02819909316
0.9922522499
0.991475474
0.9891040395
0.9825858291
0.978577009
0.9803415897
0.9799897418
0.9750708629
0.9756149852
0.9822988553
0.9864757781
0.9900172244
0.9776396056
0.01534487897
0.007736227755
0.007736569452
0.00773674484
0.007736958727
0.007737192279
0.007737432634
0.007737679334
0.007737932408
0.007738153568
0.007738333863
0.007738501025
0.007738628035
0.007738729264
0.007738861361
0.007739052649
0.007739102052
0.007739096321
0.007738994239
0.007739108706
0.007738922712
0.007738338043
0.008013942811
0.009464903699
0.01570022141
0.9904646258
0.9912595939
0.9902340938
0.9912911389
0.9908995158
0.987860071
0.01164247401
0.00773925164
0.007739417175
0.007739136421
0.007739617908
0.008308869235
0.009758073395
0.9751962319
0.9913790739
0.9946374435
0.9953913692
0.9955369273
0.9943211151
0.9912902746
0.9833867073
0.01586025005
0.009863810243
0.008274587152
0.007740426942
0.009625975392
0.9918309763
0.9944076758
0.9916969351
0.01095268484
0.007738230227
0.007738538003
0.007738557063
0.00773848903
0.007738361522
0.007738282037
0.007738226668
0.007738422223
0.007738466246
0.007738165026
0.007738700119
0.008425737475
0.01041325431
0.8148850128
0.9929030489
0.9940024233
0.9927918526
0.9926965823
0.9939761368
0.994921807
0.994624217
0.9927612651
0.9943097061
0.995301135
0.01726204891
0.007739311108
0.007738474206
0.007738497013
0.007738488494
0.007738501732
0.007738514873
0.007738522431
0.007738515034
0.007738490594
0.007738446529
0.00773839122
0.007738320409
0.007738250492
0.00773816612
0.007738097954
0.007738018543
0.007737974727
0.007737916324
0.007737964451
0.007737892975
0.007738006862
0.007737925438
0.007738333246
0.008115302818
0.009564477742
0.01576307629
0.9843468482
0.9952525273
0.9957610675
0.9942811801
0.9910940748
0.9873270442
0.9850147179
0.9826309192
0.9776523666
0.951344232
0.9314163012
0.9063204088
0.9827351292
0.9915776491
0.9854242532
0.01534487839
0.007736229948
0.007736582554
0.0077367712
0.007737000597
0.007737240473
0.007737478115
0.007737725365
0.007737991324
0.007738201532
0.007738357977
0.007738524489
0.007738611913
0.007738637413
0.007738739099
0.007738992634
0.007738961255
0.007738937004
0.007738636454
0.007738746809
0.007738356621
0.008192152979
0.01016802448
0.5517982716
0.9928923775
0.9947870181
0.9932036273
0.9881403468
0.9844226879
0.01575027865
0.9648528779
0.9699231923
0.00853581789
0.007741070812
0.008299359532
0.009945671118
0.01556962011
0.9756424164
0.9874636009
0.9941918219
0.9957371448
0.9958995634
0.995122865
0.9928385852
0.770069701
0.01025227538
0.008488141956
0.007740468572
0.007739770426
0.007739562925
0.00773911974
0.01452611536
0.9947748278
0.9949308705
0.9881466539
0.008548086394
0.007738658539
0.007738718384
0.007738610778
0.007738414272
0.007738348061
0.007738128655
0.007738239618
0.007737914111
0.007999946043
0.009295872726
0.015108517
0.9875842228
0.9924961824
0.9943487472
0.9942631427
0.9929800966
0.9922437755
0.9923182005
0.9921939755
0.02332995531
0.0150673131
0.9943040824
0.9961733384
0.99427738
0.009895725818
0.007738236871
0.007738396039
0.007738408337
0.007738460186
0.007738496428
0.007738520683
0.007738521049
0.007738498701
0.007738448595
0.007738389903
0.007738306733
0.007738230869
0.007738127405
0.007738051551
0.007737929238
0.007737903513
0.007737758236
0.007737801135
0.007737706976
0.007738049431
0.008087308067
0.009336602051
0.01415350937
0.9759655709
0.9938415794
0.9956359997
0.9957308742
0.9956883581
0.994123695
0.9928656824
0.9932660614
0.9918160072
0.9891077453
0.9853546522
0.9725874178
0.9761977525
0.935959957
0.9525865371
0.9920245017
0.9896660942
0.01534487864
0.007736235668
0.007736604946
0.007736811644
0.007737063537
0.007737304735
0.007737526615
0.007737772782
0.007738070751
0.007738255977
0.007738372106
0.00773858394
0.007738664698
0.007738590445
0.007738615431
0.007739052369
0.007738908288
0.007738943223
0.007738826922
0.007741600573
0.008946651768
0.01169033637
0.9684682153
0.9922465272
0.9948458937
0.994650899
0.9894425505
0.8243825552
0.01077720173
0.008793638801
0.01073974855
0.9795541046
0.01213367364
0.01116661204
0.02118069774
0.9852513955
0.9935253
0.9943663041
0.9941910162
0.9957788484
0.9959573568
0.9947888174
0.9917245855
0.01741983244
0.009497520167
0.008013494868
0.007739049812
0.00773921373
0.007739389706
0.007739233133
0.007738463007
0.008541318053
0.9880186443
0.9949147429
0.9948089428
0.01459907644
0.007739135576
0.007739019608
0.007738899357
0.007738553631
0.007738598538
0.007738517123
0.007740474239
0.008678183022
0.01083916268
0.8882722281
0.9924893624
0.9952230266
0.9953190945
0.9954927584
0.994177979
0.9926915195
0.9896298501
0.9042200085
0.01177575663
0.009122424864
0.007744673807
0.01553552756
0.9955586123
0.995723458
0.9868563056
0.008355269183
0.007738107147
0.007738240644
0.007738393874
0.007738472832
0.007738524648
0.007738534673
0.007738515882
0.007738455848
0.007738394444
0.007738297544
0.00773822341
0.007738073941
0.007738027397
0.007737812683
0.007737759741
0.007737599868
0.00773787874
0.008072953073
0.009248731142
0.01366600189
0.9713597954
0.9932351245
0.9953955235
0.9956470122
0.9963256985
0.9960925663
0.995618354
0.9948229908
0.9938410225
0.9949878932
0.995773052
0.9905873971
0.9792575223
0.8151841152
0.9254079679
0.01576132587
0.94031703
0.9903961291
0.9896275421
0.01534488558
0.007736251119
0.007736643297
0.007736870371
0.007737159732
0.007737395808
0.007737571655
0.007737803973
0.007738181701
0.007738319462
0.007738332896
0.007738641077
0.007738776811
0.007738671534
0.007738568949
0.007739023521
0.007738596905
0.007739276529
0.008216365638
0.01025259432
0.02322745427
0.9915984337
0.9920194208
0.9931780049
0.9925671367
0.988146238
0.01317337626
0.009895434798
0.009471824742
0.01009710866
0.01538552972
0.9893001498
0.9875823198
0.9869318295
0.9954685574
0.9959054922
0.9951568407
0.9954119263
0.9945434373
0.9956928558
0.9951914602
0.9774279556
0.01143053148
0.00873964549
0.007740333842
0.007739614281
0.007739581345
0.007739295755
0.007739168517
0.007738958763
0.00773836117
0.007737802613
0.01092993009
0.9915139679
0.9943780912
0.9913910994
0.009509481822
0.00773883691
0.007739074314
0.00773855515
0.007738608862
0.008158011871
0.01011127496
0.02218578693
0.9919585184
0.9938031833
0.9950199707
0.996244488
0.9954747553
0.9951633389
0.9928095011
0.9405100276
0.01290695606
0.009266296711
0.008093448835
0.00774035301
0.007740259249
0.008312308399
0.9855257012
0.9956992853
0.9957339855
0.0153895119
0.007738589363
0.007738249672
0.007738426382
0.007738490623
0.007738555866
0.007738564688
0.007738543955
0.007738468239
0.00773841202
0.007738274801
0.007738257987
0.007738026455
0.007737959031
0.007737734129
0.007737957588
0.008071820382
0.009197296675
0.01338304701
0.9679539159
0.9929350272
0.9953067474
0.9956782015
0.9964769664
0.9964055896
0.9967194866
0.9960460244
0.9951110795
0.9940389722
0.9903077706
0.9763520055
0.02426570962
0.01409203842
0.009816040635
0.009065583183
0.008542648572
0.008407047625
0.01316456022
0.9921635503
0.9871381031
0.01534491984
0.007736291546
0.007736711517
0.007736946918
0.007737299971
0.007737533591
0.007737629354
0.007737789835
0.007738302682
0.007738388633
0.007738227647
0.007738557697
0.007738619134
0.007738675336
0.007739457073
0.007750338266
0.008392648086
0.009981953172
0.01607692428
0.9774920427
0.9938470553
0.9945297524
0.9921981451
0.9887301513
0.9754284183
0.01267628802
0.01224573572
0.01543957417
0.9107818589
0.9704861914
0.9929798957
0.9950912505
0.9952232843
0.9947998137
0.9955933079
0.9956561024
0.9944716205
0.9941967065
0.9919261744
0.9841745821
0.0207615147
0.01021197307
0.008063599546
0.007740090947
0.007739790308
0.007739707237
0.007739653304
0.007739249678
0.007739101424
0.00773891053
0.007738436156
0.007738017362
0.00832022464
0.9706673687
0.9916569586
0.9908437292
0.9806818117
0.008577953293
0.007739298393
0.008068428435
0.009193162749
0.01379226882
0.9775911484
0.994741435
0.996213961
0.9961251823
0.9962498815
0.9965127394
0.9954696309
0.9840113367
0.01523020895
0.009411466956
0.008113360189
0.007739794617
0.007740498825
0.007740843622
0.007740076649
0.007738618241
0.009719733877
0.9940578532
0.9964715667
0.9940832959
0.009728893317
0.007738132219
0.007738450158
0.007738490441
0.007738592874
0.007738603398
0.007738584682
0.007738459547
0.007738466157
0.007738254226
0.007738242007
0.007738036108
0.007738483591
0.008137747965
0.009300062379
0.01347072143
0.96580049
0.9926874132
0.9952222533
0.995664725
0.9965249505
0.996569049
0.9969859741
0.9966819415
0.9968792675
0.9963478977
0.9872271247
0.8027649879
0.0124037601
0.009140890915
0.008267237673
0.007751166266
0.007747707404
0.007745556277
0.007743923373
0.007742169153
0.01192294675
0.9943545772
0.9893607796
0.01534507327
0.00773638815
0.007736838924
0.007737041022
0.007737471659
0.00773770002
0.007737737759
0.007737822087
0.007738277721
0.007738042825
0.007738043248
0.007739415148
0.008069020208
0.008386061592
0.009540043194
0.0153500191
0.0513913874
0.9890423959
0.994253209
0.9948043131
0.993447325
0.9921311036
0.9800433546
0.9776583569
0.0277761105
0.9698691693
0.9815793471
0.9941046545
0.9941126881
0.992880964
0.9934429993
0.9950998066
0.9957882374
0.9960780496
0.9961590054
0.9956810801
0.9835293781
0.8558171982
0.01315108198
0.009548081715
0.008338390137
0.007743413011
0.007742649472
0.007741918684
0.007740732113
0.007740097838
0.007739718748
0.007739195668
0.007739072437
0.007738956427
0.007738539086
0.007738246628
0.007738348321
0.01135079141
0.9863439894
0.9864800875
0.9906896621
0.01716782385
0.009354247377
0.01190123309
0.8822342287
0.991863167
0.9946413476
0.9951614211
0.9962096976
0.9951574651
0.9942926722
0.9933763085
0.03043363908
0.01062343192
0.008226124524
0.007739915826
0.007740028423
0.007740227795
0.00774064316
0.00774086943
0.007740075479
0.007739008201
0.007738819436
0.01532748149
0.9957199568
0.9957001836
0.9857185347
0.008320940152
0.007738378404
0.007738456376
0.007738666031
0.007738639979
0.007738662329
0.007738435333
0.007738435106
0.00773825031
0.007738914388
0.008198461222
0.009645126955
0.01516701071
0.9741639999
0.9927103484
0.9951262897
0.9955872872
0.9965001163
0.9965834133
0.9970272197
0.9967642232
0.9969452216
0.9962942272
0.9917318948
0.03478001506
0.01191271183
0.008453489858
0.008023129147
0.007753138798
0.007754725845
0.007752477815
0.007751026325
0.007748620611
0.00774551155
0.007742300904
0.01063674403
0.9924710416
0.9879225185
0.01534588822
0.007736639233
0.00773703214
0.007737192252
0.007737626668
0.007737620196
0.00773777099
0.00773877516
0.007750521717
0.008250745793
0.008792518218
0.01180177577
0.01914718285
0.9711282169
0.9864562687
0.9944419395
0.9972216477
0.9969346463
0.9959846007
0.9956670594
0.9940071241
0.9915359569
0.9860685581
0.9814220415
0.9912112708
0.9930375979
0.9922447348
0.9933427889
0.9943300236
0.9945679851
0.9937032489
0.9929249277
0.9931925193
0.9931133905
0.9910105585
0.02713495154
0.01152381254
0.008485831639
0.008041175549
0.007743867278
0.007744824022
0.007744379187
0.007743859015
0.007742963439
0.007741683225
0.007740916957
0.007740480237
0.007739664852
0.00773902009
0.007738653601
0.007738450873
0.007738722072
0.007739939797
0.009413355806
0.9736499617
0.9833013228
0.9881820568
0.9883538066
0.9695907358
0.9858351047
0.9921639533
0.9941417775
0.9953864957
0.9954640397
0.9956669025
0.9936619514
0.9479852279
0.01135096851
0.008887220863
0.007744159036
0.007740723188
0.007740452452
0.007740534185
0.007740690756
0.007740667441
0.007740607657
0.007740038988
0.007739384939
0.007739171328
0.008353506922
0.9867006343
0.9956767729
0.9956206563
0.01560452382
0.007739342912
0.007738689573
0.007738969338
0.007738737949
0.007738648107
0.007738389342
0.007739069535
0.008216087661
0.009820093863
0.0164848918
0.9815243722
0.9939599345
0.9953741105
0.9953999501
0.9963602289
0.9965136046
0.9970206929
0.9967934977
0.996991222
0.9963619477
0.9917667898
0.03002106687
0.01111180306
0.008469934759
0.007765325147
0.007763329172
0.007765960257
0.007761740142
0.007759502846
0.007755408455
0.007751352344
0.007748005081
0.007744825421
0.007741616477
0.009958598211
0.9890320937
0.9840288735
0.01535765875
0.00773771386
0.007737142446
0.007737386662
0.007739879268
0.008110221703
0.008507036417
0.009915463172
0.0166662926
0.06069386938
0.9894499538
0.9930443208
0.9966693359
0.9967645446
0.9963961149
0.9967411948
0.9970397933
0.9971220936
0.9964381799
0.9958105406
0.9948323495
0.9936672366
0.9923363867
0.9921104297
0.9923860709
0.9939702494
0.9926831834
0.9917181437
0.9912230159
0.9935943582
0.9938843236
0.9881788806
0.9765767344
0.9805963081
0.01179816625
0.008548611576
0.007746141124
0.007743613578
0.007745127472
0.007744377438
0.007743869107
0.00774343332
0.007742651692
0.007742012913
0.007741386926
0.007741197958
0.007741687607
0.007743648612
0.007751139947
0.008180691519
0.008394550677
0.009137630269
0.01138458534
0.01603415726
0.9838260005
0.989681183
0.9923549795
0.9932045336
0.9921755019
0.9911989592
0.9929356427
0.9945431613
0.9943717073
0.9929258562
0.9905908283
0.01812972413
0.009629215519
0.008028445877
0.007739560137
0.007740196788
0.007740536471
0.007740564718
0.007740530208
0.00774063801
0.007740635108
0.007740501835
0.007740077362
0.007739637944
0.007739971031
0.007740190808
0.009973071459
0.9941549938
0.9960900116
0.9946346926
0.01102891664
0.007738952117
0.007739280348
0.007738799992
0.007739355741
0.008223290283
0.009848250038
0.01674156398
0.9826452521
0.9943328528
0.9956030902
0.9956864643
0.996248146
0.9961481373
0.9968297545
0.9967389592
0.9970156304
0.9964425864
0.9920413911
0.03170017487
0.01117911226
0.008465092096
0.007777110669
0.007777863587
0.007779349782
0.007775962841
0.00777241831
0.007765802
0.007760041671
0.007755062363
0.007750838582
0.007747363498
0.007744391511
0.007741454923
0.009498767064
0.9821838835
0.9769101883
0.01539476357
0.007918273653
0.008255566028
0.008994693799
0.01286672275
0.02709261701
0.986770849
0.9922550604
0.9961488443
0.997835052
0.9977430055
0.9973714597
0.997512984
0.9976972075
0.9975205497
0.9974470503
0.9972787058
0.9970108779
0.9967197233
0.9963539144
0.9957849856
0.9952188924
0.9946893029
0.9944002545
0.9941059134
0.9934038558
0.9920353051
0.9890070614
0.9802684986
0.9760542488
0.02864334762
0.01842690322
0.01399739139
0.01357520304
0.01226937076
0.009812660956
0.01003733549
0.01018548521
0.01033851395
0.01050356265
0.01068249102
0.01087723127
0.01109023722
0.01132993234
0.01161813964
0.01201330694
0.01269114907
0.01436940391
0.02381821763
0.04056355722
0.9708370489
0.9708220096
0.988266642
0.9942540249
0.9943715124
0.9944759242
0.9951136333
0.9955942655
0.9954018962
0.9947037187
0.9947936824
0.9951376791
0.9937398635
0.9130433536
0.01078817274
0.008613191991
0.007740539424
0.007739974456
0.007740509363
0.007740636852
0.007740441256
0.007740333427
0.007740374339
0.00774052541
0.007740633744
0.00774062013
0.007740415734
0.007739975662
0.007739972469
0.007740506969
0.007743417846
0.02064901623
0.9949027276
0.9936627494
0.9896542587
0.009744354054
0.007741152315
0.008307084655
0.009978350477
0.01701827734
0.9825781916
0.9943181362
0.9955665988
0.9956092477
0.9961066414
0.9959860815
0.9961573488
0.9963671607
0.9969193008
0.9965545397
0.9924433467
0.0352594528
0.01135220157
0.008504517652
0.007796563254
0.007799518906
0.007803285085
0.007796956247
0.007788676284
0.007780072808
0.007772655715
0.007765414853
0.007759417828
0.007754419994
0.007750389206
0.007747075988
0.007744340411
0.007741709117
0.009169550602
0.9642218315
0.9639672885
0.06999492636
0.01936078413
0.5989132982
0.9919649105
0.9955709713
0.9976813456
0.9978300904
0.9976831969
0.9979216669
0.9981352051
0.9982661958
0.9981085835
0.9980374665
0.9979520957
0.9979072504
0.9978264845
0.9976253176
0.9973632214
0.9971190285
0.9968848299
0.9965706227
0.9962503107
0.9959521308
0.9956921395
0.9953529472
0.9947926429
0.9939739018
0.9929333147
0.9916682611
0.9906837824
0.992888043
0.9946003385
0.9941671484
0.9942498475
0.9936908655
0.9930504018
0.9933322404
0.9938854757
0.9943163228
0.9946883167
0.9950216079
0.9953243576
0.9956016576
0.9958585662
0.9961013728
0.9963382975
0.9965800496
0.9968418629
0.9971545678
0.9976599835
0.9966978285
0.9948394105
0.9942275009
0.9941055959
0.9946173151
0.9947688101
0.9952743167
0.9955971904
0.9955393981
0.995104899
0.9939646688
0.9919930486
0.02111741576
0.009826724656
0.008030808989
0.007739993032
0.00774016801
0.007740300109
0.007740331404
0.007740130388
0.007739775481
0.007739598247
0.007739688303
0.007739891984
0.007740100229
0.007740303366
0.007740567114
0.007741407536
0.007744104859
0.008220284151
0.008701403431
0.01267709375
0.9923924403
0.9913575687
0.9888581003
0.9688596914
0.01237827967
0.02101359571
0.984912322
0.9943544103
0.9954916848
0.995482427
0.9959438505
0.9956824477
0.9956172061
0.9955878696
0.9950612679
0.9942027443
0.9936480829
0.06447545336
0.01196404534
0.00858676616
0.007824563332
0.007829737541
0.007838366597
0.007829031976
0.007816126627
0.00780253022
0.007790018223
0.007779609462
0.00777141006
0.007764346574
0.007758629755
0.007753963782
0.00775024453
0.007747227017
0.007744759756
0.007742516183
0.009187990924
0.9401307897
0.9357128743
0.9958421028
0.9977850678
0.9982316433
0.9983014334
0.9983041703
0.9984643564
0.9985961025
0.9985328487
0.9985179988
0.9984774342
0.9984312048
0.9984090047
0.9983646971
0.9982709418
0.9981896949
0.9980994022
0.9979394649
0.9977394092
0.99754725
0.9973684239
0.9971742071
0.9969795336
0.9967927316
0.9966111833
0.996394185
0.9961191395
0.9958324698
0.9956190764
0.9955558525
0.9956866884
0.9958906064
0.9965566446
0.9967653613
0.9968441515
0.996799235
0.9966523126
0.9966114849
0.996726945
0.9968588731
0.9969829661
0.9970988817
0.9972073645
0.9973085941
0.997402009
0.9974859684
0.9975569845
0.9976083102
0.9976276033
0.9975939479
0.9974824663
0.9972844893
0.9963773277
0.9955514237
0.994717578
0.9942029577
0.9942752261
0.9942533951
0.9938956976
0.9935235971
0.9923964806
0.9891991297
0.01280284356
0.00886794555
0.007742548492
0.007741268576
0.007741335704
0.007741435867
0.007743541087
0.007749810556
0.008158837586
0.008314785891
0.008684225744
0.008988247984
0.009303430487
0.009626286256
0.009994999899
0.01050817207
0.01154654334
0.01592253074
0.02216146894
0.9148754024
0.9716976547
0.9904088376
0.9926734618
0.9916658711
0.9896233151
0.9878544529
0.9951675542
0.9955327853
0.9952682466
0.9957693346
0.9955154214
0.9954410526
0.9954023263
0.9946802305
0.9940214377
0.9909658406
0.8794249566
0.01129841787
0.009079991794
0.007878902719
0.007872583312
0.007888255086
0.007875377774
0.007856522098
0.007836948071
0.0078183706
0.00780216758
0.007789116485
0.007778539422
0.007770221583
0.007763410599
0.007757978991
0.007753645635
0.007750269768
0.007747637763
0.007745468037
0.007742924182
0.008930774405
0.7504795414
0.9350569294
0.9972281595
0.9986384027
0.9988843796
0.9989613008
0.9989412169
0.9989190608
0.998887145
0.9988684234
0.9988359103
0.9987657137
0.9986924323
0.9986411255
0.9985930049
0.9985153415
0.998429757
0.9983334723
0.9982060368
0.9980580331
0.9979117381
0.9977742541
0.997639502
0.9975113703
0.9973903082
0.9972735546
0.9971502318
0.9970231569
0.9969202602
0.9968726263
0.996893186
0.99696523
0.9970342397
0.9971159812
0.9972680674
0.9973796816
0.9973931351
0.997328178
0.997270495
0.9972795715
0.997324213
0.9973786207
0.9974333774
0.9974854473
0.99753297
0.9975735439
0.9976032314
0.997615579
0.9976004923
0.9975433188
0.9974265633
0.9972448701
0.9970280409
0.9967778545
0.9963244636
0.995697204
0.995100599
0.9945276409
0.9934539351
0.9906312854
0.9829241699
0.968256736
0.01531598627
0.01128712319
0.009637688329
0.01012573385
0.01065259382
0.01132141322
0.01229610857
0.01424991554
0.0234175875
0.03569653172
0.9630010432
0.9493299317
0.9800094358
0.9867124754
0.990035153
0.9919852103
0.9933264393
0.9943642397
0.9952899549
0.9964505343
0.9948993464
0.9919781668
0.9932206468
0.9945564947
0.9950298316
0.9949707287
0.9945634698
0.9948390015
0.9951915585
0.9949989069
0.9951250678
0.995274967
0.9946029973
0.9941095206
0.9914085583
0.9376598061
0.01264064327
0.009167036713
0.008193110494
0.007924707035
0.007965946343
0.007942697608
0.007914130741
0.007886634925
0.007860681857
0.007836985685
0.007817891722
0.007801417068
0.007788309354
0.00777771752
0.007769434618
0.007762798867
0.007757578376
0.007753484394
0.007750374234
0.007748067805
0.00774655334
0.007744712935
0.008988406756
0.9252641169
0.9461479014
0.998054019
0.9989870829
0.99914515
0.9992006294
0.9992050636
0.9991759591
0.9991277922
0.9990840139
0.999038754
0.9989731099
0.9989012635
0.9988375681
0.9987765939
0.9987044688
0.9986238455
0.9985332257
0.9984277364
0.9983136015
0.998200825
0.9980944846
0.9979951076
0.9979047751
0.9978231851
0.997748715
0.9976788698
0.9976177779
0.9975772009
0.9975663365
0.9975843543
0.9976178016
0.9976441668
0.9976667751
0.9977141584
0.9977710061
0.9977855595
0.9977547134
0.9977136976
0.9976921195
0.9976891139
0.9976968294
0.997708154
0.9977191685
0.9977273329
0.9977299324
0.9977231001
0.9977011474
0.9976563568
0.9975801477
0.9974681798
0.9973332103
0.9972092838
0.9970967139
0.9969094596
0.9966091627
0.9962801525
0.9958980647
0.9952574849
0.9940429955
0.9920215331
0.9894664258
0.990902256
0.9925470054
0.9930163211
0.9939811387
0.9949625234
0.9957062962
0.9962882294
0.9967559004
0.9971595825
0.9976620388
0.9967131925
0.9950231105
0.994688675
0.994809627
0.9951085275
0.9954148389
0.9956624829
0.9958106104
0.9958122419
0.9956267856
0.9953215231
0.9941090281
0.9942447842
0.9951764398
0.9957975555
0.9959471875
0.9957493789
0.99556996
0.9949556992
0.9951085795
0.9945369902
0.9942264008
0.9918603033
0.9512816059
0.01319579789
0.009365892426
0.008322871353
0.007989789243
0.008065999836
0.008033282471
0.007998907836
0.007960331772
0.007921781413
0.007887453276
0.007861297657
0.007836964911
0.007818104673
0.007801263567
0.007788171575
0.007777409153
0.007769187431
0.007762662295
0.007757585785
0.007753646088
0.007750734566
0.007748700464
0.007747828143
0.007748645214
0.008308751733
0.9118925034
0.04603765631
0.9986756672
0.9992732887
0.9993504897
0.9993748073
0.9993667824
0.9993361435
0.9992898351
0.9992397588
0.9991867572
0.999124933
0.9990582606
0.9989925375
0.9989266902
0.998855886
0.9987798514
0.9986971851
0.9986072883
0.9985144272
0.9984240652
0.9983397323
0.998263333
0.9981965772
0.9981395791
0.9980915777
0.9980518634
0.9980223705
0.9980070213
0.998007486
0.9980206976
0.998038623
0.9980514721
0.998060142
0.9980751158
0.9980922126
0.9980923344
0.9980694943
0.9980358289
0.9980043122
0.9979782025
0.9979570165
0.9979383305
0.9979197864
0.9978995191
0.9978756662
0.9978458511
0.9978069566
0.9977555394
0.997689641
0.9976130323
0.9975406702
0.9974925783
0.9974626687
0.9974107735
0.9973220457
0.9972198208
0.9971013313
0.9969315199
0.9967060276
0.9965100702
0.9964666511
0.9965136663
0.9968359016
0.9969455723
0.9970451259
0.9972126704
0.9973722486
0.9975000722
0.9975815182
0.997596387
0.9975295665
0.997398318
0.9967018199
0.9962499848
0.9959553227
0.9958094078
0.9957317169
0.9956514999
0.9954994879
0.9952095213
0.9947716692
0.9943838114
0.9943867117
0.9946506383
0.9951655292
0.9956846487
0.9958771646
0.9957317721
0.9959112865
0.9949815799
0.9946454112
0.9928432452
0.9643178166
0.01368337292
0.009491716406
0.008411410329
0.008063637558
0.008176222333
0.008148776468
0.008117506228
0.00806573908
0.008019409453
0.007965559811
0.007928170715
0.007890912013
0.00786518365
0.007838667719
0.007820426639
0.007802147686
0.007789069476
0.007777804664
0.007769684373
0.007763230859
0.007758259883
0.007754386738
0.007751618958
0.007749764999
0.007749461808
0.007751189072
0.007755155858
0.01934227909
0.9700273471
0.9991460503
0.9994852308
0.9995067196
0.9995025109
0.9994810827
0.9994464768
0.9994020486
0.999352481
0.9992989054
0.9992400678
0.9991775379
0.9991132949
0.9990471658
0.9989777632
0.9989050005
0.9988284822
0.9987488518
0.9986691922
0.9985931859
0.9985236819
0.9984627249
0.9984118183
0.9983713522
0.9983409535
0.9983200576
0.9983088159
0.9983075703
0.9983152054
0.9983284884
0.998342433
0.9983520594
0.9983568801
0.9983600158
0.9983595041
0.9983481909
0.9983234828
0.9982894705
0.9982515077
0.9982122278
0.9981728734
0.9981334175
0.9980932523
0.9980517182
0.9980082729
0.9979625041
0.9979142837
0.9978643391
0.9978155259
0.9977747011
0.9977531991
0.9977602105
0.9977888463
0.997818692
0.9978412501
0.9978609171
0.997874776
0.9978749699
0.9978639569
0.9978584054
0.9978692702
0.9978702756
0.9978314593
0.9977804326
0.9977280486
0.9976874538
0.9976507978
0.9976033924
0.9975302615
0.9974160385
0.9972625168
0.99711813
0.9969991663
0.9967643447
0.9964706082
0.9962092431
0.9959684524
0.995719753
0.9954292327
0.9950760518
0.9947045413
0.9944761163
0.9945031625
0.9946181547
0.9947285451
0.9949131551
0.9950353291
0.9951899096
0.995463275
0.9933918644
0.9808279687
0.01524338608
0.009595478246
0.008283229226
0.008007477827
0.008173682513
0.008174151162
0.008156518157
0.008108550391
0.008074952926
0.008020329032
0.007983884235
0.007934583813
0.007903579827
0.007871353843
0.007850091649
0.007826941794
0.007810219552
0.007793942917
0.007781779586
0.007772304041
0.007765098062
0.00775984824
0.007755796326
0.007752520913
0.007750170567
0.007748714238
0.00774848707
0.007750818904
0.007754777025
0.01484039671
0.9899713331
0.9995144044
0.9996408581
0.9996184904
0.9995928023
0.9995617287
0.9995249313
0.9994826852
0.9994359801
0.9993849199
0.9993293359
0.9992700904
0.9992079949
0.9991430639
0.9990750585
0.9990042538
0.9989310814
0.9988569045
0.9987844482
0.998716838
0.9986567769
0.99860634
0.9985668694
0.9985387371
0.9985215702
0.9985146081
0.9985169921
0.9985273823
0.9985433209
0.9985612849
0.9985773686
0.9985884636
0.998593688
0.9985933093
0.9985856179
0.9985675907
0.998538504
0.9985003712
0.9984558025
0.9984066756
0.9983543768
0.9982996317
0.9982427026
0.9981837549
0.9981232623
0.9980624404
0.998003787
0.9979517618
0.9979133807
0.9978979439
0.9979143599
0.9979650874
0.9980408874
0.9981265725
0.9982132022
0.9982971487
0.9983733516
0.9984369165
0.9984859539
0.9985189829
0.9985292772
0.9985022584
0.9984268477
0.9983133105
0.9981834066
0.9980408771
0.9978846597
0.9977144204
0.9975315529
0.9973468346
0.9971912499
0.9971083234
0.9970771635
0.9969791208
0.9967586051
0.996472908
0.9961464027
0.9957893198
0.9954193271
0.9950822039
0.994865295
0.9948437135
0.9949286897
0.994856038
0.9943692891
0.9932048105
0.9910529374
0.9889762003
0.9901143415
0.02231412698
0.01187844068
0.009749050449
0.008943736765
0.009259874094
0.009536880628
0.009821726745
0.009490185014
0.009713129069
0.009467357278
0.009640294194
0.00973508371
0.009952121289
0.009350471188
0.009605088519
0.009464679297
0.009659384142
0.009326487758
0.00965537001
0.008987094018
0.00947195244
0.008944560019
0.009263346221
0.00907037282
0.009281736966
0.009435361639
0.009242573171
0.00921145471
0.009258462275
0.009634344926
0.009108353472
0.01184415575
0.9765453849
0.9990942812
0.9995328327
0.9993742141
0.9992833551
0.9992108347
0.9991394142
0.999062062
0.9989765755
0.9988815179
0.9987763825
0.9986628616
0.9985425646
0.9984157828
0.9982823696
0.9981430328
0.9979989326
0.997853057
0.9977109924
0.9975792678
0.9974637724
0.9973690826
0.997298092
0.9972515323
0.9972284522
0.9972269549
0.9972447174
0.9972782945
0.9973220543
0.9973683543
0.9974091588
0.9974384147
0.9974541418
0.9974562958
0.9974417388
0.9974052064
0.9973453486
0.9972654387
0.9971699289
0.9970622209
0.9969451369
0.9968204896
0.9966891781
0.9965517604
0.9964094022
0.9962651676
0.9961257109
0.9960032579
0.9959169668
0.995891219
0.9959473141
0.9960887847
0.9962927322
0.9965237617
0.9967577018
0.9969822989
0.9971858881
0.9973592488
0.9974981912
0.9975976234
0.9976417956
0.9976032825
0.9974593433
0.9972171229
0.9969086264
0.9965478836
0.996131005
0.9956580269
0.995144741
0.9946478957
0.9942883493
0.9941858952
0.994263936
0.9942405441
0.9939422185
0.9934015913
0.9926720538
0.9918063834
0.9908938923
0.9901224361
0.9897806443
0.9900352548
0.990589083
0.9907932795
0.9899592741
0.9867938792
0.9753506354
0.9349636654
0.03789355469
0.03290977199
0.9722559844
0.03048425663
0.9645995175
0.0353071852
0.955625122
0.1362407647
0.9380192908
0.1857041171
0.919485152
0.2392661186
0.9030801096
0.2973560908
0.8845541865
0.3159013229
0.8601030495
0.3439327492
0.8414083205
0.3770843069
0.796606672
0.4598882877
0.7082605626
0.5518690056
0.6360626725
0.6066063938
0.6215250177
0.6005223824
0.6331771614
0.5870630104
0.6472287715
0.5305127232
0.8492340334
0.0670981473
