0.9987702026
0.999074454
0.9986859984
0.9984799871
0.9983150786
0.9981518981
0.997977408
0.9977875687
0.9975802164
0.9973536839
0.9971066105
0.996837982
0.996548505
0.9962417589
0.9959233706
0.9955998199
0.9952787722
0.9949698977
0.994684624
0.9944353048
0.9942337498
0.9940887571
0.9940041177
0.9939777663
0.9940010805
0.9940580669
0.9941244153
0.9941690454
0.9941618547
0.994087903
0.9939715476
0.9938748386
0.9938598355
0.993957158
0.9941587605
0.9944212207
0.9946653605
0.9948085087
0.9948126551
0.9946822771
0.9944409745
0.9941193263
0.9937567304
0.9934091701
0.9931529046
0.993071795
0.9932186369
0.9935734304
0.9940420236
0.9945016315
0.9948535726
0.9950593473
0.9951184857
0.9950223169
0.9947981637
0.9944931516
0.9941362886
0.9937367677
0.9932934746
0.9928003458
0.9922481462
0.9916242741
0.9909122452
0.9900982582
0.9892188284
0.9884875392
0.9882739067
0.9886114781
0.9890967913
0.9893906814
0.9893939739
0.9891301552
0.9886478578
0.9879854969
0.9871656771
0.9862048817
0.9851476431
0.9841422157
0.9835041262
0.9836253305
0.9845587587
0.985824406
0.9867990734
0.9869776353
0.9858050796
0.9819810822
0.969664209
0.9290613334
0.05909479902
0.04617042429
0.9076225686
0.06987899581
0.9128327258
0.0803469497
0.8994356855
0.1442586258
0.8732580621
0.2073928292
0.8447912307
0.2667721859
0.8162727503
0.3316138791
0.7628990765
0.4386472191
0.6788387501
0.528598605
0.6060333301
0.560775067
0.5749852748
0.5663749177
0.5687383786
0.5689652818
0.5699959526
0.5705956217
0.5759635678
0.5810180817
0.652373748
0.6046696949
0.6816937138
0.08475409099
0.3675152627
0.9984963519
0.999421637
0.9993098977
0.9992049993
0.999112006
0.9990200413
0.9989244846
0.9988235265
0.9987157131
0.9985998067
0.9984748732
0.9983401255
0.9981955768
0.9980426804
0.9978838581
0.9977217975
0.9975596571
0.9974015612
0.9972524946
0.9971179506
0.9970033993
0.9969132367
0.9968500249
0.996814474
0.9968054559
0.9968194842
0.9968487083
0.9968789191
0.9968925157
0.9968769411
0.9968384073
0.9968015761
0.9967908297
0.9968194634
0.9968897395
0.9969905475
0.9970893381
0.9971459081
0.9971413681
0.9970783292
0.9969664919
0.9968165323
0.9966413822
0.996460494
0.9963035698
0.9962085451
0.9962071415
0.996305377
0.9964803985
0.9966897163
0.9968713825
0.9969914419
0.9970445544
0.9970213337
0.9969335715
0.9968122808
0.9966728684
0.9965206595
0.9963570198
0.9961817487
0.9959938037
0.9957909419
0.9955679281
0.9953126435
0.9950048441
0.9946541384
0.994409543
0.9943641547
0.9944078103
0.9944108998
0.9943317717
0.9941749769
0.9939535799
0.9936786497
0.9933556454
0.9929827175
0.9925531555
0.992077476
0.9916430096
0.9914324737
0.9915657361
0.9919279024
0.9922770056
0.9923997991
0.992130441
0.9912508439
0.9892211269
0.9849329441
0.9779045078
0.9317060782
0.02101359705
0.01941184919
0.02118787867
0.02076237551
0.01980187184
0.02012969208
0.01954724515
0.01928475035
0.01898814506
0.01882599135
0.01872924319
0.01831443959
0.01866554327
0.01776907308
0.01846392672
0.01786892173
0.01838192705
0.01819964857
0.01846756239
0.01852800697
0.01868265412
0.01879616723
0.01895534245
0.01912431253
0.01922170595
0.01932538201
0.0190849712
0.02035332372
0.01961576301
0.03187997456
0.7188759634
0.9975458725
0.9989834672
0.9991024249
0.9990598068
0.9989765246
0.9988778481
0.9987717168
0.9986614034
0.9985462855
0.9984247324
0.9982953669
0.9981565777
0.9980078471
0.9978508966
0.9976882438
0.9975217118
0.9973532803
0.9971863026
0.9970252424
0.9968752834
0.9967419163
0.9966295063
0.9965407261
0.9964777455
0.9964435928
0.9964427287
0.9964765459
0.9965321994
0.9965791293
0.9965877174
0.9965630224
0.9965376628
0.9965309296
0.9965462813
0.9965929744
0.9966768657
0.9967604258
0.9967849445
0.9967356013
0.9966330789
0.996496032
0.9963300433
0.9961339743
0.9959112424
0.9956812459
0.9954840335
0.9953622742
0.995329667
0.9953782709
0.9955298126
0.9957575693
0.9959165317
0.9960011638
0.9959880353
0.9959104212
0.9958456813
0.9958008831
0.9957649752
0.9957324822
0.9957016285
0.9956716739
0.9956409964
0.9956044573
0.9955477281
0.9954336872
0.9951798234
0.9947506764
0.9944450058
0.9942469721
0.9940175583
0.9937473029
0.9934809402
0.9932405108
0.9930243435
0.9928177197
0.992594444
0.9923088588
0.9918867753
0.9912801504
0.9907037975
0.9904593219
0.9905634052
0.9908156028
0.9910520873
0.9912328116
0.9913253024
0.9911443276
0.9904571868
0.9895346576
0.9887227615
0.9876297765
0.03469843337
0.01982190644
0.01817857714
0.01828287786
0.01763845898
0.01685952652
0.0164344307
0.01599245857
0.01579068975
0.01557459253
0.01547193269
0.01536119352
0.01530581432
0.01525151337
0.01522575475
0.01520086367
0.01518750838
0.01517463406
0.01516541652
0.01515668429
0.01514898567
0.01514180559
0.01513553155
0.01513108743
0.01513055817
0.01513855789
0.01518402328
0.01554578684
0.04299384409
0.9502096395
0.9963050737
0.9984658671
0.9987100344
0.9987886045
0.998753323
0.9986656231
0.9985570914
0.9984428956
0.9983248684
0.9982009057
0.9980692246
0.997926547
0.9977712014
0.9976061188
0.99743509
0.9972589009
0.9970775743
0.9968935321
0.9967110965
0.9965359548
0.9963748245
0.9962324095
0.9961102846
0.9960101856
0.9959384705
0.9959113942
0.9959512989
0.9960611081
0.9961911383
0.9962575738
0.9962563947
0.9962485763
0.9962540655
0.9962532905
0.9962580614
0.9963261931
0.9964167936
0.9964172347
0.9963032071
0.99612791
0.99593594
0.9957333984
0.9954976135
0.9951968592
0.9948246904
0.9944260382
0.9940676245
0.9937498978
0.9934020069
0.9931173569
0.9933814131
0.9942482617
0.9943950397
0.9943583672
0.9942454642
0.9942963446
0.9944648457
0.9946689747
0.9948762731
0.9950764581
0.9952666871
0.9954459046
0.995612481
0.9957620504
0.99588166
0.9959170541
0.9956374156
0.9943928026
0.9937879451
0.9932851591
0.9928140095
0.9924510717
0.9922334701
0.9921371054
0.9921145781
0.9921136395
0.9920717057
0.991883351
0.9913266401
0.9901832376
0.9891931487
0.9888725372
0.9891360908
0.9897279461
0.9905072081
0.9913528199
0.9919560034
0.9919916733
0.9914592575
0.990902418
0.9919115384
0.9921506456
0.9856743045
0.02677919879
0.01817656996
0.01713497418
0.01703851114
0.01652035078
0.01611830611
0.01587472272
0.0156634762
0.01553768994
0.01542615165
0.01535653307
0.01530029494
0.01526387195
0.01523543163
0.01521607147
0.01520038311
0.015188047
0.01517724351
0.01516756544
0.01515866113
0.0151505381
0.01514395675
0.01514128674
0.01514832126
0.01517591164
0.01635334752
0.06431598307
0.98373013
0.9945307647
0.9977321026
0.9981514974
0.9983583475
0.9984041704
0.9983467644
0.9982462807
0.9981384443
0.9980269632
0.9979080952
0.9977804054
0.9976370137
0.9974735661
0.9972965364
0.9971136808
0.9969241976
0.99672441
0.9965152411
0.9963008095
0.9960881375
0.9958875308
0.9957046107
0.9955362657
0.9953774421
0.9952311938
0.9951262696
0.9951239756
0.9952846225
0.9955898271
0.9958609036
0.9959658594
0.9960238896
0.9960783173
0.9960819253
0.9960098029
0.9959610958
0.9960228197
0.9959825657
0.9957552915
0.9954561944
0.9951882965
0.9949664199
0.99473916
0.9944118594
0.9938793881
0.9931668705
0.9923997125
0.9915337462
0.9901031779
0.9872814911
0.9831738738
0.9863197196
0.9890869706
0.9883717119
0.9863083477
0.986917082
0.9882135662
0.9894601834
0.9905432621
0.9914667536
0.9922555486
0.9929354064
0.9935306917
0.9940681472
0.9945848688
0.995136478
0.9957497136
0.9943199023
0.9917204336
0.9909639143
0.9904804511
0.9903376624
0.9904695555
0.9907671841
0.9911382466
0.991524837
0.991892263
0.9922079847
0.9923666902
0.9918488195
0.988620736
0.9866695676
0.986343656
0.9872838304
0.9887190087
0.9902904023
0.9916747449
0.9922641893
0.9917290736
0.990697831
0.9905461068
0.9914935647
0.9920452577
0.9896106496
0.9776775517
0.02274680305
0.0169271034
0.01628185273
0.01610670519
0.01582402095
0.01564160189
0.01551837129
0.01541943353
0.0153509219
0.01529766293
0.01525975616
0.01523032738
0.01520860894
0.01519121629
0.01517722431
0.01516519732
0.01515448998
0.0151445801
0.01513525012
0.01512687333
0.01512061914
0.01511883905
0.01512421131
0.0170621359
0.7748177931
0.9298548266
0.9914670125
0.996713004
0.997230601
0.9976460915
0.9978574735
0.9978629313
0.9977841493
0.9977027861
0.9976153869
0.9975149766
0.9974058142
0.9972715756
0.9970999093
0.9969059815
0.9967080647
0.9965032059
0.9962809693
0.9960395403
0.9957807158
0.9955123467
0.9952545213
0.9950184752
0.9947900718
0.9945412921
0.9942481655
0.9939321566
0.9937004175
0.9937304547
0.9942311064
0.9951409311
0.9959310325
0.9960679991
0.9961587313
0.9961927071
0.9961286247
0.9958630017
0.9953702266
0.9952719855
0.9948388739
0.9943236815
0.9939894103
0.9938565268
0.9938191957
0.9937290216
0.9933515988
0.9923639318
0.9911277058
0.9899353398
0.988202072
0.9844619063
0.9741910341
0.9540837184
0.04218209632
0.03133873937
0.01935807002
0.01892790894
0.01945721799
0.01984146352
0.02042646698
0.02112143063
0.02193444504
0.02287938833
0.02399796245
0.02539525551
0.02739470751
0.03122659488
0.04789435514
0.08913838375
0.9547954735
0.9464528557
0.9664385215
0.9730806101
0.9774572238
0.9805364348
0.9828961933
0.9848284757
0.9865274423
0.9881737554
0.9899961081
0.9921896955
0.9897394325
0.9836107275
0.9792764405
0.9804860416
0.9830531751
0.9855876092
0.9884169862
0.9908031681
0.9915883865
0.9903786739
0.989954353
0.9906416901
0.9913221367
0.9915723897
0.9912662052
0.9877007784
0.9549017794
0.01974408535
0.01565023883
0.0157710282
0.01565433224
0.01552345535
0.01542650871
0.0153570317
0.01530321027
0.01526296549
0.01523132182
0.01520676139
0.01518693431
0.01517072063
0.01515689981
0.01514462767
0.01513320447
0.01512213452
0.0151115724
0.01510208434
0.01509464225
0.01508449365
0.01749729083
0.4695482023
0.927218026
0.9734377359
0.9933247893
0.9951206827
0.9958092889
0.9967473917
0.9972339573
0.9970939207
0.9970749987
0.9970402146
0.9969653749
0.9969061924
0.9968112348
0.9966369502
0.9964193367
0.9962003587
0.9959754248
0.9957282113
0.9954548298
0.9951442485
0.9947939931
0.9944449195
0.9941380932
0.9938511111
0.9935002884
0.992972378
0.9921939923
0.9911970015
0.9901259001
0.9896735656
0.9918396287
0.9946567289
0.9956002675
0.9951604694
0.9950510885
0.9951233655
0.995091609
0.9937363235
0.9931033534
0.9924736826
0.9916871075
0.9915661985
0.9919661208
0.9925578496
0.9931784013
0.9936923603
0.9936425261
0.9914282095
0.9900980335
0.9896952358
0.9890418976
0.987617306
0.9858548776
0.9842819779
0.9864346374
0.04108080941
0.01971546867
0.01583422168
0.01521704871
0.01514398118
0.01509207845
0.0150672344
0.01505287878
0.01504452238
0.0150392893
0.01503603915
0.01503593434
0.01504435783
0.01509329968
0.01592275918
0.01626429205
0.01697731394
0.01751277985
0.01795493473
0.01834084895
0.01871106716
0.01910212231
0.01956457496
0.02021687828
0.02144435017
0.02568647723
0.03387560551
0.9306007796
0.9270944147
0.9507047163
0.9659270486
0.9706802754
0.9765929419
0.9800750938
0.9877608174
0.990058149
0.9907634503
0.9909938358
0.9914612389
0.9918462426
0.9920554742
0.9920491676
0.9914268714
0.9906105398
0.05010147225
0.01813708208
0.0154318764
0.01550116515
0.01544053966
0.01536925324
0.01531348823
0.0152709494
0.01523649292
0.01520885787
0.01518617516
0.01516747964
0.01515161468
0.01513759932
0.01512449618
0.01511150241
0.01509872343
0.01508640287
0.01507499207
0.01505928979
0.01701514613
0.8640392364
0.9487521904
0.03324613995
0.0206332069
0.03121488477
0.9732369617
0.9897918883
0.9953827569
0.9960226217
0.9959218308
0.9963293953
0.9961455693
0.9961478286
0.9962287063
0.9960908416
0.9958415851
0.995591239
0.9953112487
0.9950130611
0.994736431
0.9944117561
0.9939634007
0.9934492415
0.9930021556
0.9926897644
0.9923668156
0.9916970033
0.9903967811
0.9882040478
0.9841120579
0.9736661191
0.9449846414
0.9999999004
0.07291699087
0.04265545977
0.03235703934
0.03193270325
0.03674311185
0.2955481123
0.9833947345
0.9749753261
0.9693979698
0.9749286233
0.9807449837
0.9849428231
0.9883045496
0.9913372074
0.994139339
0.9932836059
0.9901604263
0.9902168704
0.9907499999
0.9903984174
0.9892480112
0.9886424843
0.9898501593
0.9913476885
0.9894434273
0.9453892346
0.02022468868
0.01511772615
0.01510948308
0.01508116614
0.01506288219
0.01505214359
0.01504463259
0.01503799382
0.0150317794
0.01502669314
0.01502204896
0.01501696874
0.01501013561
0.01500858638
0.01500950075
0.0150103311
0.01501103095
0.01501173288
0.01501252768
0.01501339571
0.01501426386
0.01501567967
0.01501963071
0.01503070817
0.01773018517
0.02666403349
0.9214522737
0.9565930006
0.9698171519
0.9645615393
0.8548660387
0.02250271971
0.03013749071
0.9824086376
0.9896295343
0.9919256758
0.9921906575
0.9924529912
0.9926983618
0.9929053196
0.9938476216
0.9941213237
0.9904372392
0.0321107175
0.01742832274
0.01530698574
0.01535729875
0.01532693215
0.01528247884
0.01524467843
0.01521385598
0.015188033
0.01516674171
0.01514880565
0.01513312543
0.01511842879
0.01510352138
0.01508872236
0.01507405896
0.01505988329
0.0150420065
0.01740582454
0.8568138603
0.9189556368
0.02953506298
0.01500006724
0.01499980987
0.01561599717
0.01704866654
0.02488916003
0.09577305826
0.9872793062
0.9929769298
0.994431051
0.9943660973
0.9951594874
0.9957408301
0.9952544629
0.9949607761
0.9945509269
0.993944168
0.9936888109
0.993655279
0.9932265396
0.9924330626
0.9915474311
0.990998158
0.9911447124
0.9911231213
0.9900516412
0.9882880994
0.9860318878
0.9822200683
0.9723485425
0.959268872
0.03967904927
0.02269450048
0.01747965157
0.0164192814
0.01523011778
0.02454256986
0.9844047788
0.02567988457
0.01732622049
0.01747381243
0.01808016214
0.01876665502
0.01976634888
0.02184772513
0.03090569142
0.0907804299
0.9768467726
0.9815770244
0.9877108399
0.9894263783
0.9902484773
0.988012393
0.9883360353
0.990709072
0.9927788689
0.991779207
0.9916035993
0.04814054024
0.01676825826
0.01506245696
0.01505466174
0.01504351429
0.01503646216
0.01503047829
0.01502524393
0.01502155202
0.01501950038
0.01501762228
0.01501378802
0.01501091628
0.01501035724
0.01501086059
0.0150116276
0.01501249632
0.01501349115
0.01501460114
0.01501536048
0.01501547771
0.01501416556
0.01502847319
0.01970111085
0.8933440229
0.9763094102
0.9790928885
0.9757203244
0.9516329801
0.02158997204
0.01633167758
0.01501715192
0.01686797639
0.02497242118
0.9826830306
0.9904687186
0.9924794534
0.9926325673
0.9927943031
0.9932230962
0.9939452963
0.9943548711
0.9930558313
0.9880555704
0.02842733879
0.01716721171
0.01523136188
0.01527363219
0.01525523684
0.01522118715
0.01519162939
0.01516767182
0.0151477773
0.01513076063
0.01511479376
0.01509810143
0.01508166559
0.01506520359
0.01504929224
0.01503102784
0.01771888956
0.9361974899
0.9429440617
0.0295275358
0.01499341048
0.01499690142
0.01499752706
0.01499881071
0.01500419616
0.0150403774
0.01641145314
0.01978425645
0.03488560975
0.9726761999
0.9869430997
0.9940117392
0.9946139726
0.9941023809
0.9940841094
0.9925976363
0.9908216471
0.9925479741
0.9935378454
0.9921577682
0.9902584305
0.9878238471
0.9875242312
0.9910261705
0.99195691
0.9901392154
0.9897258157
0.9898429629
0.989285385
0.9889457415
0.9906448715
0.9910680656
0.9799622783
0.9706445768
0.0808347248
0.06597550061
0.9859978972
0.02582439185
0.01504211606
0.01502441188
0.01501471007
0.01501172959
0.01501154261
0.01501341681
0.01502138712
0.01507815665
0.01962813902
0.9044036783
0.9581847607
0.9693206495
0.9885618337
0.9891396685
0.9863775619
0.9892142187
0.9920287429
0.9929344812
0.9937252673
0.9934468001
0.9827532735
0.02002628633
0.01503841986
0.01503987825
0.01503399577
0.01502786096
0.01502269871
0.01501944835
0.0150179254
0.015016583
0.01501412779
0.01501174312
0.01501037065
0.0150099899
0.01501014116
0.0150105605
0.01501115625
0.01501195576
0.0150126857
0.01501253179
0.01500788054
0.01662600942
0.03335461034
0.9843550596
0.9846278079
0.9816028512
0.9672096414
0.02267854941
0.01662736838
0.01501467954
0.01501467372
0.01501002292
0.01500556661
0.01672172601
0.02533444102
0.9832751014
0.9905320794
0.9925235734
0.992917397
0.9934392821
0.9938172427
0.9939470678
0.993843318
0.9921777725
0.9865927971
0.02798433257
0.017181682
0.01518028245
0.01521206027
0.01519624291
0.01516971731
0.01514765446
0.01512995743
0.01511328664
0.01509499616
0.01507756589
0.01505973999
0.01504262335
0.01502480472
0.01829852315
0.9618370323
0.9540179115
0.0295259634
0.01499164523
0.01499522486
0.0149969933
0.01499840826
0.01500054289
0.01500327593
0.01500352244
0.01500191708
0.01500904594
0.01588421659
0.01728243925
0.02378356054
0.05725375231
0.9843488088
0.9912922835
0.9927323396
0.9869204517
0.9817228659
0.992750753
0.9929453339
0.9911063449
0.9858527568
0.9707360807
0.9800391385
0.9919837926
0.9914098902
0.9900878529
0.9915498372
0.9924891529
0.9909691434
0.9907055738
0.9917861682
0.9907633805
0.9900336113
0.9926061493
0.9936973861
0.9885730598
0.03312481321
0.01598729142
0.01502976218
0.01502078191
0.01501383694
0.01501182026
0.01501172083
0.01501244833
0.01502854297
0.02430662523
0.9774048223
0.02958088429
0.01800873351
0.0208066178
0.03280348512
0.9664407259
0.9757269806
0.9881593286
0.9916751637
0.9923548024
0.9926859014
0.9922912566
0.9902650898
0.03263624146
0.01616345248
0.01503001968
0.01502815752
0.01502231827
0.01501882354
0.01501726614
0.01501578842
0.01501380437
0.01501189088
0.01501045839
0.01500956222
0.01500910261
0.01500895635
0.01500883745
0.01500844111
0.01500756786
0.01500877348
0.01552391925
0.02075325319
0.9792733896
0.9900206273
0.9889075784
0.9800475216
0.02432701344
0.01680749325
0.01501327226
0.01501546222
0.01501405939
0.01501187048
0.01500851616
0.01500564901
0.01500462135
0.01670593904
0.0249119899
0.9824995278
0.9907235037
0.993087289
0.9935224038
0.9936878418
0.9936137417
0.9934278748
0.9933564707
0.9919267669
0.9867765323
0.02823485054
0.01714921063
0.01513681818
0.01515687934
0.01514655444
0.01512977036
0.01511376625
0.0150935562
0.0150766002
0.01505784215
0.0150394881
0.01502255807
0.01910468736
0.9757751075
0.9661057663
0.0295255918
0.01499106221
0.01499425818
0.01499603022
0.01499770277
0.0149996213
0.0150019568
0.0150035749
0.01500418948
0.01500579874
0.01500708248
0.01500665218
0.01501048656
0.01502980161
0.01652504614
0.0217164284
0.6576582553
0.9903564538
0.9816141394
0.03248631533
0.05640738754
0.9859498312
0.9888059909
0.9826925099
0.9340953642
0.03266189205
0.03900496249
0.9703076509
0.9814877092
0.9918606828
0.9918436562
0.9901982001
0.9909032288
0.9896704984
0.9897692066
0.991891844
0.9941646343
0.9932459258
0.9876739445
0.9613319041
0.01959961359
0.01502557348
0.01501533112
0.01501155251
0.01501068025
0.01500868551
0.0157673327
0.03356733749
0.9785217799
0.0226424229
0.01503335909
0.01501679021
0.01608427665
0.02549837655
0.913935694
0.9625123436
0.9836280848
0.9910498672
0.9920721334
0.9920943206
0.993132738
0.9920256858
0.9688795272
0.01774540167
0.01502520522
0.01502448117
0.01501971095
0.01501777591
0.01501567641
0.01501359613
0.01501190203
0.01501054921
0.01500937985
0.0150084586
0.0150080501
0.01500779619
0.01500686562
0.01500390253
0.01501448749
0.01868840546
0.8906124362
0.986794213
0.9898724112
0.9845030564
0.029512951
0.01708707903
0.01501135368
0.01501322341
0.01501379674
0.01501316483
0.01501168373
0.01500964603
0.01500747419
0.01500574309
0.01500437901
0.01500377728
0.01661874537
0.02494461509
0.9845508628
0.9918452799
0.9937089509
0.9935705705
0.9931597852
0.9930444188
0.9931482204
0.9932567871
0.9918083113
0.9863436442
0.02790150317
0.01732133858
0.01509732754
0.01510590262
0.01511177813
0.01509248824
0.01507770183
0.01506123328
0.01504012915
0.01502441014
0.02028658543
0.9830327937
0.974552431
0.02952550829
0.01499083642
0.01499372292
0.01499534937
0.0149970887
0.01499902228
0.01500116025
0.01500297185
0.01500426301
0.0150057063
0.01500688407
0.01500740113
0.01500896223
0.01501151086
0.01501184722
0.01501101032
0.01580595717
0.02824901827
0.989693035
0.9865169606
0.01943059319
0.01744650782
0.03056871535
0.9840926989
0.9846435264
0.9844307627
0.03099716921
0.01962247146
0.01794204966
0.02284453823
0.0383900669
0.965971835
0.984768361
0.9877605088
0.9863552082
0.99040311
0.9932770912
0.9935071923
0.991551215
0.9899242894
0.9891391334
0.0368102394
0.01709306042
0.01500900981
0.01500871642
0.01500793061
0.01689663068
0.9322653582
0.9425180979
0.01716853456
0.01501636708
0.01501565994
0.01828641385
0.9063048422
0.9680964186
0.8969684877
0.02183394082
0.03034478731
0.9862754514
0.9905444867
0.9923511948
0.9926805237
0.9915868815
0.9860784343
0.02425804151
0.0150492312
0.01502164457
0.01501926577
0.01501596049
0.01501346246
0.01501198038
0.01501083323
0.01500945126
0.01500799364
0.01500733715
0.01500753036
0.01500728252
0.01500180175
0.01665083307
0.03518714047
0.9881341774
0.9892887431
0.9862738061
0.6283364716
0.01825158806
0.0150147235
0.0150105317
0.01501129966
0.01501177571
0.01501148865
0.01501075618
0.01500946121
0.01500791337
0.01500647011
0.01500536448
0.01500458093
0.01500400813
0.01500419088
0.01676885259
0.02729177997
0.988033146
0.9931822894
0.9932481251
0.9926013889
0.9926671555
0.9927026546
0.9927463909
0.9928193187
0.9913158165
0.9866766933
0.03529947955
0.01897200841
0.01609881631
0.01507155683
0.01505942331
0.0150591628
0.01505959586
0.01502880782
0.02262531211
0.9872362894
0.9803772559
0.02952549584
0.01499074054
0.01499342511
0.01499491104
0.01499660326
0.01499848486
0.01500048011
0.01500228708
0.01500378683
0.0150051927
0.01500627189
0.01500698559
0.0150081711
0.01500995952
0.01501124513
0.01501195608
0.01501539991
0.0150220586
0.02203660787
0.9893535132
0.9874320283
0.01964540868
0.01502265245
0.01848493454
0.8834533987
0.9856786647
0.9902357841
0.9833692124
0.02305844382
0.01634032025
0.01503454845
0.01611017369
0.01833756975
0.02619673694
0.9597048165
0.9795034524
0.9906953847
0.9921924414
0.9906527103
0.9895650987
0.9913816745
0.9917222798
0.9835932707
0.02383984672
0.01653847014
0.01502326687
0.0210202497
0.9809497729
0.03890413346
0.01592122485
0.01502339253
0.01631321693
0.03789608945
0.9877211221
0.9738820826
0.02204945173
0.01646701764
0.01501476786
0.01842329381
0.9644123675
0.9914330258
0.9931159521
0.9929933052
0.993579417
0.9937741789
0.06664437916
0.01680565955
0.0150164928
0.01501552369
0.01501281749
0.01501200548
0.01501147719
0.015009938
0.01500758157
0.01500599312
0.01500560403
0.01500769048
0.01546914983
0.02037336114
0.9805574471
0.9919218977
0.9895457074
0.9629629308
0.01990691061
0.01556395253
0.01500901483
0.01500791064
0.01500874887
0.01500955509
0.01500984279
0.015009585
0.01500882495
0.01500775353
0.01500662941
0.01500565051
0.01500493636
0.01500460514
0.01500460485
0.01500478077
0.01500622375
0.01726599044
0.03665890272
0.9885598725
0.9903958712
0.9914428584
0.991705281
0.9917527354
0.9916861082
0.9917163418
0.9919570297
0.9912691819
0.9865484423
0.951359545
0.0297089526
0.0208717052
0.01722225991
0.0165330258
0.01612736088
0.02428556641
0.9902650873
0.984487771
0.02952550094
0.01499069883
0.01499325725
0.01499462687
0.01499623058
0.01499801816
0.01499989163
0.01500165658
0.01500322223
0.0150046388
0.01500578774
0.01500672353
0.01500788458
0.01500932176
0.0150105554
0.0150116005
0.01501361926
0.01501585727
0.01501455703
0.02122178016
0.9891083644
0.9877104122
0.01986820915
0.01502311364
0.01568164795
0.02030862831
0.9717178047
0.9883650116
0.9877609916
0.9737701638
0.02222843067
0.01647066025
0.01502268997
0.01667542715
0.02864883485
0.9641076699
0.981304744
0.985949736
0.9859407195
0.9875189722
0.9887896398
0.9900740377
0.9904636969
0.9870382076
0.9726566152
0.0255686632
0.03009132185
0.9747470809
0.02669721152
0.01504427208
0.0152164979
0.02077159841
0.9629655935
0.9888035842
0.2133364215
0.0177456271
0.01501428671
0.01501397064
0.01500779271
0.01608199677
0.02951619343
0.9886427918
0.991844741
0.9933196487
0.994589132
0.9943532379
0.9855192266
0.02057343811
0.01502021991
0.01501175222
0.01501182709
0.015012896
0.01501172921
0.01500852877
0.01500617691
0.01500552887
0.01503029088
0.01959374111
0.9313381454
0.9889084276
0.9925492491
0.9862519094
0.02293408068
0.01586656984
0.01500485248
0.01500911644
0.01500819856
0.01500817689
0.01500859098
0.01500881403
0.01500867991
0.01500816127
0.01500737504
0.01500648539
0.01500563945
0.01500494473
0.0150044805
0.01500424798
0.01500424544
0.01500425763
0.01500423332
0.01501066286
0.01841249452
0.9120387509
0.9852357553
0.9900665786
0.9905506185
0.9902712833
0.9898539894
0.9893307959
0.9890450176
0.989101097
0.9857698313
0.98645225
0.9850587735
0.9409940093
0.9134189685
0.0303244208
0.8862857321
0.988720353
0.9872552541
0.02952551022
0.01499068185
0.01499316167
0.01499443882
0.01499595012
0.01499763904
0.01499941274
0.01500113606
0.01500273265
0.0150041952
0.01500546716
0.01500661243
0.01500786344
0.01500924527
0.01501055918
0.01501186491
0.0150135876
0.01501514169
0.01501497581
0.015011874
0.020900646
0.9888382106
0.9880044069
0.02010908146
0.01502239954
0.01501687299
0.01624243116
0.02304427417
0.9774281031
0.9879633966
0.986809081
0.9695195332
0.02464306601
0.02109551254
0.9520598566
0.9794041765
0.9736088733
0.0275140344
0.02310925235
0.9601978539
0.9864517597
0.9889860395
0.9885502094
0.9879742296
0.9870216913
0.9858311244
0.9823155894
0.9541700915
0.01990395338
0.01502005859
0.01767558956
0.2398951448
0.9895340473
0.9562985969
0.01978356672
0.01522189092
0.01501230488
0.01501112781
0.0150084817
0.01500517202
0.01500788538
0.01869571159
0.96748074
0.9916454688
0.9937247783
0.9941697765
0.9938390261
0.9917830067
0.03927219763
0.01687741548
0.01500778232
0.01501362075
0.01501551898
0.01501113565
0.0150078586
0.01500743131
0.01745902041
0.05180784547
0.9901698281
0.9899979211
0.9903081093
0.05449405163
0.01744520534
0.01500493281
0.01500767699
0.01500966158
0.01500909183
0.01500848908
0.01500830756
0.01500822965
0.01500801644
0.01500757634
0.01500694464
0.01500621395
0.01500548208
0.01500483009
0.01500431435
0.01500394078
0.01500369026
0.01500349131
0.01500339833
0.01500348854
0.01500197582
0.01566694281
0.02046919408
0.968515389
0.9879040714
0.9896164512
0.9886284651
0.9870637139
0.9846134275
0.9824151147
0.9799718764
0.9775671272
0.9791612466
0.9670863921
0.9306275219
0.958380507
0.9653256443
0.9857967398
0.9849279368
0.0295255202
0.01499067661
0.01499310723
0.01499431307
0.01499574453
0.01499734922
0.01499904751
0.01500074007
0.01500236151
0.01500388597
0.01500528561
0.01500661092
0.01500798696
0.01500943025
0.01501086009
0.01501230885
0.0150138723
0.0150150776
0.01501504909
0.01501353363
0.01501011718
0.02061439746
0.9885661473
0.988289116
0.02036194634
0.01502008693
0.01502219904
0.01501441946
0.01652040521
0.02383694794
0.9806992097
0.9860393317
0.9830168169
0.9818583628
0.9746791024
0.9815263372
0.5740398937
0.01822976534
0.01502017183
0.01623832997
0.02372300954
0.9779994702
0.985972254
0.98640501
0.9840085345
0.9851088601
0.987016377
0.977731676
0.9446203276
0.02321818609
0.02239097505
0.9792538863
0.9880327224
0.03450959239
0.0161251832
0.01500916129
0.01500996594
0.01500879947
0.01500692423
0.01500494537
0.01500467388
0.01500303624
0.0160204032
0.02864573958
0.9892393558
0.9930362269
0.993983211
0.9941209889
0.9929644403
0.9829145475
0.02212459604
0.01587261175
0.01501894866
0.01501888798
0.01500975256
0.0162664174
0.02320855286
0.9858332847
0.9924662292
0.9889636096
0.9345597406
0.01971046853
0.01503247825
0.01500682516
0.01500734706
0.01500865714
0.01500853938
0.01500823088
0.01500796712
0.01500775344
0.01500748082
0.01500707432
0.01500653812
0.01500592351
0.01500529664
0.01500471961
0.01500424128
0.01500388478
0.01500366337
0.01500358232
0.0150037123
0.01500407269
0.01500377997
0.0150021784
0.01500145921
0.01624504325
0.02393740224
0.9784862514
0.9869883565
0.9867298183
0.9813988891
0.974592163
0.9697898446
0.9658877439
0.9601205554
0.9457195062
0.8844258462
0.9056077458
0.9686300796
0.9825802166
0.9795865258
0.02952552973
0.01499067669
0.01499307671
0.01499422973
0.01499559974
0.01499714099
0.0149987868
0.01500046025
0.01500210479
0.0150036894
0.01500519697
0.01500666105
0.01500814881
0.01500966938
0.01501118288
0.01501268001
0.01501410569
0.01501508552
0.01501508743
0.01501394203
0.01501183247
0.01500840091
0.02034563459
0.9882868785
0.988566373
0.02063856665
0.01502209739
0.01502474482
0.01502122788
0.01502065355
0.01701869838
0.03551340448
0.9817902996
0.989250073
0.9878132984
0.9688070737
0.02356865217
0.01596914147
0.01501935006
0.01501182634
0.0150075916
0.01750897211
0.860899748
0.985111071
0.9847951393
0.9830500798
0.9854008727
0.9826276829
0.9784488881
0.9787091944
0.9651598199
0.9769409247
0.8806917787
0.01773562953
0.0150079888
0.01500838672
0.0150091804
0.01500810134
0.01500657557
0.01500523942
0.01500485382
0.01500430777
0.01500300367
0.01500684679
0.01894255324
0.9782874666
0.9932614107
0.9940107881
0.992831759
0.991574692
0.986734132
0.9486238989
0.01976594866
0.01506127144
0.01608895606
0.02086878291
0.9646028111
0.9887584173
0.9918009224
0.9810139132
0.0204875721
0.01548084652
0.0150068747
0.01500489265
0.01500579789
0.0150071159
0.01500758763
0.01500765858
0.01500754615
0.01500733985
0.01500705227
0.01500666712
0.0150061927
0.0150056634
0.01500512731
0.0150046333
0.01500422517
0.01500393258
0.01500378077
0.01500378537
0.01500397295
0.01500426045
0.01500415827
0.01500342212
0.01500338778
0.01500391533
0.01500503721
0.01731845799
0.6772711772
0.9857097257
0.9838453319
0.9714534764
0.9661911949
0.9670603314
0.9673840357
0.9653830258
0.9612215315
0.9590971792
0.9674783923
0.97783441
0.9630583638
0.02952553807
0.01499067851
0.01499306014
0.01499417658
0.01499550452
0.01499700354
0.01499861634
0.01500027965
0.01500194336
0.01500357455
0.01500515786
0.0150067127
0.01500827405
0.01500984364
0.01501139262
0.01501288225
0.01501419341
0.01501503028
0.01501504358
0.01501411888
0.01501234313
0.01500993756
0.01500674841
0.02009347849
0.9879941761
0.9888307489
0.02100735368
0.01502312856
0.01502251012
0.01501897737
0.01702869286
0.02878499771
0.9822156955
0.9877983032
0.9883764731
0.9632297891
0.01881941543
0.01501734081
0.01501950844
0.01501535635
0.01501285728
0.01501120398
0.01585397
0.02475577012
0.9822606876
0.9830161952
0.9853169049
0.9853319702
0.9852957312
0.9869557171
0.9811705309
0.9664285938
0.02314006018
0.01567204271
0.015006793
0.0150087269
0.01500884745
0.01500793972
0.01500666773
0.01500555605
0.01500496974
0.01500437178
0.01500379414
0.0150050995
0.01500457141
0.01631934391
0.03930749273
0.992574866
0.9924870391
0.990736762
0.9892548892
0.9880032423
0.9887678825
0.0600484037
0.0240476601
0.9164147253
0.9776716625
0.9870468933
0.9878922202
0.03691461345
0.01670270514
0.01500317256
0.01500824777
0.01500702769
0.01500663614
0.01500699346
0.0150072367
0.01500730844
0.0150072208
0.01500701652
0.01500672141
0.01500634714
0.01500591109
0.01500544134
0.01500497606
0.01500455391
0.01500421353
0.01500398183
0.01500388399
0.01500392329
0.01500409662
0.01500429673
0.01500428493
0.0150040186
0.01500430652
0.01500534366
0.01500745297
0.0150076726
0.01568383491
0.02436141749
0.9819809674
0.9761331165
0.971340987
0.9757980277
0.9789090603
0.9807978797
0.9816287132
0.9804771586
0.976172831
0.9772721711
0.927939765
0.02952554453
0.01499067979
0.01499305146
0.01499414604
0.01499545064
0.014996927
0.01499852265
0.01500018182
0.01500185823
0.01500351624
0.01500513783
0.01500673333
0.01500832024
0.01500989477
0.01501143278
0.01501288581
0.01501411058
0.01501487172
0.0150149109
0.01501414231
0.01501259014
0.01501047522
0.01500823235
0.01500557211
0.01988660507
0.9876818709
0.9890007686
0.02243421709
0.0150225576
0.01662335756
0.02385997617
0.9789788276
0.9854629894
0.9839959126
0.9821778319
0.9772123522
0.749548917
0.01589723444
0.01501724979
0.01501568199
0.01501347607
0.01501218594
0.01501460219
0.01701446529
0.03020470468
0.977276223
0.9842370987
0.9873764755
0.989445143
0.990722399
0.9882284744
0.9507875132
0.01813723081
0.01500946091
0.01501031387
0.01501047663
0.0150094246
0.01500818928
0.01500694414
0.01500591778
0.01500528591
0.01500483709
0.01500472657
0.01500571787
0.015006456
0.01500665354
0.01501930438
0.02286853713
0.9861312108
0.9885581414
0.9857159617
0.9848674122
0.9891269505
0.9921545955
0.990120463
0.9843211849
0.9833298653
0.9844933023
0.9325039587
0.01916197769
0.01501724652
0.01500592721
0.01500807258
0.015007743
0.01500726863
0.01500712166
0.01500709629
0.01500706836
0.01500695674
0.01500674707
0.01500645132
0.01500608622
0.01500567531
0.01500524503
0.01500482985
0.01500446057
0.01500417321
0.01500398772
0.01500393001
0.01500398772
0.01500415406
0.01500431697
0.01500440166
0.01500436975
0.01500483011
0.01500591928
0.01500853648
0.01501057769
0.01501341424
0.01501842668
0.02232839524
0.9655287482
0.9756952939
0.9819522594
0.9850112924
0.9870289994
0.9881429972
0.9873637557
0.9793258381
0.9730739663
0.08455224458
0.02952554835
0.01499067892
0.01499304709
0.01499413382
0.01499543315
0.01499690472
0.01499849623
0.0150001552
0.01500183717
0.01500350031
0.01500512154
0.01500670862
0.01500827102
0.01500980197
0.01501128558
0.01501268308
0.01501383962
0.01501457705
0.01501467812
0.01501405665
0.01501259733
0.01501055758
0.01500876509
0.01500737177
0.01500505452
0.02005392799
0.986693477
0.9882550822
0.02743216094
0.02468632086
0.9758467506
0.9863155893
0.984010902
0.9640522102
0.02565389247
0.03036386585
0.9838102099
0.02390519509
0.01501465557
0.01501553359
0.01501128071
0.01500621637
0.01622165934
0.02113683997
0.9514558137
0.9679363047
0.9767295405
0.9838727095
0.9884398415
0.9898948137
0.9878356234
0.9781679609
0.02082502179
0.01500613598
0.01500877753
0.015009565
0.01500898804
0.01500799865
0.01500696543
0.01500609569
0.01500553195
0.01500520558
0.01500524413
0.01500579945
0.01500616397
0.01500649278
0.01500833371
0.01500950829
0.01884042113
0.9715126788
0.9795566288
0.9772633975
0.9849201069
0.991441492
0.9938139631
0.9928933921
0.9868034405
0.9785607234
0.02583026027
0.01587212255
0.01500908144
0.01500617431
0.01500705039
0.01500720641
0.0150071788
0.01500708356
0.01500699013
0.01500689854
0.01500675436
0.0150065307
0.01500623019
0.01500586756
0.01500546927
0.01500505973
0.01500467446
0.01500433665
0.01500408539
0.01500393149
0.0150039106
0.0150039894
0.01500419147
0.01500436274
0.01500455772
0.01500461415
0.01500501978
0.0150054193
0.01500770383
0.0150087633
0.01500786722
0.01624106149
0.02056859006
0.9087204143
0.9740488906
0.9834024531
0.9864699345
0.9884368507
0.9896111323
0.989135209
0.9816860279
0.9511068343
0.05562936681
0.02952554874
0.01499067488
0.01499304544
0.01499413879
0.01499545094
0.01499693432
0.01499853254
0.01500019445
0.01500187684
0.0150035248
0.01500510781
0.01500664028
0.01500812971
0.01500956828
0.01501095593
0.01501227929
0.01501335536
0.01501408953
0.01501429696
0.01501391621
0.0150124814
0.01501014141
0.01500847882
0.01500795015
0.01500663556
0.01500496657
0.02149846873
0.9804541776
0.9852150351
0.98235798
0.9868678847
0.9854480223
0.9642508165
0.02119288709
0.01666486794
0.01589383978
0.9108260766
0.9673962252
0.01753358491
0.01501324137
0.01501026722
0.01618651342
0.02057647289
0.9285572503
0.9645163805
0.9632844087
0.9545166702
0.9709664606
0.9789415151
0.9834032135
0.9824162658
0.9809377116
0.9456602197
0.01630553918
0.01500697837
0.01500830454
0.01500823995
0.01500763763
0.01500684915
0.01500613523
0.01500570007
0.01500553801
0.01500575552
0.01500620716
0.01500675749
0.01500823986
0.01501013293
0.01501206165
0.01501351057
0.01833887395
0.9638917796
0.9781544852
0.9862211743
0.9922091286
0.9947986372
0.9950067509
0.9917526947
0.9636488888
0.01870456053
0.01501257732
0.01501139413
0.01500833671
0.01500745392
0.01500714598
0.01500708205
0.01500702042
0.01500692212
0.01500679551
0.01500661804
0.01500636986
0.01500605373
0.01500568081
0.01500528069
0.01500487227
0.01500449743
0.01500416877
0.01500393836
0.0150038002
0.01500382754
0.01500393767
0.01500423801
0.01500450742
0.01500493229
0.01500508584
0.01500604765
0.01500561612
0.01500801566
0.01500721187
0.01624331414
0.02030946757
0.8605232149
0.9548985438
0.9678664466
0.9798332844
0.9837540997
0.9861775
0.9879230907
0.9880143667
0.9843115014
0.9725077963
0.05554471275
0.0295255448
0.01499066726
0.01499304725
0.01499416329
0.01499550721
0.01499701795
0.01499863135
0.01500029929
0.01500198249
0.01500359934
0.01500510823
0.01500654462
0.01500791575
0.01500921294
0.01501046831
0.0150117081
0.01501264389
0.01501332569
0.01501364418
0.01501371459
0.01501251135
0.01500971488
0.0150078191
0.01500805123
0.01500655847
0.01641445153
0.02104954534
0.9626449718
0.9891188722
0.9909783476
0.9885955386
0.9738167455
0.02184917493
0.01620785494
0.01501103718
0.01500932792
0.017164163
0.9597746128
0.9434017835
0.01623255962
0.01688448889
0.02224381153
0.9585837911
0.9793372326
0.9797786391
0.9777253844
0.9733019147
0.9765922143
0.9727057555
0.9198466111
0.9702860934
0.978187493
0.9769679278
0.02064990946
0.01500367527
0.01500681191
0.01500740711
0.01500722653
0.01500667676
0.01500606652
0.01500574384
0.01500577077
0.01500628533
0.01500659844
0.01500702749
0.01500948423
0.01501212764
0.01501443372
0.01502585561
0.01797524806
0.03123423392
0.9805734978
0.9870783022
0.9915159215
0.9942808016
0.9948528305
0.9927475854
0.9845086523
0.02224534248
0.01500911564
0.01500949985
0.01500786786
0.01500727603
0.01500696083
0.01500691264
0.01500690067
0.01500684257
0.01500672074
0.01500652707
0.01500625359
0.01500591405
0.0150055168
0.01500510017
0.01500467157
0.01500428902
0.01500394182
0.01500372243
0.01500357629
0.01500366243
0.01500382705
0.01500428743
0.01500465624
0.01500573987
0.01500584289
0.0150079582
0.01500875921
0.01503059981
0.01734981781
0.02268440201
0.9388977726
0.9665620689
0.965734003
0.9586358988
0.9704601177
0.9753234464
0.9774185705
0.9805292612
0.9822050137
0.9807679901
0.9806240881
0.1054152092
0.02952553523
0.01499065655
0.01499305653
0.01499421422
0.0149956104
0.0149971621
0.01499879487
0.01500047152
0.0150021657
0.01500374247
0.01500514535
0.01500645398
0.01500766495
0.01500876605
0.01500985893
0.01501105092
0.01501174624
0.01501221211
0.01501244046
0.01501317601
0.01501238963
0.01500969218
0.01500870524
0.01501264544
0.01690217471
0.02269896901
0.9521507662
0.9753740096
0.9887883937
0.991212983
0.9872111535
0.027056219
0.01670638193
0.01501147838
0.01501123185
0.01500890117
0.01500564935
0.02208860519
0.9777342192
0.03449945385
0.03307212851
0.9806765727
0.9863408879
0.9881906612
0.9857205244
0.9843564034
0.9801555145
0.8905493592
0.02672472221
0.02023319955
0.8580676619
0.9811033957
0.9844726879
0.9386388835
0.01604017875
0.01500605657
0.0150071637
0.01500713852
0.01500666212
0.01500598495
0.01500560555
0.01500562573
0.01500655329
0.01500653527
0.01500535512
0.01500667779
0.01500616252
0.01560425997
0.01855497576
0.03326900852
0.9817273275
0.9831847142
0.9864092508
0.9883253446
0.991523268
0.9925984198
0.9909893853
0.9885028058
0.9800506927
0.01713373633
0.0150084772
0.01500719665
0.01500699188
0.01500682645
0.01500680922
0.01500681951
0.01500679009
0.01500667931
0.01500647672
0.01500617538
0.01500580579
0.01500536898
0.01500492306
0.01500444654
0.01500404294
0.01500363675
0.01500340761
0.01500322388
0.01500334725
0.01500342572
0.01500416978
0.01500397553
0.01500510849
0.01500475015
0.01500916921
0.0159048829
0.02005408718
0.0476247787
0.982876329
0.9823315688
0.9786268493
0.9677387512
0.9613523913
0.964183738
0.9638310556
0.9556333296
0.9553372843
0.9663579854
0.9741271153
0.9806628282
0.9563675252
0.02952551823
0.01499064486
0.0149930823
0.01499430496
0.01499577579
0.01499737694
0.01499902426
0.01500071066
0.0150024416
0.0150039735
0.01500524465
0.01500642402
0.01500743818
0.01500826282
0.01500915932
0.01501041089
0.0150107607
0.01501076861
0.01501017883
0.01501109197
0.01500998167
0.01500618487
0.0155499254
0.01834447006
0.0294946152
0.9794155259
0.9829601337
0.9810661287
0.9823089958
0.9813266277
0.9754357588
0.02241586434
0.015012017
0.01501406472
0.01501206475
0.01501476152
0.01614868775
0.01886037104
0.9401309734
0.9815610638
0.9886756206
0.9903659082
0.9907724254
0.9892544556
0.9841868494
0.960994284
0.02916894663
0.01891233002
0.01604904699
0.01502079979
0.01876482225
0.9840651907
0.9889266647
0.9832589539
0.02102123556
0.01500534625
0.01500751947
0.0150075326
0.01500697385
0.01500609792
0.01500550735
0.0150051058
0.01500643658
0.01500674922
0.01500499422
0.01500861151
0.01628130994
0.02028746561
0.6999686589
0.9852909969
0.9873397081
0.9852532904
0.9852793792
0.9876869377
0.9894417438
0.9887388301
0.9846210456
0.9880820607
0.9902136249
0.03238678748
0.01501200091
0.01500657795
0.01500671484
0.01500662282
0.01500668317
0.01500673972
0.01500675418
0.01500666449
0.0150064603
0.01500612774
0.01500572623
0.0150052308
0.01500475224
0.0150041915
0.01500374922
0.01500324336
0.01500297726
0.01500261088
0.01500292615
0.01500242538
0.01500312315
0.01500250548
0.01500505071
0.01572145688
0.01834410537
0.02901475769
0.9640044614
0.9896413197
0.990913547
0.9880838016
0.9820172361
0.9750864873
0.971355484
0.9677513607
0.9609581351
0.9246012792
0.9043932063
0.8698272491
0.9673894612
0.983768363
0.9718818197
0.02952549252
0.0149906375
0.01499314099
0.01499445784
0.01499602958
0.01499767595
0.01499931245
0.01500100811
0.01500283222
0.01500429965
0.01500540362
0.01500653679
0.01500737542
0.01500776922
0.01500841575
0.01501003322
0.01500986117
0.01500976207
0.01500785771
0.01500875966
0.01500615796
0.01591361503
0.0199358027
0.5272782723
0.9861162408
0.9896139505
0.9875195263
0.9792256108
0.9643875459
0.0294314883
0.9391368209
0.9484997529
0.01660086009
0.01502355861
0.01606532741
0.01904402094
0.02960809434
0.9516143158
0.9744249564
0.9878147589
0.9910074577
0.9912730218
0.9894557603
0.9854417594
0.5853269957
0.02013932361
0.01631679073
0.01501999755
0.01501595135
0.01501470515
0.01501149043
0.02793508594
0.9894840413
0.9897725466
0.9752256674
0.01653581694
0.0150083545
0.01500867406
0.01500777747
0.01500646981
0.01500588213
0.01500427368
0.01500502832
0.01500292757
0.01554431727
0.01803596133
0.02862025335
0.9726690392
0.9854494962
0.9890383928
0.9885601602
0.9862108015
0.9850236608
0.9848774818
0.983723366
0.04373855189
0.02840729832
0.9878563241
0.9919921997
0.9879917478
0.01901904595
0.01500484235
0.01500597988
0.01500602994
0.01500636262
0.01500658146
0.01500671042
0.01500667158
0.01500647922
0.01500610457
0.01500567965
0.01500510311
0.01500459022
0.01500391356
0.01500343163
0.01500266193
0.01500252782
0.01500158084
0.01500186373
0.01500116974
0.01500334076
0.01567468508
0.01795916195
0.02653664352
0.945855572
0.9868144987
0.9907708671
0.9910105547
0.9909843021
0.9880292982
0.9856485027
0.9863218904
0.9835481001
0.9787788656
0.9738083154
0.9558936947
0.9598304003
0.9049748625
0.9132202902
0.9846790504
0.9799923143
0.02952546389
0.01499064874
0.01499325938
0.01499470321
0.01499641697
0.01499808203
0.01499963097
0.0150013295
0.01500338598
0.01500471913
0.01500553098
0.01500682222
0.01500774292
0.01500757819
0.01500763105
0.01501037979
0.01500945797
0.01500976789
0.01500909387
0.01502667208
0.01731772555
0.0227149073
0.9408491878
0.9853495101
0.9898174856
0.9890402331
0.9795239471
0.6492157417
0.02077680499
0.01689302016
0.02115267889
0.9642612783
0.02380789004
0.02131324568
0.03864182052
0.9670642669
0.9864143322
0.9885116773
0.9880392986
0.9910164798
0.9913568901
0.9886106266
0.9803545518
0.03031163961
0.01830020344
0.01558831396
0.01501304629
0.01501339565
0.01501404817
0.01501263188
0.0150069327
0.01654004325
0.9753930643
0.9897613482
0.989498496
0.02791048834
0.01501149644
0.01501081741
0.01500962761
0.01500727701
0.01500737623
0.01500638978
0.01501639106
0.01668057822
0.02089274136
0.8138390627
0.985114268
0.9900549496
0.9903039751
0.9908590346
0.9883121864
0.98561341
0.9793427856
0.850922411
0.02279048581
0.01762554105
0.01504785717
0.02894633359
0.9906974107
0.991116922
0.9712814917
0.01615534849
0.01500392062
0.01500482449
0.01500587125
0.01500638944
0.01500670592
0.0150067282
0.01500655472
0.01500610894
0.01500566346
0.01500499421
0.01500448988
0.015003524
0.01500324232
0.01500185886
0.01500157635
0.0150005032
0.01500233364
0.01565248213
0.01781699463
0.02579624456
0.9366807765
0.9856589938
0.9904172167
0.9910219736
0.9923788594
0.9919544944
0.9911630373
0.9896249982
0.9877766657
0.9898644678
0.9912702093
0.9806702387
0.9605459901
0.7556608931
0.8866275695
0.03135313637
0.8980306523
0.9814822001
0.980147869
0.02952546777
0.01499071893
0.01499348266
0.01499506556
0.0149970039
0.01499865662
0.0149999381
0.01500156184
0.01500417549
0.01500527758
0.01500542798
0.01500702901
0.01500848353
0.01500816449
0.0150071458
0.01501015015
0.01500725216
0.01501153159
0.01593867504
0.01980004363
0.04358471268
0.9829557637
0.9844200297
0.9866113958
0.9848322966
0.9735535155
0.02439574177
0.01907172777
0.01810520925
0.01941260057
0.02881386044
0.9780533405
0.9746836823
0.9723243513
0.9904417506
0.9914440663
0.9901710273
0.9904237435
0.9883800783
0.9904719261
0.989024291
0.9398677984
0.02136458979
0.01672403662
0.01501842662
0.01501483002
0.01501496196
0.01501327371
0.0150123062
0.01501059328
0.01500616495
0.01500204475
0.02106672359
0.9830091473
0.9887947012
0.9827750068
0.01842871276
0.01500965312
0.01501090997
0.01500721738
0.01500647192
0.01575678291
0.01915871113
0.03787524822
0.9820016724
0.9874763191
0.9901509737
0.9919627715
0.9906056489
0.9900490617
0.985252627
0.894443633
0.0249062727
0.01794130528
0.01572584841
0.0150200478
0.0150191572
0.01607923868
0.9680876602
0.9910754198
0.9910775359
0.02869534819
0.01500677249
0.01500483574
0.01500607007
0.01500649076
0.01500689242
0.01500689556
0.01500669992
0.01500614017
0.0150057182
0.01500478405
0.01500464322
0.01500311073
0.01500272856
0.01500127473
0.01500277988
0.01565384607
0.01774066498
0.02539030338
0.930606159
0.9851226537
0.9902964475
0.9911342668
0.9927144908
0.992616099
0.9932449507
0.9920076515
0.9905714063
0.988694739
0.9803279833
0.9523021925
0.04611571184
0.02685782299
0.0189548259
0.01766662188
0.01666939279
0.01634709921
0.02518052761
0.9841691179
0.9754068199
0.02952564526
0.01499095226
0.01499390478
0.01499553357
0.01499783088
0.01499950709
0.01500032207
0.0150015234
0.01500508012
0.01500592161
0.01500503703
0.01500647578
0.01500762903
0.0150078689
0.01501117152
0.0150479977
0.01620962744
0.01910396105
0.03014109876
0.9528020158
0.9873966489
0.9888625887
0.9842945596
0.9768640241
0.9451769588
0.02390448003
0.02289133922
0.02885007161
0.8216101416
0.938455275
0.9850713822
0.9896392575
0.9900577299
0.9892140515
0.9907578828
0.9909862328
0.9892947998
0.9884922472
0.9807916036
0.9579227808
0.03449634233
0.01917283453
0.01560606697
0.0150188032
0.01501702822
0.01501592293
0.01501518477
0.01501255108
0.01501156281
0.01501008211
0.01500660497
0.01500354669
0.01611736805
0.9393287788
0.9836753945
0.9823360753
0.9625558887
0.01664843171
0.01501309816
0.01566547698
0.01761660834
0.0249204199
0.9432393703
0.9884412902
0.9918539877
0.9917975174
0.9920085774
0.9919863733
0.989306723
0.9687315829
0.02920026233
0.0182557541
0.01576298903
0.0150161846
0.01502072288
0.01502315485
0.01501796713
0.01500783064
0.01867426251
0.9874834525
0.9926412963
0.9874275005
0.01865231075
0.01500397776
0.01500623663
0.01500648533
0.0150071271
0.01500712188
0.01500692216
0.01500602431
0.01500599541
0.01500453188
0.01500444748
0.01500305662
0.01500565116
0.01576087154
0.01790782228
0.02558722393
0.927382134
0.9847084957
0.9901752744
0.991140047
0.9928204844
0.9929341431
0.9937530636
0.9931396496
0.993517765
0.9924059066
0.9751875282
0.7177558933
0.02432313849
0.01765193383
0.01604418524
0.01506157888
0.01504277618
0.01503345476
0.01502996846
0.01502614551
0.02256500997
0.9882022854
0.9788814802
0.02952662997
0.01499158459
0.01499472043
0.01499607879
0.01499876405
0.01500049352
0.01500098195
0.01500167017
0.01500522029
0.01500390531
0.01500365063
0.01501078676
0.01564785978
0.01622661291
0.01796718369
0.02733263353
0.07044622848
0.9750494156
0.9876390617
0.9891150387
0.9864023781
0.9835595716
0.9577369133
0.9487704194
0.04920622756
0.9310630138
0.9593954218
0.9871031694
0.9879365962
0.9858416149
0.9866826898
0.9898344154
0.991221007
0.9917479002
0.9917343672
0.9904772197
0.9655060234
0.7006224739
0.02464512207
0.01796754769
0.01605220504
0.01503755922
0.01503602819
0.01503145298
0.01502331966
0.0150186113
0.01501557415
0.01501203043
0.01501121337
0.01501027879
0.01500727889
0.01500515061
0.01500591447
0.02184949495
0.9732701375
0.9744236324
0.9822487512
0.03383567894
0.01787890245
0.02265233305
0.756964321
0.9825780781
0.9886596483
0.9900493443
0.9921912436
0.9902345848
0.988527205
0.9848969119
0.2349065184
0.02057694954
0.01605207169
0.0150169911
0.01501731847
0.01501877977
0.01502166931
0.01502322951
0.01501778781
0.01501043381
0.01500872184
0.02877022941
0.991095708
0.9910555014
0.9680124443
0.01608217529
0.01500575172
0.0150062593
0.01500761466
0.01500733801
0.01500738266
0.01500577043
0.0150057044
0.01500438371
0.01500821996
0.01585922967
0.01845097421
0.02816442084
0.9431252202
0.9847655886
0.9900326996
0.9910217597
0.9927838313
0.9929686931
0.9938327472
0.9932956698
0.9936438332
0.9922697978
0.9825564062
0.06339368762
0.02274219391
0.01644370378
0.01559437379
0.01504029673
0.01504559868
0.01504331814
0.0150464134
0.01504397619
0.01503634033
0.01502596824
0.0203477125
0.9843411098
0.9758141057
0.02953196963
0.01499337942
0.01499600299
0.01499680559
0.01499934375
0.01499969641
0.01500064389
0.01500582184
0.01504489161
0.0159042594
0.01680174665
0.02114441964
0.03431363436
0.9005473119
0.9714331622
0.9871998288
0.9938587095
0.9933592316
0.991410863
0.9907362757
0.9871531912
0.9816256248
0.9697046015
0.9597772625
0.9811105627
0.9854672794
0.9843007698
0.9863693278
0.9880814838
0.9885963536
0.9869009416
0.9854357838
0.9858600806
0.9853085101
0.9797151384
0.04497845501
0.02146082242
0.01645839435
0.01562644937
0.01504399986
0.01505118957
0.01504782514
0.01504437758
0.01503867674
0.01502973814
0.01502404437
0.0150206487
0.01501515696
0.01501063503
0.01500813676
0.01500679933
0.01500853641
0.01501638919
0.01815598888
0.9445756289
0.9672579236
0.9769267778
0.9771339829
0.9334486451
0.9669686188
0.984898837
0.9887273143
0.9907510931
0.9909656335
0.991327006
0.9875749013
0.9182816775
0.02246429013
0.01731228444
0.01530554755
0.01501962424
0.01501878552
0.01502005567
0.01502148052
0.01502150128
0.01502120665
0.0150173829
0.01501295702
0.01501153006
0.01616818932
0.971405917
0.9910345279
0.9907775576
0.02891568197
0.01501175547
0.01500789242
0.01500968991
0.01500797156
0.01500725374
0.01500539523
0.01500951276
0.01589649518
0.018764045
0.03022316694
0.9581290718
0.9870688504
0.9904510058
0.9906747841
0.992528525
0.9928393572
0.9938150467
0.993341985
0.9937171745
0.9923729863
0.9825469782
0.05465974954
0.02129565499
0.01639234863
0.01506880459
0.0150501156
0.01505686369
0.01505634208
0.01506017473
0.01505520127
0.01504911613
0.01504358837
0.01503490401
0.01502223711
0.01919568586
0.9777272718
0.9685910802
0.02959376275
0.01500106263
0.01499690426
0.01499736941
0.01500886186
0.0156413944
0.0163382605
0.018718839
0.02908572014
0.07769071959
0.9740255798
0.9837184319
0.9923171751
0.9936588199
0.9931603843
0.9932124661
0.9937111131
0.9938531664
0.9924210644
0.9910582442
0.9889075249
0.9863820221
0.9836523814
0.9834807179
0.9841404106
0.9873750895
0.9849668364
0.9832026833
0.9818979021
0.9862111377
0.9866464067
0.9743899037
0.9493950431
0.9589873144
0.02251613103
0.01650405133
0.01505348304
0.01504149671
0.01505181995
0.01504707864
0.01504395338
0.01504107861
0.0150359211
0.01503167697
0.01502719332
0.0150253798
0.01502789389
0.01503942008
0.01508316985
0.01587521813
0.01629092636
0.01769098836
0.02179555426
0.03014386298
0.9652563402
0.9788184403
0.9844104446
0.9861229067
0.9840459521
0.9823743853
0.9859977363
0.9892947685
0.9889300375
0.9862919363
0.9813024012
0.03566615714
0.01880590862
0.01562744898
0.01501221513
0.01501803143
0.01502054191
0.01501968744
0.01501984729
0.01502084964
0.01502102787
0.01502027744
0.01501751301
0.01501463922
0.01501694299
0.01501852052
0.01923082434
0.9878367104
0.9918034832
0.9885200564
0.02099173177
0.01500963519
0.01501187618
0.01500839742
0.01501184358
0.01592247834
0.01886530836
0.03088260305
0.9612063249
0.9878724085
0.9908373932
0.9911136146
0.9923057876
0.9921774877
0.9934592325
0.9932302471
0.9937498376
0.992506611
0.983012793
0.05677696368
0.02135211887
0.01635618058
0.01506575818
0.01505813488
0.01506234623
0.0150682388
0.01507399546
0.01507069296
0.01506615367
0.01505995709
0.01505213822
0.01504410604
0.01503426247
0.01502068245
0.01843043291
0.9659252344
0.9565299636
0.02970681964
0.01504796492
0.01576131871
0.01684982013
0.02269870464
0.04112496019
0.9650777145
0.9816915008
0.9912978049
0.9951769156
0.9950593873
0.9943529042
0.9947205561
0.9951319534
0.9949643065
0.9947076115
0.9943317681
0.9937274716
0.9930778524
0.9922785837
0.9910551613
0.9898641113
0.9887950293
0.9882412767
0.9876619028
0.9861355672
0.9831654752
0.9767093528
0.9573791804
0.944719955
0.0502534143
0.03377211627
0.02646229329
0.02586771069
0.0234971249
0.01885969921
0.01926427497
0.01951853404
0.01979257245
0.02008634622
0.0204036671
0.02075142834
0.02113216885
0.02156230122
0.02208226566
0.0228018372
0.02404774993
0.02713058178
0.0439495303
0.07477633863
0.9364818628
0.9387964851
0.9756725803
0.987962228
0.9882520702
0.9886084603
0.9900049763
0.9910175936
0.9906724511
0.989379115
0.9896370001
0.9902084936
0.9873619327
0.8676241558
0.02106265263
0.01673022125
0.01502111894
0.01501540224
0.01501880554
0.01502138966
0.01502113706
0.01501932735
0.01501913516
0.01502015331
0.01502096946
0.01502098705
0.01501970464
0.01501690289
0.01501691406
0.01502045564
0.01504024491
0.03908687541
0.9894452665
0.9867612814
0.9781125776
0.0187583787
0.01502451226
0.01609631172
0.01916450925
0.03172867481
0.9620566341
0.9879690848
0.9907966661
0.9909745851
0.9920307004
0.9918459231
0.9922565087
0.9925457599
0.9935540975
0.9927010336
0.9837618383
0.06164760141
0.02159431971
0.01638974103
0.01507012008
0.01506405987
0.01507237616
0.01507875778
0.01507998442
0.01507952815
0.01508019843
0.01507701562
0.01507146264
0.01506455412
0.01505647441
0.01504706665
0.0150358953
0.01502190235
0.01788507318
0.9411772084
0.9375615643
0.09589486392
0.03011465882
0.09393442855
0.9817155531
0.9893557177
0.9946714188
0.9951829343
0.9949720584
0.995514678
0.9959878655
0.9962900896
0.9960046286
0.9958878044
0.9957194256
0.9955959208
0.9954328542
0.9950518289
0.9945017335
0.9939716648
0.9934611772
0.9927938123
0.992126311
0.9915142636
0.9909769254
0.9902637249
0.9890822503
0.9873290709
0.9850805658
0.9824059164
0.98029134
0.9848591942
0.9884255586
0.9875516906
0.9877878478
0.9865721895
0.9851572924
0.9857808343
0.9869822666
0.9879137899
0.9887183851
0.9894385608
0.9900920061
0.9906899668
0.991243624
0.9917666539
0.9922765921
0.9927958407
0.993355793
0.9940124773
0.9950320687
0.9930945729
0.9894938966
0.9882823318
0.9878397018
0.9888412755
0.9892641012
0.990390768
0.9910945561
0.9910070345
0.9901464436
0.9878916326
0.9837203276
0.03969610387
0.01904065727
0.01561387878
0.01501592899
0.01501688961
0.01501744531
0.01501795045
0.01501787249
0.01501641444
0.01501479933
0.01501498824
0.01501614204
0.01501750235
0.0150189149
0.01502076621
0.01502638512
0.01504389264
0.01596951
0.01689638367
0.02427731299
0.9842052801
0.9821661025
0.9773038183
0.9307020789
0.02365344082
0.03930717769
0.9679449949
0.988180126
0.9907008829
0.9907489462
0.991718675
0.991280658
0.991265895
0.9911662409
0.9904196668
0.988605367
0.986155487
0.09495411952
0.02252871188
0.01648602017
0.01507490434
0.01506555007
0.01507624699
0.01508485372
0.01508815473
0.01508853647
0.01508747398
0.0150858045
0.01508455055
0.01508149385
0.01507659443
0.01507020743
0.01506256716
0.01505304478
0.01504054463
0.01502578767
0.01791876007
0.914983194
0.9044640697
0.9906612158
0.9947963827
0.996391987
0.9966299633
0.9964426054
0.9967271246
0.9969987619
0.9968881718
0.9968674263
0.9967921026
0.9967068202
0.9966708111
0.996585706
0.9963875499
0.9961970274
0.9960034798
0.9956983661
0.9952950473
0.994893232
0.9945131353
0.9941038696
0.9936986738
0.9933122617
0.9929353397
0.9924850021
0.9919178989
0.9913261266
0.9908790832
0.9907432087
0.9910272677
0.9914527423
0.9927928566
0.9932246354
0.9933952493
0.9933058153
0.9930039186
0.9929221053
0.9931619209
0.9934346916
0.9936921376
0.9939331834
0.9941590654
0.9943699886
0.9945646581
0.9947395062
0.994887067
0.9949930337
0.9950314755
0.9949586423
0.9947185666
0.9942938919
0.9924739818
0.990816364
0.9890781656
0.9879925481
0.9882051186
0.9883094296
0.9877810882
0.987158051
0.9848026588
0.9779275587
0.02462909698
0.01717818153
0.01503350925
0.01502425064
0.01502472076
0.01502514134
0.01503780411
0.01507525171
0.01583030745
0.01614143129
0.01682727537
0.01735408271
0.01793283523
0.0185266613
0.01920728477
0.02015466187
0.02204995865
0.02965983004
0.04149261734
0.8515919479
0.9427281772
0.9800407719
0.9847731415
0.9828160445
0.9787295167
0.9748030886
0.9899715829
0.9907966597
0.9903055388
0.991346395
0.9909027076
0.9908445636
0.9907422682
0.9895786095
0.9880837984
0.9813226706
0.8216787862
0.02168382565
0.01720441983
0.01510833478
0.01506691621
0.01507587729
0.01508477482
0.01508951666
0.01509227305
0.01509338081
0.01509290171
0.01509168143
0.0150902385
0.01508861674
0.01508572653
0.01508147484
0.01507602911
0.0150695894
0.01506176353
0.01505028025
0.01503005465
0.0173785393
0.7413879201
0.8924186179
0.9941764063
0.9971097833
0.9976474506
0.9978944176
0.9978064504
0.9977549321
0.9976800339
0.9976350941
0.9975674137
0.997426774
0.9972801707
0.9971754403
0.9970732047
0.9969054334
0.9967159524
0.9965126644
0.9962601223
0.9959636845
0.9956644489
0.9953785544
0.9950974978
0.9948311952
0.9945804057
0.9943388941
0.9940854489
0.9938265598
0.9936167513
0.9935165313
0.9935534002
0.9936993739
0.9938472475
0.9940159734
0.9943210685
0.9945471606
0.9945733535
0.9944394959
0.99432171
0.9943407973
0.9944320257
0.994543206
0.9946552345
0.9947618066
0.9948589666
0.9949416275
0.9950015143
0.995025154
0.9949916098
0.9948707437
0.9946269283
0.9942486884
0.9937925716
0.9932614113
0.9923185733
0.9910206862
0.9897741839
0.9885669272
0.9863418713
0.9805767723
0.9648977318
0.9320474389
0.02905498324
0.02152409051
0.0184688442
0.01935206872
0.02029812922
0.02150202853
0.02325713048
0.02675056427
0.04223087034
0.06414851443
0.9203321468
0.899291596
0.9582712343
0.9716490209
0.9788562779
0.9830846388
0.985978586
0.9881995676
0.9901444222
0.9925232458
0.989667403
0.9842032582
0.9863029501
0.9888323365
0.9897862104
0.9896900414
0.9888829614
0.9894104119
0.9901257411
0.9898011206
0.9901262846
0.9903922885
0.9892418791
0.9880742269
0.9819804523
0.869785458
0.02365109097
0.01735844281
0.01559523584
0.0150517788
0.01506697115
0.01507698234
0.01508313233
0.01508778571
0.01509116946
0.01509331102
0.01509456495
0.01509490157
0.01509446471
0.01509352894
0.01509205951
0.01508946594
0.01508569537
0.01508095681
0.01507554083
0.015069588
0.01506295999
0.01504801197
0.0174891901
0.8896710742
0.9127924609
0.9959820794
0.9979028463
0.9982314159
0.9983400054
0.9983488941
0.9982979228
0.9981979856
0.9981038101
0.998007689
0.9978730303
0.9977262503
0.9975939455
0.99746418
0.9973088987
0.9971350127
0.9969452632
0.9967318016
0.9965013687
0.9962719923
0.9960534236
0.995847878
0.9956606432
0.9954915442
0.9953375227
0.9951939875
0.995069214
0.9949857437
0.9949611497
0.9949944559
0.995060911
0.99511707
0.9951673102
0.9952638757
0.995376551
0.9954033015
0.9953381143
0.9952532092
0.9952088937
0.9952024541
0.9952175986
0.995239893
0.9952613967
0.9952768867
0.9952807324
0.9952649286
0.9952177609
0.9951234442
0.9949645954
0.9947325608
0.9944524813
0.9941900166
0.9939432479
0.9935449274
0.9929224842
0.9922400551
0.991435337
0.9900773516
0.987499328
0.9831854169
0.9776252701
0.9804620458
0.9838718891
0.9848822424
0.9870574692
0.9892298935
0.9908600684
0.9921272071
0.9931393923
0.9939978185
0.9950238016
0.9931536795
0.9900054638
0.989382145
0.9894198401
0.9899362502
0.9905256207
0.9910199607
0.9913220638
0.9913302397
0.9909500862
0.9903368085
0.9880641726
0.9883527778
0.9901731504
0.9913945087
0.9917055508
0.9913075757
0.9908958508
0.989661126
0.9899708282
0.9889586987
0.9881662877
0.9828066767
0.8942879972
0.02454438045
0.01761525033
0.01569592321
0.01504853837
0.01506949742
0.0150705511
0.01507327567
0.01507749444
0.0150807768
0.01508462726
0.0150885304
0.01509178355
0.01509413383
0.01509550225
0.01509600854
0.01509574296
0.0150946573
0.0150924247
0.01508897636
0.0150846051
0.01507968354
0.01507483982
0.01507214161
0.01507642106
0.01615313575
0.8702475136
0.1027125225
0.9972824452
0.9985062335
0.9986637543
0.9987079494
0.9986887655
0.9986313537
0.9985382583
0.9984343181
0.9983236516
0.998195784
0.9980581188
0.99792114
0.9977820863
0.9976314075
0.9974698577
0.9972972905
0.9971132272
0.9969240745
0.9967397911
0.9965669575
0.9964095504
0.9962714122
0.9961531226
0.9960534413
0.9959711759
0.9959101029
0.9958775956
0.9958767109
0.9959016734
0.9959373045
0.995964636
0.9959846327
0.9960161381
0.9960496736
0.9960477075
0.9959990787
0.995928959
0.9958638703
0.9958100421
0.9957661244
0.9957270738
0.9956881172
0.9956454797
0.9955953656
0.9955329282
0.9954518436
0.9953451947
0.9952091579
0.9950514187
0.994901549
0.9947983119
0.9947292032
0.9946169711
0.9944351431
0.9942286954
0.9939872808
0.9936376482
0.993171589
0.9927639674
0.9926708331
0.9927611436
0.9933981339
0.9936128269
0.9938176775
0.9941651382
0.994496906
0.9947637782
0.9949351376
0.9949697342
0.9948334438
0.9945672955
0.9932169392
0.9923656254
0.9917475881
0.9914095057
0.991214539
0.9910258074
0.990700894
0.9901041514
0.9892119207
0.9884149464
0.9884349592
0.9890521946
0.9901411493
0.9911705284
0.9915492956
0.9912459317
0.9915348511
0.989626709
0.9888247958
0.9847958317
0.9202186879
0.02545421873
0.01782993044
0.0157470066
0.01505589641
0.01507258501
0.01506696333
0.01507442456
0.01507435478
0.01507242484
0.01507304151
0.01507640851
0.0150805882
0.01508529273
0.01508944881
0.01509288178
0.01509521423
0.01509657381
0.01509698624
0.01509641972
0.0150947075
0.01509165826
0.01508760309
0.01508322316
0.01507926068
0.01507957351
0.01509187063
0.01511167732
0.03577303801
0.9449345822
0.9982537711
0.9989455634
0.9989882821
0.998976645
0.9989310424
0.9988618786
0.9987723171
0.9986708603
0.9985602667
0.9984386532
0.9983090633
0.9981750644
0.9980361047
0.9978896324
0.9977363323
0.9975767462
0.9974125518
0.9972491472
0.9970934359
0.9969507898
0.9968252183
0.9967198232
0.9966355612
0.9965718832
0.9965278058
0.9965036098
0.9964998161
0.9965141285
0.9965402417
0.9965684731
0.996588963
0.9966002309
0.9966075145
0.9966062072
0.9965820509
0.9965302924
0.9964596875
0.9963813342
0.996300511
0.9962195666
0.9961383314
0.9960555563
0.9959699341
0.9958804055
0.9957861837
0.9956870768
0.9955846479
0.9954847565
0.9954012083
0.9953564878
0.9953686007
0.995424213
0.9954842452
0.9955327898
0.9955774814
0.9956102693
0.9956138524
0.9955925627
0.9955797112
0.9955979012
0.9955966534
0.9955128204
0.9954014367
0.9952880749
0.9951996729
0.9951196197
0.9950180325
0.9948646644
0.9946290729
0.994315013
0.9940168717
0.9937694272
0.993300078
0.9927164806
0.9921846903
0.9916813206
0.9911598914
0.9905552231
0.9898246793
0.9890532722
0.9885628386
0.9886018909
0.9888794426
0.98919287
0.9896260219
0.9898648006
0.9900157446
0.9904523711
0.9860492544
0.9563891757
0.02803188906
0.01838555769
0.01585294636
0.01507621417
0.01508934124
0.01507327832
0.01506834225
0.0150646242
0.01505955908
0.01505950496
0.01505736977
0.01505901873
0.01506120898
0.01506551077
0.01506959301
0.01507377198
0.01507731475
0.01508022297
0.01508211023
0.01508311195
0.01508332789
0.01508267498
0.01508110875
0.01507843608
0.01507521162
0.01507372245
0.01507513625
0.01508959315
0.01510926768
0.02714543626
0.9781816673
0.9990096519
0.9992659517
0.9992190007
0.9991648138
0.9991004695
0.9990259397
0.9989404624
0.998845402
0.9987407236
0.998626099
0.9985031566
0.9983734104
0.9982369613
0.9980936961
0.9979448625
0.997792123
0.9976384808
0.9974891257
0.9973500588
0.9972264442
0.9971222896
0.9970402553
0.9969811653
0.9969444092
0.996928583
0.9969320077
0.9969519938
0.9969836601
0.9970200417
0.9970533545
0.9970771996
0.9970893171
0.9970895855
0.9970741446
0.997036891
0.9969766062
0.9968977118
0.9968057727
0.9967046963
0.9965972724
0.9964849201
0.9963681512
0.9962473244
0.9961234557
0.9959990831
0.995879347
0.9957733337
0.995695226
0.9956636999
0.9956965801
0.9957989561
0.9959530379
0.9961293242
0.9963098598
0.9964860703
0.9966461452
0.9967789431
0.9968799175
0.9969459689
0.9969641324
0.9969061352
0.9967502831
0.9965160799
0.9962466923
0.9959506962
0.9956261971
0.99527244
0.9948922718
0.9945071743
0.9941778182
0.993988987
0.9939018047
0.9936887497
0.9932402058
0.9926631401
0.9919967543
0.9912631197
0.9904999525
0.9897982217
0.9893296052
0.9892463277
0.9893836032
0.9892192232
0.9882404628
0.9859817257
0.9819699836
0.9771127798
0.9771110209
0.04011047779
0.02241534375
0.01892543318
0.01789926759
0.01917209125
0.01796439033
0.01862140309
0.01777075094
0.01849913201
0.01770751249
0.0183839567
0.01780655217
0.01831138749
0.01800876879
0.01828732614
0.01818982276
0.0183472509
0.01833449325
0.01840651988
0.01846299223
0.01856720306
0.01861764525
0.01867261467
0.01876958215
0.01889031332
0.01904763933
0.0190287028
0.01916171562
0.01953022685
0.02000008652
0.01872831726
0.02354146199
0.9447205791
0.9981558199
0.9990472362
0.9987208111
0.9985321414
0.9983825193
0.9982379568
0.9980819978
0.9979089947
0.9977152615
0.9974993208
0.9972641473
0.9970127468
0.9967459424
0.9964643113
0.9961707584
0.995869218
0.9955663597
0.9952730397
0.9950018845
0.9947641559
0.9945686083
0.9944208534
0.9943224317
0.9942716946
0.9942651184
0.9942982071
0.9943641391
0.9944517816
0.9945460287
0.9946308202
0.9946936108
0.9947294025
0.9947367678
0.9947084542
0.9946336683
0.9945100302
0.9943448172
0.9941477151
0.9939260216
0.993685577
0.9934300131
0.9931610941
0.992879956
0.9925890476
0.9922947248
0.9920106307
0.9917616149
0.9915863524
0.9915338067
0.9916467103
0.9919327471
0.9923476999
0.9928223291
0.9933077671
0.9937765803
0.9942019374
0.9945626296
0.9948486736
0.9950495983
0.9951348834
0.9950513243
0.9947545565
0.9942582962
0.9936245009
0.9928815293
0.9920223727
0.9910469477
0.9899863141
0.9889525225
0.9881828189
0.9879133949
0.9880030036
0.9879066683
0.9872820961
0.9861836243
0.9846982796
0.9829248175
0.9810435615
0.9794342397
0.9786789136
0.9791247815
0.9801925036
0.9805555058
0.9787457226
0.9720353425
0.9486721576
0.865619816
0.06687596064
0.05805770276
0.9273250052
0.05652403336
0.8826322242
0.3017173146
0.8095779858
0.3657140493
0.7765769707
0.4240971957
0.7315262007
0.4882275116
0.6776165394
0.5426499624
0.6338421459
0.5755503272
0.6111106681
0.5903033731
0.6035908857
0.6009263925
0.6123793976
0.6181524534
0.6241408981
0.6275122475
0.6250554696
0.6209292711
0.6176964902
0.6057380163
0.6123561287
0.6052039967
0.6003953492
0.5607837099
0.7446449767
0.1778675843
