0.9993937449
0.999543229
0.9993514591
0.9992520901
0.9991754495
0.9991011483
0.9990209332
0.9989310517
0.9988299612
0.9987176104
0.9985945223
0.9984612865
0.9983191179
0.9981703593
0.9980178846
0.997864282
0.9977119006
0.9975636481
0.9974238928
0.9972987165
0.9971948354
0.9971176915
0.9970701127
0.9970519285
0.9970598018
0.9970868561
0.9971218007
0.9971490102
0.9971520486
0.9971196121
0.9970593171
0.9970041695
0.9969953333
0.9970559885
0.9971785751
0.9973247971
0.9974448124
0.9975029138
0.9974888349
0.9974093228
0.997277396
0.9971083605
0.9969218785
0.996746316
0.9966204665
0.9965863673
0.9966691259
0.9968564366
0.9970990725
0.9973341537
0.9975124884
0.9976164103
0.9976472336
0.9976018497
0.997494022
0.9973467317
0.9971740603
0.9969804984
0.9967655485
0.9965262951
0.996258238
0.9959551172
0.9956083939
0.9952098086
0.9947746406
0.9944090511
0.9943051552
0.9944834179
0.9947363466
0.9948904956
0.9948968599
0.9947688308
0.9945318994
0.9942057113
0.993801236
0.9933254642
0.992798747
0.9922950479
0.9919776952
0.9920485396
0.992527866
0.9931647979
0.9936499652
0.993745037
0.9931924072
0.9913789578
0.9855190271
0.9669044072
0.03129607752
0.02382109721
0.9414928528
0.1610750554
0.9472096936
0.02963766309
0.9445275197
0.1201858334
0.9300251061
0.1485900566
0.9201748438
0.1930064334
0.9099691561
0.2239982141
0.885840079
0.271874363
0.8503102146
0.3300815828
0.8030337968
0.4167422354
0.7347376898
0.4890762821
0.7030727122
0.4991381767
0.6832205245
0.5922524124
0.6218476124
0.4793721928
0.7797458497
0.6307887854
0.7288158769
0.04116561751
0.1106703836
0.9992620472
0.99971541
0.9996602911
0.9996093841
0.9995654717
0.9995229254
0.9994786505
0.9994308333
0.9993784666
0.9993212869
0.9992593545
0.9991927407
0.9991218326
0.9990476318
0.9989714278
0.9988943304
0.9988172899
0.9987414901
0.998668787
0.9986018731
0.9985438174
0.9984972
0.9984635932
0.9984435915
0.9984369452
0.998442431
0.9984568356
0.9984735412
0.9984834537
0.9984782584
0.9984580207
0.9984351611
0.9984270461
0.9984454317
0.9984910722
0.9985500257
0.9985997934
0.9986230288
0.9986147214
0.9985780603
0.9985183008
0.9984407578
0.9983518115
0.9982612369
0.9981841128
0.9981395
0.998142782
0.9981960941
0.9982874796
0.9983953166
0.9984880224
0.9985487821
0.9985757952
0.9985652433
0.9985232119
0.9984648366
0.9983976095
0.9983241386
0.9982451095
0.9981604444
0.99806966
0.9979716977
0.9978640203
0.9977405146
0.9975902589
0.9974161306
0.9972936829
0.9972734911
0.9972996693
0.9973051848
0.9972687147
0.9971929725
0.9970849322
0.9969503836
0.9967920997
0.9966088797
0.9963965548
0.9961592171
0.9959412195
0.9958381775
0.9959112315
0.996097706
0.9962736034
0.9963357387
0.996206566
0.9957823421
0.9947951649
0.9926953587
0.9894065367
0.9700426069
0.01091225284
0.01133150881
0.01233247759
0.01057533829
0.0112134766
0.01276677551
0.01175857045
0.01128601501
0.01076270459
0.01075418924
0.01046697958
0.0102503006
0.01007979866
0.009842480126
0.009764878654
0.009576077336
0.009585430025
0.009353727312
0.009471841132
0.009251492652
0.009385167304
0.00925439598
0.009418019223
0.009249735503
0.009420208988
0.009774750966
0.009404485977
0.009492562295
0.009118678535
0.01534855622
0.9273566814
0.9988052921
0.9995030301
0.9995598817
0.9995390198
0.9994997629
0.9994542623
0.9994051403
0.9993525293
0.9992959901
0.9992355921
0.9991713687
0.9991028738
0.9990301272
0.9989542695
0.9988766866
0.9987980497
0.9987185481
0.9986387011
0.9985600871
0.9984855933
0.9984185989
0.9983616316
0.9983160135
0.9982826479
0.9982629512
0.9982594501
0.9982739556
0.9983020647
0.9983297521
0.9983387078
0.9983247089
0.9983028505
0.9982906268
0.9983004115
0.9983395067
0.9983946649
0.998435552
0.998440732
0.9984111506
0.9983584126
0.998290532
0.9982092523
0.9981134794
0.9980048049
0.9978932544
0.997799169
0.9977433304
0.9977312233
0.9977583895
0.9978370405
0.9979543534
0.9980349488
0.9980763142
0.9980695679
0.9980320891
0.9980011499
0.9979799736
0.9979631508
0.9979480047
0.9979336637
0.9979197883
0.9979056644
0.9978889541
0.997862944
0.9978096134
0.9976869306
0.9974722526
0.9973180032
0.9972225111
0.9971125997
0.9969815248
0.9968522059
0.9967361544
0.9966325717
0.9965340806
0.9964276389
0.9962902938
0.9960838377
0.9957816377
0.9954914297
0.9953713939
0.9954271953
0.9955510398
0.9956622188
0.9957459671
0.9957889864
0.9956977048
0.9953498424
0.9948804934
0.9945151702
0.9941331088
0.01911908273
0.01021666469
0.009539061355
0.01185477315
0.01119412536
0.01032025949
0.009732334802
0.00906262588
0.00880794194
0.008497490892
0.008369454218
0.008200673141
0.00812197549
0.008026096486
0.007976912365
0.007921248766
0.007890334195
0.007858080036
0.00783933528
0.00782138234
0.007810220111
0.007800347484
0.007794096826
0.007789186647
0.007787449458
0.007789307814
0.007800788156
0.007883191283
0.02751556278
0.9745243527
0.9982258578
0.9992579135
0.9993714939
0.9994073173
0.9993909275
0.9993519931
0.9993033061
0.9992488645
0.9991895122
0.9991265311
0.9990604212
0.998989759
0.9989138483
0.9988345566
0.9987540953
0.9986725967
0.998588751
0.9985017
0.9984126142
0.9983253396
0.9982447225
0.9981736787
0.9981126221
0.998061575
0.9980227955
0.9980038354
0.9980165332
0.9980662663
0.9981360019
0.9981799587
0.9981806423
0.9981633697
0.9981476271
0.9981369941
0.9981617843
0.9982219001
0.9982665973
0.9982552124
0.9981928194
0.9981080634
0.998019483
0.9979270187
0.9978178601
0.9976759018
0.9974985618
0.9973093719
0.9971414563
0.9969928457
0.9968258548
0.9966864384
0.9968236786
0.9972549229
0.9973231124
0.9972996312
0.9972419374
0.9972659554
0.9973474215
0.9974461914
0.9975464383
0.9976431662
0.9977350218
0.997821556
0.9979021042
0.9979748372
0.9980342489
0.9980557697
0.997926462
0.9973032993
0.9969954622
0.9967547501
0.9965272072
0.9963525296
0.9962504686
0.996208728
0.9962032564
0.9962082122
0.9961932346
0.9961068113
0.9958375914
0.9952667701
0.994763039
0.9945993787
0.9947246467
0.9950042527
0.9953773827
0.995791793
0.9960924902
0.9961141523
0.9958511374
0.9955802791
0.9961050473
0.9962606263
0.9933029643
0.01445316607
0.01045963566
0.01032533966
0.01012752389
0.009527577575
0.009100980625
0.008834416652
0.008570903476
0.008420340835
0.008266356986
0.008168979995
0.00807470429
0.008011669688
0.007953686077
0.007914068418
0.007879243146
0.007854697152
0.007834457767
0.007819865577
0.007808290963
0.007800184094
0.007794012072
0.007790594678
0.007791106927
0.007799233697
0.008342861447
0.03750472731
0.9930281774
0.9974356134
0.9989251377
0.9991125425
0.9992007792
0.9992192707
0.9991967177
0.9991559398
0.9991051882
0.9990463201
0.9989834709
0.9989184102
0.9988470855
0.9987670739
0.9986824498
0.9985980432
0.9985133477
0.9984241855
0.9983269228
0.9982218132
0.9981149051
0.9980147107
0.9979251726
0.997843909
0.9977666706
0.9976928325
0.9976341155
0.9976187125
0.9976784142
0.997821295
0.997972882
0.9980420778
0.998065959
0.9980776112
0.9980514125
0.9979936866
0.9980184822
0.9980644839
0.9980302275
0.9979126733
0.9977751494
0.9976608285
0.997569932
0.9974740333
0.9973264763
0.997077659
0.9967421199
0.9963842086
0.9959831812
0.9953153498
0.9939860967
0.9920805836
0.9936381676
0.99493462
0.9945702684
0.9935905916
0.9938571278
0.9944535516
0.9950313234
0.995535247
0.9959661328
0.9963350089
0.9966534763
0.9969325827
0.9971845986
0.9974271109
0.9976895621
0.9979952687
0.9973084336
0.9960056089
0.9956193376
0.9954077307
0.9953474578
0.9954195729
0.9955707747
0.9957556719
0.9959464104
0.9961270406
0.9962832542
0.9963653351
0.9961129521
0.9944985496
0.9934954856
0.9933405204
0.993804623
0.9944966378
0.9952624772
0.9959499867
0.9962529012
0.9959955249
0.99549112
0.9954296044
0.9959105841
0.9961906843
0.9950589731
0.9898220272
0.01276234242
0.009512327235
0.009283550314
0.009085477475
0.008729222223
0.008514623191
0.008366456742
0.008237153262
0.008142714684
0.008060242072
0.007998577236
0.007946183813
0.007907071603
0.007874846076
0.007850766628
0.007831586497
0.007817228233
0.007806042917
0.007797833272
0.007791761622
0.007788017431
0.007787062849
0.007789669314
0.008823077257
0.8572096063
0.956462936
0.9961519186
0.9985010121
0.9987215079
0.9988810171
0.9989470616
0.9989499843
0.9989310887
0.9988974141
0.9988460919
0.9987898011
0.9987345685
0.9986683407
0.9985836706
0.9984903268
0.9984004056
0.9983133276
0.99821974
0.9981102216
0.9979820082
0.9978448548
0.9977159985
0.9976033112
0.9974983819
0.9973848159
0.9972481036
0.9970943515
0.9969665553
0.9969387897
0.997117511
0.9975140736
0.9979722863
0.9981244984
0.9981820069
0.9981944037
0.9980867098
0.9976946843
0.9977068694
0.9976603399
0.9974485139
0.9972279354
0.9971054414
0.997073502
0.9970769139
0.9970466505
0.9968736721
0.9964088194
0.9958253671
0.9952665349
0.9944576699
0.9927201333
0.9880589951
0.9798727367
0.02413448976
0.01736654463
0.01008046345
0.009816475724
0.01009500877
0.0103747739
0.01072437374
0.011129934
0.01159927509
0.01214363934
0.01278730733
0.01358927628
0.01472916658
0.0169012655
0.02662941814
0.04851458781
0.9805422298
0.9765039957
0.9846826791
0.9876771546
0.9896039279
0.9909780837
0.9920408498
0.9929170602
0.9936915896
0.9944468122
0.9952921384
0.9963186453
0.9950977824
0.9919653853
0.9898016117
0.9904891538
0.9917613556
0.9929730203
0.994344662
0.9955637985
0.9959534099
0.995355954
0.9951485019
0.9954917199
0.9958276068
0.9959505508
0.9958158064
0.994152643
0.9806724454
0.01069121841
0.008493288527
0.00866314909
0.008515693554
0.008349737117
0.008228127241
0.008134305883
0.008056294577
0.007994773602
0.007944337299
0.007905094423
0.007873725047
0.00784967056
0.007830857554
0.007816458217
0.007805300201
0.007796840902
0.007790561067
0.007786390998
0.007784433759
0.007782837814
0.009043765497
0.3848954856
0.9653487669
0.9892603975
0.9971625174
0.9979219277
0.9981690131
0.9984814377
0.9985273839
0.998547683
0.9985850359
0.998560048
0.9985176333
0.9984939677
0.9984506457
0.9983624581
0.9982526881
0.9981512248
0.9980609751
0.9979667415
0.9978478181
0.9976907079
0.9975073033
0.9973322232
0.9971893859
0.9970658543
0.9969177834
0.9966900835
0.9963507889
0.9959112895
0.9954053135
0.9950534957
0.995647294
0.9971897158
0.997935329
0.9979122232
0.9978675338
0.9979529505
0.9971643738
0.9963101836
0.9967110874
0.9963796541
0.9960759907
0.9960858471
0.9962982902
0.9965764752
0.9968587338
0.9970873442
0.9970404578
0.9959919884
0.9953398934
0.995125481
0.9947970951
0.9940964249
0.9932155589
0.992542907
0.9937987278
0.02350716722
0.01031676831
0.008127906092
0.007804135279
0.007789565693
0.007778376182
0.007773170956
0.007770215315
0.007768494712
0.007767439884
0.007766821119
0.007766895927
0.007768856745
0.007779599691
0.008241920117
0.00842684302
0.008817526845
0.009123664175
0.009371569927
0.009587036644
0.009793808132
0.01001252026
0.01027121775
0.01063588465
0.01132463558
0.0137679514
0.0184678231
0.9680502699
0.9642229798
0.9756569982
0.9832895217
0.9855714343
0.9882840939
0.9903811264
0.9942478001
0.9952545227
0.9955544002
0.9956607901
0.9958894912
0.9960768474
0.9961795352
0.9961765514
0.9958939901
0.9956045065
0.03013023878
0.009690886456
0.00823967119
0.008319023918
0.008235582311
0.008135992384
0.00805853
0.007996370972
0.0079460424
0.007906113553
0.007874616902
0.007850304454
0.00783143351
0.007816839341
0.007805449492
0.007796583648
0.007789883859
0.007785193943
0.007782462831
0.007778881744
0.008731292705
0.9358004343
0.9732387967
0.01779033259
0.01146336987
0.02105901223
0.9919054671
0.9963264668
0.9975060463
0.9976850704
0.9979838353
0.9982449168
0.9981260829
0.9981505574
0.9981991866
0.9981242471
0.9979810582
0.9978469642
0.9977332526
0.9976357283
0.9975278465
0.9973559392
0.9971138441
0.9968571773
0.9966502951
0.9965234277
0.9964041908
0.9961303284
0.9955876013
0.9947007861
0.9931115331
0.9894018999
0.9781620715
0.9848377553
0.6139275405
0.04490590992
0.02343120291
0.02532367324
0.02670146312
0.9804559296
0.9895072055
0.9903010426
0.9884544254
0.9901270542
0.9920190207
0.9935420653
0.9948562028
0.9961178389
0.997314018
0.9968895405
0.9953852204
0.9953602746
0.9956001101
0.9954339413
0.9948685452
0.9945745251
0.9952025825
0.9959524295
0.9950895954
0.9775617942
0.01061420591
0.007784529106
0.007782401069
0.007776351312
0.007772525831
0.007770235419
0.007768636115
0.007767235635
0.007765919886
0.007764828268
0.007763815901
0.007762825897
0.007761400656
0.007761049623
0.007761228726
0.007761397133
0.007761535006
0.007761670305
0.007761821504
0.007761983615
0.007762140078
0.007762403824
0.007763195941
0.007765542627
0.009137608623
0.01362128467
0.9565656055
0.9768890724
0.9843434565
0.9814366521
0.9147193155
0.01186054177
0.01636481551
0.9917443329
0.9950285987
0.9961121009
0.9962378432
0.9963668211
0.9964892797
0.9965968313
0.9970755371
0.9972361087
0.9955781482
0.01808799673
0.009240232901
0.008080220302
0.008120114151
0.008068866482
0.008003100439
0.007951077096
0.00790953043
0.007877102386
0.007852156543
0.007832936206
0.007817994189
0.007806181618
0.007796694882
0.007789357561
0.007783966928
0.007780402323
0.007775778955
0.008985701141
0.8728693303
0.9502027225
0.01538789068
0.007760099928
0.007760423306
0.008192851023
0.009550857333
0.01631777854
0.987716472
0.9941174503
0.9971775342
0.9975116618
0.9973989629
0.9977873232
0.9980263723
0.9977599004
0.9975250427
0.99730827
0.9971074687
0.997049388
0.9970029265
0.9967562768
0.9963724565
0.9959651384
0.9957158477
0.9958191824
0.9958419057
0.9953653707
0.99457643
0.9935558942
0.9917653131
0.9874678224
0.980546719
0.02392217011
0.01274573506
0.00911480543
0.008490524977
0.007822407039
0.01331609301
0.9832337845
0.01170461049
0.009203800559
0.009277935523
0.00960548568
0.009988779779
0.01056490186
0.01181386865
0.01765981586
0.1091652617
0.9898283666
0.9913944362
0.9942002637
0.9950214167
0.9954034903
0.9943054398
0.9944694787
0.9956085721
0.9965804206
0.9960819276
0.9960575902
0.02801123394
0.008706930841
0.007772275959
0.007770821197
0.00776841763
0.007766907253
0.007765645994
0.007764534186
0.0077637391
0.007763292838
0.007762916529
0.007762138285
0.007761540198
0.007761411615
0.007761507385
0.007761657062
0.007761823615
0.007762010481
0.007762213734
0.007762335524
0.007762320631
0.007761991664
0.007764968619
0.01020974671
0.9381457264
0.9874700172
0.9891854975
0.9876978047
0.9769232853
0.01119270381
0.008446795208
0.007762946327
0.008762786671
0.0132604931
0.991853957
0.9954247147
0.9963717644
0.9964421075
0.9965255049
0.9967490657
0.9971182635
0.9973330124
0.9967472123
0.994539309
0.01576814905
0.009049137317
0.007971067493
0.00799417154
0.007960388844
0.007915356665
0.007880866302
0.007854826208
0.007835052059
0.007819704802
0.007807381951
0.007797074052
0.007788935598
0.007782706152
0.00777832393
0.007773049357
0.009143306159
0.9655718376
0.9691209115
0.01538556457
0.007758275003
0.007758986807
0.007758803439
0.007758798686
0.007759977983
0.008168125682
0.00889101734
0.01199164931
0.02712311666
0.9902276544
0.9946310565
0.9974198754
0.9976304074
0.9973014377
0.9968172352
0.9961871706
0.995653411
0.9964729195
0.9969046757
0.9962470282
0.9953916272
0.9942571564
0.9941026705
0.9957693039
0.9961886584
0.9952876098
0.9950468106
0.9950660738
0.9947670455
0.9946430126
0.995477009
0.9957297278
0.9907149485
0.9868261991
0.04373487151
0.0511751819
0.9931274408
0.01206304917
0.007765713446
0.007763541166
0.007761980032
0.007761578837
0.007761682985
0.007762232949
0.007764324165
0.007799096283
0.01023305276
0.9548970632
0.9802623985
0.986754877
0.9947688395
0.9949190893
0.9935746412
0.9948939595
0.9962101633
0.9966270211
0.997015531
0.9969073539
0.9920957942
0.01053058352
0.007767379159
0.007767633937
0.007766375706
0.007765093803
0.007763996179
0.007763297678
0.007762969755
0.007762698736
0.007762199754
0.007761708768
0.007761418162
0.0077613305
0.007761352097
0.007761426436
0.007761532699
0.007761674506
0.007761794409
0.007761754748
0.007760770896
0.008628743871
0.01800118957
0.9924020555
0.9923379527
0.9909367645
0.9845645149
0.01193616525
0.008635840941
0.00776219953
0.007762275194
0.007761354705
0.007760460342
0.008683013885
0.0134597493
0.9920827192
0.9954235186
0.9963694875
0.9965704543
0.9968432077
0.9970452808
0.9971251276
0.997096259
0.9963546317
0.9939442929
0.0155353736
0.009027084653
0.00789726768
0.007909573742
0.007885745998
0.007858017586
0.007837393965
0.00782180244
0.00780908012
0.007797818532
0.007788840803
0.007781647348
0.007776372171
0.007770737738
0.009483417428
0.9802397015
0.9752957215
0.01538505977
0.007757767636
0.007758476052
0.007758767064
0.007758967974
0.007759342073
0.007759709354
0.007759778597
0.007760393544
0.007763554571
0.0083134944
0.009183885055
0.01394332376
0.1388612548
0.9944900997
0.9951958733
0.9950167393
0.9919584548
0.9913156599
0.9967600146
0.9966795123
0.9958190038
0.9934092765
0.9866470071
0.9908023858
0.996199068
0.9958579855
0.9951528762
0.9958670043
0.9963482372
0.9956155298
0.9955116448
0.9960354966
0.9955489903
0.9952405799
0.9965159714
0.9970127842
0.9944115292
0.01625752082
0.00824606489
0.007764307331
0.007762909734
0.007761841685
0.00776161124
0.007761687161
0.007761898083
0.007765060186
0.01277944864
0.988394846
0.01493795829
0.009345088628
0.01109043805
0.01831781974
0.9856101156
0.9887255561
0.9943425164
0.9960013961
0.996335489
0.9965093143
0.9963336782
0.995425826
0.01793619427
0.008383604359
0.007765508491
0.00776516627
0.007763918209
0.007763167761
0.007762836963
0.00776253603
0.007762130805
0.007761736831
0.007761437184
0.007761246021
0.007761143864
0.007761105477
0.007761072732
0.007760982782
0.007760789588
0.007761053239
0.008019974056
0.01079527213
0.9902258003
0.9951796041
0.994617303
0.9905265118
0.01288301006
0.008736374491
0.007762003413
0.007762396523
0.0077621443
0.007761711238
0.007761026967
0.007760440455
0.00776025727
0.008670002661
0.01315520942
0.9915916215
0.9954788967
0.996635977
0.9968662124
0.996965202
0.9969474363
0.9968803434
0.9968772835
0.9962626344
0.9940690791
0.01565947836
0.008967783041
0.007845968898
0.007851901839
0.007838915839
0.007823952235
0.007811416969
0.007799016913
0.007789514878
0.007781255791
0.007774834389
0.00776895316
0.009937331712
0.9880653453
0.9827658277
0.01538493412
0.00775761235
0.007758236459
0.00775859853
0.007758922936
0.007759279348
0.007759635166
0.007759893135
0.007760243788
0.007760764453
0.007760932004
0.007760613473
0.007761757152
0.007794061782
0.008925148976
0.01231106285
0.9877172666
0.9935745812
0.9897765087
0.01893703649
0.04981090115
0.9935991107
0.9947098438
0.9916626246
0.9706740489
0.01765121865
0.02101304057
0.9855252449
0.9909915932
0.9960597818
0.9960513779
0.9952464561
0.9955972735
0.9949945712
0.9950798229
0.9961386174
0.9971990279
0.9966580659
0.9936975572
0.9796521534
0.01007510368
0.00776384898
0.007762025689
0.007761479905
0.007761424227
0.007761117236
0.008136984813
0.01731737725
0.9895329213
0.01171787428
0.007765848577
0.007763989989
0.00842732234
0.01434104254
0.9672709622
0.9816411563
0.9920813951
0.9957137184
0.9962056301
0.9962180528
0.9967262629
0.9962093186
0.98611345
0.009249385826
0.007764544385
0.007764373522
0.007763349663
0.00776294499
0.007762516246
0.007762088488
0.007761739123
0.007761457447
0.007761213048
0.007761018824
0.007760929698
0.007760876379
0.007760693757
0.007760076665
0.007762400645
0.009739357624
0.9450665664
0.9934208809
0.9950736537
0.9925573586
0.01576542971
0.008879526447
0.007761668205
0.007761999507
0.007762091845
0.007761967884
0.007761672828
0.007761257654
0.007760810172
0.007760455124
0.007760175311
0.007760066395
0.008612108716
0.01309890303
0.9924990766
0.9960168266
0.9969383725
0.996884635
0.9967020265
0.9966743563
0.9967603624
0.9968470946
0.9962092814
0.9937723293
0.01495394926
0.008958425105
0.007809176822
0.007813855302
0.007812271782
0.007800409585
0.007791173251
0.007782552226
0.007774191801
0.007768010094
0.0105920204
0.9917813797
0.9874583602
0.01538490639
0.007757559378
0.007758114647
0.007758457517
0.007758807926
0.007759166013
0.007759501451
0.007759781195
0.007760092711
0.007760473312
0.007760721076
0.007760703131
0.007760862933
0.007761196638
0.007761044393
0.007760587373
0.00861137227
0.01666182344
0.9954766454
0.9932678297
0.01003348316
0.009130425521
0.01651506182
0.9922185558
0.9921915201
0.9924349923
0.01664873295
0.01016877112
0.009279539537
0.01198175201
0.0209376524
0.9843898107
0.9927118197
0.9940612171
0.9934549129
0.9954765309
0.9967586368
0.9967925969
0.9957444159
0.9948452247
0.9944295086
0.0188583096
0.008836469962
0.007760974598
0.007760981326
0.007760841693
0.008741583916
0.9636689985
0.9689558315
0.008875916684
0.007762223573
0.007767345445
0.009985235663
0.9741505895
0.9829353057
0.9081574184
0.01119743408
0.01629411591
0.9935256679
0.9954659003
0.9963369255
0.996495668
0.9959742207
0.9934925219
0.01290572156
0.007770406453
0.007763743285
0.00776325378
0.007762580145
0.007762062733
0.00776175673
0.007761518903
0.007761234811
0.007760934134
0.0077607974
0.007760843786
0.007760827696
0.007759687282
0.008654486687
0.0194000388
0.9942603773
0.9946320835
0.9933067459
0.5921565198
0.009502784093
0.007762396244
0.007761487793
0.007761624137
0.007761696431
0.007761637152
0.007761488789
0.007761223629
0.007760904574
0.007760607214
0.007760377421
0.007760215267
0.00776009444
0.007760135937
0.008685642583
0.01435466286
0.9941627834
0.996668495
0.9966943376
0.9963930247
0.9964744911
0.996543679
0.9966009722
0.9966388372
0.9958618448
0.9933666485
0.01775948481
0.009735682165
0.008312755941
0.007788834961
0.007784326432
0.007782150137
0.007777568809
0.007767895285
0.01188673915
0.9938598413
0.9904782972
0.01538490343
0.007757540145
0.007758049882
0.007758358336
0.007758695542
0.00775904323
0.007759372997
0.007759669135
0.00775997299
0.007760290102
0.007760522951
0.007760628306
0.007760806211
0.007761115861
0.0077613366
0.007761363137
0.007761600395
0.007763729016
0.01279025943
0.995329053
0.9940823278
0.01018675451
0.007764294476
0.009595541294
0.9373586647
0.992891565
0.9952913233
0.992089075
0.01213845416
0.008458930407
0.00776605618
0.008340507791
0.00954462024
0.01384547823
0.9825595925
0.9910523461
0.9955350241
0.9961582347
0.9953622957
0.9947952164
0.9956754358
0.9958356896
0.9918283109
0.01249478921
0.008582593296
0.00776384901
0.01091587112
0.9907073518
0.01999770641
0.008207022746
0.007762937029
0.008813933985
0.04041935114
0.9953580455
0.9870043451
0.01086441705
0.008438668738
0.00776216275
0.009619974714
0.9841634313
0.9959240792
0.9967126215
0.9966438871
0.996939943
0.9970573874
0.03911742533
0.008730187424
0.007762684565
0.007762499113
0.007761931449
0.007761763371
0.007761655041
0.007761345647
0.007760867221
0.007760545054
0.007760484743
0.007760986696
0.008000219961
0.0106510808
0.9909345839
0.9961144952
0.9948910017
0.982749254
0.01042277668
0.008057919043
0.007761192857
0.007760970169
0.007761115196
0.007761260509
0.007761312623
0.007761257314
0.007761099877
0.007760878602
0.007760646921
0.007760444555
0.007760296861
0.007760225519
0.007760222768
0.007760251052
0.007760538904
0.008946142279
0.01947662892
0.9943480991
0.9951903014
0.995779768
0.9960173049
0.9961477097
0.9961757452
0.9961206567
0.9960710116
0.9955771859
0.9930308036
0.9749461007
0.01561985553
0.01087316196
0.008889223063
0.008536097673
0.008337035084
0.0127535859
0.995326621
0.9925347816
0.01538490605
0.007757533164
0.007758014381
0.007758292052
0.007758606738
0.007758938662
0.007759264419
0.00775957233
0.00775987839
0.00776017826
0.00776042583
0.007760616011
0.007760849099
0.007761147718
0.007761403357
0.007761548909
0.007761730372
0.007762245455
0.007762766357
0.01163774416
0.9951936025
0.9942419257
0.01035108281
0.007763186117
0.00810445666
0.01055642654
0.9867989169
0.9944083615
0.9941178291
0.9875611021
0.01157456031
0.008502744086
0.007763470915
0.008592145287
0.015560144
0.9868030579
0.9901302783
0.9927074843
0.9932911225
0.9940121263
0.9945280236
0.995088696
0.9952709062
0.9936467932
0.987263687
0.01362719902
0.01570891005
0.9875267721
0.01405873448
0.007768562752
0.008012706625
0.01047770416
0.988133656
0.9954223373
0.03507982756
0.009030568059
0.007761689027
0.007761821964
0.007760740639
0.008342881798
0.01605059618
0.994668891
0.9960971303
0.9968079227
0.9974309926
0.9973244419
0.9932762223
0.01081428398
0.007763651443
0.007761710952
0.007761725132
0.007761946174
0.007761723411
0.007761076877
0.007760600308
0.007760493905
0.007766624327
0.01030514955
0.9697574638
0.9945899561
0.9964006649
0.9933848998
0.01202429078
0.008213444158
0.007760377536
0.007761205571
0.007761011926
0.007760995684
0.007761068311
0.007761108479
0.007761078329
0.00776097071
0.007760808878
0.007760626447
0.007760453172
0.007760311379
0.007760216338
0.007760169113
0.007760166639
0.00776016729
0.007760149108
0.007761407858
0.009536252067
0.9541806239
0.9925179118
0.9950763819
0.9955576298
0.9956788732
0.9954688599
0.9949913694
0.9946583703
0.9945988661
0.9928943741
0.9933247719
0.9927147524
0.9691339236
0.9538151608
0.01567821631
0.9441843145
0.9944884743
0.9938643427
0.01538490961
0.007757531265
0.007757995063
0.007758249174
0.007758542947
0.007758859779
0.007759181373
0.007759497206
0.007759810338
0.007760114124
0.007760387316
0.007760635377
0.007760908297
0.007761210066
0.007761482833
0.007761697713
0.007761928112
0.007762295316
0.007762603521
0.007762212285
0.01134224547
0.9950356278
0.9944222407
0.01053329507
0.007762785801
0.007761850319
0.008419662809
0.01217119935
0.9895807401
0.9942407866
0.9936132656
0.9851465118
0.01275441239
0.01116762168
0.9843932728
0.9931343834
0.9883200022
0.01248185391
0.01212921723
0.9836423559
0.9936680579
0.9946505694
0.9943376776
0.9940728284
0.9936676713
0.9932271102
0.9915684764
0.9785105018
0.01034699136
0.007763690781
0.009144982289
0.7472163705
0.9913293489
0.9717908646
0.009822123869
0.007766140705
0.007761347974
0.007761292227
0.007760879676
0.007760282391
0.007760974484
0.009786588357
0.9854349755
0.9960188285
0.9970107328
0.9972244533
0.9970695647
0.9961035757
0.02178869336
0.008771066417
0.007760907542
0.007762083756
0.007762507957
0.00776162251
0.007760943978
0.007760910491
0.009123337971
0.03086564623
0.995319049
0.9950105063
0.9952732756
0.03016554264
0.009060866896
0.007760375403
0.007760937214
0.007761309055
0.007761180689
0.007761051294
0.007761009704
0.007760991731
0.007760947386
0.007760857411
0.007760728837
0.007760580648
0.007760432793
0.007760302092
0.007760199879
0.007760127824
0.007760081181
0.007760046118
0.007760029947
0.007760044889
0.007759717259
0.008099596626
0.01056568934
0.9831733424
0.9936086951
0.9954780369
0.9953172988
0.994295977
0.9928946853
0.9917758503
0.9904985975
0.9891948306
0.9899143294
0.9830339868
0.9579640954
0.9771934053
0.9821746871
0.9928763967
0.9925894824
0.0153849132
0.007757531855
0.007757985429
0.007758222686
0.007758500199
0.007758805069
0.007759123048
0.007759444309
0.007759765845
0.007760080893
0.007760379316
0.00776066726
0.007760968996
0.007761282296
0.00776157621
0.007761838373
0.007762102114
0.007762397851
0.007762590439
0.007762437199
0.00776182016
0.01109602271
0.9948755713
0.9945951639
0.01073065631
0.007762788964
0.00776324212
0.007761974525
0.008586641793
0.01274261522
0.9911906826
0.9934086271
0.9921129224
0.9918781368
0.9892652008
0.9936957913
0.02202089932
0.009014203375
0.007762283559
0.008460018451
0.01276541583
0.9897251972
0.9929416544
0.9931789889
0.9920782487
0.9926998371
0.9937009834
0.9892192571
0.9746776673
0.01239969284
0.01332169325
0.9877682135
0.990450402
0.01452130016
0.008216207695
0.007761183959
0.007761061753
0.00776090964
0.00776062299
0.007760276722
0.007760242057
0.007759934195
0.008307354282
0.01546362118
0.9949397467
0.9966878255
0.9971365932
0.9972005031
0.9966429139
0.9920038981
0.01164955989
0.008221068123
0.007763168356
0.007763246554
0.007761326658
0.008452779636
0.0123694634
0.9934468383
0.9963941728
0.9945511039
0.9684452457
0.01026040232
0.007766344224
0.007760740316
0.007760850473
0.007761096706
0.007761062134
0.007760994337
0.007760939221
0.007760896271
0.007760841934
0.007760760673
0.00776065337
0.007760530652
0.007760406188
0.00776029296
0.007760201132
0.007760135884
0.007760099908
0.007760094807
0.007760133702
0.007760219377
0.007760164687
0.00775986349
0.007759736335
0.008358057186
0.01160344023
0.9901385311
0.9954781772
0.9951537083
0.9922094082
0.9891006829
0.9864961265
0.9841133196
0.9809120898
0.9730775612
0.9327106422
0.9473078551
0.9839354413
0.9911987919
0.9898510713
0.01538491674
0.007757533808
0.007757981915
0.007758207689
0.007758473833
0.007758770378
0.007759085853
0.007759410985
0.007759740089
0.007760066617
0.007760384851
0.007760698934
0.007761020041
0.007761344399
0.007761654584
0.00776194223
0.00776221401
0.007762459125
0.007762580782
0.007762452133
0.007762096008
0.007761390853
0.01087192953
0.9947102181
0.9947629092
0.01094852035
0.007763642913
0.007764365591
0.007763681551
0.007763710747
0.008872966634
0.02021644444
0.9918524022
0.9950258773
0.9942820591
0.9785293546
0.01135161459
0.007779014001
0.007763471135
0.007762119907
0.007761154279
0.009115330686
0.9240976595
0.9924767701
0.9924393594
0.9916809415
0.9929099619
0.9916246471
0.9897948792
0.9903731454
0.9865163075
0.9897231027
0.8957545109
0.009337141721
0.007761228178
0.007761380364
0.007761206791
0.007760899593
0.00776060554
0.007760357934
0.007760289986
0.00776018133
0.00775992066
0.007760766323
0.00992356304
0.9901298092
0.9968087774
0.9971573096
0.9965800247
0.9959555094
0.993598132
0.977187415
0.01032849022
0.007772965179
0.00833619348
0.01093943257
0.9840819466
0.9945835997
0.9960188686
0.9906876708
0.01058498415
0.007994251692
0.007760714108
0.00776032122
0.00776050867
0.007760770775
0.007760862481
0.00776087515
0.0077608531
0.007760813567
0.007760758
0.007760682757
0.007760589593
0.007760485735
0.00776038127
0.007760286548
0.007760210912
0.007760160994
0.007760142512
0.007760159677
0.007760218874
0.007760305408
0.007760321475
0.007760237095
0.00776034935
0.007760617886
0.00776076047
0.008643280029
0.01677044606
0.9944668144
0.9927932782
0.9877530813
0.9849248436
0.9846523105
0.984349523
0.9829557767
0.9803068823
0.9788854002
0.9832461941
0.9886802328
0.9813776202
0.01538492017
0.007757536463
0.007757982309
0.007758200772
0.007758459891
0.007758751526
0.00775906579
0.007759393713
0.007759728381
0.007760063182
0.007760393723
0.007760722062
0.007761052777
0.007761382089
0.007761699309
0.007761995877
0.007762261769
0.007762469322
0.007762547151
0.007762425334
0.007762109904
0.007761635547
0.007760953857
0.01066587989
0.9945373641
0.9949225846
0.01122731179
0.007764360954
0.007764257855
0.007763502244
0.008879968352
0.01596247704
0.9919572098
0.9940832636
0.9942093439
0.9797931246
0.009476932159
0.007763620331
0.00776323837
0.007762479832
0.007762097233
0.007761724267
0.0082046215
0.01293573322
0.9914489744
0.9918273283
0.9929892519
0.9930364173
0.9930433296
0.9938700887
0.9911790256
0.9792607837
0.0111054813
0.008068558193
0.007760955218
0.007761220786
0.007761123338
0.007760892112
0.007760632978
0.007760423333
0.007760317222
0.007760204601
0.007760094733
0.007760357385
0.007760264946
0.008472873649
0.02204776703
0.9965045979
0.9964349171
0.9955686828
0.9948026947
0.9941671159
0.9946620464
0.03472275775
0.01274810433
0.9622458985
0.9888342013
0.9935091089
0.9940118056
0.01949309407
0.008636868766
0.007759937996
0.007760968767
0.007760735603
0.007760660701
0.007760734607
0.007760785698
0.00776080221
0.007760787403
0.007760749773
0.007760693981
0.007760622143
0.007760537832
0.007760446973
0.007760357652
0.007760278135
0.007760216751
0.007760179518
0.007760172179
0.007760196164
0.007760251704
0.007760318147
0.007760348288
0.007760338186
0.007760454506
0.007760719781
0.00776114995
0.007761596349
0.007763031966
0.01118740037
0.9893517706
0.9882446829
0.9863765394
0.9885353842
0.9899350716
0.9907116793
0.9909729706
0.9903045238
0.9881299486
0.9887290517
0.9643268484
0.01538492339
0.007757539319
0.007757985107
0.007758199605
0.007758455471
0.007758745268
0.007759059621
0.007759389512
0.007759727303
0.007760065774
0.007760400464
0.007760732194
0.007761062375
0.007761387881
0.00776170224
0.007761996974
0.007762252118
0.007762435075
0.007762489262
0.007762372278
0.007762080216
0.007761652848
0.007761184825
0.007760610943
0.0104921181
0.9943524948
0.9950375091
0.01214970332
0.007764566926
0.008607888776
0.01263144655
0.9902991738
0.9929783886
0.9918138714
0.9904195792
0.985475512
0.9259440955
0.008330006384
0.007763176649
0.007762552766
0.00776204822
0.007761763958
0.007762207442
0.008899527757
0.01661723357
0.989565537
0.992571959
0.993995291
0.9949176913
0.9954979293
0.9942506252
0.9763441275
0.00916781915
0.007760926927
0.007761417376
0.007761436898
0.007761188317
0.007760937144
0.007760692126
0.007760496322
0.00776038019
0.007760298559
0.007760282224
0.007760481951
0.007760630662
0.007760668064
0.007763510283
0.01215791985
0.9935462557
0.9945553103
0.9931537032
0.9927235892
0.9948158146
0.9962900534
0.9953506771
0.992429542
0.9916153108
0.9921529491
0.9660404766
0.009923099844
0.007762703519
0.007760457021
0.007760913952
0.007760864951
0.00776077905
0.007760754693
0.007760754437
0.0077607533
0.00776073532
0.007760697671
0.007760642548
0.0077605732
0.007760494427
0.007760411756
0.007760332478
0.007760263173
0.007760211557
0.007760182007
0.007760180119
0.007760203411
0.007760250279
0.007760296565
0.007760325417
0.007760324661
0.00776040915
0.007760582479
0.007761009085
0.007761450597
0.00776192794
0.007761927086
0.01105231352
0.9818192627
0.9880941213
0.9913396801
0.9928008401
0.9937011395
0.9941724722
0.9937460152
0.9897675353
0.9869640807
0.04587193476
0.01538492622
0.007757541975
0.007757989297
0.007758202737
0.007758458777
0.007758749561
0.007759065288
0.007759396582
0.007759735195
0.007760072469
0.007760403201
0.007760728282
0.007761047757
0.007761359641
0.007761661608
0.007761947319
0.007762189991
0.007762359979
0.007762408577
0.007762304151
0.007762016351
0.00776159505
0.007761215772
0.007760919765
0.007760416333
0.01052546214
0.9938575834
0.9947197722
0.01512555794
0.01290271678
0.9882781016
0.9932970656
0.9919941751
0.9806405956
0.01299243667
0.01433484091
0.9910524538
0.01313455254
0.007762608162
0.007762594589
0.0077615306
0.007760489124
0.008418945814
0.01116891862
0.9801375998
0.985393459
0.9889888028
0.9922551532
0.994350513
0.9949975284
0.9939300407
0.9893899667
0.01102926247
0.00776053626
0.007761090254
0.007761251409
0.007761111574
0.007760907811
0.007760703242
0.0077605343
0.007760428554
0.007760370695
0.007760385021
0.007760500822
0.007760577789
0.007760649433
0.007761030339
0.007761318923
0.009860115247
0.9868966195
0.9902216784
0.9891719438
0.9928118039
0.9959205535
0.9970423782
0.996568322
0.9935228231
0.9895934478
0.01351377055
0.008202271409
0.007761075515
0.007760518089
0.007760709722
0.007760754954
0.007760758639
0.007760746145
0.007760733274
0.007760720458
0.007760696873
0.007760657042
0.007760601345
0.00776053265
0.007760456316
0.007760377386
0.007760303309
0.007760239009
0.007760192772
0.007760166921
0.007760168901
0.007760191445
0.007760238942
0.007760277525
0.007760316583
0.00776031885
0.007760382911
0.007760426994
0.0077608536
0.007761141766
0.0077609929
0.008416974279
0.01072298722
0.955754096
0.9872996927
0.9919749168
0.993447287
0.9943472078
0.9948744657
0.9946149794
0.990929791
0.9768739159
0.02940117991
0.0153849285
0.007757544161
0.007757994341
0.007758209544
0.007758469103
0.007758763572
0.007759081916
0.007759414369
0.007759752215
0.007760083895
0.007760402939
0.007760712231
0.007761011047
0.007761299132
0.007761579844
0.007761850964
0.00776207613
0.007762238603
0.007762297021
0.007762231237
0.007761941214
0.007761454278
0.007761100001
0.007761000491
0.00776071941
0.007760340296
0.01125264792
0.9909296976
0.9931584533
0.9915941532
0.9935790366
0.9928744579
0.9823970296
0.01088057012
0.008579495358
0.008171491545
0.9493845657
0.9867651078
0.009297906601
0.007762167023
0.007761438614
0.008414849726
0.01086040825
0.9708466476
0.9833626812
0.9821973307
0.9772500153
0.9855655135
0.9894792992
0.9915762945
0.9909656753
0.9904564262
0.976949437
0.008481532504
0.007760682568
0.007760968521
0.007760955432
0.007760834466
0.007760678811
0.007760539204
0.007760457412
0.007760431563
0.007760481878
0.007760577843
0.007760691179
0.007760998438
0.007761404178
0.007761812349
0.007762184342
0.009545246826
0.9833661538
0.9896520326
0.9934234139
0.99626591
0.997499072
0.9975860036
0.9959949732
0.9833199294
0.009746082059
0.007761777748
0.007761550834
0.007760956572
0.007760793409
0.007760743419
0.007760739698
0.007760734711
0.007760721646
0.007760702479
0.007760672751
0.007760628326
0.00776056958
0.007760498615
0.007760421394
0.007760341745
0.007760268412
0.007760204081
0.007760159759
0.007760134215
0.007760142853
0.007760168141
0.007760232055
0.007760287302
0.007760372402
0.007760392962
0.007760588601
0.007760498117
0.007760971803
0.007760871951
0.008429979687
0.01058176551
0.9229741032
0.9765425354
0.9837051862
0.990036917
0.9920362673
0.9932034035
0.9940276041
0.9940571569
0.9922731624
0.9868122698
0.02934687689
0.01538493009
0.007757545792
0.007758000281
0.007758220281
0.007758486849
0.00775878756
0.007759109505
0.007759443189
0.007759780064
0.007760102866
0.00776040314
0.007760688807
0.007760957232
0.007761210938
0.007761463233
0.00776171737
0.007761911596
0.00776205713
0.007762128406
0.007762146026
0.007761899275
0.007761316921
0.007760906551
0.007760983342
0.007760711425
0.008518827903
0.01094587716
0.9820747445
0.9947125776
0.9956421737
0.994550757
0.9879835737
0.0114423812
0.008376052201
0.007761168111
0.007760877085
0.008850295874
0.9813045328
0.9763326561
0.008412292678
0.008803046577
0.01189111147
0.9828775904
0.9903634446
0.9902396136
0.9890165976
0.9862289174
0.9879310663
0.9864170085
0.9562840666
0.9840123495
0.9886657997
0.9886909149
0.01084964021
0.007760010489
0.007760636427
0.007760770384
0.007760742601
0.007760637788
0.007760518114
0.00776045757
0.007760467591
0.007760575381
0.007760640202
0.007760718851
0.007761215988
0.007761786796
0.007762275636
0.007765205867
0.009434938486
0.01707851735
0.9908905515
0.9938346616
0.9959305513
0.9972536909
0.9975193311
0.9964970603
0.9926363539
0.0117525041
0.007761126265
0.007761178654
0.007760867346
0.007760762111
0.007760709649
0.007760708655
0.007760713815
0.007760709194
0.007760691411
0.007760658752
0.007760609389
0.007760545846
0.007760469565
0.007760388222
0.007760303208
0.007760226637
0.007760156332
0.007760111895
0.007760082055
0.007760100243
0.007760134826
0.007760231438
0.007760306931
0.007760537646
0.007760561622
0.007761012571
0.007761215805
0.007766635505
0.009067343587
0.01203889363
0.9728980152
0.9827939538
0.981468153
0.9776709147
0.9847366205
0.9874893077
0.9886820668
0.9902795576
0.9910975128
0.990409589
0.9905501455
0.05676169545
0.01538493085
0.007757547073
0.007758007969
0.007758236277
0.007758513627
0.007758822729
0.007759148422
0.007759483462
0.0077598213
0.00776013362
0.007760409339
0.007760666298
0.007760894444
0.007761101487
0.007761320613
0.007761565818
0.00776170791
0.007761802999
0.007761845482
0.007761985711
0.007761816353
0.007761251456
0.007761017762
0.007762049719
0.008804847132
0.01202389796
0.9770728266
0.9875186394
0.9944911257
0.9957355635
0.9939303008
0.01462710183
0.008686868791
0.007761402457
0.0077612873
0.007760856471
0.007760416433
0.01175437193
0.9896016044
0.01889553853
0.01848898645
0.9914029422
0.9936941475
0.9944093831
0.9931155967
0.9923943044
0.9902563935
0.9367765044
0.01389683603
0.01046990405
0.8860325752
0.9901997963
0.992172941
0.9726741275
0.008317107163
0.007760456421
0.007760700575
0.007760712046
0.007760626565
0.007760493143
0.007760420266
0.007760424696
0.00776060715
0.007760596155
0.007760326809
0.007760557781
0.007760481028
0.008064379638
0.009712979166
0.01897748434
0.9917529402
0.9920951159
0.9934869966
0.994391909
0.9959478639
0.9964592734
0.9956827027
0.9944976759
0.9906801163
0.008906715519
0.007760988409
0.007760743669
0.00776071244
0.007760688671
0.007760692994
0.007760702273
0.007760703436
0.007760688101
0.007760653882
0.007760599009
0.007760529284
0.007760444516
0.007760356357
0.007760260082
0.007760177373
0.007760092617
0.007760043683
0.007760003714
0.007760027998
0.007760043076
0.007760201989
0.007760165634
0.007760411074
0.007760350509
0.007761344508
0.008247996926
0.01060507397
0.0286641804
0.9922585924
0.9915739721
0.9893164959
0.9831535937
0.979416233
0.9808710955
0.9805413051
0.9761758634
0.9766693679
0.982809242
0.986861627
0.9903295556
0.9784924093
0.01538493068
0.007757548659
0.007758019465
0.007758260327
0.007758552583
0.007758871042
0.007759198635
0.007759534724
0.007759878394
0.007760179633
0.007760427371
0.007760658731
0.007760835953
0.007760977695
0.007761160382
0.007761420577
0.007761487914
0.007761482495
0.007761343278
0.007761498791
0.007761235834
0.00776042457
0.008045590909
0.009524788399
0.01598875623
0.9904452749
0.9914607973
0.9903964553
0.9913496349
0.9909913342
0.9879980287
0.01169198203
0.007761690878
0.007761927807
0.0077615427
0.007762229202
0.008347204913
0.009837074193
0.9763318659
0.9915167323
0.9947517176
0.9955122634
0.9956760404
0.9949079312
0.9924712103
0.981939079
0.0154254901
0.009817356841
0.008290307824
0.007763185158
0.009707316295
0.9920507824
0.9944847321
0.9917951599
0.01101837352
0.007760333653
0.007760763364
0.007760783844
0.007760685094
0.007760510892
0.007760400119
0.007760317704
0.007760576832
0.007760623078
0.007760228943
0.007760948096
0.008437588624
0.0105431957
0.7507744543
0.9930664896
0.9940268376
0.9928659495
0.9927964242
0.9940327075
0.9949483548
0.994650965
0.9928189502
0.9943502426
0.9953323752
0.01753804306
0.007761808855
0.007760635742
0.007760666622
0.007760655675
0.007760674123
0.007760692015
0.007760701863
0.007760690986
0.007760656728
0.007760595735
0.007760519578
0.007760422496
0.007760326883
0.007760211817
0.007760119119
0.007760011341
0.007759952699
0.007759872181
0.007759936872
0.007759835195
0.007759986731
0.007759871299
0.007760437305
0.008143222337
0.009609055347
0.01592029011
0.9845001866
0.9952256409
0.9957581496
0.9943322575
0.9912512563
0.9876497482
0.985482724
0.983243672
0.9788676572
0.9549215423
0.9375994571
0.9038925085
0.9832871642
0.9918406721
0.9859389897
0.01538492979
0.007757552043
0.007758038545
0.007758297226
0.007758609272
0.007758935076
0.007759258237
0.007759594612
0.007759954057
0.007760239798
0.007760455985
0.007760687758
0.00776081237
0.007760852617
0.007760995899
0.007761340183
0.007761298119
0.007761272019
0.007760865415
0.007761027888
0.00776050842
0.008236185775
0.01025801505
0.5440245786
0.9930219379
0.9948805894
0.9935614716
0.9890202408
0.9841222541
0.01580143071
0.9676361447
0.971728237
0.008570928735
0.007764249839
0.008328617723
0.009988915404
0.01582950419
0.977214995
0.9878692478
0.9942631359
0.9957717612
0.9959226358
0.9950963222
0.9932579855
0.7354130312
0.01052294331
0.008446630545
0.007763108384
0.007762326539
0.007762084577
0.007761530238
0.01472444484
0.9948267803
0.9949780516
0.9883619657
0.008582754435
0.007760930731
0.007761010227
0.007760851714
0.007760585052
0.007760491493
0.007760183021
0.007760330867
0.00775988609
0.008033465206
0.009334423326
0.01506638834
0.9874808159
0.9928384449
0.9945712938
0.9943730374
0.993124754
0.9924380018
0.9924809357
0.9922569142
0.02388491657
0.01525106334
0.9943357485
0.9961907657
0.9943227346
0.009951058797
0.007760306551
0.007760525408
0.007760544551
0.007760616389
0.007760666241
0.007760699075
0.00776069886
0.007760667514
0.007760598369
0.007760517768
0.007760404132
0.00776030086
0.007760160414
0.007760058133
0.007759892478
0.007759860447
0.007759661618
0.007759718272
0.007759584418
0.007760059927
0.008115380804
0.009383976583
0.01431687681
0.9769519569
0.9938774585
0.995649634
0.9957354826
0.9957115995
0.9942150391
0.9929908538
0.9933516028
0.9919358335
0.9893637997
0.9863942783
0.9751813224
0.9767017949
0.9403623085
0.9553009848
0.9922677884
0.9900250601
0.01538493021
0.007757560764
0.007758071306
0.007758353654
0.007758693622
0.007759019277
0.007759320522
0.00775965569
0.007760055847
0.007760307384
0.00776047077
0.007760765963
0.00776088213
0.007760787256
0.007760829412
0.007761422446
0.007761227535
0.007761288059
0.007761137035
0.007765135411
0.009003188641
0.01186619009
0.971302338
0.9922923506
0.9948362846
0.9946385712
0.989817118
0.8029367624
0.01085712914
0.008802478989
0.01087493556
0.9808481843
0.01230469072
0.01124749163
0.0216095185
0.9853964033
0.9935820462
0.9944375898
0.9942417415
0.9957710546
0.9959343346
0.9947071206
0.9912947349
0.01664645185
0.009564646208
0.008062732022
0.007761841804
0.007761875323
0.007761989097
0.007761725496
0.007760645513
0.008574986404
0.9882149441
0.9949587298
0.9948666203
0.01481805339
0.007761602641
0.007761428048
0.007761236704
0.007760765861
0.007760814178
0.007760670591
0.007763302389
0.008693270855
0.01093090111
0.8657805542
0.9925804918
0.9952408746
0.9953740523
0.9955578937
0.9942208738
0.9927738918
0.9898343156
0.8994720226
0.01189512491
0.009160902604
0.007769299345
0.01571962345
0.9955807502
0.9957494031
0.987089402
0.008385697287
0.007760128597
0.007760314889
0.00776052536
0.007760633752
0.00776070421
0.007760717049
0.007760690438
0.007760607709
0.007760523431
0.007760391185
0.007760290758
0.007760088279
0.007760027359
0.007759736817
0.007759669082
0.007759449169
0.007759839706
0.008101271853
0.009296326398
0.01382366171
0.9728812311
0.9933038522
0.9954299889
0.9956813113
0.9963511832
0.9961229891
0.9957020375
0.9949063555
0.9939306086
0.995020101
0.9957776875
0.990618029
0.9806301599
0.7879779266
0.9330625747
0.01595046785
0.9415664294
0.9906506309
0.9900417186
0.01538494069
0.007757584081
0.007758127818
0.007758435322
0.007758820973
0.007759136575
0.007759375271
0.007759693862
0.007760197464
0.007760385701
0.007760413985
0.007760842643
0.007761032624
0.007760892014
0.007760758899
0.007761368539
0.00776079577
0.007761770096
0.008247205551
0.01032907301
0.02406823822
0.9917802285
0.9921615232
0.9932189392
0.9925339287
0.9880360827
0.01308040128
0.009948565931
0.009461201402
0.01017954133
0.01564750198
0.9895719681
0.987954174
0.9872447868
0.9954958802
0.9959254461
0.995225772
0.9954314388
0.9945272747
0.9956322287
0.995084878
0.9765713181
0.01134044283
0.008711548232
0.007763005739
0.007762158476
0.007762167667
0.007761848724
0.007761660743
0.007761350075
0.007760508041
0.0077597176
0.01099370213
0.9916002405
0.9944412865
0.9915719195
0.009573670812
0.007761183346
0.007761468855
0.007760747866
0.007760787829
0.008177133424
0.01012152747
0.02214230013
0.9918844104
0.9939321358
0.995130512
0.99628007
0.9955357931
0.9951989503
0.9928039157
0.9418579154
0.01299642002
0.009312257078
0.008125776626
0.007763228854
0.007763100311
0.008341589925
0.9857668738
0.9957241237
0.9957591509
0.01557974185
0.007760803019
0.007760326427
0.007760569354
0.007760657977
0.007760746638
0.007760757527
0.007760727931
0.007760623517
0.007760546231
0.007760358633
0.007760336019
0.007760022411
0.007759933537
0.007759628353
0.007759957264
0.008101906598
0.009248615059
0.01354388153
0.9698526925
0.9930146617
0.9953436006
0.9957106622
0.9964979096
0.9964320135
0.9967438967
0.9961040108
0.9953130896
0.9943255405
0.9903275227
0.9767649428
0.02468353364
0.01418166869
0.009843744661
0.009145965249
0.008609213561
0.008436514302
0.01305216679
0.9921712951
0.9877033349
0.01538499269
0.007757644878
0.007758228622
0.007758540846
0.007759003331
0.007759311538
0.007759441455
0.007759667709
0.007760347421
0.007760470502
0.007760269179
0.007760730834
0.007760812851
0.00776088685
0.00776196663
0.007778019878
0.008423654359
0.01003703397
0.01629405012
0.978267058
0.993906563
0.9945714488
0.9922485943
0.9887208949
0.9756761954
0.01274061953
0.01230034383
0.01566155203
0.9034496793
0.9717703576
0.9930688879
0.9951268325
0.9952617559
0.994844695
0.9956105046
0.9956866758
0.9946578295
0.9943667978
0.9917074735
0.9835840994
0.02040668983
0.01018286891
0.008079392211
0.007762973664
0.007762606333
0.007762362497
0.00776220341
0.007761699162
0.007761521126
0.007761261065
0.007760601479
0.007760006089
0.008346743545
0.9715179644
0.9917554447
0.9910419356
0.9816574981
0.008620942988
0.007761821739
0.00810354376
0.009226490393
0.01373407441
0.9774000086
0.9947011441
0.9962060132
0.9961435347
0.9962819463
0.9965259466
0.9954967624
0.9843067908
0.01528817805
0.009439774718
0.008139066708
0.007762432299
0.007763378518
0.007763867304
0.007762838524
0.007760839869
0.009767613166
0.9940962698
0.9964876176
0.9941275654
0.009779300501
0.007760162292
0.007760600804
0.007760657959
0.0077607972
0.007760809802
0.00776078251
0.007760609903
0.00776061746
0.007760327732
0.007760308517
0.007760025078
0.007760656684
0.008165594288
0.009354415414
0.01366823174
0.9682091794
0.9927811782
0.9952600893
0.9956945592
0.9965413031
0.9965844693
0.9969947712
0.9966934723
0.9968838548
0.9963456981
0.9878345428
0.75879624
0.01262496967
0.009150709593
0.008291895423
0.007775552988
0.007771079343
0.007768466349
0.00776678282
0.007764983803
0.01180088494
0.9942553673
0.9896518244
0.01538522472
0.007757792298
0.007758416492
0.007758667508
0.007759217832
0.0077595171
0.007759567568
0.007759691631
0.007760268511
0.007759992314
0.007760015366
0.00776191388
0.008093852184
0.008413311517
0.00957921327
0.01548465074
0.05638644298
0.9890631683
0.9942701968
0.9948198574
0.9934753946
0.9921585576
0.9803344692
0.9778619188
0.02822858676
0.9709788221
0.9819930572
0.9941164814
0.9941621803
0.9929319323
0.9934944977
0.9951212099
0.9958014257
0.996082278
0.9961382348
0.9956297133
0.9841576833
0.8014145398
0.01325748811
0.009517534963
0.008350696378
0.007767354411
0.007766467104
0.007765515448
0.007763896541
0.007762929318
0.007762316278
0.007761603229
0.007761449816
0.007761300158
0.007760733011
0.00776032385
0.00776045222
0.01139950148
0.9865117354
0.9868165365
0.9909238001
0.01761547193
0.0093702876
0.0119978966
0.8468595539
0.9919363464
0.9946324022
0.9951798131
0.9962299023
0.9952131392
0.9943586597
0.9934170105
0.03159300736
0.01068517924
0.008250686374
0.007762562065
0.007762717201
0.007763009613
0.007763585745
0.007763899888
0.007762828111
0.007761371691
0.00776111972
0.01550206383
0.9957424588
0.9957260892
0.9859868143
0.00835089422
0.007760503554
0.007760613699
0.007760898274
0.007760859453
0.007760887092
0.007760575455
0.007760571168
0.007760314286
0.007761239639
0.00822553091
0.009687614385
0.01532323432
0.9753704879
0.9928383455
0.9951753388
0.9956155067
0.9965134753
0.9965959314
0.9970337858
0.9967731535
0.9969506843
0.9963017985
0.9917694544
0.03569878121
0.01193953103
0.008499520619
0.008059324663
0.007775372006
0.007776914132
0.007774838512
0.00777394094
0.007771732062
0.007768489836
0.007765002964
0.01057886144
0.9923546963
0.9882149653
0.01538644621
0.007758184947
0.007758704334
0.007758866537
0.007759394969
0.0077593918
0.007759605461
0.007760992077
0.007785427268
0.008280135479
0.008827037223
0.01185341894
0.01931266976
0.9719382626
0.9865061476
0.9944304053
0.9972024913
0.9969161313
0.9959737696
0.9956588784
0.9940007956
0.9915336066
0.986139299
0.9816835549
0.991233119
0.9930717568
0.9923261899
0.9933948959
0.9943355215
0.9945553023
0.9937070877
0.9929463289
0.9932131553
0.9931207409
0.9909448203
0.02711199241
0.01149810774
0.00852510019
0.008077172553
0.007768183493
0.007769503746
0.007768924663
0.007768221443
0.007766982125
0.007765196283
0.007764065705
0.007763391914
0.007762241638
0.007761348554
0.007760871917
0.007760610287
0.007760988504
0.007762682285
0.009446342983
0.9741899306
0.9836496955
0.9884291269
0.9886068132
0.9707082503
0.9856702397
0.9924067291
0.9943031604
0.9954395776
0.9955192632
0.9957200395
0.9937751747
0.9521074198
0.0114350327
0.008925981899
0.007768704589
0.007763652198
0.00776329087
0.007763417898
0.007763641661
0.007763619183
0.007763544214
0.007762775396
0.007761884169
0.007761587692
0.008383477086
0.9869111143
0.9957015835
0.9956453076
0.0158071376
0.007761849483
0.007760936822
0.007761314557
0.007760994184
0.007760865994
0.007760507823
0.007761458155
0.008244329321
0.009866144631
0.01666070455
0.9818661781
0.9939850144
0.9954060757
0.995449357
0.9963772813
0.9965200233
0.9970223074
0.9967995811
0.9969954541
0.9963694165
0.9918229565
0.03093785427
0.01117886652
0.00849829835
0.007788173298
0.007784574965
0.007786895475
0.007783440812
0.007781926218
0.007778076337
0.007774235923
0.007770995706
0.007767656014
0.007764060354
0.009928710867
0.9889076784
0.984489699
0.01540388456
0.007759891542
0.007758899317
0.007759088601
0.007762255323
0.008125851212
0.008523588859
0.009943989346
0.01677605133
0.09026036024
0.9892992455
0.993018663
0.996650437
0.9967500885
0.9963862054
0.9967310408
0.9970284053
0.9971071936
0.9964282318
0.9958003306
0.9948218882
0.9936598714
0.9923444704
0.9921420347
0.9924323569
0.9940006804
0.9927543121
0.9918110243
0.9912741781
0.9935633654
0.9938491795
0.98819461
0.9770994049
0.9811087517
0.01187763702
0.008572573441
0.007771183754
0.007767726531
0.007769749892
0.007768811216
0.007768154713
0.007767558734
0.007766495499
0.007765610749
0.007764734733
0.007764447026
0.007765113887
0.007767897785
0.007778886998
0.008211533142
0.008427880298
0.009182297832
0.01147022963
0.01623336103
0.9840366062
0.9897762429
0.9924240706
0.9932643457
0.9922496246
0.9913122451
0.9930446921
0.9946357307
0.9944513401
0.993071124
0.9908066486
0.01859977762
0.009695141188
0.008055406095
0.00776206204
0.007762930616
0.007763399989
0.007763441196
0.007763412101
0.007763571007
0.007763575125
0.00776340044
0.007762828827
0.007762231827
0.00776268209
0.007762971902
0.01002904249
0.9941947787
0.9961069882
0.9946708002
0.01110697991
0.00776130014
0.007761741087
0.00776107607
0.007761858574
0.008252261755
0.009898484414
0.0169531953
0.9830327826
0.9943613073
0.9956217413
0.9957019758
0.9962661215
0.9961756236
0.9968221444
0.9967384145
0.997016347
0.9964500283
0.9920979282
0.03281770101
0.01125013866
0.008494026527
0.007798208774
0.007797610459
0.007798619688
0.007796132568
0.007793468133
0.007787593551
0.007782426178
0.007777797648
0.007773714358
0.007770247088
0.00776708021
0.007763723717
0.00948421812
0.9821828043
0.9778201077
0.01544833985
0.007847054174
0.008234987193
0.008902896403
0.0126091233
0.02628601461
0.9863301238
0.9921237015
0.9961085497
0.9977962551
0.9977067691
0.9973479788
0.997497636
0.9976852065
0.9975113488
0.9974393038
0.997271654
0.9970047256
0.9967143541
0.9963478452
0.9957799095
0.995217263
0.9946952905
0.9944163327
0.9941340385
0.9934470779
0.9921037784
0.9891364165
0.9806849192
0.9765008834
0.02923729786
0.01861603478
0.01411404395
0.01371008941
0.01238897332
0.009863186087
0.01009005097
0.0102386964
0.01039332892
0.0105604361
0.0107417681
0.01093947732
0.0111559748
0.01140003254
0.01169422034
0.01209912335
0.0127973147
0.01453667622
0.02450021395
0.04289799163
0.9720347787
0.9721349601
0.9884492456
0.9942897939
0.9943973391
0.9945032339
0.9951420573
0.995622177
0.995436763
0.9947609739
0.9948638559
0.9951870356
0.9938040571
0.9135501078
0.01089456954
0.008654764554
0.007763508623
0.00776264952
0.007763363475
0.007763539703
0.007763284197
0.007763139553
0.007763204539
0.007763420295
0.007763575989
0.007763564706
0.007763294052
0.007762697311
0.007762682827
0.007763407981
0.007767501539
0.02108683369
0.9949327627
0.9937146758
0.9898065749
0.009798487409
0.007764375886
0.008337965125
0.01003282698
0.01725414626
0.9830098493
0.9943559102
0.9955926937
0.9956371634
0.9961280446
0.9960052425
0.9961831571
0.9963696891
0.996888858
0.9965143574
0.9925213958
0.03710094258
0.01143788445
0.008534378861
0.007816910339
0.007817731939
0.007820413237
0.007814889894
0.007807570898
0.007799945768
0.007793516635
0.007787127874
0.007781723051
0.007777117405
0.007773268021
0.007769925105
0.007766957804
0.007763953305
0.009162105033
0.9651587024
0.9659516222
0.07362938065
0.01847985975
0.4328292084
0.9921453345
0.995384371
0.9976158773
0.9977935846
0.9976599661
0.9979039047
0.9981198248
0.9982479559
0.9980971849
0.9980281839
0.9979447137
0.9979011826
0.9978214859
0.9976216839
0.9973612413
0.9971180707
0.9968836954
0.9965705136
0.9962527035
0.995958626
0.9957038886
0.9953713148
0.9948197617
0.9940097997
0.992974242
0.9917126917
0.99073421
0.9929089671
0.994605596
0.9941847048
0.9942766895
0.9937283959
0.9930960017
0.9933718323
0.9939173923
0.9943429498
0.9947110029
0.9950411703
0.995341382
0.9956166003
0.995871796
0.9961131838
0.9963489052
0.9965895793
0.996850359
0.9971610459
0.9976589671
0.9967017835
0.9948696169
0.9942699421
0.9941448713
0.9946461709
0.9948004017
0.995305835
0.9956295579
0.9955767289
0.9951560279
0.9940494464
0.9921100183
0.02153228935
0.009886578836
0.008061864035
0.007762699408
0.007762931148
0.007763084564
0.00776310598
0.00776284442
0.007762377943
0.007762141452
0.007762268553
0.00776255074
0.007762840689
0.007763127091
0.007763504026
0.007764690727
0.007768494069
0.008253165315
0.008740524701
0.01278791079
0.9924624574
0.9914548501
0.9890421105
0.9704675293
0.01248662902
0.02143836412
0.9852252758
0.9943941341
0.9955204113
0.9955141007
0.9959700948
0.9957171395
0.995659293
0.9956376732
0.9951800352
0.9943528979
0.993592888
0.1000249883
0.01206859528
0.008628117588
0.007846534457
0.007847922097
0.007853992413
0.007844638226
0.007832404422
0.00781967856
0.007808276654
0.007799053832
0.007791942262
0.007785833569
0.007780827846
0.007776651241
0.007773201022
0.007770206792
0.007767474312
0.00776492638
0.009250597806
0.9478800449
0.938537716
0.9957755048
0.9976993015
0.9983086467
0.9983885986
0.9983240323
0.9984641442
0.9985909038
0.9985284604
0.9985132612
0.9984726239
0.9984272672
0.9984055119
0.9983607711
0.9982676631
0.9981871027
0.9980974704
0.9979386519
0.9977400083
0.9975488998
0.9973705342
0.9971771762
0.9969840681
0.9967995534
0.9966208407
0.9964072054
0.996135641
0.9958508871
0.9956361408
0.9955693326
0.9956978227
0.9959017729
0.9965627153
0.9967720887
0.9968524165
0.9968088854
0.9966633212
0.9966227996
0.9967374395
0.9968683543
0.9969915383
0.9971066506
0.9972144167
0.9973149999
0.9974078248
0.9974912355
0.9975617282
0.9976125435
0.9976313502
0.9975972877
0.9974851238
0.997285996
0.9963882469
0.9955716747
0.9947476435
0.9942402249
0.9943158424
0.9943023618
0.9939607394
0.9936033468
0.9925070147
0.989400551
0.01293733217
0.008907790817
0.007766269862
0.007764421345
0.007764527299
0.00776471094
0.007767687516
0.007776705671
0.008188869817
0.008345961857
0.008719743682
0.009027022041
0.009345972064
0.009673262267
0.01004768959
0.01056982137
0.01162785046
0.01609813004
0.0226958698
0.912157703
0.9730373039
0.990520629
0.9927417995
0.991761983
0.9897808758
0.9880629964
0.9951962599
0.9955579239
0.9952991442
0.9957942604
0.9955461184
0.9954739709
0.9954357053
0.9947287324
0.9940725692
0.9912006306
0.8433525657
0.01147583925
0.009123370352
0.007926219601
0.007895949317
0.007906683547
0.007891260585
0.007871397035
0.007851382593
0.007833234269
0.007818202845
0.007806524644
0.00779740853
0.007790389498
0.007784674943
0.007780089639
0.007776377098
0.007773398982
0.007770933372
0.007768600636
0.007765340082
0.00898236274
0.7371479448
0.9448003615
0.9972464674
0.9986439798
0.9988911849
0.9989890701
0.9989533559
0.9989275492
0.9988916895
0.998870118
0.9988362361
0.9987658656
0.9986930578
0.9986417878
0.9985928834
0.9985151486
0.9984298551
0.9983340433
0.9982074046
0.9980604003
0.9979149612
0.9977780828
0.9976440345
0.9975168613
0.9973970598
0.9972817904
0.9971600497
0.9970342639
0.9969316393
0.9968829166
0.9969016883
0.9969725348
0.9970417742
0.9971239007
0.9972753955
0.9973867592
0.9974004619
0.9973360115
0.9972787298
0.9972878146
0.9973321639
0.997386176
0.9974405199
0.997492184
0.9975393137
0.9975795092
0.9976088384
0.997620865
0.9976055408
0.9975483218
0.9974319289
0.9972511934
0.9970355377
0.9967864218
0.9963362443
0.9957151195
0.9951256999
0.99456138
0.9935076495
0.990756663
0.9833922731
0.9699393422
0.01551028919
0.01135828031
0.009682127377
0.01017703912
0.01071192397
0.01139307584
0.01239042964
0.01440385629
0.02402420511
0.03742564576
0.9648207424
0.9520447061
0.9805853249
0.9869408067
0.9901537585
0.9920594178
0.9933774431
0.9944006808
0.995314156
0.9964585082
0.9949493275
0.9921125496
0.9932941138
0.9945993162
0.9950657222
0.9950096415
0.9946098213
0.9948771437
0.9952203056
0.995032877
0.9951586605
0.995305458
0.9946440158
0.9941529917
0.9914871516
0.939329453
0.01273169962
0.009255109175
0.008258710303
0.007962431395
0.007999270009
0.007966290844
0.007932869697
0.007901497169
0.007873310811
0.007849340556
0.007830876543
0.007816074669
0.007804797411
0.007796052422
0.007789312586
0.007783935416
0.007779686529
0.007776333872
0.007773732261
0.007771718915
0.007770292379
0.007768066232
0.008987653582
0.9336012402
0.9539041518
0.9980690428
0.998995488
0.9991519828
0.9992044746
0.9992084083
0.9991814196
0.9991325599
0.999087412
0.9990411485
0.9989752921
0.9989036592
0.9988399783
0.998778638
0.9987063662
0.9986258549
0.9985355684
0.9984306364
0.9983171743
0.9982050172
0.9980991879
0.9980003235
0.9979105638
0.9978296337
0.9977558744
0.9976866912
0.9976259952
0.9975852826
0.9975737232
0.9975908328
0.9976236882
0.9976501181
0.9976731357
0.9977205558
0.9977771214
0.997791595
0.9977608886
0.9977200886
0.9976986735
0.9976957087
0.9977033637
0.9977145739
0.9977254502
0.9977334678
0.9977359232
0.9977289667
0.997706944
0.9976622027
0.9975862758
0.9974749651
0.997340996
0.9972178611
0.9971054035
0.9969187987
0.9966208868
0.9962951589
0.9959172095
0.9952840545
0.994086229
0.9920999902
0.9895959803
0.9909816188
0.9925932732
0.9930581039
0.9940129656
0.9949843698
0.9957219524
0.9962998628
0.9967648153
0.9971656335
0.9976618333
0.9967200606
0.9950560727
0.9947305048
0.994848991
0.9951419099
0.9954431195
0.9956871822
0.9958333962
0.9958351037
0.9956514758
0.9953497948
0.9941699231
0.9943011268
0.9952138792
0.9958246679
0.9959733931
0.9957787912
0.9955982844
0.9949889526
0.9951392251
0.9945786163
0.9942690878
0.9919335416
0.953893609
0.01340154787
0.009530603129
0.008447398511
0.008069912802
0.008143310969
0.008082185421
0.008034618578
0.00798405786
0.007937588404
0.007899050003
0.007870798027
0.007846810723
0.00782897081
0.007814583069
0.007803851319
0.007795433194
0.007788990285
0.007783856019
0.007779831023
0.00777672661
0.007774394794
0.007772714706
0.007772091237
0.007773437896
0.008324770977
0.9086035942
0.04986142432
0.9986833143
0.9992778811
0.9993540406
0.9993764157
0.9993677396
0.999338867
0.9992932365
0.999243018
0.9991897397
0.9991278984
0.9990614045
0.9989957857
0.9989298812
0.9988590733
0.9987831444
0.998700726
0.9986112155
0.9985188028
0.9984288611
0.9983448876
0.9982688144
0.9982023666
0.9981456661
0.9980979333
0.9980584055
0.9980289218
0.9980133215
0.9980133106
0.9980259995
0.9980435855
0.9980564146
0.9980652631
0.9980803296
0.9980973585
0.9980974266
0.9980746388
0.9980411109
0.9980097675
0.9979838174
0.997962753
0.9979441552
0.9979256803
0.9979054758
0.9978816912
0.9978519666
0.9978132138
0.9977620365
0.997696537
0.9976205129
0.9975487787
0.9975009819
0.9974709016
0.9974189683
0.9973308484
0.9972296564
0.9971124394
0.9969443012
0.9967208655
0.9965264043
0.9964827905
0.996528503
0.9968470191
0.9969557187
0.9970547034
0.9972209437
0.9973792399
0.99750599
0.9975866025
0.9976009811
0.9975337397
0.9974023882
0.9967149142
0.9962697362
0.9959792959
0.9958348558
0.9957574374
0.9956775613
0.9955270723
0.99524098
0.9948097035
0.9944273847
0.9944302379
0.9946942456
0.9952030344
0.9957133724
0.9959033261
0.9957599472
0.9959328091
0.9950129984
0.9946805553
0.9929062947
0.9662526702
0.01414943319
0.01008124026
0.008942305585
0.008272499073
0.008409208849
0.0082787335
0.008205231701
0.008117371797
0.0080508827
0.007985367372
0.007940625082
0.007899219617
0.007871304048
0.007846151026
0.007829036655
0.007814400465
0.007804188888
0.007795917592
0.007789762068
0.007784768821
0.00778081707
0.007777826341
0.007775717007
0.00777426516
0.007774299482
0.007776897696
0.007782080933
0.01911041562
0.9712582444
0.999149548
0.9994874255
0.9995083839
0.9995033796
0.9994817484
0.9994480011
0.9994043562
0.9993552266
0.9993018931
0.9992433059
0.9991810545
0.9991170308
0.999051033
0.9989817529
0.9989091392
0.9988328291
0.9987534719
0.9986741093
0.9985983738
0.9985290907
0.9984683048
0.9984175183
0.9983771197
0.9983467268
0.9983257538
0.9983143233
0.998312767
0.9983200153
0.998332932
0.9983466345
0.9983561952
0.9983610718
0.9983642673
0.9983637738
0.9983524835
0.9983278451
0.998293963
0.9982561814
0.998217112
0.9981779781
0.9981387444
0.9980988046
0.9980575053
0.998014311
0.9979688177
0.9979209082
0.9978713203
0.9978229083
0.9977824829
0.9977612388
0.9977681784
0.9977964263
0.9978258862
0.9978482822
0.9978679532
0.9978819006
0.9978822216
0.9978712833
0.9978655978
0.9978760995
0.9978768683
0.9978380633
0.9977871115
0.9977349005
0.9976943874
0.9976577224
0.9976103311
0.9975373787
0.9974237337
0.9972713367
0.9971280668
0.9970099054
0.9967775799
0.9964873998
0.996229157
0.9959910768
0.9957451686
0.9954581672
0.9951096996
0.9947432961
0.9945171396
0.9945424781
0.9946576135
0.9947703584
0.9949541508
0.9950733294
0.9952175065
0.9954823625
0.9934367035
0.9813509529
0.01543515261
0.009626023252
0.008513936336
0.00847080125
0.008898724504
0.00857330118
0.008371583228
0.008246816741
0.008163387546
0.008073091505
0.008016629267
0.007955937518
0.007916353774
0.007880361301
0.007855837464
0.007834453495
0.007818791643
0.007806547603
0.007797328769
0.007790739728
0.007785703228
0.007781945878
0.007778852664
0.007776259374
0.007774410475
0.007773286657
0.007773356844
0.007776770724
0.007781783206
0.01457117647
0.9895871725
0.9995160065
0.999641833
0.999619118
0.9995931035
0.9995621039
0.9995259094
0.9994843831
0.9994383409
0.9993878333
0.9993327246
0.9992738836
0.9992121005
0.9991473959
0.9990795727
0.9990089346
0.9989359393
0.9988619564
0.9987896899
0.9987222359
0.998662279
0.9986118865
0.9985723944
0.9985441705
0.9985268366
0.9985196269
0.9985216841
0.9985316909
0.9985472427
0.9985648853
0.9985807674
0.9985917922
0.9985970368
0.9985967071
0.9985890662
0.9985711024
0.9985421097
0.998504116
0.9984597372
0.9984108464
0.998358821
0.9983043798
0.998247783
0.9981891981
0.9981291024
0.9980687119
0.9980105173
0.9979589529
0.9979209784
0.9979057947
0.9979221835
0.9979725319
0.9980477008
0.9981327316
0.9982188213
0.9983023402
0.9983781908
0.9984414354
0.9984901461
0.9985228433
0.9985328786
0.9985058162
0.9984306722
0.9983176231
0.9981882989
0.9980464607
0.9978910728
0.9977218276
0.9975401675
0.9973568476
0.9972025044
0.9971198439
0.9970879165
0.9969898971
0.9967712169
0.9964884034
0.9961654664
0.9958125686
0.995447209
0.9951143654
0.9948995441
0.9948763461
0.9949582639
0.9948861964
0.9944082758
0.9932713279
0.9911862758
0.9891369777
0.9901066268
0.02271151301
0.01193133494
0.009775631935
0.008888953328
0.009285794265
0.01076647271
0.0109178837
0.009869557413
0.0102060063
0.009815677759
0.01010509215
0.009763862193
0.01005146175
0.009448380211
0.009776623628
0.0093327586
0.009694657595
0.009197767157
0.009630249436
0.009146542161
0.009497146328
0.009235648365
0.009429529885
0.009380608676
0.009495662128
0.009599769467
0.009530352945
0.009563937288
0.009552187878
0.009941520777
0.009364034597
0.01206040123
0.9758151746
0.9990971644
0.9995340638
0.9993747415
0.9992831389
0.999210708
0.9991404264
0.9990645866
0.9989806668
0.9988870426
0.9987831434
0.9986706238
0.998551066
0.9984247933
0.9982917487
0.9981527065
0.9980088854
0.9978632955
0.9977214929
0.9975899573
0.9974745425
0.9973798076
0.9973086338
0.9972617453
0.9972381831
0.9972360454
0.9972530211
0.9972857218
0.997328629
0.9973742387
0.9974146169
0.9974437249
0.9974594981
0.9974617711
0.9974473405
0.997410947
0.9973512676
0.9972716074
0.9971764446
0.9970691898
0.9969526595
0.9968286569
0.996698077
0.9965614814
0.9964200444
0.9962768332
0.9961384828
0.9960171475
0.995931824
0.995906624
0.9959625414
0.996102987
0.9963053331
0.9965346952
0.9967672265
0.9969907029
0.9971933897
0.9973659653
0.9975041528
0.997602859
0.9976464694
0.9976077833
0.9974642346
0.9972229467
0.9969157421
0.9965566672
0.9961420169
0.9956720077
0.9951625553
0.9946700831
0.9943138376
0.9942110597
0.9942854301
0.9942592663
0.9939619931
0.993425999
0.9927041778
0.9918490334
0.990948996
0.9901886077
0.989850068
0.990096578
0.9906383354
0.9908376227
0.9900140314
0.9869068862
0.9758743926
0.93330939
0.03877358443
0.03338182844
0.9720215625
0.03068953402
0.9640144319
0.02478214665
0.9542870019
0.1229829614
0.93757039
0.2211079639
0.9241821624
0.2490742833
0.9208081631
0.2601047354
0.8960414895
0.3306341516
0.8598263545
0.3526798111
0.8479218514
0.3927995714
0.7897074612
0.5006850254
0.7000554915
0.5938812933
0.6422731958
0.6275150543
0.610710845
0.5904198449
0.6695134894
0.6131807224
0.6581193637
0.5580576303
0.8458846009
0.07672901302
