0.9981249687
0.9985868941
0.9979763263
0.9976266634
0.9972910562
0.996953966
0.9965760499
0.99612709
0.9956085344
0.9950499661
0.9944805575
0.9939089464
0.9933236949
0.9927058309
0.9920498027
0.9913855006
0.9907766392
0.9902804407
0.9899035341
0.9896065169
0.9893419649
0.9890912893
0.9888807498
0.9887659323
0.9887864002
0.9889076815
0.9890323126
0.9890718186
0.9890102489
0.9888912168
0.988768872
0.9886774954
0.9886329017
0.9886499541
0.9887586563
0.9890071696
0.9894437146
0.9900778886
0.9908373329
0.9915680584
0.9921328006
0.9924598667
0.9925093232
0.992268421
0.9917399226
0.9909181075
0.989823806
0.9885547054
0.9872785996
0.9861733483
0.985331827
0.9847177638
0.9842225982
0.9836967379
0.9830100847
0.9820717798
0.980811997
0.9792762366
0.9775850146
0.9758926317
0.9744564636
0.9736503432
0.9736539597
0.974240509
0.9751135537
0.9761934912
0.977470118
0.9786227845
0.9793126945
0.9795706978
0.9795987236
0.9795032934
0.9794090065
0.9794441858
0.9794888238
0.9793800018
0.979139566
0.9790019207
0.9792577795
0.9798027568
0.9795013649
0.9774403965
0.9735400196
0.9648770373
0.9413376264
0.8988108615
0.8086385791
0.507871362
0.1503456316
0.08980082184
0.07501354289
0.06753346787
0.06577964961
0.06528437737
0.06556161812
0.06555610318
0.06557094261
0.06555890765
0.06551192459
0.06545346744
0.06536568563
0.06524919633
0.06510979388
0.0649586505
0.06480725976
0.06466400058
0.06453472566
0.06442270812
0.0643283532
0.06425084479
0.06418833497
0.06413910952
0.06410136911
0.06407344366
0.06405378242
0.06404084916
0.06403310172
0.06402908649
0.06402749728
0.06402650893
0.175176338
0.9977715058
0.9990992701
0.9989416707
0.9989740785
0.998917956
0.9987618445
0.9985202088
0.9982194652
0.9978986071
0.9975975891
0.9973479385
0.9971653778
0.9970483327
0.9969821357
0.9969430802
0.996901847
0.9968358005
0.9967449242
0.9966450804
0.9965482001
0.9964550639
0.9963622822
0.9962732146
0.9962019402
0.9961682398
0.9961715737
0.9961845323
0.9961760347
0.9961385708
0.9960858693
0.9960351618
0.9959965502
0.9959734142
0.9959681066
0.9959870888
0.9960433696
0.996152109
0.9963185997
0.9965179347
0.9966950616
0.9968181591
0.9968944043
0.9969305577
0.9969115976
0.9968058255
0.9965603739
0.9961223798
0.9954987122
0.994784949
0.994118181
0.9935869036
0.9931985598
0.9929160063
0.9926647873
0.9923958768
0.9920638401
0.99161289
0.9910339538
0.9903504104
0.989562161
0.9887002191
0.9879887191
0.98758769
0.9874454283
0.9874544713
0.9876632936
0.9882093155
0.9889413911
0.9894773481
0.9897819458
0.9899334166
0.9899733552
0.9899328024
0.9899334866
0.9899885753
0.9899020691
0.9897014437
0.9894258193
0.9892897803
0.9893608799
0.9893646561
0.9883343664
0.9860276849
0.9826759718
0.9783844726
0.9731725226
0.9680326687
0.9625566396
0.9499120518
0.8968257722
0.4065912501
0.05786695886
0.03818751696
0.0345096893
0.03314188358
0.03261500887
0.03254904742
0.03256162144
0.03254667094
0.03253903012
0.03253027178
0.03251523523
0.03249845153
0.03247810849
0.03245490248
0.03243038335
0.03240537733
0.03238147486
0.03235979527
0.03234061957
0.0323240151
0.03230989194
0.03229800895
0.03228809911
0.03227993044
0.03227329977
0.03226801716
0.03226393382
0.03226111592
0.03225899706
0.06402649266
0.9969064372
0.9983187373
0.9984511991
0.9985020875
0.9984319049
0.9982557842
0.9980010599
0.9977063862
0.997423092
0.9971925737
0.9970331933
0.996935529
0.9968721835
0.9968135862
0.9967316423
0.9966034493
0.9964304298
0.9962447144
0.9960777759
0.9959357955
0.9958075363
0.9956768429
0.9955428874
0.9954310757
0.9953834736
0.9954028122
0.9954329654
0.9954199927
0.99536459
0.9953037207
0.9952608896
0.9952338485
0.9952087302
0.995172986
0.995121168
0.995063539
0.9950341482
0.9950825262
0.9952336375
0.9954178854
0.9955579462
0.9956186861
0.9955672476
0.9953998441
0.995108456
0.9946719398
0.9940639244
0.9933329867
0.992550841
0.9917884931
0.9911039571
0.9905763451
0.990337905
0.9903267871
0.9903357222
0.9903652197
0.9902961045
0.990139744
0.9899560367
0.9896649782
0.9890945574
0.9881887392
0.9873263586
0.9864013145
0.9852756281
0.9842331878
0.9837911033
0.9842276644
0.985757264
0.9865919256
0.986905598
0.9870379573
0.9870460023
0.9869986325
0.9866951859
0.9871531628
0.9869491016
0.9866944797
0.9864049787
0.9862195555
0.9854468384
0.9862053745
0.984171623
0.9821571833
0.9801369588
0.9781975336
0.9773840234
0.9771910645
0.9772356017
0.9764272438
0.9749753318
0.9729549366
0.9540643955
0.7895775864
0.09207449288
0.04430520292
0.03654478605
0.03406238763
0.03256866808
0.03246375369
0.03246556726
0.03245943825
0.03245528899
0.03244956297
0.03243990776
0.0324279825
0.03241268592
0.03239567216
0.03237906755
0.03236310555
0.03234795794
0.03233391119
0.03232093203
0.03230891702
0.03229788609
0.03228794848
0.03227923893
0.03227194279
0.03226643046
0.03226110463
0.06402749837
0.9928081103
0.9974889507
0.9979378727
0.9978551229
0.9977147873
0.9975435285
0.9973214838
0.997069105
0.9968447499
0.9966768534
0.9965523709
0.9964403224
0.9963202558
0.9961731122
0.9959662691
0.9956797695
0.9953464112
0.9950443366
0.9948237992
0.9946890504
0.9945957803
0.9944972231
0.9943576196
0.9941994624
0.9941356667
0.9941929353
0.9942867559
0.9942900288
0.9942209717
0.9941544564
0.9941312624
0.9941323859
0.9941195944
0.9940595
0.9939230105
0.9936926355
0.9934045724
0.9931928882
0.9931569108
0.9932131434
0.9932706212
0.9933526598
0.9933237906
0.9930515749
0.9927308474
0.9922625031
0.9915393514
0.990567078
0.9894265292
0.9881828605
0.9868478645
0.9854827629
0.9847031005
0.9850527872
0.9869397185
0.987799056
0.9883557599
0.9887935547
0.9892775481
0.9897269484
0.9899486947
0.989534921
0.9870831022
0.9851159073
0.9824869281
0.9792078528
0.9761228251
0.9736454112
0.9746292029
0.9765000745
0.9768417213
0.9774877503
0.9773695783
0.9773533365
0.9767661217
0.9767222879
0.9772165707
0.9773137757
0.9780974927
0.9771593971
0.9771452045
0.9785647237
0.9798879986
0.9778161426
0.9781397117
0.9786041428
0.9776836962
0.9814435367
0.9807741345
0.9811905541
0.9808575303
0.9807402381
0.9797295148
0.9764897945
0.9750820812
0.9720242524
0.9393479514
0.7609048684
0.05745719057
0.03958633095
0.03428441852
0.03251750486
0.03248584933
0.03247369503
0.03245885397
0.03244524576
0.03242832406
0.03240993396
0.03239348721
0.03237784088
0.03236253793
0.03234805271
0.03233426917
0.03232101404
0.03230845473
0.03229692411
0.0322867417
0.03227822338
0.03227175962
0.0322638414
0.06402904729
0.9863750581
0.9950436783
0.996899868
0.9976404911
0.9972292547
0.9969155036
0.9966660376
0.9963757413
0.996078394
0.9957811298
0.9954896177
0.9952511875
0.9950835872
0.9949489831
0.9947255582
0.9943420772
0.9938759459
0.9934377923
0.9930909608
0.9929035141
0.992967485
0.9931127689
0.9931545653
0.9930228146
0.9928113036
0.9927669333
0.992853669
0.9929509332
0.9929266664
0.992913349
0.9929595477
0.9930277692
0.9930644917
0.9930323808
0.992889756
0.992564577
0.9919615294
0.9911734007
0.9906373168
0.9902461054
0.9898475346
0.9897921066
0.9904524052
0.9906821942
0.9896022791
0.9894022494
0.9886565426
0.98746122
0.9859424028
0.9843641661
0.9825304273
0.9796447095
0.9758299894
0.9729539234
0.9768683628
0.9800453602
0.981448033
0.982022315
0.9831329582
0.9844741354
0.9860951761
0.9881969469
0.9861625903
0.9822047891
0.9798001772
0.9768043321
0.9707644339
0.9607656026
0.9455778271
0.611020538
0.0696383908
0.05006113018
0.04502037988
0.04560332999
0.05039848823
0.115903859
0.047931218
0.04875149491
0.04924276475
0.07744640534
0.4033379359
0.9544885855
0.6081253204
0.8466477297
0.9270354526
0.9696410976
0.9702133596
0.9751677534
0.9811957061
0.9801801773
0.9822771039
0.9839006293
0.9844838597
0.9820847052
0.9807897427
0.980707579
0.9792700826
0.9769780465
0.9765724308
0.971909416
0.8374059815
0.05031446901
0.03524149576
0.03252925016
0.0324822805
0.03246472137
0.0324451201
0.03242376765
0.03240750613
0.03239230858
0.0323769293
0.03236245935
0.03234845376
0.0323344326
0.0323207086
0.0323078775
0.03229640621
0.03228663038
0.03227884447
0.03226778652
0.06403287262
0.2058397175
0.9874111689
0.9906114103
0.9960440342
0.9963570638
0.9959409047
0.9959699648
0.9955322101
0.9950157523
0.9944124346
0.993731073
0.9931986878
0.9931077909
0.9932565139
0.9933603705
0.9931329818
0.9925400883
0.9918401314
0.9910136114
0.9901185327
0.9899451288
0.9913085367
0.9922435315
0.9925144778
0.9922212131
0.990984805
0.9904917316
0.9905284053
0.991489501
0.9916717476
0.991846355
0.991986887
0.9920772452
0.9921231826
0.9921186772
0.9920191354
0.9916142561
0.9903709416
0.9879149832
0.9863972391
0.9847776869
0.9830844713
0.9835070991
0.9854815463
0.9852403921
0.9840183708
0.9848264836
0.984497565
0.9839366927
0.9814822944
0.9803076014
0.978809082
0.9746185643
0.96524353
0.9252739784
0.124580308
0.06295771918
0.05096287259
0.05223044099
0.0547897474
0.06076099738
0.07902720311
0.1183196757
0.8543101146
0.9076009258
0.9603017702
0.9639438672
0.9641606028
0.9694649573
0.9747086935
0.973361194
0.8994385089
0.05199839653
0.0401375481
0.03770039265
0.04104741242
0.03811760255
0.03468870529
0.03533567502
0.05669165955
0.9705159548
0.8687939344
0.05421176588
0.03713888465
0.03750117547
0.04341146278
0.0586064428
0.8107277867
0.3929043842
0.9477435429
0.9555152194
0.9784189553
0.98556883
0.9852454173
0.9832421261
0.981061201
0.980568376
0.9798396027
0.9797748708
0.9814478933
0.9804646264
0.9771060471
0.9348054186
0.04785223625
0.03401487782
0.03248208993
0.03246096528
0.03243609704
0.03242112965
0.03240666775
0.03239097939
0.0323770476
0.03236352435
0.03234919616
0.03233461134
0.03232073309
0.03230811368
0.03229698267
0.032287512
0.03227294742
0.06404011373
0.0658286363
0.0370388172
0.04120388294
0.08310991699
0.9815962332
0.9902397424
0.9939072593
0.9946849415
0.994224188
0.9932678404
0.9916177156
0.989404444
0.9885200489
0.9904433681
0.9917912929
0.992603034
0.9924357931
0.9908126032
0.989270756
0.9867041219
0.9836724712
0.984905917
0.9881605747
0.9904461588
0.9906461954
0.9884689469
0.9856172457
0.9842968463
0.9859416609
0.9879355101
0.9882169038
0.9881406968
0.9881450389
0.9881571696
0.9882112477
0.9884268631
0.9890220623
0.9897529682
0.9859578385
0.9814786961
0.9785858823
0.9739584572
0.9687821373
0.9331648554
0.8799558129
0.96902488
0.9282531526
0.9728938437
0.9781560241
0.9787803872
0.9765220455
0.9783644688
0.9812174354
0.9817301376
0.9780811819
0.9732992785
0.9619547809
0.05897913721
0.03665475782
0.03304865764
0.03318475432
0.0331796762
0.0335013181
0.03509347863
0.0362952106
0.04008119499
0.05197262572
0.8128917727
0.9304000793
0.9570781774
0.9817793866
0.9826621166
0.9780852004
0.9698531148
0.839931606
0.2026174977
0.04420834547
0.063853011
0.04291418876
0.6656160627
0.9268776992
0.4417180594
0.0383141625
0.03431343305
0.03334168685
0.03353800213
0.04032614228
0.1013198825
0.8210930797
0.0438784136
0.03961187716
0.0462748259
0.0846802956
0.886760183
0.9735464166
0.9745446532
0.9756185226
0.9783456335
0.9776323021
0.9794466146
0.9814896104
0.9823018064
0.9814792666
0.9762781805
0.6277619607
0.03796423984
0.032545134
0.03245463118
0.03243653534
0.0324216671
0.03240430332
0.03239154094
0.03237940846
0.03236515004
0.03234990615
0.03233526364
0.03232175527
0.03230930602
0.03229793547
0.03227964508
0.06405214626
0.06419871737
0.03253244099
0.03253309482
0.03257622644
0.03500034355
0.04162032244
0.04716209972
0.9633326468
0.9885549887
0.9906383432
0.990055336
0.9855919254
0.9780031808
0.9787188109
0.9861956558
0.9893888246
0.9918093107
0.990653454
0.9883932172
0.9873729594
0.981528982
0.9734880112
0.787616361
0.1292287474
0.08124266794
0.1529923496
0.8748651702
0.8878953077
0.8715771438
0.1046322903
0.06988464367
0.06295682828
0.06235478374
0.06098944149
0.06046449308
0.06321246506
0.07310198317
0.1415727894
0.6334639592
0.950309245
0.9584930934
0.961126034
0.9673940833
0.9665990083
0.9543271106
0.08016874331
0.04235386045
0.04245979518
0.05045311459
0.08500212953
0.9194878073
0.9241530585
0.9666430039
0.983090511
0.9856140405
0.9833911163
0.9833561874
0.9805007925
0.9673230332
0.0545726667
0.03656423181
0.03465623709
0.03410041035
0.03310594848
0.03312462158
0.03317066811
0.03412898287
0.0692000784
0.1041668538
0.1708513484
0.0601287579
0.2434486028
0.9692475643
0.973358776
0.9780732163
0.9751502408
0.9657847093
0.1155405609
0.1442036366
0.7844771938
0.9589700922
0.07389733327
0.05799096903
0.03404164208
0.03367236602
0.03490510898
0.05569206234
0.8510957422
0.05866488288
0.03862889065
0.0333789812
0.03346826625
0.03369273783
0.04201959627
0.06383799751
0.07199311581
0.93289094
0.947995476
0.9677503171
0.974730235
0.979019767
0.9807512855
0.9811648741
0.9815060516
0.9793790789
0.9612534305
0.05030973313
0.03388987989
0.03244474681
0.03243475538
0.03241504989
0.03240505657
0.03239577903
0.03238182417
0.03236600149
0.03235104951
0.0323372398
0.03232380729
0.03231053612
0.03228837404
0.06407053995
0.06408702777
0.03239348616
0.03251767958
0.03257618478
0.03264502498
0.03265248891
0.03252140037
0.0349470948
0.0450524203
0.06510750499
0.9816281529
0.9872693549
0.9824841336
0.9602668758
0.06546595087
0.05601650918
0.07959462072
0.8453793265
0.9771840848
0.9855168192
0.9876930487
0.9858487811
0.9818757094
0.9766416288
0.09216504375
0.04857152699
0.04015088082
0.03941162783
0.06675164933
0.7363024448
0.570202468
0.039723962
0.0357571334
0.03361804352
0.03333564814
0.03311014215
0.03319189115
0.03348983112
0.04013123044
0.6779645512
0.8548032336
0.8180655145
0.9506640879
0.9668477053
0.9694307336
0.9688330446
0.07261469829
0.03795483864
0.03420701709
0.06073732929
0.06386785768
0.7231573867
0.5729595373
0.1600329086
0.9270892912
0.9783084344
0.9800484792
0.9852375022
0.9852718538
0.9794394359
0.9460316305
0.06149894021
0.04802232492
0.04074055402
0.03621186267
0.03371930075
0.03812009922
0.08494643111
0.9450112598
0.04660523445
0.03637704201
0.0339835092
0.03925138643
0.06351547435
0.9536713752
0.9563754745
0.9697520055
0.9794216301
0.9705913811
0.9695942659
0.1798495945
0.04531403753
0.03477670272
0.03357527104
0.03341390768
0.04025565092
0.1920794279
0.7838121632
0.03794993359
0.03357121234
0.03373593896
0.03352299233
0.03529178359
0.0404924675
0.1341229565
0.0450080191
0.05301847749
0.05461084262
0.06646251872
0.9305558028
0.9693749632
0.9742477751
0.9775462152
0.9791237608
0.9799476979
0.9796561116
0.9741830385
0.5320283698
0.03706158969
0.03253222269
0.03242759887
0.03241721749
0.0324120681
0.03239821869
0.03238179051
0.03236740659
0.03235449133
0.03234087079
0.03232598479
0.0322998229
0.0640972609
0.06406254761
0.0323566401
0.03246769744
0.03252024231
0.03257265509
0.03260085074
0.03261351114
0.03263687788
0.03265909265
0.03260486851
0.04109133966
0.6126279828
0.9870163173
0.9856974825
0.977912456
0.06379988792
0.03367162606
0.03417312987
0.0378247493
0.05435137373
0.2994285384
0.9812372984
0.9850473398
0.9872282256
0.9866973544
0.9821411991
0.8529513615
0.05380707872
0.03839296088
0.03891186361
0.05958281768
0.7338542338
0.749545152
0.05895084613
0.03746984936
0.0334850252
0.03313261909
0.03326875716
0.04112436682
0.8793494178
0.1606956607
0.1409335396
0.9675777732
0.9284326072
0.9261788049
0.9664227971
0.9764000855
0.9550408223
0.05277845794
0.04387728424
0.886907448
0.05007025046
0.0496218446
0.8611627018
0.4028680917
0.1165709819
0.9613278931
0.9778947576
0.9861476293
0.9878918474
0.9851135027
0.9790120201
0.893082221
0.07869321017
0.8722248237
0.06621856664
0.04950324334
0.9489097332
0.06132473699
0.03580934686
0.03337450856
0.03370780611
0.0345416532
0.07513454621
0.1700021455
0.0960892917
0.9097648259
0.9615889948
0.9794515177
0.970698983
0.9687636757
0.7040907593
0.04289906035
0.03526497906
0.03572698758
0.04458606985
0.9069751538
0.05015198335
0.03457968741
0.03348768523
0.03392767788
0.03451761522
0.03835717546
0.06872120124
0.04584386711
0.04578822248
0.8381651517
0.05070271882
0.8920058662
0.952635359
0.3994567945
0.9445282056
0.9560457846
0.9749889429
0.9782852172
0.9790983336
0.9794918873
0.9762313807
0.94366253
0.05113056969
0.03379093916
0.03241362467
0.03242172197
0.03241155846
0.03239553838
0.0323835219
0.03237359919
0.03236112293
0.03234523364
0.03231493058
0.06413502348
0.06405428803
0.03233873975
0.03243344668
0.03247956224
0.0325269659
0.03256083064
0.03258479526
0.03260702115
0.03262458282
0.03264971943
0.03270242327
0.03381456301
0.06863610667
0.9782208401
0.9862156696
0.9868645501
0.2548889552
0.03636823853
0.03266591113
0.03277364824
0.03330247681
0.04080465432
0.07481806158
0.9733849974
0.982416569
0.9870826735
0.9871083293
0.9829284726
0.9683819621
0.06802648019
0.04251020051
0.04172835005
0.1032099093
0.206631523
0.4753804949
0.03921485418
0.03413200481
0.03372814699
0.04665689086
0.8036778696
0.1353943229
0.9558159978
0.9623991215
0.3143508173
0.044486744
0.05531269272
0.9198802455
0.9745465018
0.9702041839
0.9007093821
0.06746291966
0.06484277848
0.04121573636
0.05485614663
0.06836211165
0.9569528944
0.06844217165
0.06875304588
0.2409364588
0.9822571735
0.98824033
0.988048416
0.9853294175
0.9793516905
0.7184065209
0.1320706795
0.9136654784
0.08392607148
0.05390617476
0.03335450371
0.03361426435
0.03338911671
0.03814489127
0.06963219989
0.9214749917
0.05222173679
0.0881225641
0.08183473781
0.2474381585
0.9595935302
0.9616456202
0.9778835509
0.9686693943
0.06620698654
0.1558058458
0.8643019362
0.1804205934
0.04027574961
0.03315413502
0.03354097782
0.03446972202
0.03664621135
0.05902077475
0.06453674344
0.05527874721
0.7670477484
0.04882142935
0.05982575223
0.3963700889
0.9050682182
0.9250789227
0.07308558717
0.05955249233
0.857279062
0.9728621706
0.9794859488
0.9800034351
0.9795854065
0.9783472702
0.9730142415
0.4278458915
0.03579482874
0.03245210808
0.03242908398
0.03240955627
0.03240021548
0.03239543509
0.03238551896
0.03236946365
0.0323349338
0.06418811574
0.06405043316
0.03232854686
0.03241102763
0.03245139531
0.03249371853
0.03252866034
0.03255677475
0.03258080702
0.0325992856
0.03261800384
0.03263687281
0.03267046643
0.03275880722
0.04236132623
0.96297628
0.985606948
0.986473307
0.9471255601
0.03809360862
0.03267358319
0.03270799112
0.03269308141
0.03269097325
0.03649391402
0.05416324152
0.9515349906
0.9786010678
0.9842009105
0.9855871243
0.9831133024
0.9770714303
0.2239452635
0.0867698209
0.9138251402
0.5433937664
0.5908818803
0.07408431171
0.05864911985
0.0787963384
0.9250175968
0.860864586
0.9135916983
0.9200712717
0.04454872749
0.0397259713
0.04432513927
0.7050434446
0.07751073555
0.9662933895
0.9655635879
0.9678615809
0.08582456257
0.04642545524
0.8089389305
0.08671856951
0.55353568
0.08497026132
0.04191005394
0.09021093973
0.04673395574
0.1508021624
0.9805542698
0.9835218992
0.9841932894
0.9809341855
0.9715196689
0.9468594492
0.9641538848
0.899833793
0.04724988914
0.0369222525
0.03703432558
0.03897104935
0.9336312104
0.04743123508
0.04557139821
0.9423528927
0.06272622091
0.9692569499
0.2014464798
0.910072558
0.9341542409
0.9791119926
0.9749085284
0.3004794887
0.1863674636
0.1075520655
0.03790553367
0.0333608117
0.03367942015
0.03378636694
0.03812575778
0.07445909031
0.08707985012
0.6450996255
0.04198250534
0.04975774057
0.1064146821
0.9745520766
0.9597277087
0.08969617991
0.09869626886
0.03550777852
0.03624872305
0.05296212922
0.9631027376
0.978586923
0.9805372177
0.9799783455
0.9800219189
0.9758863718
0.8995357817
0.03938484388
0.03259876567
0.03243004825
0.03241715067
0.0324197003
0.03241399037
0.03239933381
0.03236131097
0.06426368792
0.06404832642
0.03232248159
0.03239652306
0.0324325563
0.03247073986
0.03250512351
0.03253481448
0.03256008226
0.03257982739
0.03259629249
0.03260884618
0.03261914365
0.03261609617
0.03255345392
0.03733191254
0.917923878
0.9844054967
0.9842015163
0.9645743439
0.04563359539
0.03281325039
0.03264037174
0.03260749787
0.03256102741
0.0325198969
0.03497537512
0.046228381
0.8463755399
0.9758366497
0.9839732354
0.9855458631
0.9828593173
0.9813998354
0.5040237829
0.9361489241
0.8798818878
0.9073039682
0.862631263
0.7385173244
0.9463317996
0.1534555754
0.9484678738
0.4861949608
0.04674210926
0.0429052504
0.7015611464
0.04698963922
0.06132048338
0.08577156699
0.8960921945
0.969154221
0.9787198805
0.9488127364
0.06528793999
0.06324609381
0.8878517195
0.0511348108
0.08668505231
0.03909342245
0.03547120235
0.03339610925
0.04366448445
0.8954902341
0.976639073
0.9789278126
0.9757900293
0.9651490341
0.2872170632
0.9678192648
0.9662619945
0.9124992076
0.06621924414
0.9110106708
0.09665394796
0.07292114244
0.9143424503
0.07717590203
0.06164939384
0.1144827787
0.6724229407
0.9266125683
0.1265716068
0.1783212731
0.9802129176
0.9729449796
0.7978773081
0.1586709658
0.03821055724
0.03384406428
0.03337151294
0.03329213411
0.0393547602
0.08415258034
0.5419528032
0.03903435442
0.03994253563
0.0705716433
0.9681472933
0.9646071392
0.06797666502
0.03790930411
0.03414022178
0.0329905685
0.03301903599
0.03267659727
0.03890886767
0.8010914234
0.9765183859
0.9811530167
0.9822929521
0.9812233192
0.9771900373
0.9590077572
0.05582840953
0.03346604771
0.03241782387
0.03243732995
0.03244202196
0.03243323767
0.03239563163
0.06437519017
0.06404728983
0.03231913626
0.03238773859
0.03242070201
0.03245599679
0.03248973045
0.0325205643
0.03254784708
0.03257070635
0.03258999038
0.03260526581
0.03261595506
0.03261361166
0.03258002682
0.03252173517
0.03603135595
0.6439048948
0.9840461465
0.9848062831
0.977806579
0.07864520411
0.03616559903
0.03254738168
0.03251787867
0.03249916921
0.03246549254
0.03245504311
0.03394438264
0.04115492435
0.1219832845
0.9706069394
0.9804743154
0.9816892132
0.9785290475
0.923166473
0.1235622309
0.87412876
0.7580713808
0.9226888252
0.9399843851
0.9528535467
0.9132216104
0.7809668073
0.04715394394
0.7300353607
0.04375189082
0.05100244535
0.05677558607
0.9582582634
0.0758473645
0.08606729782
0.14469201
0.9753368219
0.9513625929
0.7829395786
0.8663190077
0.0689744033
0.04773758184
0.03633700994
0.03355724909
0.03343824517
0.03326182363
0.03555427607
0.07839504471
0.9619271185
0.9761801545
0.9770887847
0.969575506
0.1035023181
0.09163625346
0.9629807104
0.9574337998
0.2072418489
0.9244235959
0.08591401477
0.1410216361
0.07997045026
0.07048531638
0.9638058164
0.9543332873
0.8547748427
0.05307313218
0.8884138845
0.09773340349
0.9793092252
0.9705608049
0.06522595865
0.03699953033
0.03554758052
0.03318865037
0.03430554687
0.04310377831
0.4701320286
0.04053247823
0.03869976645
0.05642390974
0.9322652667
0.9609070379
0.5820557634
0.03795133828
0.0331073094
0.0332865227
0.03309738474
0.03314976859
0.0327170791
0.03264295439
0.03585073912
0.07761037263
0.9660235699
0.9803484011
0.9827972009
0.9803749258
0.9786279332
0.9732554922
0.1647308865
0.03526862024
0.03245933407
0.03246917024
0.032469427
0.03244089157
0.0645509622
0.06404703805
0.03231776497
0.03238323481
0.03241407509
0.03244750983
0.03248091443
0.0325129384
0.03254266624
0.03256933702
0.0325931388
0.03261367825
0.0326299704
0.03263703014
0.03262759832
0.0326101975
0.03259666114
0.03414260418
0.06492445628
0.9769657366
0.9824536895
0.9755067249
0.9418975731
0.04748036036
0.03391372716
0.0324814106
0.03247638854
0.03246628993
0.03247741739
0.03251014078
0.0329324131
0.0376151306
0.07604719194
0.9654420226
0.9770932206
0.9796917777
0.9739419306
0.7055613799
0.9094134327
0.944663247
0.9580002047
0.7643390116
0.9248622353
0.06123383737
0.04895003787
0.0460055754
0.04820425114
0.05343902517
0.9303140016
0.05193693871
0.05495387311
0.9644804718
0.1797363587
0.4150276065
0.9515005956
0.9585949288
0.08187077661
0.05304198775
0.9189780131
0.07833505508
0.03964219381
0.0333764222
0.03472391
0.03701896857
0.07122271498
0.08916699819
0.9072793793
0.9716096884
0.9765880456
0.9700979849
0.9252849133
0.07671610093
0.9545616924
0.9658510642
0.1056266356
0.9052783226
0.9390819133
0.1194087447
0.941576614
0.9674839755
0.1025183112
0.05440090763
0.04530006948
0.04758729609
0.04970993073
0.08026929551
0.9733261695
0.9745413065
0.7925124929
0.07963868506
0.04009424926
0.03562008003
0.4887971207
0.0714142968
0.04140727118
0.05050448787
0.6883239535
0.9706932513
0.867563016
0.04291493178
0.03364040333
0.03291200025
0.03294568151
0.03294510372
0.0329868095
0.03270992284
0.03260611403
0.03679694388
0.09180835521
0.7743159474
0.9132990005
0.9812194429
0.9828635676
0.9797290924
0.9792688922
0.9748790743
0.8834528259
0.03948705036
0.0326050421
0.03251274385
0.03250457611
0.06485112772
0.06404738029
0.03231784034
0.03238190042
0.03241124778
0.03244349519
0.0324767996
0.03250991669
0.03254184738
0.03257177229
0.03259934178
0.03262383082
0.03264386336
0.03265609755
0.03265713884
0.03265163129
0.03264802803
0.03267135257
0.03276017162
0.04405861466
0.9651518592
0.972621974
0.963833571
0.9698357344
0.8295624555
0.03852032419
0.03256538021
0.03248001648
0.03250954776
0.03253831757
0.0325502066
0.03256056662
0.03272190617
0.03813377661
0.1686767262
0.9649810668
0.9757945603
0.9783757502
0.9707092199
0.9647514822
0.9510320915
0.9620249052
0.6755168458
0.9238327511
0.08199480254
0.6386978551
0.05323638513
0.9374708525
0.05508949982
0.04036346414
0.03522709018
0.09376194614
0.2079702139
0.9587399554
0.07368163753
0.9337839156
0.9778846322
0.1201243368
0.04368282558
0.05276659195
0.898936038
0.04658248582
0.03829241563
0.0412984394
0.07146705307
0.2773541485
0.9267795276
0.06822968301
0.9551263268
0.9663379356
0.9660362793
0.9562423297
0.09619074681
0.9592060822
0.96387206
0.09767337907
0.925438092
0.192835409
0.9652658164
0.1508224467
0.08497656454
0.768833001
0.04541866143
0.6206683732
0.04064277462
0.09252213513
0.04941433695
0.9570910072
0.9664315979
0.8935100795
0.07021150334
0.7927998001
0.1098003798
0.05223433308
0.04375451964
0.1193406569
0.9750734167
0.9600929086
0.04761597099
0.03429490457
0.03273887835
0.03296899788
0.03300255564
0.03303302242
0.03294939936
0.03265660445
0.03522673785
0.04585103298
0.8508503163
0.07417190317
0.04478477223
0.07331354379
0.9783998179
0.9808479341
0.9791183414
0.9781050639
0.9752221112
0.9640667783
0.05701362372
0.03461669004
0.03256025353
0.06539140187
0.06404813814
0.03231892983
0.03238281487
0.03241105618
0.0324425004
0.03247577856
0.03250974142
0.03254332456
0.03257554464
0.03260557332
0.03263224811
0.03265383572
0.032667647
0.03267151674
0.03266744253
0.03265971832
0.03265913867
0.03267271477
0.03264419398
0.04141555778
0.9586556223
0.9687572405
0.6715829769
0.9690973209
0.9644294504
0.0606639824
0.03402757078
0.03250838347
0.03260247005
0.03262732699
0.03263946849
0.03266990509
0.0327438347
0.03430157001
0.07187951295
0.3195708939
0.9706398722
0.9771927829
0.9759444037
0.945601617
0.9330884323
0.9569985603
0.1314619473
0.1026344673
0.08357270079
0.8690851253
0.06166465741
0.04209562155
0.03409045312
0.04981188192
0.1698241917
0.9623574345
0.8877375424
0.06250770972
0.03728186166
0.0961020683
0.9805688883
0.8536265658
0.04273254714
0.04035678735
0.09545848867
0.8700320009
0.09703921055
0.8323968325
0.932811422
0.0644658047
0.04366629086
0.05135250635
0.8432591906
0.9579400252
0.9699216195
0.9726844571
0.139575341
0.9634024698
0.9675568894
0.5907066812
0.9688785541
0.7319936383
0.8563343295
0.6542804762
0.05487902494
0.04411330297
0.0419104212
0.0399315923
0.03778157774
0.03510297751
0.04344513636
0.9130518336
0.9594855503
0.9565164366
0.1335468375
0.2595209854
0.05125836373
0.05796604168
0.965447475
0.9731188366
0.07509869025
0.03542894497
0.03268453581
0.03288834872
0.03306814525
0.03317108155
0.03320950377
0.0331067128
0.03478562763
0.04224965329
0.8750095315
0.05727789118
0.04127140983
0.03397513579
0.03306918566
0.04772911559
0.9682823928
0.9769848049
0.9758631875
0.9750354473
0.9762661837
0.973714896
0.8336683409
0.03836320207
0.06613184628
0.06404916919
0.03232067181
0.03238522058
0.03241259336
0.03244345098
0.03247670719
0.03251127184
0.03254601615
0.03257979144
0.0326114394
0.0326395256
0.03266224448
0.0326774785
0.03268390146
0.03268284198
0.03267774489
0.03267538216
0.03268002814
0.03267786506
0.03262767222
0.04142104629
0.9644149149
0.9707567292
0.0844751513
0.9627832995
0.9809015754
0.8966205409
0.03633647849
0.03268898522
0.03273601459
0.03273282204
0.03273883393
0.03273904406
0.03381049191
0.04429757012
0.8418813846
0.9565138921
0.968307223
0.9764048824
0.9732376977
0.9603588908
0.1019316388
0.9673649588
0.6391975817
0.9567646393
0.06052148639
0.130673736
0.03555614775
0.04270102501
0.07869488537
0.9687962039
0.06617605652
0.05349041293
0.8673711765
0.05635798485
0.0334020173
0.04851207551
0.9661636676
0.9719550144
0.0800389588
0.04083259572
0.1177420453
0.06581230954
0.1016834629
0.07837345562
0.06799713443
0.04361317392
0.4705085201
0.05109242089
0.7560989738
0.9537331042
0.9738298353
0.9776020447
0.2403084009
0.96259999
0.9675783198
0.6976391943
0.9572308816
0.0506450787
0.04663025941
0.06710203926
0.04539060117
0.1054427696
0.03893951876
0.07003754137
0.03604419701
0.03599910889
0.05473009023
0.9100510284
0.9223241822
0.9632077773
0.09027934079
0.8753551259
0.9529311094
0.973963825
0.6233796922
0.04068961465
0.03288128111
0.03292845162
0.03307810036
0.03328287612
0.03342789072
0.03371985811
0.03649461465
0.04880267712
0.770698008
0.07646506511
0.04370441505
0.03345159008
0.0334158586
0.03297252896
0.03282833134
0.04076364697
0.9457960609
0.9705751562
0.9700609438
0.9700097722
0.9732060477
0.9743868766
0.9611191195
0.1164920545
0.06405032224
0.03232276957
0.03238851163
0.03241518068
0.03244560022
0.0324788449
0.03251385264
0.03254943985
0.03258434377
0.03261723552
0.03264659664
0.0326707437
0.03268805437
0.03269773366
0.03270079742
0.03269987411
0.03269906339
0.03270012164
0.03269598266
0.03268031043
0.03261836964
0.04164977557
0.9665552187
0.9669503405
0.05798297158
0.2720742043
0.9798540722
0.9548532803
0.04916299548
0.03309484437
0.03283055156
0.03276561848
0.03276429848
0.03708226362
0.1602573548
0.9413766699
0.9506033263
0.946869175
0.9678155125
0.9664559577
0.9687160065
0.4841422331
0.07229612378
0.923848871
0.7609505052
0.05325081567
0.03665330938
0.04109457355
0.06080824606
0.9690129213
0.08852408841
0.04537911047
0.03401363895
0.05235918905
0.8995820509
0.04438660353
0.03331267532
0.03819269953
0.171258228
0.9650633393
0.9319555491
0.06038728118
0.8211385336
0.8945532377
0.8861452463
0.0580051925
0.6731083329
0.04797295571
0.06202489255
0.8460756743
0.8899550638
0.9609613714
0.9759076761
0.9796031087
0.749114333
0.9682052089
0.9468282511
0.9382494786
0.09238917054
0.04323042941
0.1026355671
0.066461101
0.04279655483
0.03646301522
0.03671279388
0.03730694422
0.06142972389
0.03704561932
0.08990007287
0.8702283401
0.9261699757
0.9247546452
0.9161268818
0.8711091083
0.7733842907
0.07506840608
0.03548442321
0.03315618334
0.03319701938
0.03325912751
0.03342851893
0.03369854075
0.03441737275
0.05108494628
0.3446410835
0.38694826
0.04543117669
0.03396552155
0.033344815
0.03316181969
0.0329188536
0.03282590298
0.03267209583
0.03911283016
0.9319511398
0.9519930757
0.9613854479
0.9677867304
0.9761986704
0.9845781139
0.9673738144
0.06405152993
0.03232499021
0.03239222022
0.03241832953
0.03244844996
0.03248173325
0.03251711753
0.03255337084
0.03258917152
0.03262314366
0.03265380565
0.03267965896
0.03269944596
0.03271261331
0.03271979199
0.03272266588
0.03272335123
0.03272230691
0.03271578534
0.03270107306
0.03268096823
0.0326207414
0.04227351513
0.9661989638
0.9641496577
0.1817312177
0.07164064696
0.9636132358
0.9773750549
0.1026030613
0.03721210273
0.03276590793
0.03530350605
0.05051705088
0.9332585451
0.9595593262
0.9542855001
0.9476361432
0.9569414287
0.7988130573
0.9501366398
0.9620133638
0.8948748866
0.06215994
0.8799543392
0.9375242001
0.2528356203
0.0563120394
0.96985145
0.1340122779
0.06579713674
0.03562516616
0.03739573683
0.03403094658
0.04181668175
0.8964109026
0.0478319249
0.03862425132
0.05056220547
0.9369759779
0.8577488741
0.9662107155
0.1115543729
0.1008982018
0.06841509447
0.04802442301
0.04686800084
0.05095040632
0.7995718561
0.9382444874
0.9098847174
0.9190836184
0.9611306659
0.9719007444
0.972462348
0.1175421252
0.2820633454
0.5701921087
0.9425093471
0.881641942
0.04138907424
0.03967112005
0.04303550278
0.0365129414
0.06306495572
0.03568717852
0.06942419215
0.05922285588
0.1192941829
0.9435207079
0.9043988283
0.9380058743
0.9434577713
0.9679356705
0.9538480124
0.1576673896
0.03677277216
0.03371357267
0.03327865753
0.03325249411
0.03335322803
0.03365052143
0.04629396279
0.07591833944
0.7830234519
0.04115135759
0.03467183244
0.03314196437
0.03301467638
0.03296256106
0.03282557859
0.03276989336
0.03272842103
0.03266406358
0.04043466636
0.9332122164
0.9464759893
0.9675691837
0.9803679257
0.990287563
0.9816091146
0.06405266573
0.03232715593
0.03239599998
0.0324217051
0.03245168712
0.03248510588
0.03252086639
0.03255768455
0.03259421746
0.03262912935
0.03266102962
0.03268860699
0.03271087227
0.03272732739
0.03273816199
0.03274418489
0.03274604478
0.03274362959
0.03273502693
0.0327197186
0.03270119937
0.03268424609
0.0326302537
0.04141678416
0.954423055
0.9669033499
0.06880098977
0.04473391815
0.9269540307
0.9745737552
0.9188594557
0.04527953994
0.04714364258
0.906461272
0.9611172709
0.9658619321
0.9621914906
0.928477936
0.9473115129
0.08300388943
0.8876869611
0.9384569409
0.9253404753
0.09253215947
0.03923071538
0.1016532507
0.9264306826
0.822805163
0.09703595871
0.08687600631
0.03836561575
0.04204287521
0.03515484734
0.03427544484
0.0330518472
0.04057377487
0.8931960827
0.0595348815
0.7285543194
0.05540679438
0.09478425622
0.1892567956
0.9517655698
0.9662128722
0.07402010893
0.8947906274
0.06803731402
0.9054647009
0.8767006457
0.9551363227
0.754294157
0.9606410981
0.9474445559
0.9537552556
0.9601912112
0.9527023242
0.06733194587
0.8505569232
0.06463732208
0.967531528
0.08824251981
0.03694071139
0.06428327682
0.04566129637
0.03548446519
0.03642308732
0.05204206134
0.3434981666
0.9583372578
0.1945204915
0.3651988417
0.9595297589
0.9694601507
0.2413246633
0.1285938375
0.102439161
0.0412725061
0.03329535317
0.0331792099
0.03307773644
0.03310634187
0.04081251363
0.05633751793
0.876993612
0.03976222896
0.03370162665
0.03260661901
0.03277108337
0.03281225291
0.03280447341
0.0327493997
0.03271882704
0.03273081429
0.03277094783
0.03284252026
0.04937556865
0.9329981401
0.9714290836
0.9835299476
0.9921965135
0.9860622634
0.06405372929
0.03232913872
0.03239961016
0.03242509918
0.03245514274
0.03248883919
0.0325250182
0.0325623171
0.03259939836
0.03263502836
0.03266792329
0.0326969423
0.0327213406
0.03274060926
0.0327545097
0.03276316291
0.03276598383
0.03276270721
0.03275238944
0.03273592717
0.03271852305
0.03270191485
0.0326929232
0.03262906304
0.0394204109
0.9504255893
0.9620852784
0.7837319179
0.0418261792
0.8005106095
0.9484045274
0.9064340063
0.9250343231
0.9606617609
0.9690833032
0.9688856269
0.9314356023
0.9327626465
0.07325527458
0.05276727032
0.04845655274
0.6513405623
0.9649497357
0.9104625841
0.0508119638
0.0624655085
0.949874986
0.8936656417
0.8047239926
0.04351641394
0.05714483515
0.03531271785
0.03462900368
0.03365652782
0.03312524423
0.03686581302
0.05252367875
0.9079857872
0.7453682173
0.05852154137
0.06810630618
0.9401621699
0.9325933881
0.5935421869
0.1325074167
0.06002433549
0.8178913526
0.6405317374
0.9634992921
0.924980387
0.9580700358
0.9640994511
0.2276137391
0.9416590685
0.7277480285
0.9424709852
0.9146132285
0.05050382135
0.03873284299
0.06417110356
0.9643085301
0.8688191812
0.03736216095
0.03549359203
0.03704315733
0.04902764403
0.7459652757
0.8423319799
0.2599047993
0.1234563872
0.7990733486
0.9623740981
0.9413185189
0.9648786844
0.05495420605
0.9075690125
0.714368458
0.03922160514
0.0332570389
0.03293724841
0.03754394101
0.04871095426
0.8714343051
0.04161087515
0.03425844317
0.03236573035
0.03251762446
0.03267297115
0.03272311173
0.03273422433
0.03270716622
0.03267362453
0.03272899809
0.03285003734
0.03829334647
0.0676252759
0.9619924402
0.9749128692
0.984004171
0.9908657933
0.9858471598
0.06405464896
0.03233085232
0.03240290485
0.03242841803
0.03245877465
0.03249293764
0.03252960269
0.03256727728
0.03260465044
0.03264066068
0.03267409773
0.03270397469
0.03272986424
0.03275124467
0.03276751214
0.03277841733
0.03278201976
0.03277826971
0.03276679387
0.03274961656
0.03273575426
0.0327259489
0.03273100513
0.03273252849
0.03269184047
0.03921639355
0.9159981893
0.9607303016
0.09855625551
0.0765142641
0.9340002436
0.9617230207
0.9685468953
0.9709294782
0.9707251253
0.9426738693
0.9309433386
0.05604897553
0.04336202037
0.06896323081
0.07049771604
0.04058887373
0.9328557179
0.9621698379
0.09829267744
0.9290907488
0.1168873645
0.1546407175
0.95499549
0.05417344761
0.0371063087
0.03655305906
0.03382895888
0.03377697455
0.03888741444
0.04394931668
0.8529261649
0.05344405699
0.1107372235
0.2546797707
0.8667424707
0.8429539576
0.07783124673
0.1062411472
0.9495631174
0.9358764801
0.8966345225
0.9760770209
0.9746063064
0.969865583
0.8871165242
0.2232106121
0.0495081179
0.4058795147
0.939575179
0.829454278
0.9305740071
0.9315829096
0.041000175
0.04919240475
0.04725211615
0.9566386733
0.1355474026
0.04018352365
0.07625649929
0.6538067679
0.7101865381
0.06216650953
0.08763167256
0.8968405766
0.9682541156
0.9246517218
0.07359137187
0.9692584332
0.1526022998
0.04453410114
0.04897544499
0.9400088704
0.04445235985
0.03673039738
0.04417490054
0.8684058049
0.04582478345
0.03603538836
0.03241562316
0.03241995447
0.03252784667
0.03262849046
0.03267179861
0.03269388865
0.03267437753
0.03266540063
0.03337253947
0.04138776547
0.08065122172
0.9699693147
0.9766550195
0.9781207496
0.9821595916
0.9825822809
0.9774912599
0.06405541283
0.03233224534
0.03240582835
0.03243168244
0.03246266536
0.03249753201
0.03253477137
0.03257266721
0.03260997659
0.03264592356
0.03267925127
0.03270909136
0.03273554199
0.03275805069
0.03277566267
0.03278825854
0.03279199226
0.03278747124
0.03277386307
0.03275497807
0.03274453663
0.03273796464
0.03276475039
0.03276621056
0.0328606205
0.03300686829
0.04461302469
0.9167800439
0.9624759876
0.9571807829
0.9608129463
0.9733227795
0.9778651215
0.9765544116
0.9654009361
0.9276910815
0.05468838804
0.0374281301
0.03404454506
0.03521883516
0.03926106055
0.03651164563
0.04221775885
0.9649436875
0.9535619545
0.8833384959
0.1373229558
0.9153167045
0.1609520329
0.9637870138
0.04169385071
0.05633306537
0.03741708893
0.03998907054
0.0481832684
0.7956775723
0.04381207648
0.04680034106
0.05769968872
0.9391194281
0.8718933657
0.08390859755
0.8881805298
0.1114506251
0.9596189342
0.9266450248
0.9735052672
0.9742427313
0.9707914108
0.1611764574
0.105583246
0.0381473906
0.03627030704
0.03894897306
0.3105810394
0.95146801
0.07541052862
0.9405902234
0.8995459582
0.0397641044
0.03447209653
0.09883935359
0.9627417158
0.9170825414
0.2469094628
0.89684548
0.06756436352
0.1018866984
0.9686903345
0.9725414984
0.8446983734
0.05420867594
0.03843559227
0.06197305328
0.9592479737
0.8961735219
0.06792784926
0.07910108608
0.2946135758
0.08457489323
0.8611287029
0.05632379953
0.03881571408
0.0327271371
0.03255823918
0.03253167712
0.03258284436
0.03261676274
0.03262991711
0.03263700904
0.03259543814
0.0344024882
0.04647633171
0.3593231612
0.9796243551
0.9819838168
0.9826911187
0.9790935427
0.9785378631
0.9660469126
0.8599878608
0.06405600276
0.03233329689
0.03240841874
0.03243503786
0.03246702807
0.03250288849
0.03254081543
0.03257869998
0.03261547365
0.03265087582
0.03268329032
0.0327118719
0.03273770178
0.03276003251
0.03277734748
0.03279052585
0.03279221568
0.0327858156
0.03276658292
0.03273856001
0.03272936141
0.03270101906
0.03272004026
0.03269945778
0.03401280906
0.04009268322
0.06917832244
0.9347703896
0.9659954435
0.9719057464
0.9727526652
0.9749129685
0.9785255592
0.9739514874
0.9288451374
0.050717189
0.03659148591
0.03325747975
0.0334446351
0.03376103916
0.03553075851
0.08167935892
0.03619576797
0.06972462492
0.9567608315
0.9226308169
0.1553008438
0.8617065772
0.05250982708
0.9586552386
0.1335161351
0.03675613354
0.05071259909
0.04886494508
0.80195123
0.04365134548
0.04130782363
0.04648296189
0.8619145142
0.5869073372
0.1185934528
0.9255798206
0.3335625512
0.9670668636
0.9676823057
0.9728952059
0.9751805766
0.9683356334
0.09179032175
0.08005841533
0.03776884707
0.03678585351
0.03694775276
0.06007521245
0.03950751504
0.8916539604
0.9556531722
0.06215926371
0.9270746697
0.9086613433
0.03963380889
0.04049951491
0.09562560442
0.8364258318
0.9012422194
0.1116348376
0.3551764291
0.9734139551
0.9764147784
0.3900557712
0.05547202135
0.03707869961
0.07222472842
0.04175870046
0.9063402981
0.8794915547
0.1042464061
0.8155712609
0.09129258826
0.9575753469
0.05608149583
0.0445896187
0.03333570032
0.0329344279
0.03273632196
0.03265920561
0.0326523148
0.03262773372
0.03264226834
0.03273895458
0.03672811263
0.05247372137
0.9166822741
0.9831989737
0.9877589506
0.9863800272
0.9832786456
0.9775765163
0.9195586154
0.0645336122
0.09493050385
0.06405637926
0.03233401383
0.03241082487
0.03243877607
0.03247221794
0.03250942356
0.03254818031
0.03258569423
0.03262133401
0.03265581013
0.03268646735
0.03271230181
0.0327361887
0.03275682814
0.03277152766
0.03278370019
0.0327786901
0.03276727519
0.03274080797
0.03269261921
0.03267866335
0.03264875939
0.0328010299
0.03565942529
0.04668123548
0.4821844201
0.9658417672
0.9709548322
0.9758524685
0.9782888153
0.9782920189
0.9743686314
0.9700875572
0.9414893163
0.07571499295
0.03664868176
0.03321892871
0.03352009437
0.03329936703
0.03309716395
0.03278456985
0.0364751466
0.0426736589
0.09806476374
0.9237280156
0.9537798715
0.920660549
0.8808772711
0.05247372808
0.05734593074
0.9634299021
0.0613327507
0.04974759401
0.8232239872
0.0426307921
0.0386638938
0.03960445256
0.2851049521
0.616056014
0.6418575613
0.9561009261
0.9421373747
0.9695442136
0.971943853
0.9697183433
0.9582046372
0.9682873934
0.07930273104
0.05159625025
0.03749826264
0.03977758616
0.03891175107
0.06391889442
0.03709575332
0.03527900764
0.03806991302
0.9463999234
0.9029390189
0.0512046833
0.9353305571
0.8135195735
0.1315592381
0.8266604102
0.9036168706
0.7177933016
0.9420105607
0.9681044467
0.9733056426
0.1147582491
0.04416543037
0.03619367549
0.03503776912
0.03980986777
0.04384752746
0.05473247365
0.3694086295
0.9679967684
0.07148253867
0.8015209078
0.09200845
0.4456336394
0.03682811533
0.03397056262
0.03308451376
0.03287415617
0.03273462129
0.0326920665
0.03266136815
0.03384368871
0.04235866385
0.08747923489
0.9726975996
0.9813615062
0.9873104048
0.9867460084
0.9798381853
0.9722703054
0.1131253588
0.04477752292
0.03509049618
0.06823468108
0.06405655588
0.03233444675
0.03241335697
0.03244336091
0.03247873064
0.03251774053
0.03255748906
0.03259398034
0.03262778242
0.03266138346
0.03268938738
0.03271087438
0.03273204674
0.03274896027
0.03275820184
0.03276837427
0.03274685348
0.03272351914
0.03267949983
0.03261917032
0.03267257494
0.03475770949
0.0421959627
0.08684080233
0.9525882295
0.9752011405
0.9784142817
0.9765892929
0.9765476172
0.97687159
0.9770834665
0.9647750732
0.9357840213
0.1393952046
0.9572639585
0.04318200066
0.03336923949
0.03338830085
0.03319247892
0.03294614372
0.03569617639
0.04347462496
0.5905580435
0.928779208
0.9487305291
0.9471383909
0.8375903766
0.05739558265
0.9056336602
0.05506038494
0.8492710481
0.7108538813
0.7882027058
0.04408692777
0.03942568195
0.04075568098
0.1954857691
0.8685217672
0.9605984447
0.9696411218
0.9728650564
0.9693606984
0.953296187
0.9613447929
0.913564772
0.8574440652
0.05888815334
0.07642342849
0.05355064527
0.1727472835
0.04127891213
0.05030140173
0.03726913158
0.03495999067
0.0332459199
0.03502077458
0.05438726513
0.9704347335
0.8725596829
0.06868027812
0.931937223
0.9219388792
0.1088119416
0.3830501836
0.924505843
0.9580975372
0.9637256258
0.1674980053
0.04043173619
0.03378667241
0.03532524764
0.03670949794
0.08525497736
0.08075938284
0.5919201938
0.06322647099
0.954757713
0.1113161658
0.9189903239
0.07396035516
0.9426986297
0.08024373986
0.03745095147
0.03295805559
0.03287778751
0.03272119531
0.03267311929
0.03513817536
0.04981879093
0.7496736721
0.9815807163
0.9858835535
0.9876899189
0.9875601002
0.9819264468
0.881814683
0.04966942864
0.03703916375
0.03298788266
0.03261268663
0.06605655155
0.0640564424
0.03233474019
0.03241663756
0.03244945521
0.03248709572
0.03252869918
0.03256973723
0.03260367521
0.03263465784
0.03266899265
0.03269336726
0.03270781188
0.0327285337
0.03274131488
0.03273784635
0.03275457891
0.03270893358
0.03267479473
0.03265302919
0.03447774315
0.04043748935
0.0699861056
0.9322016625
0.9772848332
0.9828655348
0.9824366435
0.9817827787
0.9768471509
0.973828754
0.9646479258
0.9665483324
0.3154240067
0.9687583484
0.08016200094
0.1104817
0.08191158817
0.03347108484
0.03334490476
0.03477006323
0.03905031227
0.0595783074
0.8413988671
0.9224882348
0.875982016
0.09398438431
0.1107057405
0.9717337769
0.06967086384
0.0653766703
0.8544941414
0.06497399084
0.9545955804
0.07658920163
0.04592599282
0.04924034273
0.8157162994
0.9525628169
0.9776889755
0.977062737
0.9739225757
0.9697093599
0.8277563646
0.9397947859
0.8231664868
0.8604335775
0.05025148194
0.04972121903
0.05373849083
0.9410974204
0.04525506359
0.04449019552
0.05473021836
0.0336401622
0.03306333208
0.03323409708
0.03304231664
0.03428021362
0.07838603635
0.9594661701
0.85992721
0.08549751153
0.9451744922
0.8994745767
0.969624535
0.9678546206
0.961180787
0.1118673538
0.942815849
0.04706318312
0.03343659072
0.03398316982
0.03781959121
0.07852458755
0.05597338497
0.05718013352
0.06141692328
0.9401662167
0.114268486
0.9094507034
0.07989889057
0.07099036491
0.08261854271
0.9489419691
0.03488365546
0.03314208509
0.03313432906
0.03889425657
0.06110547348
0.9527485057
0.9835100492
0.9882178626
0.9874122006
0.983255844
0.9786400885
0.1787899704
0.0435407367
0.034043248
0.03253801987
0.03260052303
0.0325246549
0.06496329349
0.06405600953
0.03233520975
0.0324219955
0.03245808553
0.03249749059
0.03254319863
0.03258697653
0.03261499569
0.03264006053
0.03268018289
0.03270251625
0.03270345464
0.03272652607
0.03274924173
0.0327310882
0.03276429799
0.03277373985
0.03431646764
0.03988936217
0.06213049454
0.9134014182
0.9765203074
0.9834257602
0.9848427295
0.9861139247
0.9833696491
0.9821837939
0.9778157628
0.9476361104
0.6963719911
0.9098190904
0.07998624751
0.08519769645
0.5373014688
0.06482068933
0.963139225
0.04303985667
0.03732413896
0.0556733098
0.4726114294
0.9661201145
0.9601086659
0.8244960892
0.0649196542
0.7719832855
0.05498264659
0.9652736452
0.2214426645
0.9119152999
0.06768533397
0.9206076526
0.07814922638
0.9275965665
0.09983012393
0.9644961988
0.9716696013
0.9784655326
0.9816074847
0.977095483
0.9431630375
0.1748139586
0.8823521094
0.7462783235
0.4598981526
0.04721188982
0.06549017117
0.04952645607
0.649040823
0.05903067883
0.06379324431
0.04321521785
0.03691116292
0.03375917727
0.03348144764
0.03317753408
0.03311348596
0.03335631316
0.04903472322
0.7885183186
0.9338971164
0.930138815
0.92043518
0.955775074
0.9680364025
0.4454043162
0.8985439742
0.06417773707
0.04587185229
0.8965645291
0.04192364402
0.0361721041
0.04010309569
0.2083013183
0.05263476187
0.06313147258
0.8686387183
0.1179683536
0.1175307144
0.9641632728
0.1401321554
0.9680168926
0.05586954037
0.1059455921
0.0494310637
0.03560072268
0.04677734263
0.1846454988
0.976903233
0.982724409
0.9872590475
0.9864528759
0.9794865178
0.9564951886
0.06223559096
0.0387723595
0.03295894609
0.03253069045
0.03253859573
0.03256158565
0.03248050538
0.06454273366
0.06405593223
0.03233643944
0.03243209068
0.03247134979
0.03250933287
0.03256065377
0.03261204366
0.03263104819
0.03264022151
0.03268873113
0.03271688374
0.03270158124
0.03271284243
0.03273213482
0.03279547622
0.03412028607
0.03917094057
0.06569171521
0.8879662101
0.9770023377
0.9837091569
0.9859046046
0.9871662503
0.9852919305
0.9837219567
0.9769756337
0.9444458213
0.1042814896
0.05212875973
0.03966054698
0.0543046603
0.07158305673
0.06175942572
0.9611372888
0.6039327944
0.0734227768
0.0829635519
0.1305439824
0.9576285834
0.9718722038
0.9176154585
0.07462907331
0.0410212801
0.03716685943
0.04032889585
0.05456432773
0.09259255131
0.9716760554
0.07421717485
0.0520294097
0.0754888438
0.8599934187
0.9248594853
0.9720555088
0.9803592664
0.9788962865
0.9750878354
0.9727369661
0.213822658
0.08984166659
0.8038660175
0.7108411255
0.315847924
0.04174472066
0.04170142616
0.04973541682
0.7644583792
0.04072058188
0.04558082385
0.9174562588
0.04294751795
0.03426238901
0.03359092081
0.03342335037
0.03300428908
0.03433923776
0.03945181379
0.060000531
0.8084194907
0.9513644938
0.9658223726
0.964529579
0.946934476
0.8248300761
0.7497168484
0.06988646347
0.9583498174
0.04770555308
0.05208195309
0.9059712704
0.04422637442
0.2860644699
0.04219935544
0.04713477861
0.5908504935
0.09919620011
0.187287963
0.966894048
0.08219710833
0.1706687678
0.1205988487
0.06223019835
0.9406004168
0.7916732996
0.07563317477
0.9197356452
0.9816502389
0.9865187959
0.9869716504
0.9859215718
0.9797564568
0.8078269668
0.04587374486
0.03525940023
0.03254591683
0.0325072828
0.03246978729
0.03248927135
0.03249516312
0.03242851827
0.06435244538
0.06406153959
0.03234048495
0.03245101857
0.03249340146
0.03252324751
0.03257629917
0.0326399907
0.03265463032
0.03264582916
0.03267755035
0.0326765923
0.03270647482
0.03286704623
0.03547242984
0.03957998443
0.06923948715
0.8709293311
0.9773586541
0.9858406176
0.9874743592
0.9880053918
0.9864904518
0.9847113242
0.9783441339
0.94371107
0.07917019391
0.04233047353
0.03585416886
0.03397509308
0.03571076394
0.09672207412
0.9160604326
0.05164955149
0.7062840034
0.08842003052
0.4016996325
0.9206161959
0.9692555706
0.961898321
0.1575021454
0.04471335281
0.03496774733
0.03316019176
0.03344058118
0.0381768223
0.1937749992
0.8308014681
0.268457191
0.9413108688
0.09999599009
0.9582082935
0.9660748619
0.977458287
0.9821417795
0.9840921563
0.9762807803
0.9401759408
0.07348815729
0.06301922726
0.7444055627
0.7827672621
0.2920227735
0.0422539593
0.03930290695
0.03920390412
0.1280057547
0.772660459
0.04827128468
0.03356002597
0.05444722006
0.05162844564
0.03317050241
0.03331349768
0.03487702236
0.03733275022
0.05340718285
0.7004736188
0.9452812312
0.9648210485
0.9650390927
0.965037485
0.9640362506
0.4077661273
0.9220346876
0.07201837927
0.9502802325
0.1065916647
0.4434230089
0.0421309289
0.9245804072
0.1024958073
0.05049114476
0.0606308085
0.06705898405
0.884630092
0.09931718593
0.8811382996
0.08889516837
0.07953789607
0.05435195808
0.9781576075
0.06441915372
0.08882003742
0.2490935635
0.9704792918
0.9792844026
0.9842521066
0.9853149649
0.9802825621
0.9753204781
0.1098106979
0.04132457697
0.03374150953
0.03245439909
0.03247001137
0.03246286725
0.03244218057
0.03244314806
0.03243550892
0.03238164847
0.06424400052
0.06409630902
0.03235826486
0.03248376234
0.03252119948
0.03254651978
0.03258723684
0.03261986664
0.03262647829
0.03266021598
0.03287845592
0.03580838907
0.03787503908
0.04994559671
0.1204082781
0.9488800864
0.9772727438
0.9868989186
0.9879894256
0.9867767192
0.9867548354
0.9851241779
0.9794927772
0.9483380407
0.1009226596
0.04286656092
0.03559089865
0.03317988731
0.03300658798
0.03304836944
0.03356437786
0.04283733782
0.08047048032
0.06407096777
0.7725239516
0.9436879631
0.9635053521
0.9629622349
0.814321451
0.05409105936
0.03665272181
0.03345538448
0.03310808408
0.03332758719
0.03527761042
0.03811275143
0.06140157516
0.1248479955
0.9183297464
0.9616314262
0.9691891552
0.976002806
0.978341687
0.9817593484
0.9820086589
0.9769485977
0.118753016
0.05966769243
0.06059390102
0.09934547566
0.9058165845
0.6619288915
0.05854522592
0.03972888612
0.0401751457
0.05786900423
0.03752918405
0.06080790109
0.06293131027
0.03454057798
0.0449615512
0.938808936
0.0406779273
0.0409067242
0.06640795243
0.8439200181
0.9675201557
0.976638853
0.9764189791
0.9745193531
0.9698265353
0.9511418907
0.9491371202
0.954912828
0.05842760822
0.05491175474
0.0715809686
0.1085568182
0.8347266641
0.8672721714
0.05429894006
0.1130429945
0.9517801929
0.07129215134
0.9407401704
0.05118259879
0.04375101713
0.04912755308
0.0653692142
0.9598743396
0.05342591359
0.09333784478
0.2238324728
0.9636030705
0.9784408203
0.9846860544
0.986219966
0.9840483669
0.9775921705
0.9416321727
0.05637588766
0.03760905044
0.03276360414
0.03248225597
0.03245871597
0.03245687295
0.0324403578
0.03241870799
0.03240642931
0.03238990637
0.03234554888
0.06417190336
0.06412305283
0.03244205633
0.03252880997
0.03250983002
0.03256108122
0.03262617289
0.03496692973
0.03654471372
0.04062003214
0.04931670725
0.2242213143
0.961305826
0.9775508113
0.9855070488
0.9894260736
0.9881462175
0.9860148619
0.9840555738
0.9784990463
0.9730759281
0.9681845822
0.07694492246
0.04141150823
0.03962190454
0.03891569104
0.03656224157
0.03728513894
0.03926097335
0.04193819693
0.05051292837
0.06907578836
0.8929222142
0.9344534213
0.9633730691
0.9627045116
0.954532585
0.09333693345
0.04737361823
0.04125353923
0.03837978422
0.04065074082
0.04334280398
0.05818565247
0.1021387627
0.8566284128
0.9387748492
0.9724572206
0.9774543098
0.9789363096
0.9795960057
0.9791154069
0.9766323241
0.9753989353
0.9340132068
0.1134703961
0.06051323839
0.06114762039
0.8739981627
0.904538674
0.2677574157
0.05656075653
0.3564471331
0.04243448158
0.06221911245
0.0376171923
0.0359313308
0.04255187943
0.8917708609
0.03897162782
0.04062891299
0.08018024283
0.1396942535
0.9268980041
0.9732593424
0.9797430544
0.9827174788
0.9817018262
0.9590682238
0.8345471034
0.07998236533
0.06365210433
0.1579080776
0.1485195407
0.06780357245
0.05256452762
0.8969365244
0.7419258455
0.9319286929
0.07374923635
0.06556530486
0.05578320406
0.8801584508
0.08900167181
0.05233611281
0.03624776968
0.03363544007
0.03781249221
0.568103681
0.0952899431
0.1715971954
0.9527089645
0.9766439729
0.9825951895
0.983750053
0.9860666357
0.9842588389
0.9779500169
0.7847936761
0.04448653819
0.03493709605
0.03250732022
0.0324678535
0.03242677634
0.03242541284
0.03242303641
0.03240857539
0.03238984469
0.03237381441
0.03235523302
0.03231918718
0.06412147516
0.06452929213
0.03241857431
0.03373851493
0.0355775745
0.0391819918
0.04608958881
0.1336723297
0.9560205929
0.9796755464
0.9851952309
0.9904163108
0.9919835354
0.9910546615
0.990089101
0.9898672892
0.9879776499
0.9839895172
0.9778304508
0.9692409855
0.9560867817
0.1900392687
0.05693543733
0.03324723887
0.033767263
0.001001525154
0.645781587
0.9364618699
0.9561049137
0.9749788082
0.975491766
0.975548049
0.9717610772
0.956009951
0.9233096019
0.7077592955
0.1662950522
0.09111981313
0.08248833955
0.2756686677
0.9482126727
0.9395327274
0.9744545338
0.9756993254
0.9817495269
0.9811077968
0.9774597743
0.9764311259
0.9776861198
0.977897911
0.9789150901
0.9730766995
0.9498390378
0.08366017229
0.07129892748
0.08687604334
0.926346555
0.901427885
0.8453562572
0.06116902718
0.0394750128
0.0424000256
0.8781960451
0.04506573147
0.06597693749
0.03685374184
0.03480941785
0.03784919288
0.05732964198
0.09086588672
0.3840003266
0.9695196222
0.9786965474
0.9817772602
0.9804038235
0.9762398517
0.9564959771
0.1898476376
0.05511878889
0.03750776569
0.03714575988
0.03904066905
0.819098525
0.9493297037
0.7581115426
0.8775821222
0.05065137278
0.06687749476
0.1001547352
0.100720719
0.9050576318
0.7676899709
0.9000574202
0.06913243298
0.8537635347
0.0385849929
0.03949142119
0.05611833175
0.1856493651
0.963590209
0.9766234887
0.9824236507
0.9833331014
0.9853227113
0.9828213556
0.9795135065
0.9731545306
0.1020929062
0.04145639386
0.03366971295
0.03244192026
0.03244627846
0.03243197394
0.03240685842
0.03239958757
0.03239284387
0.03237919808
0.03236251966
0.03234631004
0.03232899388
0.03230039804
0.06408635008
0.1378032026
0.04630802365
0.06933059114
0.9082896717
0.981728209
0.9872227471
0.9915040957
0.9939534956
0.9933796593
0.9927231567
0.9930881768
0.9933747584
0.99296197
0.9921011625
0.990820806
0.9889928569
0.9868435218
0.9844836864
0.9835543036
0.9849693053
0.988279799
0.9904991296
0.991491057
0.9917028598
0.9922402737
0.9921589075
0.9901308994
0.9878746595
0.9866092324
0.9853531117
0.9837314762
0.9826950997
0.9813736346
0.9814405945
0.9837672064
0.9861585077
0.986948753
0.9883135822
0.9900866771
0.9882686976
0.9857777956
0.9853556291
0.9840892211
0.9827837476
0.9812415308
0.9765666308
0.9714793876
0.9645176998
0.9433147685
0.9193922179
0.116956147
0.06790685362
0.058973214
0.06906738292
0.9060255885
0.9065432998
0.07988923306
0.05216556801
0.04446554206
0.0384783929
0.03946374893
0.0655309044
0.05867303531
0.04904122786
0.06407259531
0.08971392302
0.2491593559
0.9468345105
0.9675136367
0.9828842816
0.9822316639
0.9800825887
0.9747492096
0.9220166516
0.09834439255
0.04374636007
0.03690666975
0.0339020331
0.03362384463
0.0344312082
0.05671640562
0.05436251468
0.9265255597
0.06444929639
0.06104635723
0.05913263299
0.05594947186
0.9428810522
0.9168882507
0.9446261981
0.06226327203
0.0559432136
0.05470337899
0.05864550302
0.09443433678
0.8744853816
0.9710502072
0.9831156564
0.9850137442
0.9848942421
0.9855632929
0.9832201263
0.9817130609
0.9743831533
0.8385713996
0.05023714817
0.03692543609
0.03276640559
0.03249015419
0.03246104195
0.03244592278
0.03242163665
0.03239602273
0.03238129888
0.03236889507
0.03235435802
0.03233879288
0.03232376717
0.03230898393
0.03228702012
0.06406244807
0.9840789
0.9912787202
0.9927491948
0.9960932073
0.9963337626
0.9949793522
0.9948960703
0.9950810226
0.9951037726
0.994846937
0.9946187783
0.9942622594
0.9938903283
0.9934290074
0.9926379305
0.9916354667
0.9907286836
0.9900775881
0.9900420156
0.9907604674
0.9917290557
0.9931566803
0.9936761374
0.9938502246
0.993802984
0.9935051351
0.9928426523
0.9916082878
0.9904711394
0.9893357236
0.9883616253
0.9878259976
0.9880820887
0.9886639942
0.9894153155
0.9905372318
0.9911622301
0.9911571048
0.9910135699
0.9908450311
0.9891290495
0.9879986194
0.9862680804
0.9840754729
0.981373203
0.978382272
0.9749200871
0.971728339
0.9677465619
0.9555647308
0.9541345727
0.9640592643
0.9502106547
0.9629914261
0.9353718629
0.80685628
0.2181191003
0.1645282276
0.9269437101
0.6965803522
0.9360986422
0.9605899342
0.9717003046
0.974140771
0.9753280775
0.9789039153
0.9850533138
0.9811790061
0.9747670523
0.9696356935
0.960020738
0.924131415
0.08651568992
0.04748743988
0.03808506046
0.03479725722
0.03477759604
0.03508673734
0.03542053486
0.03673049319
0.04001435157
0.04618170204
0.8706907293
0.7161860185
0.1293253154
0.8711097512
0.6570709115
0.7294665639
0.5526559827
0.09217957574
0.08675499918
0.1146699025
0.950400776
0.9626162276
0.9774095524
0.9866815438
0.9865729714
0.9853782856
0.9855965991
0.9833787043
0.9812784272
0.9746750985
0.9146069751
0.06691821857
0.03982614297
0.03393705879
0.03249492783
0.03247675751
0.03243660752
0.03243443388
0.032423431
0.03240244394
0.03238036579
0.03236358314
0.03234861809
0.03233360002
0.03231901446
0.03230565791
0.03229364475
0.03227745837
0.06404689162
0.9906444163
0.9956019092
0.9960488764
0.9964312872
0.9965611259
0.996437251
0.9963528295
0.9962411969
0.9961481055
0.9960814728
0.9959187709
0.9956151397
0.995274458
0.994908515
0.9944158911
0.9938688617
0.9934394514
0.9932066115
0.9932266015
0.993454979
0.9937224205
0.9938899817
0.9940003944
0.9939875085
0.993863909
0.9936484543
0.9933958803
0.993082679
0.9925918779
0.9920295958
0.9915917419
0.9914327995
0.9915753132
0.9918553664
0.9920869907
0.9921824094
0.9920929704
0.9917558376
0.9912800176
0.9908747117
0.9904458116
0.9896106514
0.98833152
0.9867863832
0.9851425232
0.9837773708
0.9827488094
0.9820745209
0.9820241202
0.9822865233
0.9820825584
0.9825645655
0.9820268035
0.9807902507
0.9801624844
0.9809280611
0.983926148
0.9883543781
0.9858587976
0.9848962964
0.9858050515
0.9840263238
0.9842240838
0.9840980597
0.9834616982
0.9826057684
0.9809873784
0.9784350715
0.9705346553
0.9482108921
0.8860903579
0.6362988975
0.3005214166
0.6027496127
0.1347784734
0.09997211582
0.1042403206
0.1330575275
0.1872220043
0.4853841042
0.5140778821
0.8064486932
0.8787516723
0.9070418829
0.8593455555
0.8835332186
0.7455856817
0.8905502858
0.8857977408
0.9627079987
0.9706845886
0.9807910807
0.9821270644
0.9824688149
0.9842422016
0.9858105696
0.9844107717
0.982783201
0.9798484513
0.9668296436
0.873043446
0.0646794124
0.04026573511
0.03453817428
0.03259723405
0.03247595014
0.032470877
0.03245116391
0.03242092676
0.0324121751
0.03240072576
0.03238278432
0.03236361115
0.03234681868
0.0323313417
0.03231663569
0.03230312076
0.03229142415
0.03228188142
0.03227059125
0.06403736385
0.9950166074
0.9971658713
0.9974315925
0.9975217755
0.9974941741
0.9974213006
0.9972847887
0.9970948056
0.9969333706
0.996816454
0.9966994106
0.9965574848
0.9963968593
0.9962026676
0.9959451563
0.9956455325
0.9953737468
0.9951855886
0.9951068716
0.9951024303
0.995084363
0.9949925977
0.9948476036
0.9947169645
0.9945833472
0.9944611708
0.9943797117
0.9942958838
0.9941330263
0.9939012052
0.9937147063
0.9936448867
0.9936846219
0.9937455275
0.9937413626
0.9936122698
0.9933220715
0.9929019513
0.9924513424
0.9920853076
0.9917608621
0.991312349
0.9906126932
0.9898134726
0.9890479958
0.9884999699
0.9881906655
0.9880758919
0.9881643651
0.9883350242
0.9883474998
0.9880904407
0.9877642013
0.9875167153
0.987584467
0.9884207482
0.9892711225
0.9901202709
0.9904389288
0.9890386965
0.9891601731
0.9882472906
0.9876129394
0.9867411902
0.9853869542
0.9835259402
0.9810556114
0.9784047913
0.9764097947
0.9748083672
0.9748569883
0.9781787174
0.9814617559
0.9829846981
0.9837052384
0.9855871648
0.9853931734
0.9847697712
0.9840438619
0.9811261531
0.9783350605
0.9754988679
0.9732052484
0.9708296701
0.9671525211
0.9649891096
0.9664907758
0.9699475148
0.9751093472
0.9791828462
0.9808966019
0.9823605732
0.984291882
0.9831246197
0.9824801743
0.9804684198
0.9739282833
0.9246790634
0.2711702301
0.05238056255
0.03738277048
0.03414492356
0.03259560813
0.03247354445
0.03246202013
0.03244479646
0.03244710932
0.03242897032
0.03240571848
0.03239258364
0.03237940821
0.03236347799
0.03234675893
0.03233113143
0.03231651336
0.03230294215
0.0322907957
0.03228059183
0.0322729288
0.03226562379
0.0640319806
0.9973603168
0.9982548791
0.9983727338
0.9983855285
0.9983108201
0.9981905978
0.9980176756
0.9977843904
0.9975442624
0.9973340345
0.9971550408
0.9970146825
0.9969207945
0.9968522801
0.9967755599
0.9966707834
0.9965440673
0.9964166478
0.996306854
0.996210444
0.9961001227
0.9959535409
0.9957866573
0.9956371563
0.9955255436
0.9954629338
0.9954535011
0.9954642366
0.9954471755
0.9953996268
0.9953535248
0.9953304991
0.9953203985
0.9952814316
0.9951717922
0.9949622063
0.9946382011
0.9942269559
0.9938087981
0.9934613623
0.9931750446
0.9928763991
0.9925357838
0.9922149958
0.9919796175
0.9918806679
0.9919018399
0.9919996841
0.9921391164
0.9922631858
0.9922945474
0.992208644
0.9920591584
0.9919295953
0.9919207541
0.9920590528
0.9920462004
0.9917220071
0.9914063126
0.9911709843
0.9905779031
0.9900505713
0.9894824423
0.9885133731
0.9872433569
0.9857359609
0.9841438327
0.9830038286
0.9826833816
0.9829813397
0.9838070161
0.9851471129
0.9867539784
0.9877649462
0.9878594924
0.9886759888
0.9889176725
0.9886042028
0.9879354299
0.9869613201
0.9852245859
0.9841649144
0.9829461767
0.9821691308
0.9804470006
0.9786647298
0.9775709241
0.9784227346
0.9788395232
0.9812656548
0.9812311766
0.9802766846
0.9801467174
0.9778645064
0.9546961597
0.8027627664
0.06078315841
0.04020302852
0.03514135289
0.03339996665
0.03255591068
0.03246107687
0.03245108535
0.03244099816
0.03243721693
0.03242206573
0.03241951688
0.03240611449
0.03238830797
0.03237419237
0.03236023327
0.03234550103
0.03233076233
0.03231684594
0.03230389826
0.03229209759
0.03228171397
0.03227303852
0.03226656315
0.03226201882
0.0640291141
0.9987119899
0.9990867169
0.9990057756
0.9989616451
0.9988854644
0.9987686085
0.9985949918
0.9983605437
0.9980871071
0.9978033053
0.9975323996
0.9973012364
0.9971344132
0.9970333427
0.99697793
0.9969401251
0.9968996301
0.9968500097
0.996791159
0.9967185536
0.9966209006
0.9964908765
0.9963434632
0.9962147622
0.9961367415
0.9961251541
0.9961697878
0.996237186
0.9962969928
0.9963430881
0.9963806041
0.9964066365
0.9964077278
0.9963623557
0.9962466217
0.996036045
0.9957178409
0.9953169134
0.9949020229
0.9945424399
0.9942537565
0.9940133927
0.9938206311
0.9937147907
0.9937284882
0.9938710391
0.9941096459
0.9943931633
0.9946676069
0.9948761564
0.994974615
0.994958917
0.9948651106
0.9947284728
0.9945759562
0.9943812012
0.9940229905
0.9934925283
0.9929860756
0.9925568923
0.9920546995
0.9914571652
0.9907814817
0.9898338225
0.9886764088
0.9874735544
0.9864729086
0.986007889
0.9861646633
0.98665219
0.9872650983
0.9878183321
0.9880674447
0.9880832236
0.9879631206
0.9877738684
0.9877464442
0.9878220471
0.9879068739
0.9880429118
0.9882285844
0.9883546012
0.9884091475
0.987930228
0.9865044039
0.9842089873
0.9816173914
0.978522523
0.9749487018
0.9728326865
0.9705009791
0.9459933465
0.8502737038
0.08266854055
0.04755877747
0.03637780169
0.03393456463
0.0326526181
0.03254728005
0.03250707604
0.03251185422
0.03250191223
0.03248277941
0.03245981077
0.03244378578
0.03242174517
0.03240390864
0.0323843612
0.03236427295
0.03234660286
0.03233076218
0.03231652369
0.03230401265
0.03229331755
0.0322842924
0.03227678143
0.03227065363
0.03226578749
0.03226208223
0.03225957267
0.06402731595
0.9975009516
0.9987417345
0.997995194
0.9977573898
0.9975469758
0.9973370103
0.9970945997
0.9967854395
0.9963818361
0.9958856807
0.9953144731
0.9946940169
0.9940588553
0.9934287617
0.9928148763
0.9922406121
0.9917340198
0.99130176
0.9909165438
0.9905221937
0.9900642817
0.9895384419
0.9890201859
0.9886308064
0.988465622
0.9885577919
0.9888621299
0.9892681291
0.9896661242
0.9900058726
0.9902819307
0.9904864317
0.9905857236
0.9905226862
0.9902427197
0.9897174393
0.9889670007
0.9880832318
0.9872123793
0.9864824713
0.9859299282
0.9855212098
0.9852401352
0.9851373244
0.9852705747
0.9856607973
0.9862485514
0.9869247548
0.9875719117
0.9880768573
0.9883604337
0.9884139334
0.98829834
0.9880818649
0.9877899201
0.9873492661
0.9865762004
0.9854607486
0.9843350474
0.9833920549
0.9824219035
0.981322716
0.9800412483
0.9784153082
0.9766258159
0.9749578065
0.9736618632
0.9731360119
0.9735300717
0.9744013388
0.975296439
0.9759100879
0.9759308825
0.9753842926
0.9746251695
0.9738883134
0.9734992064
0.9737388322
0.9744224269
0.9754605625
0.9767291107
0.9779722674
0.9788699965
0.9788566654
0.9772987168
0.9742215143
0.9696893643
0.9599383677
0.9346141191
0.8846289364
0.6030979403
0.1513643132
0.0899464316
0.07828685425
0.06985902196
0.06704369317
0.06566162769
0.06547828505
0.06544366259
0.06535501565
0.06526565792
0.06518992737
0.06508726854
0.06495267673
0.06483164413
0.064704594
0.06458574764
0.06447295322
0.06437196814
0.06428700454
0.06421660264
0.06416006355
0.06411638161
0.06408404836
0.06406123963
0.06404612756
0.06403683804
0.06403160871
0.06402888094
0.06402719603
0.09518740943
