0.9996512401
0.9997349359
0.9996169727
0.9995503835
0.9994968433
0.9994452998
0.9993915296
0.999334167
0.999273017
0.9992086333
0.9991419182
0.999073571
0.9990039361
0.9989332819
0.9988624486
0.9987933697
0.9987282859
0.9986684917
0.998614557
0.9985675539
0.998529386
0.9985014817
0.9984830635
0.9984710068
0.9984614227
0.9984523313
0.9984439405
0.9984371323
0.9984325567
0.9984303242
0.9984300761
0.9984313007
0.9984336897
0.9984374837
0.9984438781
0.9984554646
0.9984763331
0.9985111743
0.998562984
0.9986299068
0.9987025236
0.9987645373
0.9987990845
0.9987939359
0.9987429609
0.9986483678
0.9985239083
0.9983915142
0.9982709338
0.9981743452
0.9981084171
0.9980705039
0.9980382539
0.9979728163
0.9978508275
0.9976710573
0.9974392769
0.9971643172
0.9968650637
0.9966080782
0.9965112406
0.9965934237
0.9967353841
0.9968426401
0.996911805
0.9969926444
0.9971261802
0.997281783
0.9973467377
0.9973117249
0.997242218
0.9971943436
0.9971878458
0.9972144301
0.9972584435
0.9973085428
0.9973620521
0.9974448522
0.9976262198
0.9978383739
0.997914142
0.997729882
0.9971421316
0.9958168556
0.9926695095
0.9829449727
0.8473227949
0.01869609403
0.01396936764
0.01227017834
0.01137746099
0.01137621235
0.01137705353
0.01137708726
0.01137681934
0.01137675815
0.01137696765
0.01137713358
0.01137730579
0.01137748059
0.01137751857
0.011377362
0.01137705332
0.01137666314
0.01137624817
0.01137584203
0.01137547036
0.01137515198
0.01137489225
0.01137468686
0.01137452927
0.01137441282
0.01137433056
0.01137427545
0.0113742409
0.01137422112
0.01137421115
0.01137420696
0.01137420563
0.01137420504
0.03336790634
0.9995751349
0.9998350079
0.9998001846
0.9997666135
0.9997368189
0.999707875
0.9996782371
0.9996473167
0.9996149322
0.9995812632
0.9995467285
0.9995116496
0.9994761562
0.9994403158
0.9994044375
0.9993693514
0.9993360237
0.9993048789
0.9992759925
0.9992498815
0.9992277558
0.9992107894
0.9991990322
0.9991911556
0.9991852179
0.9991801143
0.9991758267
0.9991725946
0.9991705592
0.9991696811
0.9991697409
0.9991704584
0.9991716012
0.9991730679
0.9991750077
0.9991780534
0.9991836323
0.9991939979
0.9992115034
0.9992370179
0.9992677706
0.9992963917
0.9993139409
0.9993133287
0.999290473
0.999245375
0.9991838185
0.9991158222
0.9990500065
0.9989910663
0.9989431871
0.9989120693
0.998897762
0.9988809129
0.9988457226
0.998791837
0.9987223863
0.998639263
0.9985398792
0.9984261864
0.9983430116
0.9983219021
0.9983288315
0.9983234425
0.9983022345
0.9982889901
0.998312726
0.9983864619
0.9984733507
0.9985110276
0.9985211085
0.9985268418
0.9985369144
0.9985508488
0.9985653554
0.9985774137
0.9985822665
0.9985737844
0.9985749909
0.998632797
0.9986709412
0.9986106826
0.9984002063
0.9979725203
0.9971639194
0.9956879418
0.9937494437
0.9927074342
0.9883994222
0.7834454343
0.009184792321
0.007093500115
0.006521815714
0.006188723396
0.006188106336
0.006187837874
0.006187773645
0.006187921679
0.006187952731
0.006187993587
0.00618800639
0.006187970162
0.006187908435
0.006187828318
0.006187735678
0.006187637887
0.006187537468
0.00618744372
0.006187361868
0.006187292269
0.006187234156
0.006187186903
0.006187149604
0.006187120936
0.006187099478
0.006187083947
0.006187073232
0.006187066359
0.006187062503
0.006187060917
0.01137420504
0.9993176533
0.9997132991
0.9997436066
0.9997279692
0.9997014663
0.9996712272
0.999638727
0.9996046065
0.9995690267
0.9995323623
0.9994953321
0.9994583102
0.9994211829
0.9993836655
0.9993459087
0.9993090268
0.9992741424
0.9992409986
0.9992087387
0.9991777934
0.9991504773
0.999129587
0.9991159461
0.9991076472
0.9991015371
0.9990962939
0.9990923718
0.9990900366
0.999089165
0.9990894317
0.9990903634
0.9990915018
0.9990924362
0.9990927338
0.999091907
0.9990895924
0.9990862296
0.9990842579
0.9990884488
0.9991039669
0.9991313299
0.9991618166
0.999182047
0.9991809661
0.9991516193
0.9990935159
0.9990157892
0.998932663
0.998851202
0.9987701239
0.9986914389
0.9986299675
0.998615583
0.9986515314
0.9986761372
0.9986834011
0.9986798889
0.9986680255
0.9986398163
0.9985672479
0.9984337539
0.9983321127
0.9982587156
0.9981559281
0.9980074898
0.9978528489
0.9977477361
0.9977347439
0.997897281
0.9982683642
0.9983573239
0.9984122687
0.9984420406
0.9984556541
0.9984568576
0.9984487047
0.9984301629
0.9983880861
0.9982756564
0.9980256807
0.9980741864
0.9980750924
0.9979475007
0.997747252
0.9974566286
0.9969116508
0.9963476612
0.9962629297
0.9964891691
0.9963752378
0.9963522825
0.9944117528
0.9883929305
0.01440788069
0.009038417384
0.007205062111
0.006639876622
0.006424848633
0.006188060487
0.006187744731
0.006187812832
0.006187814456
0.006187762285
0.006187712817
0.006187662611
0.006187610324
0.006187542382
0.006187471198
0.006187407051
0.006187348479
0.006187293937
0.006187244625
0.006187201733
0.006187165279
0.006187134814
0.006187110045
0.006187090813
0.006187076894
0.006187067901
0.006187062466
0.01137420563
0.9989897004
0.9995768492
0.9996395296
0.9996558917
0.9996426625
0.9996163539
0.9995834234
0.9995470406
0.9995081063
0.9994674721
0.9994269456
0.9993875126
0.999348679
0.9993092157
0.9992687882
0.9992294246
0.9991931355
0.9991583325
0.999121763
0.9990830386
0.9990463272
0.9990182169
0.9990026312
0.99899685
0.9989939497
0.998991129
0.9989895892
0.9989897645
0.9989913226
0.9989936937
0.9989961152
0.9989979417
0.9989986253
0.9989974551
0.9989932923
0.9989844417
0.9989690865
0.9989476902
0.9989281413
0.9989257828
0.9989507315
0.9989926133
0.999030682
0.9990424139
0.9990109626
0.9989284347
0.9988116337
0.9986921981
0.9985799796
0.9984585552
0.9983148612
0.9981564128
0.9980409442
0.9981320684
0.9984707682
0.9985793151
0.9986522942
0.9987104406
0.9987598482
0.9987828415
0.9987050566
0.9983102599
0.9980984562
0.9978995773
0.9976136056
0.9971833031
0.9967192697
0.9962023715
0.9956750862
0.9967752518
0.9975920261
0.997759606
0.9976661674
0.9976238364
0.997578226
0.9975279291
0.997483538
0.9974689366
0.9974972783
0.9965316677
0.9961958729
0.996930362
0.9969351646
0.9970430283
0.9974077805
0.9976230117
0.9970381522
0.996963123
0.997177079
0.9973291489
0.9973709089
0.9974252627
0.9971902362
0.9975755522
0.9974710401
0.9945676794
0.9843525106
0.9411935972
0.0111406994
0.007887201175
0.00668242648
0.006188223168
0.006187982377
0.006187856804
0.006187766766
0.006187703977
0.006187616921
0.0061875299
0.006187462481
0.006187403364
0.006187345336
0.006187290727
0.006187242378
0.006187200388
0.006187164055
0.006187133305
0.006187108428
0.006187089537
0.006187076391
0.006187066103
0.01137420688
0.9984842086
0.9993935454
0.9995031867
0.999546896
0.9995532396
0.9995362998
0.9995058489
0.9994689266
0.9994268282
0.9993805223
0.9993342328
0.9992912286
0.9992512671
0.999210701
0.999167194
0.9991249905
0.9990890317
0.9990549859
0.9990139945
0.9989630956
0.9989086772
0.9988635176
0.9988396789
0.9988399747
0.9988482183
0.9988550059
0.9988616865
0.9988684194
0.9988748698
0.9988807394
0.9988852932
0.9988880261
0.9988886137
0.9988864375
0.9988801067
0.9988669128
0.9988421246
0.9987990856
0.9987377249
0.9986907273
0.998697787
0.9987464748
0.9988093225
0.9988670709
0.9988621984
0.9987719997
0.998592127
0.9984069351
0.9982487465
0.9980654591
0.9978040514
0.9974130362
0.9967976335
0.9960777782
0.9970557347
0.9978721366
0.9981311518
0.9982247546
0.9983751548
0.9985491477
0.9987470785
0.998318248
0.9974863701
0.9972231415
0.9970338687
0.9966796264
0.9953098921
0.9939801359
0.9908859298
0.9826519891
0.01410228131
0.01197459633
0.009883581025
0.00922546158
0.009003758796
0.008881181653
0.00881685276
0.0088519183
0.00926778594
0.01038203322
0.9517227001
0.9909256072
0.9910386615
0.9900989399
0.9952156306
0.9976330893
0.9975005908
0.9969025134
0.9972764971
0.9977561564
0.9980256307
0.9977056502
0.9976875959
0.9977814389
0.9979541238
0.9974926933
0.9968010192
0.9963415652
0.9969753589
0.9967909697
0.9944700988
0.01424913723
0.00741510036
0.006188430882
0.006187915868
0.006187822815
0.006187699851
0.006187582866
0.00618751336
0.006187456745
0.006187395843
0.006187336463
0.006187284336
0.006187238865
0.006187198215
0.006187162318
0.00618713199
0.006187107706
0.006187089412
0.006187072451
0.01137421064
0.9973813348
0.9990843298
0.9993397152
0.9993912497
0.9994224191
0.9994213082
0.9993963522
0.9993628761
0.9993194734
0.9992645826
0.9992069248
0.9991544592
0.9991131256
0.9990771866
0.9990331491
0.9989876686
0.9989557141
0.9989293461
0.9988871774
0.998819489
0.9987341032
0.9986503651
0.9985902648
0.9985816314
0.9986290339
0.9986734137
0.9987049867
0.99872618
0.9987403461
0.9987503059
0.9987565615
0.998759523
0.9987597214
0.9987572412
0.9987512958
0.9987396357
0.9987172015
0.9986723587
0.9985791731
0.9984236655
0.9983403657
0.9983451634
0.9983611402
0.998457584
0.9986544686
0.9986325118
0.9985382661
0.9981425473
0.9979258837
0.9976961426
0.9973218037
0.9967858517
0.9958833111
0.9936509881
0.989541412
0.01663041956
0.01300768568
0.01115171628
0.01141528261
0.0129350229
0.02047824758
0.05344238729
0.9889149289
0.9877409614
0.9925051834
0.9950013437
0.9940237029
0.9922071352
0.993488753
0.9938126645
0.9906284642
0.9875217107
0.00951140317
0.00707607722
0.006418376339
0.006189035363
0.006188847168
0.006188613138
0.006188595468
0.007334825393
0.861300544
0.9794426309
0.009491660896
0.007089482332
0.007414369992
0.009878650092
0.01690992752
0.9887052937
0.9927636845
0.9965286004
0.998094478
0.997991256
0.9975790111
0.9978697594
0.998127206
0.9977860173
0.9974923672
0.99721942
0.9972925482
0.99780772
0.9978319627
0.9979379503
0.9974202029
0.01521658864
0.006835777798
0.006187906282
0.006187768784
0.006187614203
0.006187553104
0.006187506579
0.00618744306
0.006187379138
0.006187325947
0.006187280249
0.006187237483
0.006187197562
0.006187162149
0.006187132133
0.006187107682
0.006187082344
0.01137421926
0.9859754966
0.9976333387
0.9988808363
0.9991237585
0.9991724593
0.9992734019
0.999236839
0.9992177711
0.9991837033
0.9991162936
0.9990362042
0.9989549022
0.9988893911
0.9988736589
0.9988626862
0.9988149919
0.9987846854
0.9987768578
0.9987471733
0.9986648059
0.9985347535
0.998379849
0.9982133576
0.9980744324
0.9981341889
0.9984572421
0.9985415378
0.998580713
0.998597191
0.9986054585
0.9986086858
0.9986084869
0.9986063889
0.9986034775
0.9986005191
0.9985980558
0.9985961187
0.9985924862
0.998570631
0.9984387162
0.9979229181
0.9977284044
0.9975511964
0.9972048854
0.9976148701
0.997996399
0.9982005421
0.997970962
0.9974583972
0.9975272658
0.9970741144
0.9965878818
0.9963922822
0.9961130689
0.9953998063
0.9941298324
0.9903634295
0.008482387018
0.006646452497
0.006191316163
0.006192106215
0.006198308552
0.006527642117
0.006679597562
0.007058239911
0.007743873498
0.009092389642
0.9414324933
0.9866539635
0.9940160436
0.9949652161
0.995148265
0.9961911017
0.9935409538
0.9407977822
0.008518284966
0.0068175596
0.006189543865
0.006318274325
0.01033546536
0.9954614785
0.9623155775
0.007535777843
0.006189061736
0.00618878474
0.006188960908
0.006189679047
0.00654596611
0.006882025566
0.007846035689
0.01116946552
0.0240644879
0.9926022453
0.9954165334
0.997931958
0.9979879242
0.9975465784
0.9975165751
0.9971704601
0.9974716797
0.9978196687
0.9980230113
0.9982583339
0.9979100653
0.9952187942
0.008206321013
0.00618822711
0.006187671916
0.00618758688
0.0061875527
0.006187483201
0.006187414365
0.006187364868
0.006187324089
0.006187282114
0.006187239476
0.006187199607
0.006187163792
0.006187132318
0.006187097031
0.01137423603
0.01225195021
0.007612741314
0.01103321236
0.2124798818
0.9975770105
0.9986869879
0.9989455246
0.9989414694
0.9990480725
0.9989528543
0.9988298245
0.9986846956
0.99849877
0.998391511
0.9986224073
0.9987272662
0.9985710261
0.9985657441
0.9985815808
0.9985356598
0.9983688096
0.9981244795
0.9977757492
0.9971779068
0.9963851399
0.9971186581
0.9977723539
0.9978528364
0.9977799605
0.9977487637
0.9977287461
0.9977126861
0.9976999614
0.9976916243
0.9976912648
0.9977065139
0.9977517978
0.9978521516
0.9980495774
0.9983802394
0.9978861029
0.9969496049
0.9971625499
0.99695137
0.9958455157
0.02449772333
0.01111872048
0.01587451
0.9909524643
0.9950322226
0.9965448088
0.9961196745
0.995929717
0.9971575757
0.9969270446
0.9966459101
0.9965880115
0.9957628202
0.9925651719
0.009455521861
0.006799408992
0.006189900187
0.006189718431
0.006189185007
0.006188465859
0.00618868089
0.006190292456
0.009871626083
0.0100719383
0.007844128177
0.009781143305
0.9557874892
0.994271535
0.9963954327
0.9956247749
0.9948572188
0.9927296745
0.01216197896
0.008388581178
0.5249327531
0.9976854494
0.1527712209
0.006727152936
0.006188871897
0.006189022291
0.006189104481
0.006189221752
0.006189177321
0.00618878409
0.006188687087
0.006188908844
0.006190387825
0.006608118639
0.007117460198
0.0098076116
0.02291032606
0.9938950118
0.9964421538
0.9966822879
0.9968659216
0.9974847079
0.997737174
0.9978260556
0.9978827072
0.9977028415
0.9969657152
0.01228426834
0.006557244058
0.006187524913
0.006187557053
0.006187501428
0.006187435
0.006187399374
0.006187371398
0.006187333198
0.006187288778
0.006187245349
0.006187204163
0.006187165102
0.00618711835
0.01137426535
0.01137474107
0.006187710521
0.006187935856
0.006230056824
0.006866711123
0.009255827074
0.05152118154
0.9969742344
0.9984006951
0.9987322329
0.9986429648
0.998416937
0.9980295356
0.9972078873
0.9973455554
0.9983385308
0.9983507885
0.998068029
0.9982376648
0.9984202104
0.9984787858
0.9980899897
0.9977438859
0.9971006853
0.9955084019
0.9930814271
0.0207468643
0.01228724877
0.009529969573
0.009151918144
0.009021175467
0.008976923512
0.00894526923
0.008927485841
0.008924749604
0.008949960449
0.009036271854
0.009270856317
0.009947327893
0.01330363917
0.02499228102
0.994574634
0.9954710085
0.9971599893
0.9970265859
0.9967470733
0.01374310347
0.006848921821
0.006609728791
0.008280663395
0.01288945352
0.9895463496
0.9898073856
0.9962260963
0.9975603688
0.9974729202
0.9972909209
0.9973011307
0.9974155759
0.9969253283
0.9951924838
0.01178535072
0.007315834988
0.006230826156
0.006189493466
0.006188793038
0.006895613064
0.01069564099
0.992910179
0.006828995911
0.006190396502
0.006474711141
0.007224329361
0.01111921923
0.9944252643
0.993770567
0.9954302177
0.9954030398
0.9949293841
0.9912106953
0.9928939202
0.01437262956
0.006255773325
0.006188995219
0.006189155308
0.006189166552
0.006189199133
0.006189170718
0.006188943209
0.006188737446
0.006188686421
0.006188739485
0.006188713135
0.006188561582
0.006189007692
0.006190964008
0.006712667912
0.007919168983
0.03586343052
0.9933118304
0.9956728018
0.9967504797
0.9970293598
0.9972463267
0.9973689779
0.9975890422
0.9970695707
0.9838386395
0.006906333986
0.006187578669
0.006187524575
0.006187455414
0.006187439497
0.006187429281
0.00618739385
0.006187346374
0.006187300554
0.006187255355
0.006187208744
0.006187149014
0.01137431335
0.01137441996
0.00618738977
0.006187666187
0.006187756894
0.006187759365
0.006187862466
0.006191893778
0.006787750055
0.008874426289
0.03717624352
0.9972568227
0.9978367487
0.9979493614
0.9972613954
0.9959320338
0.0967279237
0.1006655203
0.9950414655
0.9954222035
0.9972539211
0.9983338888
0.9982570166
0.9979159221
0.9980166541
0.9975376671
0.9971060306
0.9968524199
0.9963153408
0.01541803434
0.008014706478
0.006592812079
0.006188760411
0.006188513062
0.006188743439
0.006188619819
0.006188689263
0.006188964592
0.00618911011
0.00618937882
0.006189943956
0.006974131129
0.02111221191
0.9945625296
0.9952345798
0.9953159031
0.9960525524
0.9971159553
0.9938800991
0.008472435647
0.00735847064
0.9669639489
0.007744664485
0.00838436328
0.9926879887
0.05083546176
0.9971085321
0.997070951
0.9974097801
0.9978857001
0.9978583892
0.9978886773
0.9976955702
0.9971213271
0.1557782722
0.01001209773
0.007115356175
0.007356816523
0.9913254832
0.009601199722
0.006633022786
0.006189400363
0.006189241835
0.006188346639
0.007461274643
0.01002593313
0.008899845069
0.9247725509
0.9898377907
0.9941739207
0.9954078739
0.994087764
0.9716937437
0.0072813618
0.006189620906
0.006189010954
0.006189016572
0.006189090928
0.006189070633
0.006188920086
0.006188745881
0.006188643598
0.006188643981
0.00618870032
0.006188748293
0.006188984006
0.00618951317
0.00618979943
0.006908407242
0.03137019602
0.9964830636
0.9906391785
0.9912650326
0.9931249062
0.9959919285
0.9967879504
0.9970667939
0.9971803047
0.9965087038
0.9917055979
0.007934487879
0.006187895361
0.006187539663
0.006187501617
0.006187504417
0.006187464146
0.006187410217
0.006187365348
0.006187319868
0.006187267076
0.006187193028
0.01137438918
0.01137432474
0.006187271152
0.006187501417
0.006187623457
0.006187707278
0.006187762917
0.006187871583
0.006187929785
0.006187979311
0.006190576911
0.007110597643
0.01145450282
0.9961949732
0.9977730274
0.9977107532
0.9966108929
0.993021694
0.00793723767
0.007452374353
0.008159368343
0.01151835529
0.03008856018
0.9951363087
0.9975857478
0.9980777864
0.9978842559
0.9977001861
0.997947795
0.99804641
0.9974101622
0.8489630396
0.01228949674
0.007480570481
0.006555996609
0.006188891433
0.00618860306
0.00618895341
0.006189455408
0.006189089243
0.006189455917
0.007744588298
0.9928472537
0.9956803715
0.9929430149
0.01088459991
0.008860403794
0.9926549381
0.9969379017
0.995438777
0.9829139921
0.008744020213
0.006989517569
0.007030627799
0.00953465281
0.01048288304
0.442496578
0.01345108844
0.9992147668
0.9971127281
0.9979741509
0.9980348353
0.9980023324
0.9981184896
0.9981182872
0.9976570274
0.99255016
0.9676171438
0.01128641644
0.009016087471
0.006188907172
0.006189325902
0.006189571724
0.006390371871
0.007687827537
0.9293286301
0.00661564543
0.006472201145
0.008034473596
0.9785694744
0.9926379143
0.9943844209
0.9939087494
0.9931680719
0.008078841783
0.006188554988
0.006188843584
0.006188999795
0.006188999872
0.006188893283
0.006188745201
0.006188624714
0.006188568651
0.006188575458
0.006188591616
0.006188637517
0.006188934437
0.006314612176
0.007905032301
0.9954192405
0.9960152815
0.9844483786
0.008766316092
0.008016354413
0.9848290607
0.9965366031
0.9973318402
0.9973898974
0.9973667916
0.9970907529
0.9964660641
0.01089124883
0.006511581067
0.006187485553
0.006187552683
0.006187525086
0.006187470556
0.00618743838
0.00618740102
0.006187345435
0.006187256384
0.01137450792
0.01137428883
0.006187218945
0.00618740712
0.006187522189
0.006187622627
0.006187701096
0.006187788026
0.006187850899
0.006187879981
0.006187957823
0.006188025737
0.006188045727
0.0069786356
0.01532628738
0.997153326
0.9970562514
0.9963989927
0.9922427318
0.007515001091
0.006188302275
0.006188752298
0.006190766426
0.006741575589
0.008450438544
0.02388106043
0.99620533
0.9967984616
0.9972705664
0.9979899459
0.9981282704
0.9979091242
0.9976410425
0.9960092062
0.986802783
0.01201234586
0.007960304642
0.006834094935
0.006470762834
0.006189409407
0.006556497342
0.01109548
0.9954523118
0.9952753466
0.8623581276
0.007237516524
0.006189125827
0.006734536083
0.01195486668
0.9957854549
0.9954585487
0.9938020022
0.00934619498
0.007684334601
0.9847669926
0.008504510589
0.7600414617
0.006816324846
0.00657767924
0.007980355908
0.01640711086
0.9962633958
0.9972166597
0.9975997086
0.9975513909
0.9975776654
0.9967871652
0.9954554503
0.9940485136
0.9897159457
0.009057445021
0.006792808433
0.006192200005
0.006603532813
0.9259813106
0.007691130187
0.006408265979
0.006193973833
0.00763934805
0.4061209118
0.9899573375
0.986106265
0.9889550055
0.9966079112
0.996735878
0.009476570279
0.00637660554
0.006188910896
0.006188982855
0.006188897403
0.006188751932
0.00618860446
0.006188501379
0.006188467805
0.006188431038
0.006188216897
0.006189814426
0.007987611779
0.9766472352
0.9965880714
0.9959013073
0.008533832381
0.006654228992
0.006188258044
0.006608645872
0.01093377388
0.996064103
0.9973040723
0.9976151797
0.9974146005
0.9974836864
0.9969414755
0.9720627237
0.006937088263
0.006187640257
0.006187596803
0.006187536891
0.006187530176
0.006187508094
0.006187451769
0.006187348265
0.01137469675
0.01137427313
0.006187192574
0.006187351005
0.00618745336
0.006187553357
0.006187641638
0.006187726635
0.006187792892
0.006187842005
0.006187910253
0.006187974016
0.006187996114
0.006188029995
0.006188595041
0.008461574948
0.9935575583
0.996671315
0.9972222693
0.99593567
0.008817296589
0.006188591327
0.006188201352
0.006188117641
0.006188127688
0.006189562993
0.006969483977
0.009105785775
0.9841414485
0.9962561597
0.9976086757
0.9976933945
0.9975747679
0.9972817548
0.9964459563
0.9964624739
0.9957030231
0.9861430705
0.6261348073
0.01001310639
0.008067809224
0.970983783
0.9951803263
0.994819328
0.01031869419
0.006497433545
0.006189337178
0.006189861614
0.008206222005
0.01155118367
0.991181403
0.9958149192
0.9952791254
0.9828991661
0.009463801606
0.008695545815
0.00781116672
0.006461438932
0.006189067422
0.006188344492
0.006188680843
0.006949556731
0.009764621415
0.9937394569
0.9965863641
0.996835491
0.9967007219
0.9961310495
0.994988884
0.9943956163
0.9953892538
0.9931568508
0.01105556913
0.008713488441
0.01002602153
0.007485533134
0.005980612887
0.006470419643
0.009180827902
0.9944845589
0.9921274427
0.6634846729
0.007822606897
0.01221813744
0.9973504619
0.9967447906
0.6680130289
0.006651539242
0.00618889866
0.006188961378
0.006188797006
0.006188603843
0.006188448503
0.006188414214
0.00618838098
0.006188038865
0.006900930207
0.02262772595
0.9963159215
0.9964887268
0.04642183749
0.00707354071
0.006188285078
0.006188364309
0.006188225391
0.006188315276
0.007630998316
0.9927484417
0.9976897783
0.9978760148
0.9974961896
0.9974553
0.9968663439
0.9931927518
0.008228284808
0.006188094768
0.006187667075
0.006187664432
0.006187652324
0.006187591872
0.006187481964
0.01137500732
0.01137426606
0.006187178917
0.006187318042
0.006187409832
0.006187505353
0.006187596459
0.006187683125
0.006187756641
0.00618781963
0.006187887567
0.006187945618
0.006187975385
0.006187993024
0.006188050139
0.00618807746
0.007072907318
0.9897452193
0.9975479766
0.9980527358
0.9975690463
0.01390522222
0.006623743344
0.006187953394
0.006187952536
0.006187903985
0.006187824986
0.00618770507
0.006436289909
0.007419157349
0.01256331511
0.9945766372
0.9962011515
0.9965379588
0.9959427561
0.9953510444
0.9955915834
0.9942571046
0.9944142528
0.9951830925
0.9938511187
0.99352274
0.9957101281
0.9908055591
0.007488646785
0.006188945897
0.006189320697
0.007594235507
0.009977974929
0.9917450884
0.007979683913
0.009907736916
0.9926244241
0.9938826559
0.9929342003
0.0117663217
0.7363636988
0.006452895495
0.006188980452
0.00618832
0.006188045344
0.006187976921
0.006188002213
0.006716123421
0.009632244364
0.993156462
0.9952383006
0.9954601563
0.9939516451
0.9886084518
0.993985558
0.9964138131
0.9959087253
0.9932194144
0.9926928268
0.009010447662
0.006594351264
0.008222085151
0.9664857698
0.9941737199
0.9780354918
0.007573779157
0.006452026192
0.006188566288
0.008945531162
0.9956005828
0.9956780663
0.7750678464
0.006951579874
0.006188869194
0.006188901105
0.006188636498
0.006188366436
0.006188251121
0.006188375879
0.006323627893
0.007995950484
0.9957265085
0.9966452282
0.9828323234
0.008248574012
0.006195537643
0.006188421243
0.006188315158
0.00618821155
0.006188245415
0.006188172786
0.006678795769
0.01539171488
0.9975521777
0.9976452867
0.9976527323
0.9975780351
0.9973460756
0.9969513509
0.01216780177
0.006589059387
0.006187741231
0.006187794086
0.006187747315
0.006187674004
0.01137554189
0.01137426372
0.006187172898
0.00618730054
0.006187384714
0.006187475839
0.006187567467
0.006187656812
0.006187738281
0.006187813113
0.006187887484
0.006187953266
0.006188004063
0.006188053286
0.006188126883
0.006188186972
0.006188064581
0.006622823458
0.01452021872
0.9976629097
0.9980496563
0.9974524673
0.989577321
0.007478336932
0.006189615538
0.006187846099
0.006187793748
0.006187744945
0.006187688109
0.006187654518
0.006188077276
0.00677307574
0.008771742985
0.986953676
0.9927963241
0.9935413923
0.9919026167
0.9912578168
0.992645821
0.995174239
0.9965796762
0.9966942925
0.9951929013
0.01534761479
0.006881265168
0.006188863744
0.007141003543
0.009099207577
0.9908990353
0.008317972944
0.006724956843
0.006189290631
0.008953098958
0.9668691752
0.9952203985
0.9966280905
0.01434866494
0.006954668017
0.006188175138
0.006188069116
0.006187974542
0.006187929737
0.006188046453
0.006188254873
0.006679046848
0.01023877691
0.9805211172
0.9911008493
0.9931830582
0.9905244239
0.9908951271
0.03582007185
0.9931738042
0.9916450392
0.9915541426
0.992394168
0.9752715661
0.01789404134
0.9956946735
0.9923273235
0.009556383278
0.006527825873
0.006187932645
0.00618808746
0.006188110451
0.007623317768
0.9915187654
0.9941839529
0.9868159062
0.007289167509
0.006188816124
0.006188836077
0.006188406856
0.006188137751
0.006190282037
0.008100793209
0.9797805041
0.9966536076
0.9959287449
0.008168527272
0.0063407874
0.006188205711
0.006188213125
0.006188200488
0.00618817861
0.006188217498
0.006188244899
0.006188199198
0.006188796494
0.008882424471
0.9949185647
0.9972267539
0.9976062092
0.9974565036
0.9976163709
0.9972314195
0.9900329825
0.007626032246
0.006188263063
0.00618790967
0.006187960819
0.01137652318
0.01137426451
0.006187172054
0.006187293923
0.006187372827
0.006187460618
0.006187552354
0.006187644652
0.006187733424
0.006187818505
0.006187901815
0.006187979086
0.00618804871
0.006188119042
0.006188199106
0.006188261368
0.006188234666
0.006188175368
0.006188668879
0.009017378177
0.9961350479
0.9970951517
0.9959852633
0.9946304497
0.01204158186
0.006785399646
0.006187686526
0.006187673534
0.006187697649
0.006187696055
0.006187722393
0.006187764728
0.006187723497
0.006552447613
0.007903125964
0.9759274002
0.9886879354
0.9905546946
0.993862327
0.9959445379
0.9968750179
0.9974445963
0.9956120108
0.983283404
0.006748436909
0.006810669424
0.008460220482
0.990770842
0.008895022526
0.007031801294
0.006190253072
0.008574724338
0.01253173365
0.9865425284
0.00997489178
0.9944636987
0.9960410529
0.9786384657
0.006861907697
0.006187886477
0.006187999452
0.006187935345
0.006187994656
0.006189353651
0.008006796435
0.9160161979
0.7548561001
0.008724131072
0.9545771944
0.9908971316
0.9923749103
0.9931724153
0.9898455033
0.9858099361
0.9911476953
0.03924921685
0.9933956479
0.99336203
0.9953786743
0.8086478661
0.007102269586
0.006187982321
0.006187891411
0.006187913752
0.006187913904
0.006187772208
0.007054929851
0.9527029078
0.9937146475
0.9930618929
0.007779059522
0.00618900767
0.006188870892
0.006188250352
0.006965250125
0.02604849733
0.9964103111
0.9964447335
0.02940171512
0.006972494403
0.006188000788
0.0061883588
0.006188367926
0.00618828801
0.006188226644
0.006188208208
0.006188181673
0.006188127929
0.006188168777
0.006188132468
0.00712370058
0.9901809991
0.9974425579
0.9977326967
0.9973473813
0.9972888854
0.9968923462
0.9962359156
0.01320152708
0.006746687524
0.006188220601
0.01137843435
0.01137426751
0.006187174839
0.006187295036
0.006187370294
0.006187455781
0.006187547699
0.006187642726
0.006187737401
0.00618783036
0.006187921103
0.006188006422
0.006188084695
0.006188157766
0.006188223069
0.006188256909
0.006188223416
0.006188156966
0.00618819187
0.006188223869
0.007718106994
0.9933655343
0.9950365211
0.9945251816
0.9959926665
0.9926052754
0.008341665735
0.006388979954
0.006187649726
0.006187798719
0.006187874551
0.006187943681
0.00618801794
0.006188154631
0.006188542444
0.006617224675
0.011055427
0.9902905916
0.9953168195
0.997091655
0.9973780202
0.9970532972
0.9960578581
0.9944095667
0.01261122838
0.008470659085
0.9915350619
0.0096871136
0.007445924381
0.006191018547
0.00788692421
0.01171358129
0.9949358544
0.008969207263
0.006837552501
0.00706669362
0.9868142755
0.9964229913
0.9931768529
0.007845372475
0.006188255126
0.006188217032
0.006188018455
0.006713878057
0.01345563383
0.9914829348
0.00844663443
0.006550213172
0.006532421392
0.008265161033
0.9790247272
0.9889562476
0.9927644719
0.9902416815
0.9923035368
0.9938013838
0.9942966643
0.9942896497
0.9920759785
0.008168062468
0.006356153368
0.006187869091
0.006187812769
0.006187841495
0.006187848656
0.006187764571
0.006187608837
0.006694719245
0.9204282672
0.9967063688
0.996780448
0.009505768632
0.006189961823
0.006394531313
0.008158847299
0.9958384576
0.9966403118
0.9808544415
0.008149604792
0.006190854228
0.0061882
0.006188358371
0.006188395574
0.006188343669
0.006188278349
0.006188234768
0.006188195013
0.006188161095
0.006188189851
0.006188202405
0.006188009865
0.006601253539
0.01335488124
0.9972701126
0.9973396977
0.9969748853
0.9967195011
0.9971282681
0.9972007308
0.9932587413
0.007606285715
0.01137980102
0.01137427204
0.006187180094
0.006187301494
0.006187374188
0.006187458178
0.006187550447
0.006187647833
0.006187747028
0.006187845738
0.006187941948
0.006188032343
0.00618811423
0.00618818555
0.006188239985
0.006188261446
0.006188236141
0.006188192249
0.006188195938
0.006188223797
0.00618808205
0.007260800099
0.9880036986
0.99218274
0.8984875373
0.9951603352
0.9951891707
0.9271605587
0.006664364375
0.006187986136
0.006188189048
0.006188267532
0.006188309519
0.006188362452
0.006188485282
0.006927005665
0.01291614688
0.9947487878
0.9951582518
0.9971227593
0.9974746194
0.9968985665
0.0317686821
0.9936606228
0.9939473234
0.9903046476
0.01047403003
0.008012380824
0.006190306497
0.007370958271
0.01036551126
0.9947851205
0.009683028788
0.0070654099
0.006187916745
0.006188418723
0.006671454169
0.01432731024
0.9970112391
0.9964579657
0.01145143926
0.006582377356
0.006371437826
0.006898025153
0.9845628256
0.5839226639
0.007222644733
0.006188277875
0.006188259747
0.006283155433
0.008670835794
0.9724221985
0.9924632396
0.9940414481
0.9935858601
0.9917637761
0.9920826963
0.9922551775
0.9913356695
0.008282944506
0.006187818904
0.006187886716
0.006187852243
0.006187860105
0.006187876114
0.006187848149
0.006187783695
0.006187676685
0.006494881881
0.0116719562
0.9974133192
0.997614282
0.01515966693
0.008191700611
0.9817705064
0.9965047052
0.9957544875
0.008040273966
0.006327746133
0.006188120112
0.006188150487
0.006188304537
0.006188373849
0.006188366481
0.006188321958
0.006188275171
0.00618823218
0.006188203683
0.006188213952
0.006188218347
0.006188141835
0.00618809683
0.006188553905
0.008676854634
0.9950194927
0.9962106553
0.9954974933
0.9956654271
0.9965799466
0.9969801078
0.9961578024
0.02289250366
0.01137427751
0.006187186891
0.00618731143
0.006187382321
0.006187465465
0.006187558321
0.006187657799
0.00618776053
0.006187863576
0.006187964045
0.006188058344
0.006188143107
0.00618821492
0.006188267709
0.006188292276
0.00618828595
0.006188269675
0.006188277222
0.006188293825
0.006188268594
0.006188121694
0.00722031403
0.991169401
0.9937941305
0.01239971387
0.9952609692
0.9971336575
0.9939039581
0.008245734101
0.006189156692
0.006188638701
0.006188472848
0.006188283127
0.006595687013
0.008664853632
0.9921926164
0.9948030713
0.9936170107
0.9957698567
0.9962733081
0.9958739164
0.9946624206
0.01021578389
0.9896763069
0.9917791189
0.009422577674
0.006189203894
0.006977058566
0.00947321427
0.9948157456
0.01067707584
0.007488681746
0.00618814164
0.006188150178
0.006188274283
0.006188534984
0.006189011862
0.008555992511
0.9943601281
0.9960444979
0.9758254335
0.008138209393
0.963140817
0.9593805036
0.008929064748
0.006361340733
0.006188477832
0.00618840158
0.007087772745
0.2365348315
0.991005533
0.9924946269
0.9951269785
0.99572982
0.9944066265
0.9883634446
0.96995616
0.9902877141
0.9916750338
0.007555078869
0.006187731188
0.006187793933
0.006187849614
0.006187888765
0.006187899075
0.006187894492
0.006187890936
0.006188003059
0.006188665496
0.008934048796
0.996680051
0.9970204668
0.9931069662
0.9922679854
0.9963541625
0.02686679747
0.006933719135
0.006187967554
0.006188334489
0.006188407823
0.006188454135
0.006188457149
0.006188426004
0.006188374254
0.00618831691
0.006188265209
0.006188223661
0.006188201828
0.006188169712
0.006188094334
0.006188042579
0.006188112734
0.006188108432
0.007481207175
0.9908177223
0.9938237638
0.9939575134
0.9958964982
0.9972059291
0.998244842
0.9963025759
0.01137428346
0.00618719448
0.006187323396
0.006187393094
0.006187475994
0.006187569762
0.00618767124
0.006187776894
0.006187883415
0.006187987504
0.006188085429
0.006188173719
0.006188249111
0.006188306861
0.006188342281
0.006188357252
0.006188365232
0.006188383417
0.006188402392
0.006188401376
0.006188394963
0.006188271002
0.007630932394
0.9950921748
0.9945735564
0.009159341468
0.02134559658
0.997214231
0.9970363565
0.01654626035
0.00703701083
0.006188400345
0.006562802839
0.008129728534
0.9852841612
0.9944072254
0.995210302
0.9947802048
0.9958537054
0.9954872098
0.9906414239
0.9932068723
0.3002301428
0.007652818028
0.9918566229
0.9937003411
0.008428138497
0.008772037803
0.9950006137
0.01218893907
0.008049210191
0.006189059419
0.006188494303
0.006188448983
0.006188551134
0.006188296031
0.006188549553
0.006188387864
0.007031692257
0.9914178196
0.9958841197
0.9933438835
0.1594609134
0.01828958573
0.007279114401
0.00618950235
0.006188902393
0.006824811679
0.01001411346
0.9938735841
0.9936408868
0.9921436829
0.9930491388
0.9944990026
0.9950204655
0.9914081378
0.008448076232
0.008256173569
0.9926460718
0.9925275064
0.007388643548
0.006187686822
0.006187786159
0.00618785847
0.006187884465
0.006187898159
0.006187914092
0.006188016073
0.006188269193
0.006950900782
0.01626468524
0.9971255034
0.9970064939
0.9954537683
0.9799205684
0.008449680749
0.006190876503
0.006188252355
0.006188429619
0.006188554107
0.006188583991
0.006188544611
0.006188483832
0.006188417498
0.006188351444
0.00618828804
0.006188232377
0.006188189316
0.006188138034
0.006188070139
0.006188048303
0.006188113199
0.006188138253
0.006188038265
0.007368973628
0.9886018846
0.9936695661
0.9961117613
0.9977434956
0.9987093692
0.997863394
0.01137428949
0.006187202274
0.006187336302
0.006187405395
0.00618748868
0.006187583781
0.006187687287
0.006187795435
0.006187904783
0.006188011959
0.00618811319
0.006188205313
0.006188286046
0.006188351774
0.00618840027
0.006188435108
0.006188462884
0.006188492542
0.006188517598
0.006188532118
0.006188544268
0.006188581143
0.006188482964
0.008127449292
0.9955728751
0.9939127865
0.007510701243
0.008416575586
0.9940235669
0.9963344077
0.9911738244
0.008437023687
0.008542842058
0.982306202
0.9941707124
0.9960274073
0.9961690653
0.9955082207
0.9952800244
0.017450823
0.010098601
0.9944523965
0.9897476121
0.007091532709
0.007371575308
0.9931028521
0.9920313997
0.9902543753
0.01338690739
0.008797886327
0.00619040055
0.006189315077
0.006188864436
0.00618868425
0.006188609376
0.006188549995
0.006188568971
0.006188715716
0.006188589226
0.006865360364
0.01826146112
0.9956285964
0.9947373128
0.994660902
0.007225218213
0.006191380966
0.007158121223
0.01075361166
0.9945756454
0.9966965439
0.9954511574
0.9931160181
0.9921124611
0.9821111858
0.9916648338
0.9954521918
0.01080719328
0.006188522547
0.007608346933
0.9931484842
0.9925671292
0.007363061869
0.006187704017
0.006187806549
0.006187842944
0.006187842029
0.006187851788
0.006187860117
0.006607584414
0.008637053726
0.9915380867
0.9966681685
0.9974860869
0.9962536214
0.01013168065
0.006546531226
0.00618860106
0.006188278029
0.00618847579
0.00618865175
0.006188676405
0.006188610526
0.006188526176
0.006188446841
0.006188371767
0.00618829995
0.00618823638
0.006188188133
0.006188129382
0.006188058717
0.006188058151
0.00618812233
0.006188125202
0.006188048892
0.006707337181
0.01022934853
0.9937396857
0.9966333813
0.9980480972
0.998870358
0.9982752683
0.01137429531
0.006187209851
0.006187349408
0.006187418544
0.006187502917
0.006187599856
0.006187705444
0.00618781562
0.006187927075
0.006188036595
0.006188140231
0.006188235402
0.006188321509
0.006188395289
0.006188455772
0.006188507884
0.006188551125
0.006188591468
0.006188623266
0.00618865178
0.0061886765
0.00618871844
0.006188794017
0.006188709783
0.008028200613
0.9945411549
0.9946622163
0.008543501899
0.006819856638
0.9586726989
0.9905253736
0.9886791446
0.9912735669
0.9945945303
0.9960156084
0.996595258
0.9960015192
0.9935867605
0.01066602428
0.007306106951
0.00619074136
0.01090033251
0.9947706386
0.9481426571
0.007516044704
0.009517540966
0.9925281764
0.9942832442
0.01257066117
0.00619184923
0.006190206715
0.006189436801
0.006189005488
0.006188696266
0.006188513011
0.006188448468
0.006188478227
0.00618780093
0.006188391376
0.006614500357
0.009171264334
0.9871491946
0.9897156415
0.9935837016
0.0172842836
0.008480842708
0.02024163333
0.9967854051
0.9976229742
0.9977939365
0.9964802814
0.9659424713
0.00977724171
0.0981165059
0.01198111425
0.9950425015
0.9964494749
0.008507326736
0.006188343533
0.00752560224
0.9932218448
0.9925085162
0.00735035335
0.006187778543
0.006187819788
0.00618780505
0.006187732286
0.006497911893
0.007937399316
0.9777325839
0.9923234825
0.993885016
0.9946202416
0.9957732829
0.01065540091
0.006182196992
0.006188663433
0.006188399714
0.00618865417
0.006188844939
0.006188786829
0.006188657976
0.006188545501
0.006188457367
0.00618837705
0.006188297787
0.006188232684
0.006188201672
0.006188150939
0.006188063094
0.00618807688
0.006188140451
0.006188054671
0.006661451429
0.008343611552
0.9779458219
0.9940577552
0.9966656748
0.997942735
0.9987027332
0.9982379683
0.01137430072
0.006187216958
0.006187362329
0.006187432289
0.006187518548
0.006187617899
0.006187725526
0.006187837023
0.006187949624
0.006188060443
0.006188164783
0.006188260869
0.006188350875
0.006188430414
0.006188499556
0.006188566515
0.006188620459
0.006188669715
0.006188706699
0.006188753855
0.006188803758
0.006188884785
0.006188993382
0.00618922623
0.006189201482
0.007487194651
0.9926880834
0.9954974908
0.01212063457
0.01358466618
0.9933695484
0.9953340449
0.9962316904
0.9965146978
0.9967593416
0.9964514407
0.9942612315
0.009895089843
0.006898697235
0.00618913898
0.006189146267
0.00663208236
0.9816059744
0.9938191738
0.0108541177
0.9881526382
0.009363480992
0.99294046
0.9964892215
0.009220832429
0.006189177341
0.006189137976
0.006188818444
0.006188509467
0.006188322227
0.006188272564
0.006187548896
0.006188258638
0.006343178657
0.008261449538
0.8393315896
0.959502428
0.01075105896
0.9794432449
0.9933252862
0.9933318211
0.9967466723
0.9978751897
0.9976780141
0.9969272902
0.02415554493
0.007919418827
0.006496630015
0.007064477368
0.9788657008
0.01186853668
0.9954574612
0.9951137398
0.00752900077
0.006188317582
0.007533909665
0.993279575
0.9924299293
0.007357138853
0.00618800797
0.006187828331
0.006467199572
0.007738602709
0.966545391
0.9927009596
0.9927343989
0.9872093315
0.01035556322
0.9931752764
0.9939680209
0.007326633448
0.006188465483
0.006187976087
0.006188901938
0.006189099048
0.006188873546
0.006188650559
0.006188518237
0.006188440764
0.006188365877
0.006188276866
0.006188208641
0.006188224044
0.006188219262
0.006188128482
0.006188218142
0.006188549094
0.006955851224
0.009332141143
0.9879195081
0.9932792906
0.9951603361
0.9960735981
0.9973405607
0.9976129653
0.997105007
0.01137430561
0.006187223545
0.006187375098
0.00618744684
0.00618753588
0.006187638268
0.006187747657
0.0061878593
0.006187971761
0.006188082674
0.006188185209
0.006188278683
0.006188370106
0.006188450784
0.006188522665
0.006188602799
0.006188660223
0.006188711999
0.006188742405
0.006188801402
0.006188862548
0.006188987921
0.006189084438
0.006189354142
0.00618954786
0.006194308054
0.008742398837
0.9924040263
0.99558293
0.9961967797
0.9965028071
0.9971270816
0.9975266025
0.9975016811
0.9969519124
0.9954595951
0.01084638514
0.00689921361
0.006188989446
0.006189119469
0.006188902647
0.006188391038
0.007267029451
0.9934812809
0.9940874913
0.01013754486
0.01030450088
0.009430897131
0.9941018535
0.995167626
0.007275644474
0.006188498405
0.006188548648
0.006188316375
0.006188159595
0.006187524047
0.00618827695
0.006188481996
0.007551853581
0.4928746578
0.990135289
0.01226048079
0.9126941929
0.9844575026
0.9940578971
0.9961141574
0.9969878207
0.997080526
0.9950038694
0.01125058635
0.007242545776
0.006190127745
0.006188624296
0.006188361527
0.006846133551
0.936391955
0.01117194198
0.9945884713
0.9924028591
0.007299485186
0.006188341585
0.007564424429
0.9932585314
0.9921037638
0.00757638901
0.006507959947
0.007611286814
0.9529023482
0.9927942293
0.9936264812
0.9858048306
0.008475620019
0.006814370923
0.008238506313
0.9965139884
0.9943448806
0.006841652478
0.006222842757
0.006189256725
0.006189352639
0.006188849168
0.006188537921
0.006188422449
0.006188392439
0.006188344681
0.006188238899
0.006188140575
0.006188202665
0.006188252301
0.006188186053
0.006343069066
0.007743073982
0.01423696731
0.9954331641
0.9960951382
0.9962802436
0.9967565399
0.9967768373
0.9970775785
0.9956489567
0.9872374493
0.01137431
0.006187229834
0.006187388271
0.006187462948
0.006187555734
0.006187661831
0.006187772206
0.00618788209
0.006187992884
0.006188102793
0.006188200197
0.006188286527
0.00618837699
0.006188451237
0.006188516416
0.006188608902
0.006188657706
0.006188701304
0.006188687386
0.006188728639
0.00618870321
0.006188737377
0.006188673895
0.006189007879
0.006619266931
0.008954557089
0.03387437078
0.9959280223
0.996608462
0.9972120668
0.9970792606
0.9971396173
0.9976607969
0.9973068955
0.9960080508
0.01199831909
0.007041695475
0.006189248017
0.006189308131
0.006189159493
0.006188687277
0.006188290392
0.00618805971
0.009044514593
0.9940644748
0.9916020975
0.01333703809
0.9963282086
0.01299940124
0.9961565796
0.9892663326
0.00644907934
0.006188419292
0.006188208534
0.006187315359
0.006188132643
0.00618808873
0.006684623121
0.008778968963
0.9926705573
0.09102084701
0.9914323792
0.9909678105
0.9934470767
0.9954499746
0.9970746312
0.9970648396
0.995294557
0.01021182223
0.006886238654
0.006188463032
0.006188385121
0.006188426271
0.006188400635
0.006188039908
0.007458465304
0.9890914051
0.01113971729
0.9920339982
0.9903620473
0.007265505655
0.00618845703
0.007829207836
0.9936039291
0.9919587141
0.01010294311
0.9673260382
0.9923613526
0.9939524521
0.9882918303
0.00854736796
0.006646853899
0.00618820406
0.006188541211
0.01185172582
0.9976861737
0.03109131075
0.1118961216
0.006200950441
0.006189846762
0.006188669977
0.006188315336
0.006188270664
0.006188322186
0.006188321167
0.006188201938
0.006188021099
0.006188069136
0.00618802
0.006501538616
0.008690392865
0.3630349748
0.9973400294
0.9976494607
0.9974889063
0.9974011339
0.9976496984
0.9974012329
0.9936142357
0.01344645438
0.01630784589
0.01137431417
0.006187236502
0.006187403109
0.006187481938
0.006187579516
0.006187690182
0.006187799656
0.006187904617
0.006188012599
0.006188121211
0.006188208222
0.006188282641
0.00618837447
0.006188429481
0.006188473522
0.006188584994
0.006188596958
0.006188634727
0.006188526744
0.006188494514
0.006188346885
0.006188423319
0.006493857946
0.0076796836
0.01329264634
0.9926250414
0.9972712064
0.997420026
0.9971802465
0.9975424817
0.9974821779
0.9973070546
0.9970041101
0.9951067683
0.01526261355
0.007161004247
0.006189605797
0.006189715942
0.00618943777
0.006189002037
0.006188509842
0.006188864523
0.006739826201
0.008234027673
0.974144507
0.9928936915
0.992590829
0.01139254215
0.008226920012
0.01288542773
0.9965257698
0.009252190746
0.006188472451
0.006188173434
0.006188121907
0.00618908722
0.006955691057
0.008850239859
0.9857944596
0.9886766884
0.9943785995
0.9945751317
0.9947171173
0.9935264605
0.9946969212
0.9955330696
0.9965408684
0.01822352793
0.006840343571
0.00618868188
0.00618857851
0.006188500053
0.006188427765
0.006188345817
0.006188173762
0.006188193209
0.009142594345
0.9899118716
0.008763657393
0.9892200425
0.9875398308
0.00717622751
0.006848921
0.01088155399
0.9934691655
0.99405438
0.9944735705
0.994455259
0.9906642016
0.008881719702
0.006684579708
0.006188049903
0.006188046766
0.006187858101
0.006434117539
0.9888854566
0.9976778427
0.01159356874
0.00622607
0.00619011996
0.006188460795
0.006188089774
0.006188144603
0.006188279774
0.006188304887
0.006188217525
0.006188068301
0.006188883433
0.007054734079
0.009687020845
0.9906055508
0.9973036732
0.998025982
0.9978838108
0.9972825902
0.9967935316
0.9965543809
0.2120067546
0.009481796086
0.006713185996
0.01138425548
0.01137431893
0.006187245141
0.00618742198
0.006187505567
0.006187609065
0.006187726269
0.006187830744
0.006187924498
0.006188030136
0.006188141365
0.006188207678
0.006188261186
0.006188373125
0.006188395701
0.006188382377
0.006188542557
0.006188469441
0.006188471152
0.006188291318
0.006188565437
0.006540012534
0.007559782042
0.01155263347
0.9849146014
0.9966798894
0.9974238621
0.9970623046
0.9969264497
0.9964088004
0.9969164201
0.9962548414
0.9956889466
0.9962307052
0.01630832794
0.9929377697
0.007723583859
0.006189924687
0.00618980488
0.006189172845
0.006188530428
0.006422161668
0.007837938282
0.01609871406
0.9927697873
0.9926872691
0.9903484478
0.9955503622
0.008983241384
0.005808223179
0.006962278394
0.9952870547
0.9958726073
0.007123791001
0.006188646772
0.006440865838
0.007854810079
0.01765504743
0.9946799902
0.9954873031
0.9954931252
0.9950424284
0.9954637117
0.9950470975
0.9916816345
0.9847588108
0.9923510915
0.01409543538
0.5633117808
0.007466425082
0.006189220161
0.006188854137
0.006188656944
0.006188497349
0.006188361881
0.00618825107
0.006188230268
0.006382878142
0.4704202358
0.9771026809
0.008299815743
0.9910662071
0.9851105038
0.01014136967
0.9867835197
0.9938572383
0.9959681143
0.9956685299
0.9925849775
0.009667637626
0.006779743342
0.006188290722
0.006188186468
0.006187988626
0.006187742628
0.006187463106
0.006660848632
0.9861680176
0.9952650377
0.006697118583
0.006210945544
0.006186634716
0.006188083206
0.006188174485
0.006188264924
0.00618817048
0.006187910819
0.006363809719
0.007642725103
0.01838463286
0.99642374
0.9970897699
0.9975142926
0.9978706161
0.9971669403
0.9954423986
0.9897347828
0.01017232187
0.007421381683
0.006272773749
0.006188410699
0.0113803042
0.0113743267
0.006187259184
0.006187449405
0.006187535717
0.006187645543
0.006187775134
0.00618786842
0.006187937229
0.006188040292
0.006188170366
0.00618820467
0.00618820852
0.006188370773
0.006188375125
0.006188261615
0.006188449676
0.006188262922
0.006188641705
0.006557065375
0.007663494315
0.01377173065
0.9137708082
0.9967120103
0.9973527625
0.9974643558
0.9976934563
0.9971410648
0.9968504516
0.9961800603
0.9967121666
0.9963747984
0.9826247251
0.9912852382
0.01114643662
0.01032706257
0.01194309393
0.006190367259
0.006189821159
0.006439448574
0.007208306128
0.009880470295
0.968368212
0.9952370909
0.9930478736
0.01614004071
0.01115670112
0.9956992572
0.01497503956
0.006204714351
0.006213974268
0.009552914048
0.9959558206
0.02076798785
0.007442752057
0.009851059349
0.9858431507
0.9967047378
0.9973815181
0.997429321
0.996684888
0.9960146889
0.9950804
0.9929467722
0.3512482304
0.989985981
0.01031431972
0.009853223949
0.009234855877
0.9898034347
0.006938390229
0.00618880598
0.006188671646
0.006188516539
0.006188351438
0.00618828475
0.006188201012
0.006188221712
0.006953399228
0.9885335192
0.01193189405
0.01103241589
0.9924185309
0.9924978834
0.9936081858
0.9953036012
0.9959373937
0.99424479
0.3458806095
0.00790800498
0.006188731661
0.006188675949
0.006188310378
0.006188030577
0.006187811959
0.006187700018
0.006742133614
0.4374835233
0.9937261178
0.9891371095
0.006924487692
0.006199504861
0.006188938819
0.006188201986
0.006188394042
0.006188272704
0.00670245855
0.008200424057
0.9395039197
0.9967183409
0.9978973689
0.9978598851
0.9977068551
0.997501795
0.9959286428
0.7605453104
0.007758485851
0.006561487123
0.006187950626
0.006188045356
0.00618788892
0.01137661075
0.01137434617
0.006187285208
0.006187494027
0.006187575225
0.006187686822
0.006187841662
0.00618792033
0.006187945474
0.006188029753
0.006188198783
0.006188210263
0.006188138752
0.006188318132
0.00618824713
0.00618827738
0.006189936082
0.006652892513
0.008057057226
0.01496240504
0.9923899523
0.9968733165
0.997823331
0.9979162724
0.9979485199
0.9979554419
0.9975453694
0.9966557141
0.9962174373
0.9948674825
0.9886353862
0.02627833385
0.009019355453
0.3619862707
0.9883128946
0.007966427801
0.9938728519
0.007838722226
0.006693484507
0.009252182707
0.4923611116
0.9925014228
0.9925169905
0.4359557788
0.009013547211
0.00662243732
0.006604253748
0.9923111938
0.9941348064
0.006639612289
0.006200368035
0.006860652771
0.9217218669
0.9935931399
0.9857241135
0.994221929
0.9967138455
0.9972513194
0.9977398831
0.9977451971
0.997462527
0.9897864399
0.6800107361
0.008458571807
0.007305530089
0.007006476333
0.01499179057
0.008871684525
0.9505574607
0.01026117799
0.009763794493
0.006188673419
0.006188568493
0.006188475144
0.006188313948
0.006188240773
0.006188161645
0.006188351443
0.006598016418
0.00978272267
0.989289112
0.9882136615
0.9918490014
0.9935387254
0.9944162872
0.9940821097
0.9957038762
0.02052695893
0.007741570358
0.890043434
0.007117049496
0.006188957453
0.00618836849
0.006188049591
0.006187910605
0.006187858278
0.00618825595
0.008156369587
0.01241693371
0.9938431016
0.9700501784
0.006591869071
0.006214915077
0.006200054448
0.00619629824
0.00743400453
0.01166709742
0.9938926789
0.9960709378
0.9972070926
0.9979420491
0.9972700158
0.9963159749
0.994648443
0.01255877747
0.007252484887
0.00634207528
0.006187518892
0.006187716604
0.006187792997
0.006187656053
0.01137544541
0.0113744196
0.006187338031
0.006187567293
0.006187633382
0.006187728541
0.006187917935
0.006187980748
0.006187968261
0.006188021195
0.006188125731
0.006188065712
0.006188128514
0.006189378246
0.006498040426
0.006907652547
0.009980483071
0.02537817702
0.994540034
0.9972809151
0.9977458979
0.9976703438
0.9979271238
0.9981057388
0.9979025956
0.9980010577
0.9977557269
0.9918958537
0.9416821188
0.009988164918
0.007429527268
0.006585604738
0.006197240633
0.01103865441
0.9964303144
0.008266545377
0.009023296422
0.01220077327
0.0169303112
0.993643151
0.9948751933
0.9576970927
0.009514460638
0.007113445874
0.006394579353
0.00618995924
0.006190215312
0.0111970203
0.9949747406
0.009008773169
0.007735754149
0.00928379705
0.987995664
0.9951340604
0.9961189156
0.9963371046
0.9973538251
0.9970709336
0.9966871558
0.9960439202
0.03868172682
0.00949340198
0.006690802815
0.006348821993
0.006188522895
0.006189691268
0.008418864541
0.9887892149
0.007273628549
0.008714493082
0.99539127
0.007711404507
0.006188453829
0.006188321427
0.006188250433
0.006188642341
0.006503669149
0.007455601944
0.01051917502
0.9818383294
0.9922987251
0.9935644376
0.9922317244
0.9901709796
0.9899453437
0.9880660988
0.5563855597
0.9934304019
0.007005681389
0.007204402625
0.008192826217
0.006202667348
0.006188289681
0.006187996065
0.006187988666
0.006188029474
0.006188249684
0.006645403886
0.9868021204
0.0119651543
0.9955116929
0.9815086509
0.006637824462
0.0187363181
0.008353437809
0.05005050795
0.9972732408
0.9975101432
0.9976429119
0.9978937471
0.9980070595
0.9970091244
0.9772511408
0.008389157952
0.006763828445
0.006187955066
0.006187552004
0.006187571849
0.006187649041
0.006187636958
0.006187495579
0.01137498367
0.01137478331
0.006187473044
0.006187670405
0.006187709748
0.006187805514
0.006187952997
0.006187920759
0.006187993132
0.006188679408
0.006330215969
0.006663868722
0.007156515863
0.01020775995
0.02228829783
0.9912533453
0.9952957352
0.998064896
0.9980802631
0.9977420059
0.9978536624
0.9976363686
0.9977698154
0.9978961517
0.9974619259
0.9943326755
0.02749834413
0.009286643847
0.006690109203
0.006375081449
0.006189048103
0.006188931936
0.006188782444
0.007083021227
0.9907466887
0.01694891313
0.01444762642
0.99169427
0.9942837049
0.9934679082
0.01512884289
0.007650414155
0.006403644449
0.006189056463
0.006189200921
0.006190002812
0.006404389734
0.008572167583
0.9942135293
0.9933789342
0.05275003736
0.9965752048
0.9959626301
0.9972743004
0.9978399743
0.9979214332
0.9978744736
0.9971644212
0.983313746
0.009043427767
0.007125007485
0.006199730162
0.006190756903
0.006188989896
0.006189117231
0.006189121091
0.007053879502
0.9931594409
0.008570466527
0.006189724977
0.01244992331
0.01140844985
0.006188813174
0.006190986084
0.006668531715
0.008147434321
0.01330369478
0.9859318736
0.9949441852
0.9958147284
0.9955426705
0.994854106
0.9939453632
0.9863334315
0.9750057614
0.009992159245
0.9840716185
0.9915324267
0.008697152798
0.006301763932
0.9767163603
0.007646775704
0.006200730102
0.006187860891
0.006188027257
0.006188093839
0.006188283456
0.006188196943
0.008549007815
0.009276666899
0.01095241191
0.9954350081
0.01441396
0.01031053667
0.9876882814
0.9974082195
0.9981359175
0.9979327095
0.9975439781
0.9972617264
0.9968280495
0.02723189881
0.007856176135
0.006370834492
0.006187533278
0.006187542508
0.00618746153
0.006187491862
0.006187521581
0.006187484923
0.006187364322
0.01137470147
0.01137867744
0.00618802141
0.006187752223
0.00618772201
0.006188223642
0.006252397951
0.006591512373
0.006971240099
0.008519638861
0.01757966851
0.3546346641
0.9947692189
0.9966043262
0.998280054
0.9982611618
0.99796818
0.9980338036
0.998053018
0.99750733
0.9969953004
0.9961999071
0.9957025036
0.9950955045
0.01809812414
0.008240245319
0.00666652042
0.006198552872
0.006214412948
0.006529300508
0.006661408365
0.0070575477
0.007892039158
0.009333649295
0.9462306813
0.9784182573
0.9942189065
0.9939652967
0.7921416569
0.008203512997
0.006626427552
0.006217791099
0.006545453475
0.006710210259
0.007250226854
0.008516698166
0.01407180633
0.4325410068
0.9956491353
0.9959672446
0.9967197598
0.9973346995
0.9967973159
0.997397314
0.9977270101
0.9976898829
0.9973529755
0.03734826048
0.008276244729
0.006422821904
0.006190725746
0.00621258711
0.00619033894
0.006188939146
0.006189127786
0.006189036384
0.006188788753
0.01260341625
0.02257999089
0.006192568192
0.007393772464
0.9913711492
0.00796564791
0.009417011216
0.03149208942
0.994066675
0.9968271039
0.9972630263
0.9963900987
0.9966876356
0.9968109578
0.9915025477
0.9893155588
0.790287314
0.007469371261
0.006753744377
0.008114238072
0.887235974
0.9422436119
0.006457408063
0.006704255801
0.01104658584
0.00619330353
0.00618904151
0.006188273801
0.006188264173
0.006188413977
0.006188443008
0.00685893289
0.956963581
0.008835365682
0.9886747572
0.9947240511
0.9961896367
0.9968999545
0.997338024
0.9978933474
0.9970041784
0.9954982203
0.9921709822
0.01048303076
0.007204887344
0.006190016325
0.00618775835
0.00618764895
0.00618756244
0.006187459991
0.006187432364
0.006187415424
0.006187366441
0.006187267134
0.01137451436
0.01138942064
0.006191034399
0.006457694489
0.006796627811
0.008072884194
0.01523858605
0.2324199316
0.9949947397
0.9965915014
0.9981198908
0.9987649401
0.9986650965
0.9984730169
0.9985413873
0.9986038261
0.9983902879
0.9981976203
0.9978252848
0.997223444
0.9961728831
0.9936198167
0.9911529108
0.02223796922
0.01555256255
0.01245681747
0.01225934581
0.01404463906
0.02770697454
0.09005467405
0.9856700241
0.9851717726
0.9921749114
0.9952141904
0.9948320571
0.9910435972
0.9854324663
0.02237708845
0.01259946675
0.01096491315
0.01219567157
0.02412862596
0.08557110277
0.9889879587
0.9905100771
0.9950294225
0.9970299875
0.9978926726
0.99779722
0.9976721321
0.9974147598
0.997361571
0.9964272421
0.9969124591
0.9963072489
0.9936883818
0.0178407518
0.008708823771
0.006193522123
0.006189359895
0.006189320463
0.00619221075
0.006192039082
0.006188622923
0.006188766241
0.006188762866
0.006188981585
0.007152491646
0.9938262385
0.008992704671
0.009455143151
0.02151998906
0.9873931399
0.9935321781
0.9980240401
0.9979085449
0.9970572636
0.9972231432
0.9963266291
0.9903526479
0.5345441622
0.0123528336
0.8878027429
0.01039471011
0.006438524382
0.006188476974
0.006632717151
0.9892749728
0.9943360766
0.007532979489
0.006262031876
0.007420465758
0.88996196
0.006282799836
0.00618878962
0.006188643973
0.006190778349
0.006661046559
0.008176574982
0.01603010389
0.986685152
0.9927133285
0.9961998726
0.9974464641
0.9976675364
0.9976750789
0.9976752058
0.9961719338
0.9118563996
0.007836991382
0.006610103943
0.006187757822
0.00618766999
0.006187500198
0.006187498101
0.006187460249
0.006187395583
0.006187357346
0.006187322751
0.006187274325
0.006187196888
0.01137438933
0.05251439262
0.01333715144
0.03874592752
0.9947967506
0.9967022493
0.9982058348
0.9988872817
0.9988650871
0.9987459893
0.9988430771
0.9989369444
0.9989626796
0.9988637755
0.9987881122
0.9986857992
0.9985826079
0.9984275974
0.9981397204
0.9977774668
0.9973788894
0.9969885119
0.9969254755
0.997811527
0.9983442256
0.9984908518
0.99850773
0.9985599877
0.9986535826
0.9988259575
0.9983572995
0.9975341046
0.9972491834
0.9972172787
0.9973329965
0.9969833799
0.9962597503
0.9968087709
0.9977078251
0.9979179609
0.998208584
0.9984458669
0.9987476105
0.9983137453
0.9975732048
0.9974409644
0.9974770951
0.9975000314
0.9974398256
0.9972703619
0.9971590827
0.9968029576
0.9952595586
0.9930842928
0.01503973969
0.01233530736
0.9748171586
0.87826859
0.006831533813
0.006189117141
0.006189334836
0.006191277936
0.006170924652
0.006283989822
0.006583242176
0.006769866957
0.007476581523
0.01027825729
0.02897327354
0.9861584097
0.9914720455
0.9974003824
0.9976728213
0.9972911343
0.9979316845
0.9980533419
0.9933524004
0.9701838736
0.01113676303
0.007895918731
0.006735185819
0.006516415084
0.008452522953
0.9650465564
0.006620189889
0.006188859558
0.006188217469
0.008559642961
0.9966858897
0.01273048029
0.1089774122
0.006798379963
0.821414464
0.007141104214
0.006510096523
0.006945218344
0.01039149427
0.02649747043
0.993302336
0.9969547145
0.9970764734
0.9970148646
0.9975048114
0.9980973439
0.9977625594
0.9970519158
0.996100972
0.01653896101
0.007443342377
0.006336614827
0.00618747137
0.006187551969
0.006187516615
0.00618741935
0.006187400849
0.006187372791
0.006187327764
0.006187289091
0.006187250605
0.006187207292
0.006187148532
0.01137430994
0.9975414355
0.9986246991
0.998993571
0.9990412656
0.9989812554
0.99907396
0.9991584513
0.9992037315
0.9991544268
0.9991300424
0.9990955817
0.9990611701
0.9990324469
0.9989763486
0.9988835292
0.9987900541
0.9986851148
0.9985354227
0.9983889259
0.9982964438
0.9982907846
0.9983881773
0.9985360541
0.9988040399
0.9988843997
0.998914721
0.9989199958
0.9989006367
0.9988534346
0.9987760871
0.9984716797
0.9982541718
0.9981358776
0.9981477968
0.9982116323
0.9982025273
0.9981850177
0.9984537967
0.9985852897
0.9986424547
0.9986707986
0.9986619628
0.9986059915
0.9982487831
0.997953498
0.9976242703
0.9972282527
0.9967630546
0.9961037881
0.9944114399
0.991582736
0.01861613131
0.01266350546
0.0100400138
0.9370646731
0.5584639147
0.01241668103
0.008611587129
0.007938175912
0.008521231162
0.009375584012
0.01153008846
0.02536818006
0.2282365065
0.9882860927
0.9900254017
0.9950397455
0.9975370659
0.997017345
0.9958571368
0.996341518
0.9975199226
0.9968099796
0.9951011069
0.02921836704
0.009432648806
0.006765118199
0.006392752126
0.00618875716
0.006188667307
0.006188559751
0.00787543424
0.9872477967
0.007252531542
0.006188035245
0.006188559583
0.00686316467
0.9947353485
0.9953382664
0.005411473168
0.006863886033
0.008355720635
0.01408741846
0.0179689636
0.9898500149
0.9949633301
0.9979653989
0.9979185071
0.9976019752
0.9977110689
0.9977976664
0.9978343323
0.9981428551
0.9976215628
0.989987592
0.009483590316
0.006983642336
0.006188493791
0.006187623731
0.006187582898
0.006187559949
0.006187483565
0.00618739263
0.006187347405
0.006187308803
0.006187267975
0.006187230618
0.006187194417
0.006187158514
0.006187115727
0.01137426169
0.9983704636
0.999200888
0.9993391135
0.9994070343
0.9993823912
0.9993716164
0.9993525993
0.9993338212
0.9993217147
0.9992968495
0.9992510472
0.999205033
0.9991674469
0.9991223371
0.9990565791
0.9989859791
0.9989132544
0.9988346346
0.9987705563
0.9987406207
0.9987514169
0.9987937681
0.9988388022
0.9988752606
0.9989124271
0.9989273394
0.9989202541
0.9988886681
0.9988399615
0.9987945076
0.9987553359
0.9986822853
0.9986175638
0.998611576
0.9986426354
0.9986578178
0.9986414862
0.9986282475
0.9986470304
0.9986489175
0.9986167916
0.998559865
0.9984906493
0.9984112533
0.9982397298
0.997963999
0.9976386909
0.9973031651
0.996898071
0.9961577929
0.9948382007
0.9953723757
0.9964215799
0.9962526151
0.9950434845
0.9942706335
0.9958217066
0.996074048
0.9963368298
0.9969759056
0.9975148465
0.99793088
0.9982935825
0.9985941001
0.9980334986
0.9970505031
0.9967447185
0.9965959749
0.9963550763
0.9936071752
0.9880912249
0.9897387066
0.0157573948
0.009280475497
0.006855560291
0.006191225494
0.006189016414
0.006188816855
0.006188763353
0.006189083682
0.006189491941
0.006879444567
0.7864058922
0.008654763891
0.006716080255
0.006905596033
0.007872148113
0.0205710997
0.9960415857
0.02192055586
0.02005013992
0.9896654711
0.9943087509
0.9977512321
0.9977470919
0.9975086041
0.9977976889
0.9981416445
0.9977019051
0.9973558781
0.9976195189
0.9975597985
0.99556899
0.03044291535
0.008327974988
0.006447854269
0.006187651008
0.006187593253
0.006187484292
0.006187505127
0.006187488487
0.006187423635
0.00618735067
0.00618730001
0.006187256911
0.006187217464
0.006187182615
0.006187151105
0.006187123018
0.006187093638
0.01137423385
0.9988470742
0.9994011986
0.9994945366
0.9995271347
0.9995323317
0.9995197092
0.9994908278
0.9994603819
0.99943556
0.9994082252
0.9993686263
0.999325727
0.9992856927
0.99924356
0.9991941271
0.9991420341
0.9990902732
0.9990414093
0.9990043398
0.9989853768
0.9989847654
0.9989952252
0.9990023845
0.9989987576
0.9989922184
0.9989878706
0.9989754934
0.9989525355
0.9989268164
0.9989128534
0.9989110111
0.9988988467
0.9988757511
0.998867689
0.9988730574
0.9988709697
0.9988482261
0.998809292
0.998769241
0.9987316424
0.9986824733
0.9986260938
0.9985773662
0.9985358983
0.9984561526
0.9983115046
0.9981490099
0.998011599
0.997898745
0.9977828355
0.99768586
0.9976302796
0.9978726284
0.9978948014
0.9978898045
0.9977406369
0.9978668008
0.9980344876
0.9980897022
0.9981898376
0.9983165491
0.9984089505
0.9984466848
0.9984167181
0.9982772403
0.997738314
0.99717608
0.9964174785
0.9952275355
0.9927510876
0.9850447089
0.9793331118
0.01746957558
0.987075779
0.01270105954
0.01165424287
0.01047152106
0.01017688699
0.01010635697
0.01031226017
0.01173277494
0.0133982792
0.9713690153
0.9374238523
0.6942145878
0.976559465
0.9877737436
0.9960861462
0.9972680716
0.9970227469
0.9978761943
0.9975678019
0.9972417718
0.9976846725
0.99783715
0.9977439085
0.9975790142
0.997790869
0.9977684228
0.9944202235
0.9891624786
0.01762710157
0.008782865236
0.006771790187
0.006190190351
0.006187887313
0.00618775915
0.006187614881
0.006187487585
0.006187458525
0.006187425295
0.006187367275
0.006187305692
0.006187256059
0.006187213419
0.006187176395
0.006187145035
0.006187118763
0.006187097716
0.00618707899
0.01137421883
0.9992079961
0.9995652684
0.9996124405
0.9996275064
0.9996243506
0.9996095317
0.9995830446
0.9995525799
0.9995231658
0.9994926243
0.9994571203
0.9994190546
0.99938114
0.9993424367
0.9993017129
0.9992607799
0.9992212589
0.9991854415
0.9991572687
0.9991387457
0.9991288721
0.9991232403
0.999114811
0.9991000207
0.9990830403
0.9990687616
0.9990554826
0.9990417552
0.9990317838
0.9990314815
0.9990383528
0.9990408887
0.9990359898
0.9990305819
0.9990252052
0.9990123937
0.9989856063
0.9989449782
0.9988967577
0.9988467483
0.9987958622
0.9987488539
0.9987138771
0.9986883347
0.9986506007
0.998590545
0.9985274712
0.9984822047
0.9984565939
0.9984404738
0.9984291473
0.9984106263
0.9983878568
0.9983987605
0.9984299197
0.9984725314
0.9984824002
0.998462805
0.9984325947
0.9984101635
0.9983966084
0.9983667045
0.9982968402
0.9981809614
0.9980425373
0.9978787174
0.9975612764
0.9970778971
0.9965460881
0.9960822731
0.9958347268
0.9959153711
0.997111359
0.9974442158
0.9974872971
0.9981887637
0.9981125596
0.9980577122
0.9980163323
0.9979738701
0.9979424918
0.9980716877
0.9974662681
0.9960448964
0.9958020562
0.995895771
0.995634243
0.9965249159
0.9976137658
0.9976811445
0.9976451744
0.997609284
0.9976323843
0.9974328735
0.9968768124
0.9968482792
0.9961349758
0.9914172143
0.02027089438
0.009787130333
0.006918133329
0.006517230251
0.006188950785
0.006188004827
0.006187840508
0.006187701666
0.006187667672
0.006187558968
0.006187457608
0.006187407042
0.006187362302
0.006187310315
0.00618725851
0.006187214017
0.006187175649
0.006187143165
0.00618711655
0.006187095594
0.006187080427
0.006187069566
0.01137421127
0.999483125
0.9996888026
0.9997032389
0.999701909
0.9996906301
0.9996721608
0.9996472164
0.999618778
0.9995892809
0.9995584922
0.9995253411
0.9994907068
0.999455644
0.9994202732
0.9993847761
0.9993502623
0.9993177212
0.9992884286
0.9992639606
0.9992447043
0.9992295327
0.9992158785
0.9992004273
0.9991818891
0.9991628769
0.9991469277
0.9991351652
0.999128148
0.9991275114
0.9991343484
0.9991453078
0.9991535697
0.9991558981
0.9991530353
0.9991441318
0.9991262449
0.9990968863
0.9990564441
0.9990086215
0.998958471
0.9989107158
0.9988713042
0.9988451916
0.9988304437
0.9988171232
0.9988009342
0.9987884455
0.9987857792
0.998791984
0.9988012503
0.9988083021
0.9988061187
0.9987938521
0.9987875613
0.9987971317
0.9988073666
0.9987938848
0.9987420304
0.9986676803
0.9985869582
0.9985000007
0.9984000675
0.9982816269
0.9981540673
0.9980490749
0.9979707882
0.9978515107
0.9976729026
0.997530476
0.9974947768
0.9975711302
0.9977199996
0.9978840834
0.9982707167
0.9981633924
0.9984437005
0.9985390205
0.9985553011
0.9985466712
0.9985211278
0.9984751589
0.9984163161
0.9983669378
0.9979845637
0.9975367409
0.9972931011
0.9969915258
0.9969733423
0.9973010939
0.9975700761
0.9975309128
0.9968535073
0.9973048689
0.9973026532
0.9911872127
0.9515240328
0.01047839357
0.007420161938
0.006549686818
0.006189541409
0.006188138461
0.006187826458
0.006187772439
0.006187757733
0.006187711704
0.006187603733
0.006187563215
0.006187487907
0.006187409482
0.006187353827
0.006187304711
0.006187257022
0.006187213052
0.006187175243
0.006187143186
0.006187116762
0.006187095816
0.00618708012
0.006187069637
0.006187063886
0.01137420755
0.9997019208
0.9997810349
0.9997689634
0.999754858
0.9997377055
0.9997173735
0.999693685
0.9996674917
0.9996395484
0.999609907
0.999578521
0.9995460073
0.9995130254
0.9994800386
0.9994477041
0.9994169817
0.9993886824
0.9993635286
0.9993419317
0.9993233546
0.9993063231
0.9992888557
0.9992693244
0.9992478948
0.9992271242
0.9992103805
0.9992001401
0.9991980638
0.99920483
0.9992190435
0.9992363281
0.9992510537
0.999259595
0.9992602063
0.9992510566
0.9992303566
0.9991974283
0.9991536398
0.9991027486
0.9990503468
0.9990030297
0.9989675438
0.9989479308
0.9989426273
0.9989459863
0.9989550098
0.9989705174
0.9989922531
0.9990168935
0.9990395801
0.9990562293
0.9990639434
0.999063939
0.9990626323
0.9990617554
0.9990518342
0.9990179349
0.9989504972
0.9988526345
0.9987324923
0.9985948976
0.9984446508
0.9982937923
0.9981665782
0.998091465
0.9980653141
0.9980490707
0.9980341629
0.998052489
0.9981174594
0.9982060089
0.9982826843
0.9983212926
0.9983432198
0.9983669663
0.9983503954
0.9983907047
0.9984319128
0.998453242
0.9984672853
0.9984827149
0.9985064395
0.9985294158
0.9984852311
0.998288772
0.9979912268
0.997683445
0.9973291574
0.9968791462
0.9963097099
0.9959981194
0.9937450863
0.9853779817
0.01550296511
0.008719607578
0.006675891796
0.006384849634
0.006188203396
0.006187978319
0.006187995547
0.006188054256
0.006188017034
0.006187910976
0.006187801139
0.006187723712
0.006187614056
0.006187527333
0.006187440263
0.0061873596
0.006187294419
0.006187240353
0.006187195123
0.006187158282
0.006187129353
0.006187107048
0.006187090268
0.006187078009
0.006187069415
0.006187063889
0.00618706107
0.01137420531
0.9994444929
0.9997131661
0.9996200325
0.999568654
0.9995285945
0.9994894556
0.9994465719
0.9993991968
0.9993475429
0.9992915124
0.9992313354
0.9991683912
0.999104095
0.9990396092
0.9989764996
0.9989168683
0.9988625076
0.9988148007
0.9987742089
0.9987391137
0.9987058492
0.9986697894
0.9986274261
0.9985792756
0.9985310393
0.9984909158
0.9984661707
0.9984623023
0.9984815597
0.9985202959
0.9985680714
0.9986119113
0.9986426005
0.9986549171
0.9986441047
0.9986060195
0.9985390167
0.9984457021
0.9983338508
0.9982161955
0.9981091424
0.9980301542
0.9979902718
0.9979875372
0.9980103809
0.9980504597
0.9981058417
0.998172818
0.9982430287
0.9983060773
0.9983534777
0.9983804931
0.9983902563
0.9983942694
0.9983962445
0.9983790432
0.9983143002
0.9981791278
0.997969967
0.9976926908
0.997355129
0.9969749902
0.996595417
0.9962948077
0.9961517834
0.996159637
0.9962298296
0.996323351
0.9964708889
0.9966754064
0.9968861973
0.9970296354
0.9970549417
0.9969740624
0.9968565167
0.9967209342
0.9966190194
0.9966628101
0.9967418633
0.9968349446
0.9969634401
0.9971446087
0.9973406787
0.997421052
0.9972481093
0.9968071968
0.9962266382
0.9954628044
0.9939995889
0.9899684605
0.9800363479
0.02782709469
0.0152896248
0.01276289937
0.01138332421
0.01137841167
0.0113767799
0.01137716823
0.01137747537
0.01137743185
0.01137737679
0.01137742728
0.01137714545
0.0113766982
0.01137631014
0.01137591195
0.01137555783
0.01137523625
0.01137496522
0.01137475014
0.01137458184
0.01137445433
0.01137436199
0.01137429848
0.01137425711
0.01137423204
0.01137421808
0.01137421093
0.01137420738
0.01137420523
0.01661488477
