0.9998602004
0.9998937479
0.9998504099
0.9998323548
0.9998208554
0.9998123594
0.9998062299
0.9998025936
0.9998014887
0.9998026215
0.9998054005
0.9998090719
0.9998127511
0.9998152514
0.9998150087
0.9998106423
0.9998021437
0.9997913285
0.9997805744
0.9997714342
0.9997645184
0.9997598603
0.9997569871
0.999755041
0.9997533897
0.9997519244
0.9997506737
0.9997494456
0.9997480439
0.9997464201
0.9997446157
0.9997427053
0.9997408077
0.9997391569
0.9997382243
0.9997388586
0.9997422918
0.9997497456
0.9997614602
0.9997755841
0.9997883029
0.9997964587
0.9997998748
0.9997994666
0.9997937016
0.999776362
0.9997402569
0.9996886579
0.999634432
0.9995908691
0.9995656838
0.999556395
0.9995493674
0.9995240889
0.9994678485
0.9993799131
0.9992670644
0.9991392001
0.999007884
0.9989003962
0.9988607522
0.9988936047
0.9989513406
0.9989956285
0.9990244071
0.9990586109
0.9991166005
0.9991858737
0.9992131241
0.999192752
0.9991573041
0.9991351653
0.9991347438
0.9991506637
0.9991750266
0.9992025172
0.999232106
0.9992763275
0.9993692361
0.999477411
0.9995152241
0.9994223318
0.9991424747
0.9986088363
0.9974196391
0.9934765216
0.7859512801
0.01297196581
0.008269100312
0.006950141612
0.006327881035
0.006327345721
0.006327529035
0.006327595572
0.006327513031
0.006327489925
0.006327542447
0.006327580047
0.006327616567
0.006327653105
0.006327652354
0.006327596097
0.006327496114
0.006327373004
0.006327243346
0.006327116847
0.006327000817
0.006326900616
0.006326817988
0.006326751886
0.006326700506
0.006326661977
0.006326634322
0.00632661547
0.006326603401
0.006326596287
0.006326592557
0.006326590924
0.006326590451
0.006326589972
0.03573974223
0.9998368466
0.9999407244
0.9999243421
0.9999093766
0.9998967041
0.9998849029
0.9998734347
0.9998623344
0.9998518419
0.9998422091
0.9998336373
0.9998262619
0.9998201768
0.9998154666
0.9998122131
0.9998104062
0.9998098109
0.9998099703
0.9998104127
0.9998108284
0.9998110766
0.999811139
0.9998110849
0.9998110099
0.9998109484
0.999810869
0.9998107446
0.9998105796
0.9998103795
0.9998101417
0.999809869
0.9998095727
0.9998092685
0.9998089722
0.9998086897
0.9998083985
0.9998080266
0.9998074604
0.9998066254
0.999805628
0.9998048123
0.9998044838
0.9998044735
0.9998042906
0.9998038862
0.9998042174
0.9998066491
0.9998112714
0.9998163
0.9998195306
0.9998200841
0.9998187778
0.9998168606
0.9998146839
0.999811937
0.9998073065
0.9997987488
0.9997838381
0.9997596489
0.999725479
0.9996975511
0.9996903593
0.9996930075
0.9996909131
0.9996828076
0.9996775877
0.9996863933
0.9997128513
0.9997409717
0.9997511187
0.9997532162
0.9997549307
0.9997584711
0.9997631346
0.9997677787
0.9997715904
0.9997735113
0.9997723026
0.9997740673
0.9997880874
0.9997954492
0.9997833447
0.9997231366
0.9995500882
0.9991833254
0.998653279
0.9981734954
0.997859213
0.9964964485
0.7181702144
0.005488566774
0.003903167412
0.003545401851
0.003336297928
0.003336147882
0.003336095947
0.003336079539
0.003336092546
0.003336094046
0.003336095387
0.003336095585
0.003336090424
0.003336082879
0.003336073586
0.003336062329
0.00333604994
0.003336036261
0.003336022744
0.003336010352
0.003335999275
0.003335989509
0.003335981068
0.003335973961
0.003335968129
0.003335963453
0.003335959792
0.003335957005
0.00333595497
0.003335953661
0.003335952826
0.006326589972
0.9997938768
0.9998850184
0.9998983529
0.9998922224
0.9998816866
0.9998702335
0.999858813
0.999848054
0.9998383494
0.9998299257
0.999822928
0.9998173574
0.9998131236
0.9998101736
0.9998085314
0.9998081506
0.9998087241
0.9998097482
0.9998108288
0.9998117731
0.9998124549
0.9998128063
0.9998129179
0.9998129649
0.9998129905
0.9998129204
0.9998127413
0.99981252
0.9998122859
0.9998120274
0.9998117432
0.9998114478
0.9998111619
0.9998109138
0.9998107384
0.9998106657
0.9998106758
0.9998106201
0.9998102094
0.9998091924
0.9998076249
0.9998059888
0.9998048185
0.9998043064
0.9998045398
0.999805866
0.9998083498
0.9998105985
0.9998101158
0.9998046042
0.9997938966
0.9997825365
0.9997802112
0.9997877462
0.9997915842
0.9997923738
0.9997914984
0.9997890311
0.9997829567
0.9997656685
0.9997273015
0.9996933674
0.9996660638
0.9996242536
0.9995583472
0.9994852059
0.9994346458
0.9994282288
0.999505675
0.9996710027
0.9997030537
0.9997227041
0.9997331473
0.9997374889
0.9997374796
0.9997342934
0.9997275005
0.9997123886
0.9996711182
0.9995655525
0.9995853905
0.9995839267
0.9995253751
0.9994321375
0.9992994005
0.9990750252
0.9988811122
0.9988834281
0.998945142
0.9989600284
0.9989339632
0.9981841472
0.9962259856
0.01070745073
0.005299014088
0.003973510927
0.003623363615
0.003487285943
0.003336120346
0.003336052436
0.003336056604
0.003336060874
0.003336056401
0.003336053583
0.003336050552
0.003336046937
0.003336039494
0.003336030203
0.003336021207
0.00333601239
0.003336003507
0.003335994789
0.003335986617
0.003335979229
0.003335972703
0.003335967068
0.003335962351
0.003335958594
0.003335955898
0.003335953642
0.006326590438
0.9997802484
0.9998370552
0.9998572028
0.9998635559
0.9998591463
0.9998505081
0.9998406238
0.9998312254
0.9998231335
0.999816628
0.9998117928
0.9998084429
0.9998062843
0.9998051722
0.9998051675
0.9998062387
0.9998079316
0.9998096355
0.9998111213
0.9998124069
0.9998133526
0.9998137494
0.9998137229
0.9998136335
0.9998135467
0.9998133383
0.9998130344
0.9998127448
0.9998124837
0.9998122196
0.9998119515
0.9998116929
0.9998114516
0.9998112383
0.9998110733
0.999810983
0.9998109594
0.9998108642
0.9998104644
0.9998099271
0.9998096656
0.9998091858
0.9998081628
0.9998072196
0.9998068067
0.9998057879
0.9998000329
0.9997847826
0.9997600282
0.9997267442
0.9996808097
0.9996223301
0.9995770919
0.9996203481
0.9997423805
0.999769223
0.9997847176
0.9997950406
0.9998016349
0.9998038093
0.999793865
0.9996824198
0.9995985823
0.9995084286
0.9993734059
0.9991816092
0.9989967793
0.9988118421
0.9986356285
0.9990231776
0.9993670525
0.9994494202
0.9994044683
0.9993820583
0.999357187
0.9993300221
0.9993056799
0.9992950878
0.999305454
0.9989081948
0.9987877268
0.9990486493
0.9990492015
0.9990951634
0.9992552055
0.9993581096
0.9991070249
0.9990882238
0.9991838945
0.9992577429
0.9992972455
0.9992881973
0.9991703591
0.999339919
0.9992894938
0.9982262749
0.9952300459
0.9160338139
0.007104363192
0.004426377748
0.003644947609
0.003336165274
0.003336098654
0.003336078994
0.00333606786
0.003336061864
0.003336050822
0.003336038492
0.003336028977
0.003336020403
0.003336011368
0.00333600209
0.003335993238
0.003335985168
0.003335977924
0.003335971532
0.003335966074
0.003335961651
0.003335958388
0.00333595486
0.006326590874
0.999704679
0.999798125
0.9998170403
0.9998280325
0.999830107
0.9998262533
0.999819626
0.999813072
0.9998077964
0.9998040511
0.9998019334
0.9998011113
0.9998010576
0.9998015756
0.9998028648
0.9998049768
0.9998072
0.99980884
0.9998099819
0.9998107304
0.9998107027
0.9998098007
0.9998088202
0.999808124
0.9998076014
0.9998072774
0.9998072954
0.9998073676
0.9998073142
0.9998072034
0.9998071028
0.999807017
0.9998069076
0.999806713
0.9998063284
0.9998055331
0.9998038044
0.9997998419
0.9997915976
0.9997824925
0.99978263
0.9997911315
0.9998002035
0.9998055062
0.999805431
0.9997998375
0.9997790494
0.9997238457
0.9996557575
0.999578209
0.9994640625
0.9992884298
0.9990406388
0.9987971951
0.9991560186
0.9994980574
0.999603548
0.9996427432
0.9997003794
0.9997555171
0.9997971567
0.9996810406
0.9993218365
0.9991983532
0.9991233645
0.9989864915
0.9985140235
0.9981207408
0.9971819375
0.994917511
0.01085405074
0.00817250367
0.006152803651
0.005553686885
0.005354046047
0.005243045579
0.005180626594
0.005197856349
0.005516792902
0.006432883017
0.9612501332
0.997003452
0.9970014342
0.9966488189
0.998412809
0.999338101
0.9992792996
0.9990280303
0.9991938305
0.9994253981
0.9995644452
0.9994166907
0.9994022018
0.9994436257
0.9995277059
0.9993073729
0.9990145695
0.99888859
0.9991123365
0.9989749483
0.998185295
0.01033820587
0.004125523959
0.003336227566
0.003336090809
0.003336079189
0.003336062539
0.003336044979
0.003336035277
0.003336027632
0.003336018749
0.003336009056
0.003335999758
0.003335991346
0.003335983717
0.003335976831
0.003335970799
0.003335965748
0.003335961775
0.003335956699
0.00632659233
0.9994551598
0.9997708892
0.9997868216
0.9997931474
0.9997984139
0.999800237
0.9997983221
0.9997960169
0.9997945309
0.9997940444
0.9997948632
0.9997964922
0.9997980326
0.9997991384
0.9998002743
0.9998017291
0.9998029206
0.9998032299
0.9998025897
0.9997997389
0.9997921275
0.9997799637
0.9997712686
0.9997729168
0.9997757723
0.9997790813
0.9997832179
0.9997858563
0.9997868847
0.9997874425
0.9997879719
0.9997884902
0.9997889283
0.9997891618
0.9997889582
0.9997878363
0.999784703
0.999776553
0.9997542334
0.9997044013
0.999669808
0.9996690842
0.9996760475
0.9997142953
0.9997741979
0.9997713788
0.9997672894
0.999738471
0.9995363592
0.9994241501
0.9992601022
0.9990340288
0.9987041796
0.9980555091
0.9969697613
0.01597613613
0.00928816614
0.007188890074
0.007476325459
0.009152985871
0.02063878995
0.07206429216
0.9966774645
0.9962102062
0.9976703865
0.9984349112
0.9981317032
0.99755655
0.9979409254
0.9980580831
0.997349861
0.996255522
0.00572453848
0.003903018916
0.003479547187
0.00333634396
0.003336284212
0.003336247576
0.003336251737
0.0042108781
0.9614141712
0.9915864131
0.005499942004
0.00389994916
0.004109978019
0.005885655548
0.01330526517
0.9961800137
0.9975915675
0.9988768983
0.9995811064
0.9995413912
0.9993475668
0.9994881348
0.999609438
0.9994476925
0.999308783
0.9991918053
0.9992395921
0.9994532465
0.9994553166
0.9995044566
0.9992523633
0.0116013331
0.003744216425
0.00333609282
0.003336071345
0.003336047201
0.003336039036
0.003336033778
0.0033360254
0.003336015359
0.0033360059
0.00333599762
0.003335990022
0.003335982925
0.003335976484
0.003335970826
0.003335966014
0.003335959183
0.006326595516
0.4095063925
0.9993899195
0.9996984653
0.9997587549
0.9997672831
0.9997777853
0.9997798426
0.9997820424
0.9997840617
0.9997857257
0.9997877
0.9997888964
0.9997887367
0.9997899081
0.9997912844
0.9997913847
0.9997894853
0.9997876215
0.9997847551
0.999773604
0.9997432839
0.9996884064
0.9996200003
0.9995987033
0.9996849126
0.999710683
0.9997280068
0.9997362368
0.9997384243
0.9997398976
0.9997414035
0.9997430442
0.9997447333
0.9997465223
0.9997484951
0.99975073
0.9997531812
0.9997551727
0.9997521134
0.9997143629
0.9994887876
0.999381893
0.9992906207
0.9991318666
0.9993143295
0.9994710216
0.9994769655
0.9997276298
0.999572927
0.9090346604
0.9991372543
0.9989414555
0.9988355417
0.9987389918
0.9985718708
0.9983358161
0.9974219398
0.00493926197
0.003600698824
0.003336869109
0.003337181908
0.003344283417
0.003556571802
0.0036561225
0.003906588179
0.00438536963
0.005392729161
0.9560111107
0.9956104967
0.9980322636
0.9984993307
0.9986074935
0.9988339394
0.9979543248
0.9788927149
0.004983383982
0.003780452291
0.003336526131
0.003441966661
0.006798501769
0.9986344299
0.9621513121
0.004088617942
0.003336272835
0.003336210257
0.003336244235
0.003336415689
0.003554107431
0.003764638996
0.004400840654
0.007042620739
0.02631572404
0.9976668879
0.9985344737
0.9995162754
0.9995436719
0.9993318677
0.9993171162
0.9991676423
0.9992990889
0.9994583359
0.9995531537
0.9996559449
0.9994903071
0.9984224261
0.004661652433
0.003336165599
0.003336052133
0.003336040667
0.003336038612
0.003336030841
0.003336020439
0.00333601126
0.003336003825
0.003335996785
0.003335989787
0.003335983138
0.003335976949
0.003335971238
0.003335962495
0.006326601408
0.006432901118
0.004017763661
0.005119426777
0.03584347794
0.9990639795
0.9996105526
0.9997498188
0.9997608134
0.9997727502
0.9997698492
0.9997625418
0.9997419878
0.9996952405
0.9996612463
0.9997387003
0.9997734956
0.9997830611
0.9997658288
0.9997575904
0.9997434739
0.9996853774
0.9995601227
0.9993312711
0.9989942657
0.9990750773
0.9993086571
0.9992797368
0.9993305856
0.9993141527
0.9993079453
0.9993111913
0.9993162773
0.9993229916
0.9993281853
0.9993368792
0.9993521037
0.9993848902
0.9994438965
0.9995505291
0.9997019846
0.9995045819
0.9990753762
0.9991462792
0.9990523802
0.9986355244
0.02577311747
0.005884725331
0.003705265876
0.3881143844
0.8035780886
0.998657649
0.9987390264
0.9986113977
0.9990395418
0.9989952448
0.9990595874
0.9991107532
0.998749692
0.9974266229
0.00547259953
0.003722623075
0.003336491466
0.003336437655
0.003336314363
0.003336205892
0.003336236707
0.003336566014
0.005970529536
0.006090262506
0.004386564022
0.005986270543
0.9236790674
0.9982726092
0.9988543899
0.9985240082
0.998286671
0.9979131184
0.00928175148
0.004929854454
0.7899543055
0.9991696263
0.08811113946
0.003628372276
0.003336227324
0.003336249431
0.003336255945
0.0033361973
0.003336273086
0.003336123345
0.003336168249
0.003336263179
0.003336997699
0.00360228036
0.003939117033
0.005966879457
0.02439566467
0.9980715046
0.998885121
0.9989725238
0.9990390069
0.9993035178
0.9994222578
0.9994613491
0.9994843811
0.999388356
0.9990419928
0.007951609733
0.003560296501
0.003336027465
0.003336035864
0.003336032794
0.003336023418
0.003336015558
0.003336010069
0.003336004153
0.003335997497
0.003335990875
0.003335984322
0.003335977733
0.003335966917
0.006326611267
0.006326823917
0.003336176013
0.003336075843
0.003336435697
0.003638696322
0.00473973003
0.03068901079
0.9979806897
0.9995541362
0.9997021693
0.9996980725
0.9996282768
0.9994632328
0.9990666234
0.9990959915
0.9995241975
0.9997662421
0.9997477367
0.9996771945
0.9996914041
0.9997053178
0.9995438665
0.9993476135
0.9989977955
0.9985983427
0.4064662683
0.01370223414
0.006350014067
0.005250128496
0.005133498431
0.004775513201
0.005139683171
0.005143196013
0.005147604078
0.00516289567
0.0051983682
0.005281132374
0.00548358877
0.006067033117
0.009602006293
0.03058696313
0.9983019483
0.9985894753
0.9991822602
0.9991200577
0.9989623168
0.009441014179
0.003774454488
0.003386721588
0.00473261086
0.007140142296
0.9957464067
0.9965671116
0.9986270757
0.9990291582
0.9992184057
0.9994905686
0.999400259
0.9993058575
0.9990575598
0.9985145015
0.008252541029
0.004092975759
0.003341054931
0.003336382531
0.003336261879
0.00380336467
0.006670052419
0.9977227159
0.003735852315
0.003336531804
0.00352622421
0.004032306822
0.006794794717
0.9979479875
0.9976972756
0.9984625117
0.9985677889
0.9984491582
0.9962718181
0.995111016
0.007402067402
0.003350528156
0.003336244304
0.003336269531
0.003336237265
0.003336124904
0.003336248435
0.003336235582
0.003336210595
0.003336203451
0.003336209603
0.003336196119
0.003336179419
0.003336270697
0.003336935436
0.003670519474
0.00452470068
0.04647699924
0.9978649477
0.9986228006
0.9990101136
0.9991142027
0.9991978497
0.999243399
0.9993311509
0.9990771345
0.9937002362
0.003766112561
0.003336035877
0.003336036003
0.003336027347
0.003336020542
0.003336017598
0.003336012755
0.003336006266
0.003335999885
0.003335993259
0.003335985924
0.003335972851
0.006326626829
0.0063266551
0.003336015524
0.003336058564
0.00333605899
0.003336060807
0.003336071709
0.003336414888
0.003655452551
0.004755005198
0.01900150628
0.9994226547
0.9992995333
0.9993863419
0.9990672237
0.9984451017
0.03147296411
0.03437029357
0.1758079776
0.9958014766
0.9988747477
0.9995388264
0.9995870169
0.9994781765
0.9995602991
0.9994441797
0.9994500799
0.9991783018
0.9981978892
0.007545569401
0.004096625566
0.003346755458
0.003338677399
0.003341679784
0.003338631309
0.003336254762
0.003336219154
0.003336253299
0.003336288434
0.003336351629
0.003336533442
0.003788250032
0.01891178153
0.9983002921
0.9984795918
0.9985538878
0.9988034854
0.9991539934
0.9981715514
0.005165799553
0.004483883156
0.8866216672
0.004207156529
0.004567716978
0.9969632163
0.05147809473
0.9984402183
0.9994501727
0.9996406086
0.9996119377
0.9995309479
0.9995356397
0.9994509569
0.9992179731
0.07258854463
0.006034295765
0.003921295523
0.004109469548
0.9971093837
0.005566034403
0.00360478971
0.003336352666
0.003336332346
0.003336256751
0.004118659109
0.005375099395
0.004937927561
0.97401772
0.9966149145
0.9981333114
0.9984088793
0.9977191764
0.9858300795
0.004025168364
0.003336324719
0.003336248174
0.003336216332
0.003336272275
0.003336240542
0.003336237582
0.003336210806
0.003336193756
0.003336193067
0.003336201637
0.003336208543
0.003336245069
0.003336327534
0.003336348959
0.003787689394
0.0474323798
0.9987985191
0.9970941875
0.997389402
0.9979065048
0.9987449123
0.9990213586
0.9991178517
0.9991466124
0.9988488646
0.9969875539
0.004266715694
0.003336106948
0.003336045829
0.003336030058
0.003336028197
0.003336023041
0.003336015883
0.003336010129
0.003336004039
0.00333599633
0.003335980833
0.006326650656
0.006326617637
0.003335986133
0.003336026634
0.003336043961
0.00333605458
0.003336061406
0.003336075365
0.003336089633
0.00333609462
0.003336256176
0.003803085456
0.006373870961
0.9984904885
0.9993109748
0.9993157843
0.9988380472
0.9967761906
0.0038291314
0.003687332268
0.004003370968
0.005827062967
0.02276252023
0.9983328053
0.999333258
0.9995846875
0.9995671775
0.9995509269
0.999460051
0.9994366219
0.9992490936
0.09641324864
0.006573752141
0.003880275738
0.003525342067
0.003331704484
0.003336190063
0.003336227329
0.003336298238
0.003336255954
0.003336334024
0.004353446958
0.9976767809
0.9987507972
0.9978755909
0.006459379626
0.005355981013
0.9977724204
0.9990763428
0.9986398477
0.9957221415
0.005624773571
0.003910924608
0.003744656264
0.005124621833
0.005669542516
0.8594258224
0.00764696826
0.2342230002
0.9991902327
0.9994310579
0.9995245028
0.9995336739
0.9996161253
0.9996267035
0.9993898885
0.9974687391
0.982616
0.007321616994
0.005178353024
0.003336270286
0.003336347367
0.003336331178
0.0034561755
0.004252021556
0.9343717136
0.003998892648
0.004119525631
0.004730765525
0.9855863658
0.9973756838
0.9979451012
0.9979123834
0.9977283514
0.004549716806
0.003336153373
0.003335499486
0.003336212526
0.003336243605
0.003336235262
0.003336210042
0.003336189643
0.003336180082
0.003336181409
0.003336183126
0.003336184294
0.003336248564
0.003417349574
0.004483916531
0.9984400888
0.9986895981
0.9955704929
0.005243124672
0.004618111918
0.9955756737
0.9989588912
0.9992605615
0.999272383
0.9992560445
0.9991263282
0.9987285706
0.006315837993
0.003458426143
0.003336034348
0.003336036898
0.003336032455
0.003336024504
0.003336020897
0.003336016714
0.00333600947
0.003335991571
0.006326686881
0.006326607095
0.003335976146
0.003336009558
0.003336027771
0.003336042874
0.003336053409
0.003336065261
0.003336076874
0.003336082875
0.003336090293
0.003336100475
0.003336113252
0.003765803606
0.01004172174
0.999073078
0.9990806774
0.9988358492
0.9976451413
0.004279733759
0.003336274901
0.003336339524
0.003336603808
0.00367374683
0.004866858509
0.02336739851
0.9988634345
0.9991329004
0.9992974834
0.9995576837
0.9996608929
0.9996992165
0.9995470287
0.9981243912
0.9885636004
0.01793186161
0.00433910171
0.003701231441
0.003495120454
0.003336262775
0.003596140241
0.007398454512
0.9985198818
0.9986607107
0.7554229249
0.004010585853
0.003336292734
0.003685493765
0.007352548004
0.9985034423
0.9985563961
0.998377175
0.006483686877
0.004348037265
0.9941700856
0.005051760518
0.8965450417
0.003634765705
0.003361417214
0.004114294689
0.00808227929
0.9984583797
0.9990195876
0.9992676507
0.9992931122
0.9993190396
0.9989293216
0.9984416368
0.9981920661
0.9970827369
0.005498602872
0.003764478488
0.003411329539
0.003724435499
0.9600419498
0.004228854161
0.004010401839
0.5458911125
0.004193846679
0.6008238353
0.9515628984
0.992967907
0.9965188217
0.9989549677
0.998950345
0.005343549151
0.003447878628
0.003336211388
0.00333625582
0.00333623587
0.003336211019
0.003336185323
0.003336166771
0.003336160436
0.003336154765
0.003336122887
0.003336746255
0.004495860021
0.990950256
0.9988497027
0.9986561538
0.005124765305
0.003663346654
0.003336173829
0.003614159662
0.007241367636
0.9988184478
0.9992640621
0.9994043911
0.9993348091
0.9993745963
0.9993179502
0.6409074327
0.003771375491
0.00333604411
0.003336039281
0.003336030788
0.00333603192
0.003336031424
0.003336025807
0.003336006003
0.006326742804
0.006326603657
0.003335972006
0.003336000037
0.003336016604
0.003336032412
0.003336045484
0.003336057978
0.003336069242
0.003336077379
0.003336085803
0.003336094715
0.003336099876
0.0033361084
0.003336210485
0.004860409207
0.9980146829
0.9989615821
0.9991776032
0.9987214163
0.005217163655
0.003336361666
0.003336236159
0.003336176751
0.003336169702
0.003336533147
0.003852878375
0.005643671617
0.9954624098
0.9987828631
0.9993275406
0.9994757779
0.9995225097
0.9991496477
0.9986664436
0.9986282315
0.9983022061
0.9935120618
0.6310118411
0.005613421592
0.00453556874
0.9908603349
0.9983631046
0.9980319946
0.006381033255
0.003544027868
0.003336305021
0.003336429373
0.004601192608
0.006764626517
0.9964696707
0.9986428107
0.998681231
0.9961103589
0.005906561407
0.005669532406
0.004853295695
0.003578448155
0.003336278278
0.00333618936
0.003336142896
0.003705550272
0.005357658419
0.9975543325
0.9988212989
0.9989524264
0.9988770941
0.9986113391
0.9983672057
0.9983733026
0.9986350234
0.9981364729
0.007490840024
0.02799304221
0.006154864337
0.004304930606
0.4256328548
0.004335151835
0.005701191068
0.994095848
0.9930214361
0.8563269389
0.004362081213
0.008983304512
0.9992869517
0.9989036031
0.7789619525
0.003651697463
0.00333626191
0.003336254084
0.00333622101
0.003336184751
0.003336155661
0.003336146594
0.003336148662
0.003336090187
0.003783783411
0.02361441596
0.9987982278
0.9988146234
0.1265017675
0.003940763798
0.00333617592
0.003336180938
0.003336147751
0.003336179367
0.004342508603
0.9978392279
0.9994237364
0.9995213159
0.9993840081
0.9994908901
0.9993582216
0.9978653759
0.004416604907
0.003336103435
0.0033360392
0.003336044384
0.003336048049
0.003336045058
0.00333602541
0.006326832469
0.006326602509
0.003335970228
0.003335994862
0.003336009854
0.00333602526
0.003336039449
0.003336052851
0.003336064864
0.003336074794
0.003336084274
0.003336092911
0.003336098566
0.003336103494
0.003336113656
0.003336112192
0.003928608368
0.9968957323
0.9993134852
0.9995605994
0.9993488894
0.01069828467
0.0036328099
0.003336130067
0.003336127807
0.003336109113
0.003336077078
0.003336059043
0.003499828913
0.004091858291
0.007685936152
0.9981688086
0.9988806619
0.9989857257
0.99864494
0.998340998
0.9983556509
0.9978179229
0.9978791428
0.9982107632
0.9977414397
0.9977278059
0.9983829737
0.995573127
0.003985950163
0.003336302594
0.003336307224
0.004218012975
0.005966721286
0.9973097004
0.004479359987
0.005634149436
0.9975035232
0.998085582
0.9975270709
0.43071364
0.8483179484
0.003560846702
0.003336200833
0.00333616147
0.003336114861
0.003336081806
0.003336097569
0.003631953362
0.005595744236
0.9976864991
0.9983746365
0.9984239722
0.9980111382
0.9518928789
0.9978716218
0.9990000435
0.998804087
0.9977320086
0.9973413292
0.00532266992
0.004303864272
0.006057329504
0.8808947992
0.9985888334
0.9949302005
0.004442199098
0.003536619087
0.003336316775
0.005469101819
0.9986315712
0.9988468247
0.5578381964
0.003910897443
0.003336213843
0.003336229932
0.003336184587
0.003336139637
0.003336120395
0.003336145953
0.00342110515
0.004532643257
0.9986079292
0.9989486799
0.9949641491
0.004762161186
0.003360103836
0.003336180265
0.003336166677
0.003336147025
0.003336150476
0.003336132364
0.003654949888
0.01201191307
0.9992957702
0.999375491
0.9994450868
0.999465243
0.9992658593
0.9988648496
0.007071418363
0.003560011231
0.003336050312
0.003336060529
0.003336063559
0.003336051591
0.006326984896
0.006326602379
0.003335969701
0.003335992485
0.003336006308
0.003336021158
0.003336035805
0.003336050012
0.003336063192
0.003336074997
0.003336086192
0.003336096518
0.003336105277
0.003336114185
0.003336125772
0.003336131212
0.003336103809
0.003619083901
0.01116876529
0.9993649434
0.9995597792
0.9992796955
0.9969805276
0.004456215116
0.003374806745
0.003336086102
0.003336070399
0.003336057503
0.003336043539
0.003336036996
0.003336111791
0.003677117018
0.005182140521
0.9963367173
0.9978657744
0.9979313956
0.9971663148
0.9967972094
0.9973922932
0.9983272677
0.9988151224
0.9988196324
0.9981230643
0.008949893201
0.003698028689
0.003336234106
0.003933562217
0.005312798538
0.9971429858
0.004843742539
0.003706257298
0.003293471169
0.00545388046
0.9921449468
0.9984540354
0.9986554745
0.00909284466
0.003781671671
0.0033361101
0.003336109941
0.003336113729
0.003336112057
0.003336121664
0.003336168873
0.003661494393
0.006074099367
0.9894366646
0.9970850949
0.9978908203
0.9972811181
0.9957244519
0.03091114275
0.9984419943
0.9977879533
0.997197349
0.9976674913
0.9940738371
0.009572517597
0.9984019855
0.9982401829
0.006840784999
0.003670079845
0.003336104134
0.003336140515
0.003336147162
0.004269992631
0.9977132566
0.9986095088
0.9969853098
0.004030561436
0.003336181116
0.003336199373
0.003336141752
0.003336097699
0.003338510372
0.004595541169
0.9929058916
0.9989313083
0.9987028815
0.004729407047
0.003440052691
0.003336136017
0.00333614469
0.003336146748
0.003336141361
0.003336146328
0.003336149114
0.003336134332
0.003336290358
0.005050690599
0.9982492375
0.9992473623
0.9994539768
0.9993574717
0.9993210756
0.9990588855
0.9958842517
0.004168050921
0.003336137408
0.00333607709
0.00333608911
0.006327265409
0.006326602863
0.003335969959
0.003335992016
0.003336005014
0.003336019402
0.003336034269
0.003336049164
0.003336063541
0.003336077117
0.00333609018
0.003336102585
0.00333611416
0.003336125832
0.003336138033
0.003336145033
0.003336136693
0.00333612306
0.003336250693
0.005349076907
0.9987881283
0.9990980872
0.9985762341
0.9985696656
0.1342014259
0.003818128362
0.003336056002
0.003336044438
0.003336046762
0.003336045131
0.003336044661
0.003336048937
0.003336054661
0.003589281024
0.004595400522
0.9930458283
0.9963936556
0.9969133233
0.9980225647
0.9986661078
0.9989791395
0.9991654544
0.9982810165
0.9878314203
0.003625391036
0.003730634711
0.004865232128
0.9971201416
0.00526199949
0.003911525417
0.003336778491
0.005451611871
0.0127694662
0.9976146514
0.007815756128
0.998406796
0.9985950993
0.994126966
0.003790670823
0.003336088201
0.003336132148
0.003336110058
0.003336106013
0.003355774424
0.004516355322
0.832766188
0.8846766131
0.004794665334
0.9923382147
0.9977132332
0.9978265292
0.9981861022
0.6994192735
0.9964309891
0.9972015702
0.1126427265
0.9977148592
0.9972762509
0.9980582892
0.9202267088
0.003865444787
0.003336146252
0.00333607908
0.00333609555
0.003336085457
0.003336051414
0.003832983548
0.9861329909
0.9979619632
0.9975496436
0.00432212993
0.003336216384
0.003336205204
0.003336117361
0.003833615173
0.03669221715
0.9988355118
0.9988525827
0.05319652794
0.003855026313
0.00333610486
0.003336158955
0.003336169493
0.00333615971
0.003336150258
0.003336147542
0.003336143355
0.003336134315
0.003336156103
0.003336136144
0.003907681102
0.9929796554
0.999389121
0.9994986197
0.9992700196
0.9991731714
0.9989406944
0.9986211589
0.00810822389
0.003662159673
0.00333613019
0.006327835583
0.006326603768
0.003335970739
0.003335992856
0.003336005267
0.003336019312
0.003336034311
0.003336049768
0.00333606516
0.003336080148
0.003336094681
0.003336108501
0.003336121328
0.003336133135
0.003336142952
0.00333614653
0.003336139066
0.003336127682
0.003336135385
0.003336142417
0.00439552545
0.9981003079
0.9983662775
0.9983494518
0.9991378951
0.9984326382
0.005140968723
0.003486399162
0.003336037203
0.003336063538
0.003336073767
0.003336085421
0.003336101532
0.003336129225
0.00333619899
0.003627343455
0.007163797985
0.9969173692
0.9984868438
0.9991138916
0.9992315871
0.9990414017
0.9984762584
0.9974973649
0.007135384933
0.004868794948
0.9973712316
0.005879251171
0.004184492085
0.003336732272
0.0048132536
0.01121945979
0.9989253562
0.00666416404
0.003959395557
0.004050346578
0.9963643674
0.9989167573
0.9979916117
0.004544328437
0.003336215001
0.003336142201
0.003335907115
0.003628518296
0.06948446845
0.9971555447
0.004497736876
0.003483926343
0.00360125943
0.005126927695
0.9963690557
0.9977676883
0.9984918536
0.997112965
0.9967045485
0.9977506197
0.9979864054
0.997945155
0.9972141333
0.004582872652
0.003426733898
0.003336079702
0.0033360702
0.003336074965
0.003336072819
0.003336052036
0.003336024478
0.003645136983
0.9782516113
0.9989658809
0.9989500402
0.00542779693
0.003336432416
0.00346815264
0.004674822506
0.9986569602
0.9989375984
0.9941209005
0.004680500685
0.003341877344
0.003336134062
0.003336161021
0.003336171554
0.00333616746
0.003336159217
0.003336153586
0.003336147362
0.003336155913
0.003336146332
0.003336149705
0.003336120135
0.003602616513
0.01070589717
0.9993146526
0.9993197887
0.999111408
0.9989464718
0.9990565606
0.999060193
0.997533191
0.004207641327
0.006328473375
0.006326604954
0.003335971849
0.003335994558
0.003336006535
0.003336020337
0.003336035437
0.003336051343
0.00333606753
0.00333608357
0.00333609916
0.003336113868
0.003336127191
0.003336138567
0.003336146709
0.003336148964
0.003336143804
0.003336136788
0.003336139501
0.003336146889
0.003336122014
0.004185206315
0.9974461613
0.9983597057
0.297840591
0.9988156948
0.9985435781
0.9689134575
0.003664608743
0.003336091842
0.00333612669
0.003336144081
0.003336156024
0.003336167148
0.003336194409
0.003789756571
0.008754415664
0.9982886977
0.9983931297
0.9990954604
0.9992562154
0.9990450718
0.02847340001
0.9972239901
0.9975611718
0.9967497255
0.006531435293
0.004574363295
0.003336535706
0.004365028001
0.00850000572
0.9989119729
0.007849713121
0.004215829608
0.003328800055
0.003336082943
0.003673233233
0.01184515285
0.9991508964
0.9989880961
0.008277448484
0.003622611485
0.003451665932
0.003747155994
0.9947264834
0.4540542639
0.004062936085
0.003336173354
0.00333620528
0.003511995663
0.005322926023
0.9943851866
0.9980853966
0.9982177777
0.9971731659
0.9962636702
0.9967933758
0.9971055564
0.9970759196
0.004732377633
0.003336101253
0.003336090058
0.003336080334
0.003336080348
0.003336081337
0.003336074094
0.003336063323
0.003336051665
0.003539380936
0.008234667944
0.9993263052
0.9993087651
0.01040113114
0.004649572216
0.9940136975
0.9988850309
0.9986338632
0.004606109642
0.003427717153
0.00333612176
0.003336124964
0.003336152576
0.003336168058
0.003336171198
0.003336167502
0.003336162798
0.003336146291
0.003336150958
0.003336153553
0.003336156188
0.003336146316
0.003336145904
0.003336292613
0.00528954959
0.9986083743
0.9989078874
0.9985988362
0.9985604965
0.9988482794
0.9990008143
0.9986909042
0.01820294734
0.006326606301
0.003335973139
0.003335996775
0.003336008425
0.003336022067
0.003336037272
0.003336053554
0.003336070373
0.003336087218
0.003336103624
0.003336119023
0.003336132771
0.003336144143
0.003336152057
0.003336155102
0.003336153348
0.003336150894
0.003336153626
0.003336158512
0.00333615612
0.003336126638
0.004177819475
0.998272406
0.9985994707
0.007645673394
0.998244716
0.999091082
0.9981395022
0.004808910047
0.003336457132
0.003336206912
0.003336184601
0.003336152209
0.003570215079
0.004891196487
0.9972902611
0.9982478043
0.9978192586
0.9985187142
0.9986855894
0.9985597408
0.9974520265
0.005433312722
0.9944269267
0.99682978
0.005433074889
0.003336374029
0.004024697697
0.007136135987
0.998923785
0.009862233422
0.004611549059
0.003336247156
0.003336031844
0.00332009038
0.003336140779
0.003336404494
0.004984978325
0.9982567649
0.9988250259
0.9943066017
0.004711574445
0.9818802994
0.9641137345
0.005034948073
0.003450770266
0.003336262153
0.00333626772
0.004061849441
0.5885601807
0.9959181733
0.9978393286
0.9984097602
0.9983593155
0.9977180867
0.9948498071
0.9698068382
0.9967300581
0.9972557456
0.004200233494
0.003336070238
0.00333607323
0.003336081032
0.003336088195
0.003336090645
0.003336091576
0.00333609497
0.003336124774
0.003336316655
0.005568148139
0.9990067583
0.9990538348
0.9977218895
0.9975304981
0.9988164265
0.04016462574
0.00381942406
0.003336100567
0.003336153084
0.003336164665
0.00333617457
0.003336180948
0.00333618161
0.003336177358
0.003336067099
0.003336152786
0.003336159426
0.003336157351
0.003336153788
0.003336144949
0.003336142829
0.003336154574
0.003336150489
0.004289412248
0.9976288214
0.9982198657
0.9980883671
0.9986389878
0.9991339612
0.9996327726
0.9987273893
0.006326607703
0.003335974485
0.003335999238
0.003336010647
0.003336024213
0.003336039557
0.003336056189
0.003336073538
0.003336091045
0.003336108159
0.003336124235
0.003336138573
0.003336150474
0.00333615916
0.00333616394
0.003336165446
0.003336166492
0.00333617011
0.003336174521
0.003336174935
0.003336172435
0.00333613849
0.004426108952
0.9986437494
0.9982902703
0.005048007039
0.02010026468
0.9991555052
0.9991280639
0.01528352055
0.003896910273
0.003336179331
0.003540431728
0.00447609193
0.9941189298
0.9980572755
0.9983699192
0.9982374913
0.9985904161
0.9984753136
0.9965339318
0.9967922023
0.8080877384
0.004286273198
0.9963443655
0.9973064806
0.004657256756
0.005813175393
0.9989237356
0.01449667722
0.005169658973
0.003336522643
0.003336272826
0.003336257463
0.003336207116
0.003321045096
0.003336098872
0.00333711724
0.003861050391
0.997242676
0.9986866941
0.9980337696
0.1764079516
0.01260735227
0.003923965467
0.003337202077
0.003336364966
0.003809930217
0.007193527678
0.9979434387
0.9971160393
0.9973763214
0.9976439216
0.9979892881
0.9980615448
0.996180009
0.004656022544
0.004637436357
0.9974972998
0.9975223177
0.004099013004
0.003336058769
0.003336070235
0.003336085426
0.003336093063
0.003336097977
0.003336102842
0.003336102865
0.003336020591
0.003805708168
0.02997682195
0.9991309689
0.999083494
0.9985403149
0.9938800439
0.004868920131
0.003339733074
0.003336149847
0.003336171221
0.003336183298
0.00333619183
0.003336194189
0.00333619053
0.00333618481
0.003336175938
0.003336172297
0.003336165167
0.003336159901
0.003336154242
0.003336148892
0.003336154792
0.00333616883
0.003336170748
0.003336149781
0.004166645012
0.9966619784
0.9980348993
0.9987635839
0.9994228907
0.9997977417
0.999461319
0.006326609069
0.003335975788
0.003336001737
0.003336012995
0.003336026582
0.00333604213
0.003336059116
0.003336076934
0.003336095009
0.003336112774
0.003336129547
0.003336144621
0.003336157397
0.003336167353
0.003336174061
0.003336178263
0.003336181853
0.003336186583
0.0033361918
0.003336194935
0.003336197248
0.003336199184
0.003336174955
0.004800492212
0.9986750874
0.9980303765
0.004164646208
0.004827846731
0.9981494175
0.9988564869
0.9972913005
0.004870128679
0.004737782378
0.9917309518
0.9979179188
0.9986420911
0.998728994
0.9985126603
0.9984434871
0.01497941273
0.006276908924
0.998006072
0.9962331612
0.004215956977
0.004010478088
0.9973156113
0.9965466798
0.9973934726
0.0216858709
0.005901052408
0.003337178017
0.003336454996
0.003336353729
0.003336322536
0.003336308538
0.003336178391
0.003333495129
0.00333900317
0.003340943815
0.003754013876
0.01766248133
0.9985239447
0.9983696846
0.9982647438
0.004070735917
0.003336721728
0.003924966825
0.006832475508
0.9983780194
0.9989319029
0.998280577
0.997604127
0.9966416112
0.9941046453
0.9969454501
0.9981752115
0.006069541736
0.003336211145
0.004226869213
0.997678468
0.9974010888
0.00409043357
0.003336055815
0.003336075376
0.003336086494
0.003336088732
0.003336071143
0.00333599362
0.003599014154
0.00495604086
0.9970424748
0.9989386918
0.9992964233
0.9988551436
0.006288313148
0.003564243214
0.003336240079
0.003336167063
0.003336178361
0.003336191543
0.003336201122
0.003336202108
0.003336197271
0.00333620735
0.00333618447
0.003336176433
0.003336169102
0.003336162332
0.003336154544
0.003336150757
0.003336166794
0.003336187166
0.003336193881
0.003336217754
0.00348584702
0.006783684269
0.9981407381
0.9990355719
0.9996100776
0.999815983
0.9996744882
0.006326610325
0.00333597697
0.003336004119
0.003336015333
0.003336029064
0.003336044907
0.00333606227
0.003336080497
0.003336099038
0.003336117382
0.003336134815
0.003336150641
0.003336164412
0.003336175789
0.003336184217
0.003336190402
0.003336195614
0.00333620115
0.003336207387
0.003336212228
0.003336217771
0.003336221803
0.003336231274
0.003336200947
0.004652612234
0.9983312872
0.9983010985
0.004936987201
0.003731990029
0.9773317793
0.9968639849
0.9961423956
0.9968337473
0.9980700428
0.9986375108
0.9989005489
0.9987114455
0.9979828049
0.006634140205
0.004054864982
0.003337169647
0.006389642684
0.9982934453
0.9955777115
0.004288693392
0.005565797483
0.9973750156
0.9977071908
0.008797593868
0.003340232239
0.003336731927
0.003336482284
0.003336398719
0.003336334328
0.003336284807
0.003337595062
0.003339037292
0.003289139858
0.003338487709
0.00364644603
0.005577889057
0.996262536
0.9970163356
0.9982319431
0.1493367259
0.004943718093
0.01547706545
0.9989518266
0.9993436776
0.9993809854
0.9987598978
0.9875998923
0.00592141644
0.5619065215
0.007749990655
0.997705577
0.9984273263
0.004603661046
0.003336142997
0.004167933805
0.9976942735
0.9975300008
0.004087597231
0.003336066582
0.003336078203
0.003336060643
0.003336012181
0.003532573161
0.004486543805
0.9871680642
0.9974833352
0.9980026097
0.9982294638
0.9987135629
0.007586122511
0.002960505712
0.003341860794
0.003338448962
0.003336192816
0.00333620314
0.003336207841
0.003336208266
0.003336203599
0.003336195026
0.003336186851
0.003336177242
0.003336169831
0.003336163243
0.003336149907
0.00333613675
0.003336151906
0.003336154298
0.0033361282
0.003497293103
0.004962250654
0.6262284938
0.998962922
0.9991693125
0.9996108374
0.9998049256
0.9996670438
0.006326611408
0.003335977972
0.003336006285
0.003336017598
0.003336031625
0.00333604788
0.003336065643
0.003336084186
0.003336103043
0.003336121838
0.003336139781
0.003336156192
0.00333617089
0.003336183687
0.003336193419
0.003336200886
0.003336206862
0.003336212602
0.003336219913
0.003336225508
0.003336234103
0.003336240506
0.003336256991
0.003336267697
0.003336229346
0.004218392754
0.9977503312
0.9985635547
0.007802641486
0.008383048576
0.9976213924
0.9983816159
0.9987201659
0.9988499537
0.9989806574
0.9988927739
0.9982473991
0.006092833532
0.003795183829
0.003336298509
0.003336289889
0.00356450569
0.9884506465
0.9980513465
0.007391535971
0.9880653568
0.005663561483
0.9971731909
0.9985957375
0.005203517252
0.003336435119
0.003336431017
0.003336353762
0.003336286909
0.003337629134
0.003338613014
0.003289610205
0.003338735965
0.00343723371
0.004528119041
0.9464414336
0.9867035145
0.006958773555
0.8560987268
0.9980368687
0.9979262012
0.9988989755
0.9994677265
0.9993879128
0.9990167226
0.02539144076
0.004518297002
0.003565853255
0.003949676356
0.967802614
0.2887079742
0.9979345462
0.9978743835
0.004037930278
0.003336119408
0.004161252277
0.9976945882
0.9974301996
0.004099692126
0.003336100897
0.003336069775
0.003518761936
0.004362072877
0.9832778182
0.9976342722
0.9976523487
0.9960841924
0.006244967285
0.9973549896
0.9983174596
0.004600069638
0.003342351884
0.003311680262
0.00333653565
0.003336231889
0.003336214259
0.003336222004
0.003336202655
0.003336193844
0.003336183616
0.003336171621
0.003336165657
0.003336163983
0.003336151302
0.003336124507
0.003336147251
0.003336168802
0.003696199062
0.004843438059
0.9831474701
0.9988478747
0.9991959787
0.99905532
0.999356931
0.9994000276
0.9991153383
0.006326612264
0.003335978755
0.003336008193
0.003336019796
0.003336034306
0.003336051117
0.003336069291
0.00333608799
0.003336106937
0.003336125994
0.003336144135
0.003336160713
0.003336176089
0.003336190348
0.003336200851
0.003336208893
0.003336214814
0.003336219837
0.003336227481
0.003336231325
0.003336240062
0.003336239067
0.003336258328
0.003336261791
0.003336263699
0.003336889819
0.004867205352
0.9973971844
0.9985119209
0.9986349593
0.9987755779
0.9990734081
0.9992789401
0.9992933521
0.999086476
0.9986080889
0.007089300967
0.003808385774
0.003336266107
0.003336283458
0.003336243062
0.003336140466
0.003884274089
0.9972474131
0.9972345893
0.6610097885
0.005274978118
0.04922089873
0.9971912094
0.9981573835
0.004013454318
0.003336266016
0.003336288246
0.003337726631
0.003338685806
0.003289998436
0.003338358956
0.003337402391
0.004239050319
0.70907611
0.9933844772
0.006654607729
0.9641540365
0.9945737183
0.9980026079
0.9986618015
0.9991115759
0.9991845447
0.9985026797
0.007363104369
0.003999577775
0.003337068436
0.003336201303
0.003336145228
0.003772999725
0.9901527489
0.008127869341
0.9979112879
0.9967973614
0.003984969364
0.003336125775
0.004171508029
0.9976550597
0.997362783
0.004258471794
0.003592501574
0.004318412938
0.9809821716
0.9976527887
0.9978976852
0.9953784262
0.004890444058
0.003751325155
0.004363031458
0.9986037531
0.9982534297
0.004555387363
0.003574266371
0.003339749211
0.003337060508
0.003336208754
0.003336199537
0.003336192842
0.003336186051
0.003336174852
0.003336159569
0.003336154627
0.003336161692
0.003336156924
0.003336149896
0.003343446041
0.004168347831
0.007967598667
0.9981499824
0.998670524
0.9989826169
0.9992322525
0.9989840105
0.9990771953
0.9985061095
0.9946180688
0.006326612849
0.003335979305
0.003336009869
0.003336022018
0.003336037237
0.003336054779
0.003336073326
0.003336091914
0.003336110668
0.00333612979
0.003336147587
0.003336163535
0.003336179123
0.003336195038
0.003336205742
0.003336213842
0.00333621839
0.003336222101
0.003336229322
0.00333622247
0.00333622808
0.003336195208
0.00333619119
0.003336167097
0.003499807558
0.004617929444
0.02025843355
0.9983870559
0.998823673
0.9991060163
0.9990714169
0.9991261314
0.9993806449
0.9992411443
0.9987859106
0.008388976397
0.003914450103
0.00333632246
0.00333632304
0.0033362993
0.003336221227
0.003336143684
0.003336108541
0.005156279139
0.9973763137
0.9957960939
0.007842235294
0.9971229405
0.006583405758
0.9984411292
0.9959348637
0.003519927837
0.003337660636
0.003338664211
0.003289464377
0.003338294646
0.003337231909
0.00374588281
0.005794171386
0.9973648465
0.08070852936
0.9960636702
0.9962070357
0.9976287306
0.9984151306
0.9990454906
0.9991601258
0.9986063678
0.006704323083
0.003809910076
0.003336200841
0.003336166218
0.003336164897
0.003336157282
0.003336112088
0.004594512847
0.9980126384
0.007550455482
0.996995105
0.9963730814
0.004003205862
0.003336149116
0.004317299592
0.9977070896
0.9974535774
0.006831101522
0.9909300749
0.9974484106
0.9979502438
0.9959659847
0.00488120263
0.003622589975
0.003336115826
0.0033361624
0.006743007968
0.9990488617
0.03058989121
0.8860575721
0.003513524308
0.003342132308
0.003336391384
0.003336170486
0.003336173798
0.00333617378
0.003336163848
0.003336139668
0.003336126127
0.003336125539
0.003336101735
0.003480133235
0.004768454194
0.08241103816
0.9992024767
0.9993176725
0.9993464244
0.9994164852
0.9994849363
0.9992245724
0.9975278854
0.008290227052
0.009859502967
0.006326613137
0.003335979653
0.003336011437
0.003336024444
0.00333604064
0.003336059151
0.003336077921
0.003336095909
0.003336114214
0.003336133467
0.003336150027
0.003336163865
0.003336179049
0.003336197101
0.00333620685
0.003336216421
0.003336218908
0.003336219797
0.003336237972
0.003336216146
0.003336224176
0.003336209373
0.003389640416
0.00404016566
0.005764128638
0.9942751445
0.998863757
0.9990769924
0.9990799628
0.9992825479
0.9992842647
0.9992432999
0.9991476407
0.9985527295
0.01382833449
0.003998086699
0.003336408745
0.003336402267
0.003336354204
0.003336279085
0.003336204861
0.00333639726
0.003697161074
0.004758080172
0.9911473188
0.9975477638
0.9965297631
0.2975281736
0.004739580553
0.007206217124
0.99869653
0.005608235262
0.003339046261
0.003325435702
0.003338282799
0.003337621059
0.003912971702
0.005720323814
0.9968873647
0.9966300692
0.9977426903
0.9979782785
0.9980651477
0.9979220414
0.9983497125
0.9986205753
0.9992002175
0.01917617658
0.003773987956
0.003336294094
0.003336217845
0.003336193222
0.003336171569
0.003336152716
0.003336129634
0.003337206599
0.006719959609
0.9962808851
0.004753524075
0.9956291242
0.9951487586
0.003925124784
0.003677665326
0.006145394683
0.9977959606
0.9983372287
0.9982178373
0.9980922517
0.9966915341
0.005075496499
0.003638880624
0.003336086702
0.003336093778
0.003336085274
0.003521409102
0.9943535531
0.9986030659
0.007985411271
0.004033441775
0.003337529538
0.003336885188
0.003336194697
0.003336187609
0.003336176951
0.003336165726
0.00333613071
0.003336121833
0.00333620576
0.003766249724
0.005257185833
0.9957890582
0.9992619754
0.9996095781
0.9995255155
0.9993095512
0.9991526967
0.9990214286
0.07163082885
0.0052527686
0.003614065422
0.006329609927
0.006326613174
0.003335979934
0.003336013192
0.00333602733
0.003336044778
0.003336064726
0.003336083384
0.003336099729
0.003336117339
0.003336137806
0.003336152136
0.003336160699
0.003336174278
0.003336196213
0.003336200311
0.003336211816
0.003336215776
0.003336204722
0.003336224959
0.003336224643
0.003341616985
0.003745810705
0.005971950008
0.3965870801
0.9989466539
0.9990133743
0.9989819213
0.9990006981
0.9988671562
0.9990396603
0.998855705
0.9987326407
0.9989748936
0.01874967791
0.9981394945
0.004462832336
0.003336459278
0.003336417167
0.003336297521
0.003336205531
0.003514603715
0.004475551765
0.01533348688
0.9979426175
0.9979863854
0.9969133847
0.9986930781
0.005857381039
0.3137150163
0.004609564501
0.9978373535
0.9985985006
0.004012819551
0.003340297669
0.003485467256
0.004410680157
0.01968478478
0.9985263224
0.9986580543
0.9984086711
0.9979001574
0.9982829126
0.9980068442
0.9969493862
0.9956287437
0.9980686652
0.01227798491
0.1848280925
0.004089523715
0.003336521991
0.003336300343
0.003336234279
0.003336193493
0.003336163264
0.003336144224
0.003336134742
0.003543908843
0.8175115042
0.9752110023
0.004532436606
0.9962971469
0.9933185444
0.005482029157
0.9908423115
0.9974044978
0.9985776195
0.9983073391
0.9963872475
0.005572655133
0.00369583963
0.00333611692
0.00333610634
0.003336099381
0.003336079881
0.003336043827
0.003769768666
0.9870237288
0.9961125855
0.7679112784
0.003596248884
0.003214373708
0.003336310086
0.003336327696
0.003336177755
0.003336166352
0.003336129478
0.003469684003
0.004269129634
0.01028170095
0.9986220437
0.9990261172
0.9992968332
0.9995281819
0.9991666189
0.9986176789
0.9972778971
0.006464629382
0.004071536345
0.003343512584
0.003336176107
0.006328408986
0.006326613308
0.003335980494
0.003336015783
0.003336031006
0.003336049762
0.003336072197
0.003336090499
0.003336103065
0.003336119021
0.003336143588
0.003336156314
0.003336154969
0.003336160759
0.00333619026
0.003336181183
0.003336182545
0.003336179644
0.003336232737
0.00344012443
0.003825525864
0.005998239549
0.07793351534
0.9988064706
0.9995173066
0.9996155949
0.9994971908
0.9992994135
0.9991618608
0.9989003342
0.9989999374
0.9988793385
0.9963895672
0.9980444139
0.009211610393
0.007070539284
0.008869467334
0.003336574908
0.00333640101
0.003491092393
0.003957260882
0.006182891839
0.9798642951
0.9983383305
0.9981474902
0.04846230592
0.007596869819
0.9986070077
0.01659875028
0.004042682068
0.006347256724
0.00751553169
0.9992754915
0.06051527401
0.004276509318
0.005721942606
0.9940892237
0.9990099019
0.9993103729
0.9992479311
0.9986967384
0.9982541405
0.9980674896
0.9976409849
0.5801765784
0.9965839822
0.006641038571
0.007249569335
0.005389665714
0.9973213842
0.003695041825
0.003336281701
0.003336238183
0.003336201694
0.003336166688
0.003336152444
0.003336139384
0.003336147034
0.003930416802
0.9967452827
0.01049207263
0.006561737499
0.9970390061
0.996736314
0.9971277819
0.9982300626
0.998616868
0.997822913
0.8082768048
0.004581668668
0.003336172591
0.003336165913
0.003336144236
0.003336126478
0.003336116081
0.003336094804
0.003622946878
0.8353530585
0.7694917015
0.9960633654
0.004631713384
0.003596956719
0.003336761704
0.00325764353
0.003336211007
0.003336149325
0.003575291576
0.004952787676
0.7344499836
0.9990714419
0.9994552249
0.9994882528
0.9994628508
0.9993902866
0.9987701412
0.8419342453
0.004462898129
0.003590578707
0.003336102926
0.003336111859
0.003336088878
0.006327303241
0.006326615414
0.003335982062
0.003336020541
0.003336036092
0.003336055212
0.003336081923
0.003336100563
0.00333610714
0.00333611787
0.003336148946
0.003336162846
0.003336153239
0.003336143727
0.003336161205
0.003336138497
0.003336231336
0.003516155427
0.003900120711
0.008604218193
0.7220896934
0.9987874267
0.9995785326
0.9996946446
0.9996508942
0.9996877605
0.9994602276
0.999258697
0.9991565168
0.998686564
0.9969369523
0.22630291
0.005927966873
0.2845958749
0.9977898332
0.004761521248
0.9983380396
0.004522529273
0.003664464353
0.00543912131
0.5632676559
0.9977984896
0.9976304008
0.613531595
0.005209568036
0.003696030055
0.003626486716
0.9975177722
0.9981067643
0.07698240395
0.003865452408
0.5886676339
0.1952329409
0.99926257
0.9756212312
0.9985431159
0.9989356843
0.9992518094
0.9994014627
0.999290076
0.9988950968
0.9908250148
0.8592462442
0.005126978044
0.00418207995
0.003901139103
0.01150789668
0.00544799666
0.9812830689
0.005281063266
0.004944593931
0.003336189516
0.003336201719
0.003336188808
0.003336159951
0.003336138866
0.003336125111
0.003336168061
0.003564002302
0.006835707236
0.9975253683
0.9962967717
0.9972564365
0.9977767356
0.9980337568
0.9980877295
0.9987182291
0.03086742322
0.004444326557
0.8556453949
0.004136380465
0.003336206289
0.003336186173
0.003336151494
0.003336151974
0.003336136206
0.003336128677
0.004602943183
0.006176239541
0.9971707236
0.9455823319
0.6697794868
0.004331412492
0.003630386954
0.00333885927
0.004013195917
0.006512595346
0.9975080961
0.9990728124
0.9994441627
0.9995852459
0.9993066975
0.9989706425
0.9985106969
0.009870568136
0.004088645095
0.003437858613
0.00333603074
0.003336062369
0.003336081556
0.003336056355
0.006326970469
0.006326629356
0.003335986573
0.003336029454
0.003336044073
0.003336060718
0.003336092258
0.00333611184
0.003336114167
0.003336120329
0.003336145554
0.003336145565
0.003336152581
0.003336345512
0.003367380812
0.003705795187
0.004601888736
0.01038383753
0.9808980762
0.9986676255
0.9996105791
0.9996534141
0.9996273646
0.99973212
0.9996303024
0.9996303203
0.9994678602
0.9980669952
0.9288473321
0.007785249356
0.004347114001
0.003646563388
0.003404125901
0.008024657662
0.9991602042
0.005162923839
0.005596532218
0.008970413722
0.01946581468
0.9982960162
0.9985184727
0.9915907591
0.0062940749
0.003929051869
0.003484013596
0.003336405356
0.003336461746
0.007145216201
0.998436397
0.005694993558
0.004385636341
0.005021130862
0.9958787202
0.9987285209
0.9991744763
0.9992220894
0.9993598737
0.999387602
0.9992139576
0.9986570363
0.03108368893
0.2423161478
0.003722351465
0.00346295756
0.00333619057
0.003336344972
0.004897149962
0.996355886
0.004025600701
0.004731772715
0.9974759211
0.004054587767
0.003336163231
0.003336148754
0.003336149876
0.003336274096
0.003540605055
0.004133248432
0.006151436833
0.994026566
0.9978891238
0.9981716662
0.9976523917
0.9966549119
0.9964377927
0.9960786353
0.1657022307
0.9983760379
0.004020497315
0.004170470741
0.6124106597
0.003568973964
0.003336235222
0.00333617755
0.003336192696
0.00333619682
0.003336159942
0.003938779002
0.9962974409
0.006437881552
0.9987899659
0.6088021764
0.004680633768
0.7174462101
0.004759460744
0.04138254498
0.999057976
0.9992442616
0.9994030895
0.9995682857
0.9995585802
0.9991498988
0.9940682326
0.005019006116
0.003739092004
0.0033361586
0.003336038245
0.003336042561
0.003336058575
0.003336062192
0.003336034029
0.006326839474
0.006326706818
0.0033360025
0.00333604398
0.00333605409
0.003336068726
0.003336095155
0.003336096015
0.003336101132
0.00333619231
0.003338405271
0.003554283251
0.003756369892
0.004633758419
0.01468848513
0.3980036887
0.9985609621
0.9992056088
0.9994071217
0.9993758623
0.9994984389
0.999562996
0.9995596089
0.9996118355
0.9993796058
0.998359501
0.02958258246
0.005633910757
0.003730989757
0.003500378369
0.00333647907
0.00333637351
0.003336372012
0.003974786655
0.9976003228
0.02913878583
0.01912024507
0.9975686949
0.9983579876
0.9983372157
0.01922909979
0.004534886364
0.003504711574
0.003336243002
0.003336287615
0.003336429064
0.003359171179
0.004746907547
0.9981176397
0.997889335
0.03820940377
0.9985699521
0.9985566216
0.9992470245
0.9995137582
0.9995433603
0.9993949219
0.9991976911
0.9508704776
0.005884568454
0.00424139886
0.003743810115
0.003446237931
0.003336217739
0.003336265762
0.003336294967
0.003940850786
0.9978543077
0.004843046765
0.003336363588
0.006660773579
0.005936120627
0.003336242307
0.003339368691
0.003664139337
0.004753974629
0.01006878849
0.9958399038
0.9983635138
0.9987926493
0.9986972738
0.9985455635
0.9982291835
0.9956121804
0.9908392904
0.006381799933
0.9963333079
0.9980308035
0.01850711918
0.00343124148
0.9915393808
0.006717621627
0.003591276506
0.003336206199
0.003336228293
0.00333621479
0.003336178532
0.003336211362
0.005220209723
0.005460866407
0.009194115792
0.9989300416
0.008101633924
0.009099782632
0.9960667554
0.9991582734
0.9995661142
0.9995092241
0.9993947829
0.9992684641
0.9990181538
0.03227061127
0.00451200204
0.003459896184
0.003336036912
0.003336037307
0.003336023354
0.003336032508
0.003336041184
0.003336038817
0.003336013889
0.00632675601
0.006327537882
0.003336083429
0.003336058908
0.003336050707
0.003336119601
0.003337774327
0.003543712822
0.003747547888
0.004518353544
0.00983776257
0.0548483871
0.9981527395
0.9985876405
0.9993499567
0.9997473626
0.9997155165
0.9995810647
0.9995671516
0.9994012874
0.9992442683
0.998980318
0.9987638144
0.9986209675
0.02004312408
0.004758152056
0.003620001755
0.003338660605
0.003339398162
0.003415749432
0.003613219348
0.003723198197
0.004211283248
0.005317615544
0.9471419158
0.9946863591
0.998310727
0.9982230978
0.8803604649
0.00490562482
0.003667747981
0.003341016162
0.003556428233
0.003648251851
0.003856392596
0.004497650966
0.008256717055
0.150884606
0.9986383034
0.9987296509
0.9989831206
0.9992037693
0.9992443486
0.9993457997
0.9994308133
0.9993214908
0.9990004294
0.02220589255
0.004718177482
0.003543963806
0.003519956638
0.009485631743
0.003474424308
0.003336316063
0.003336306431
0.003336303245
0.003336287535
0.008866126231
0.02091461503
0.003337090398
0.003960509575
0.9949079503
0.004365201182
0.0058899913
0.04808102733
0.9982221515
0.9990794231
0.9992391515
0.9989404141
0.9992074457
0.9993197681
0.9975445259
0.9973146587
0.8014287701
0.004132997543
0.003684136388
0.004807696316
0.2723211124
0.9958364348
0.003639390637
0.003882763986
0.01363602489
0.6250841
0.003354594719
0.003336264367
0.003336186642
0.003336160081
0.003336184708
0.003753828473
0.9904883037
0.005165727756
0.9955475326
0.9976649356
0.9986693148
0.9990273034
0.9992483176
0.9995068036
0.9991329123
0.9986670494
0.9978122329
0.006574337652
0.004001305521
0.003337320998
0.003336071531
0.003336054456
0.003336041873
0.003336025819
0.003336024325
0.003336024555
0.003336018654
0.003335997446
0.006326697912
0.006330277046
0.003336539146
0.003493273076
0.003689798936
0.004340054621
0.008884787676
0.05199075165
0.9982703765
0.9987152226
0.9993829743
0.9997390348
0.9997308097
0.9996740512
0.9997138696
0.999743422
0.9997457454
0.9996565924
0.9995342376
0.9992988124
0.9989357501
0.9982088549
0.9973480281
0.02554349954
0.01264646897
0.008398320474
0.007844777701
0.008525205322
0.01230441004
0.04145357914
0.5310594361
0.9774931137
0.9965803584
0.9981949762
0.9982920773
0.9973035018
0.9955394424
0.02425565769
0.008029895297
0.006320294693
0.006885021025
0.01283956816
0.04872186358
0.9598385591
0.9968561831
0.9980200381
0.9988894801
0.9995259043
0.9995090233
0.9994598052
0.9993992344
0.9994226392
0.9994509569
0.999496692
0.9984691312
0.9881085176
0.0102542424
0.004702870138
0.003333610886
0.003331639632
0.003342228974
0.003597070182
0.003610560683
0.003336340513
0.003336265989
0.003336246013
0.003336302305
0.003998615977
0.9980849338
0.005247567297
0.005670928918
0.02122811449
0.9957264489
0.9980315215
0.9995729193
0.9995030915
0.9990905921
0.9991387523
0.9987236478
0.997355172
0.1965056986
0.008324172208
0.947606555
0.006781663109
0.003502718657
0.003336180578
0.003698947572
0.9957109251
0.9978619009
0.005212823311
0.003646359444
0.004331298061
0.9046188721
0.003542794091
0.003336217074
0.003336225919
0.003336985954
0.00362722379
0.004635175717
0.0125709766
0.9958163207
0.997793318
0.9987505348
0.999188055
0.9993357812
0.9994249836
0.9994601394
0.99891911
0.9698472867
0.004529345824
0.003614387591
0.003336073367
0.003336052259
0.003336027122
0.003336030791
0.003336026304
0.003336016955
0.003336012676
0.0033360088
0.003336001835
0.003335984545
0.0063266573
0.03864330777
0.007549171278
0.02897865966
0.9957932525
0.9988265376
0.9994319394
0.9997434258
0.999750509
0.9997334446
0.9997601708
0.9997759805
0.9997830702
0.999780924
0.9997800157
0.9997706984
0.9997465483
0.999708878
0.9996405941
0.9994981615
0.9993018888
0.9991000627
0.9990415382
0.9994155427
0.999653906
0.999702291
0.9997061717
0.9997192553
0.9997401244
0.9997671108
0.9997854434
0.9996615033
0.9993253064
0.9991747571
0.9992010551
0.9990585108
0.9987542925
0.9989091985
0.9992909207
0.9993788432
0.9995295375
0.9996466396
0.9997559239
0.9997202957
0.999488677
0.9992534888
0.99924225
0.9992573173
0.999286143
0.9991956954
0.9991885856
0.9989934983
0.9987861902
0.2439180629
0.01076153615
0.007165003164
0.9907368523
0.9484998856
0.003755391121
0.00334091803
0.003339819037
0.003453242332
0.001017789416
0.003474955181
0.003577214713
0.003687520113
0.004141562799
0.006266775581
0.05520703837
0.9891330891
0.9973035916
0.9992437848
0.9993568658
0.9991824892
0.9994777043
0.9995175664
0.9976651678
0.9829935645
0.006478002847
0.00428939047
0.00371500988
0.00346851131
0.07254608819
0.9894967386
0.003604364871
0.003336257816
0.003336140677
0.004260529749
0.9859409091
0.00634998834
0.7142157348
0.004404928425
0.9949667741
0.004364571864
0.003541046329
0.003811418481
0.006304232796
0.02699952003
0.9977870189
0.9990536189
0.9991243123
0.9991204688
0.9993052264
0.9995551618
0.9993857718
0.9991384053
0.9988748799
0.01927624616
0.004277207604
0.003434069999
0.003336023143
0.003336035044
0.003336030766
0.003336016915
0.003336016249
0.003336013173
0.003336006788
0.003336001542
0.00333599597
0.00333598892
0.003335974986
0.006326630229
0.9991509278
0.9996342415
0.9997382741
0.99975606
0.9997590559
0.9997712674
0.9997784999
0.9997831752
0.9997849764
0.9997878269
0.9997899092
0.9997912871
0.9997927824
0.9997944661
0.9997937852
0.9997865109
0.9997721129
0.9997499169
0.9997129606
0.9996741609
0.999657182
0.9996844743
0.9997316947
0.9997870994
0.999793676
0.9997957697
0.9997970856
0.999797811
0.9997974594
0.9997943587
0.9997818173
0.9997113272
0.9996398815
0.9996159718
0.9996253804
0.9996105352
0.9995895997
0.9996947766
0.9997395227
0.9997567533
0.9997661948
0.9997677415
0.9997581095
0.9996807933
0.9995333848
0.9993540087
0.9991473042
0.9989214814
0.9986612755
0.998121759
0.9948796352
0.01221112565
0.007587164618
0.00632414066
0.9450463959
0.5458559693
0.009190392057
0.005169977401
0.004461512205
0.004902150246
0.005617032268
0.008404044528
0.02613677436
0.08197035995
0.9827229359
0.9966974794
0.9983709584
0.9992735283
0.9990644989
0.9986445276
0.9987982356
0.9992698607
0.9989442782
0.9982696449
0.02949379265
0.005358450325
0.00366888955
0.003449678905
0.003336300275
0.003336302983
0.003336364219
0.004806114513
0.9964098767
0.004008836124
0.003336142152
0.003336225749
0.003656744234
0.9949139904
0.9949852126
0.6368739926
0.004359495513
0.005170773122
0.0119971098
0.01645423849
0.9965297649
0.9983225508
0.9995034885
0.9994884881
0.9993458436
0.9994119021
0.9994600528
0.9994599713
0.9995850922
0.9993210874
0.9967970372
0.00587627028
0.00390711906
0.003336490426
0.003336057646
0.00333604654
0.003336042483
0.003336030397
0.003336015977
0.003336009357
0.003336003625
0.00333599731
0.003335991453
0.00333598544
0.003335978976
0.003335968017
0.00632661287
0.9996080253
0.9997735522
0.9997838974
0.9997938292
0.9997934189
0.9997940084
0.9997939431
0.9997938523
0.9997945622
0.9997949918
0.9997950764
0.9997958616
0.9997968839
0.9997982835
0.9998005831
0.9998025233
0.9998023593
0.9997999199
0.999795511
0.999791393
0.9997910685
0.9997952625
0.9997994433
0.9998013124
0.9998020625
0.9998021872
0.9998022186
0.9998019907
0.9998007303
0.9997974309
0.9997929163
0.9997885353
0.9997801323
0.9997745211
0.9997766492
0.99977732
0.9997719475
0.9997670247
0.9997708343
0.9997717402
0.999764807
0.9997507293
0.9997283782
0.9996989355
0.9996413397
0.9995207756
0.9993449016
0.9991700371
0.9990011508
0.9987562091
0.9983959197
0.9985835197
0.9988319342
0.9990080988
0.9985448001
0.9983035879
0.9987178701
0.9987754599
0.9988188993
0.9990482071
0.9992814797
0.9994900158
0.9996212964
0.9997710086
0.9995941161
0.9991655276
0.998988283
0.9989233346
0.9988159696
0.9979353408
0.9960018946
0.9964758314
0.01165892019
0.005317099293
0.003724209836
0.003337544011
0.003336364378
0.003336325972
0.003336330173
0.003336427786
0.003337149703
0.003851784371
0.9778212867
0.005149620232
0.003709024212
0.003876496114
0.004771913094
0.01678007083
0.9977365085
0.01784203348
0.01610968099
0.9966080499
0.9982109378
0.9994145745
0.9993861263
0.9992853129
0.9994329199
0.9996070616
0.9994042627
0.9992494203
0.9993674587
0.9993220622
0.9985117231
0.03021055695
0.004760954402
0.003505518469
0.00333606497
0.003336051382
0.003336029878
0.003336034498
0.003336032938
0.003336022964
0.003336011088
0.003336002815
0.003335995591
0.003335988804
0.003335982631
0.003335976768
0.003335971202
0.00333596294
0.006326602253
0.9997650714
0.9997966379
0.9998127062
0.9998207042
0.9998225034
0.9998205442
0.999815645
0.9998110837
0.9998082635
0.999805924
0.9998031436
0.9998013729
0.9998007679
0.9998009204
0.9998020839
0.9998042538
0.9998064815
0.9998081007
0.9998090654
0.9998094832
0.9998095516
0.9998094604
0.9998093309
0.9998091198
0.9998085521
0.9998079123
0.9998075306
0.9998074265
0.9998072948
0.9998068689
0.9998064944
0.9998064662
0.9998065349
0.9998067529
0.9998073933
0.9998076526
0.9998066771
0.9998039166
0.9997997731
0.9997947813
0.9997865567
0.9997741919
0.9997592904
0.9997441442
0.9997207396
0.999673782
0.999604478
0.9995372163
0.9994892371
0.9994519065
0.9994268401
0.999414498
0.9995034828
0.9994944445
0.9994922641
0.9994286594
0.9994922367
0.9995675133
0.9995849758
0.9996214739
0.9996729013
0.9997092725
0.9997252767
0.9997161819
0.9996791547
0.9994473235
0.9991862353
0.9988841792
0.9984796986
0.9977282689
0.9953298925
0.9933061877
0.01766457398
0.9960903828
0.009193582222
0.008011655005
0.006704063198
0.006390920855
0.006298332811
0.006461131611
0.007837647953
0.01230379726
0.9931248648
0.9847490973
0.7030845177
0.9944649167
0.9967590587
0.9987758282
0.9989532387
0.9989004433
0.9992651659
0.9992710737
0.9991652747
0.9993707554
0.9994453444
0.9994205106
0.9993479488
0.9994555101
0.9994509361
0.9982501596
0.9965492616
0.01513267095
0.005070580294
0.003694274838
0.003337017612
0.003336093675
0.003336077429
0.003336055648
0.003336033353
0.003336029021
0.00333602451
0.003336015327
0.003336004951
0.003335996279
0.003335988517
0.003335981495
0.003335975258
0.003335969751
0.003335965107
0.003335959242
0.006326596174
0.9997885768
0.9998326472
0.9998467952
0.9998518639
0.9998508282
0.9998463672
0.9998391469
0.9998315828
0.9998252838
0.9998198141
0.9998145561
0.9998102469
0.999807266
0.9998053999
0.9998046049
0.9998049413
0.9998060003
0.9998072367
0.9998083155
0.9998090667
0.999809481
0.9998097077
0.999810008
0.999810466
0.9998108117
0.9998108317
0.9998107448
0.9998107869
0.9998108936
0.9998108108
0.9998103485
0.9998096511
0.9998091985
0.9998092768
0.9998097685
0.9998105166
0.9998114097
0.9998121012
0.9998119181
0.9998102975
0.9998068174
0.999801459
0.9997952619
0.9997894027
0.9997819069
0.9997694043
0.9997533478
0.9997405138
0.9997347673
0.9997337046
0.9997341274
0.999729075
0.9997149807
0.9997069348
0.9997137918
0.9997328245
0.9997399945
0.9997365752
0.9997268687
0.9997175172
0.9997122323
0.9997031645
0.9996803598
0.9996350259
0.9995692764
0.9994934591
0.9993514669
0.9991421349
0.9989311509
0.9987603281
0.9986713108
0.9987036302
0.9991622246
0.999314387
0.9993372894
0.9996536465
0.9996167521
0.9995890203
0.9995666182
0.9995435727
0.9995274594
0.9995931535
0.9993428892
0.9987938551
0.9986855831
0.9987501977
0.9986206031
0.9988451255
0.9992154962
0.9992387113
0.9993011044
0.9993634334
0.999403207
0.9993006034
0.9990556086
0.9990587423
0.9988266864
0.9974085562
0.0279413643
0.006056673168
0.003814178577
0.00354427808
0.003336378362
0.003336111582
0.003336085972
0.003336064675
0.003336063872
0.003336047412
0.003336030566
0.003336022481
0.003336015492
0.003336006881
0.003335997757
0.0033359895
0.003335981984
0.003335975238
0.003335969306
0.00333596425
0.003335960372
0.003335956548
0.006326592977
0.9998161177
0.9998752343
0.9998810189
0.9998804777
0.9998759497
0.9998689965
0.9998603415
0.9998512503
0.9998427449
0.9998349033
0.9998275857
0.9998212089
0.9998160755
0.9998121759
0.9998094758
0.9998079718
0.9998074311
0.9998074901
0.9998078331
0.9998082524
0.9998086668
0.999809111
0.9998096899
0.9998104345
0.9998111683
0.9998116533
0.9998118404
0.9998118026
0.9998115266
0.9998108983
0.9998098882
0.9998087562
0.999807914
0.999807583
0.9998077892
0.9998085316
0.9998098295
0.9998115929
0.9998134374
0.9998147954
0.9998152016
0.9998145619
0.9998133252
0.9998121041
0.9998109551
0.9998097553
0.9998089159
0.9998089758
0.9998098024
0.9998107463
0.9998113684
0.9998111163
0.9998093285
0.9998070143
0.999807032
0.9998083665
0.9998079543
0.9998031415
0.9997923605
0.9997754403
0.9997522541
0.9997212637
0.9996798009
0.999627739
0.999576176
0.9995367954
0.9994834783
0.9994005918
0.9993310936
0.9993095692
0.9993416753
0.9994126056
0.9994953684
0.9996736956
0.9996299651
0.9997370204
0.9997644129
0.9997683444
0.9997656591
0.999758084
0.9997439889
0.9997254585
0.9997132613
0.9995611795
0.9993304742
0.9992050161
0.9990416218
0.9989824906
0.99907211
0.9992095042
0.999261643
0.9990653281
0.9992975478
0.9993107248
0.9974658238
0.9803560248
0.006807147523
0.004196254345
0.003575492807
0.003337777868
0.003336154508
0.003336085383
0.003336068965
0.003336066056
0.003336063575
0.003336049216
0.003336046505
0.003336036241
0.00333602391
0.003336015017
0.003336006873
0.003335998512
0.003335990309
0.003335982798
0.003335975999
0.003335969972
0.003335964739
0.003335960323
0.003335956963
0.003335954603
0.006326591432
0.9998810026
0.9999152102
0.9999098074
0.9999034819
0.9998959464
0.9998874067
0.9998780207
0.9998682872
0.999858678
0.999849377
0.9998405262
0.999832479
0.9998255362
0.9998198455
0.9998154781
0.9998124227
0.999810486
0.9998093718
0.9998088006
0.999808569
0.9998085678
0.9998087744
0.9998092172
0.9998098921
0.9998106579
0.9998112676
0.9998115211
0.9998113223
0.9998106495
0.9998095679
0.9998082928
0.999807154
0.9998063801
0.9998059849
0.9998059056
0.9998061775
0.9998069956
0.9998085578
0.9998107731
0.9998131651
0.9998151178
0.9998162557
0.9998166487
0.9998166011
0.9998163621
0.9998160849
0.9998157888
0.9998153505
0.9998147124
0.9998140389
0.9998136233
0.9998137126
0.9998142675
0.9998148074
0.9998149386
0.9998150146
0.999815712
0.9998167256
0.9998152295
0.9998056043
0.9997816879
0.9997409971
0.9996887043
0.9996363079
0.9995989069
0.999583481
0.9995757526
0.9995688794
0.9995756636
0.9996023122
0.9996383228
0.9996681771
0.999682548
0.9996907805
0.9997004819
0.9996952805
0.9997111486
0.9997265881
0.9997348094
0.9997404656
0.9997463585
0.99975425
0.9997606206
0.9997454597
0.9996653808
0.9994988035
0.9993037807
0.9990987297
0.9988726505
0.9986556228
0.998645402
0.9980983091
0.9961766674
0.01561630085
0.005330936819
0.003667653052
0.003465519921
0.003336158481
0.003336106738
0.00333609911
0.00333610818
0.003336103889
0.003336089718
0.003336074243
0.003336064491
0.003336049431
0.003336037736
0.003336025081
0.003336012432
0.003336001712
0.003335992409
0.003335984212
0.003335977119
0.003335971168
0.003335966244
0.003335962244
0.003335959046
0.003335956528
0.003335954609
0.003335953286
0.006326590526
0.999810445
0.9998856885
0.999851633
0.9998365437
0.9998264931
0.9998183708
0.9998114265
0.9998059488
0.9998023198
0.9998007207
0.9998011578
0.9998033097
0.9998064822
0.9998098067
0.9998123253
0.9998131763
0.9998120025
0.9998090756
0.9998050003
0.9998002684
0.9997948658
0.9997881516
0.9997791058
0.9997671977
0.9997534068
0.9997400562
0.9997297191
0.9997247558
0.9997268509
0.9997360574
0.9997498815
0.9997639261
0.9997744403
0.9997800086
0.9997804175
0.9997748534
0.9997613735
0.9997377707
0.9997036725
0.9996616372
0.9996170041
0.9995784174
0.9995547643
0.9995497837
0.9995605252
0.9995819409
0.999610585
0.9996428835
0.9996738972
0.9996988675
0.9997146258
0.9997199172
0.9997165192
0.9997104895
0.999706704
0.9997002605
0.9996784853
0.9996275696
0.9995368906
0.9994061139
0.9992490603
0.9990821582
0.9989220342
0.9987930782
0.9987239943
0.9987187674
0.9987443819
0.998780353
0.9988363473
0.9989150203
0.9989986954
0.999056753
0.9990645455
0.9990267992
0.9989758788
0.9989211368
0.9988848532
0.9989111457
0.9989518743
0.9989984739
0.9990605545
0.9991457965
0.9992355619
0.9992622569
0.9991530351
0.9989052722
0.9985902111
0.9982082081
0.9974973749
0.9956553613
0.9905075834
0.03467194442
0.009789663022
0.007447941861
0.006330893561
0.006328420796
0.006327636189
0.006327623382
0.006327700064
0.006327673062
0.006327640349
0.006327640263
0.006327550767
0.006327414645
0.006327291743
0.006327165588
0.006327051409
0.006326946525
0.006326856997
0.006326784954
0.006326727742
0.006326683549
0.006326650729
0.006326627438
0.006326611696
0.006326601729
0.006326595917
0.006326592837
0.00632659135
0.006326590482
0.009925839515
