0.9887862291
0.9951740776
0.9916812358
0.9899567737
0.9881688557
0.9887075732
0.9842683391
0.9860122578
0.9867237056
0.9798342559
0.9877892601
0.9865566557
0.9709430187
0.9699934467
0.9702022698
0.967115623
0.9500828828
0.9389373349
0.9566381642
0.947592872
0.946864796
0.9434720861
0.9421303286
0.9511321332
0.9425250925
0.9221180982
0.8319504079
0.8993910887
0.9209286978
0.9165450433
0.9198133745
0.910908892
0.9112966568
0.9186238918
0.9332286748
0.9290085714
0.9254150943
0.9178582557
0.8963952958
0.9168383605
0.9275097352
0.9066329005
0.9235607146
0.9076846482
0.9037782617
0.8950146167
0.8832534231
0.8952587496
0.8865146505
0.8750578913
0.8833985242
0.8703063528
0.8687984192
0.8474913298
0.8571088038
0.8578948528
0.8630006494
0.8511646037
0.8537072704
0.847409609
0.8494615448
0.844118523
0.8204062572
0.8513052067
0.8639366361
0.8488785463
0.7902149909
0.7690572287
0.8213826388
0.7894037102
0.7880895941
0.8068289704
0.7796842489
0.7981800455
0.7850551085
0.7810934847
0.7678316534
0.7274023814
0.7211768498
0.6677425325
0.6818411556
0.7025780246
0.6637682332
0.6871480257
0.6560664672
0.6488102756
0.7042298768
0.6133552086
0.6137520002
0.6513490979
0.7013021269
0.583199399
0.6624103135
0.5615745386
0.6235796364
0.5325154988
0.5815545204
0.6398380536
0.5389297752
0.5600517489
0.5319551709
0.4674633714
0.4800933908
0.423314977
0.4107559529
0.3755654476
0.3131014097
0.4047607113
0.2751197126
0.3538565965
0.2880380913
0.3064009195
0.3230432945
0.2900658184
0.262359085
0.2755154894
0.2221157058
0.2797243754
0.2618507081
0.3042301638
0.3918552713
0.9769533619
0.9945876195
0.9952495523
0.9917947022
0.9895556977
0.9882568495
0.9865964243
0.9847599103
0.9839220174
0.9807527823
0.9814240823
0.9836052792
0.9851712458
0.9756456025
0.9748652981
0.9827927806
0.9713052211
0.9752760208
0.9705165073
0.9739805359
0.9766832439
0.9723237277
0.9661204311
0.9699416611
0.9720837837
0.9646851328
0.9547700689
0.9321268311
0.9566497729
0.9645250139
0.963434379
0.9624772165
0.9646703147
0.9641646627
0.9604172831
0.9631130318
0.9633843746
0.9627713227
0.9654694742
0.9723264552
0.9656268331
0.9653784113
0.9814091376
0.9649534177
0.9772840365
0.9632550803
0.9723967256
0.960604306
0.9546764357
0.9567059406
0.9516060453
0.9518379612
0.9470459654
0.9466088922
0.9412927406
0.9426061562
0.9455530432
0.9429435815
0.9440023939
0.9441135349
0.9423617839
0.9446358258
0.9341510855
0.9366481819
0.9396772463
0.9379974028
0.928463685
0.9277956389
0.9379830515
0.931218526
0.936748818
0.9325634239
0.9320557885
0.9230863074
0.9195877886
0.9143349892
0.9161938024
0.905051008
0.8974652004
0.8891373616
0.885332561
0.8649857885
0.8472457345
0.8442923357
0.8359253325
0.818289205
0.8020665429
0.8223742905
0.8368754333
0.7663351955
0.7074598483
0.7268156183
0.7411160436
0.7165432268
0.6673951081
0.6782784233
0.618059383
0.5499825192
0.4443481654
0.4964506867
0.3978778929
0.4316998212
0.3778243287
0.3446371379
0.3059107653
0.2618423721
0.2848432127
0.2028721003
0.2044098763
0.1468221064
0.1589976512
0.1751568668
0.1546498197
0.1484052742
0.1472304982
0.1536785708
0.1494157315
0.1292566154
0.1381251609
0.1219393619
0.2591810056
0.9705747326
0.9879695014
0.9925940131
0.9869389624
0.9829314013
0.9807988855
0.9795192803
0.9772655326
0.9764634566
0.9757433646
0.9754277648
0.9832552615
0.9834994482
0.9724790241
0.9676470357
0.9730357503
0.9703556087
0.9676220812
0.9653859184
0.9736711056
0.9726028516
0.9728960048
0.9663451557
0.9658145032
0.9713910686
0.9694258384
0.9629100376
0.9532357314
0.9723327188
0.9650178851
0.966029212
0.9685003064
0.9610776659
0.9624472223
0.9611790961
0.963944442
0.9568700247
0.9837295292
0.9588902822
0.9594832367
0.9569265644
0.9575023257
0.9558104288
0.9608394094
0.9551087716
0.9580519043
0.9535299015
0.9528758083
0.9596780767
0.9486556963
0.9495080823
0.9473410328
0.9603225065
0.9572351541
0.9420427029
0.9763033295
0.9377208472
0.9439608264
0.9380939287
0.9371378507
0.9354417025
0.9341188556
0.9359609426
0.9209773531
0.9191774609
0.918773874
0.9134111698
0.8958075262
0.9157567503
0.90796522
0.8954128486
0.8952203404
0.8879942563
0.8794700722
0.8765849666
0.8718927133
0.8547357263
0.8528351965
0.8573758549
0.8302176102
0.8536894865
0.8453134479
0.7976301946
0.831028354
0.764468499
0.7809853934
0.7325663261
0.7362736145
0.5996839376
0.702215097
0.6840059801
0.6593580522
0.5641535811
0.5558982677
0.5537651556
0.4906132778
0.5706423274
0.5024477971
0.4496145194
0.5206563614
0.418849852
0.4286446526
0.3906435719
0.3747834267
0.3555941053
0.2700918336
0.3067919439
0.2178201576
0.2303695909
0.2497007584
0.2184780163
0.1371767262
0.1667688139
0.1731762685
0.1573659954
0.1574911959
0.1384326515
0.1405087512
0.1495171156
0.1256414752
0.2638648423
0.7752148746
0.9695861226
0.9999996771
0.9951517957
0.9856288751
0.9907123431
0.976556496
0.9786592013
0.9733643238
0.9726623087
0.9739183505
0.9775852403
0.973606695
0.9718674401
0.9649019042
0.9655968703
0.9631124077
0.9658430148
0.9631641155
0.9639515168
0.9629013054
0.962620484
0.9612613591
0.9569810213
0.9628799244
0.9703167264
0.9449155781
0.8896434091
0.945529396
0.9674354236
0.9524480501
0.9537891012
0.9517374925
0.9478884639
0.9448155109
0.9392983584
0.9399018935
0.9505655658
0.9442077702
0.9460193649
0.9429798232
0.9350926063
0.9439652067
0.9318776881
0.9327791281
0.932741463
0.9270743401
0.9354101448
0.9253674862
0.9054900579
0.9170666243
0.9101987596
0.8926689721
0.8891843364
0.8946300659
0.8916198973
0.8748984143
0.8641738683
0.8608467903
0.8477952139
0.8465753671
0.8270631947
0.7946704975
0.7893285266
0.763916553
0.7601627327
0.7712680674
0.7624479051
0.7689099837
0.7174098305
0.8043620202
0.7406728993
0.7625180694
0.7855320966
0.7848218939
0.7347245434
0.7455451712
0.7593736053
0.6784715432
0.6911057685
0.6897863583
0.6402656166
0.7569650981
0.7365341881
0.6484447874
0.6695768868
0.6436402458
0.6672351334
0.6307658143
0.6051678669
0.6015105126
0.5590191369
0.6335912948
0.5271375986
0.5753492615
0.5825069394
0.527504501
0.5492307807
0.5226255346
0.5017865337
0.3928441031
0.4880196057
0.409210603
0.3516835626
0.3970952589
0.382331198
0.3739090345
0.3012385855
0.3012777576
0.2456496159
0.2102245094
0.191935563
0.1953098923
0.1820109521
0.1633945006
0.1485047156
0.1433298741
0.1425235696
0.1077431971
0.1471848827
0.2890475207
0.5037112467
0.5842726666
0.7218044956
0.8520850455
0.8622595362
0.9313638667
0.9408555281
0.9702009653
0.9431980314
0.9672288559
0.9634256326
0.9697877428
0.9888307264
0.9875252759
0.9781165918
0.9614531446
0.959965233
0.9530940642
0.9555560674
0.9541606922
0.9496832555
0.9301059066
0.9253888862
0.9338965356
0.9359985709
0.9372942695
0.9365011221
0.917244651
0.7965966855
0.9004016253
0.9313374997
0.9134667208
0.9322480174
0.9111791026
0.9070832328
0.8882969887
0.8725361276
0.878580531
0.8732774032
0.863922046
0.8753134672
0.8676181939
0.8436006246
0.8358802693
0.8403576116
0.7879992301
0.8152470882
0.7809113762
0.7741124713
0.7771408679
0.7690670624
0.7817080457
0.7800668305
0.8017258827
0.786355716
0.7805581488
0.7728500261
0.7622569036
0.7611040386
0.7562976284
0.7618958216
0.7112302159
0.7115829151
0.6989279947
0.7047480143
0.749848383
0.6068526086
0.6301747204
0.6580736185
0.576170206
0.5858993648
0.5191493597
0.655827201
0.5926837084
0.5434522439
0.6799456153
0.6254118531
0.6415146882
0.6270721259
0.6704540113
0.5691749212
0.6079038859
0.5806895002
0.5945085207
0.6045721852
0.6093688761
0.57736717
0.6225439344
0.5987331295
0.6512246745
0.6459253789
0.5498508539
0.5033414209
0.6186168528
0.6532011464
0.4364346211
0.5610613003
0.5144237396
0.6056236755
0.6234517935
0.4815087852
0.5164708494
0.5284856811
0.4684402063
0.414933123
0.364737451
0.3432297314
0.3171390319
0.3445974749
0.2765234099
0.2325444651
0.2626760361
0.2462723303
0.1676006349
0.1937072387
0.1798016685
0.1375796807
0.1234122094
0.1373006581
0.1510933942
0.2846252549
0.3398300118
0.2234165552
0.2949101905
0.4426466992
0.4641558135
0.5901641403
0.6620914037
0.7765855511
0.7330736175
0.770891857
0.7917054508
0.8055318888
0.818565191
0.8196975915
0.8213051817
0.86742724
0.8445478007
0.8666741792
0.8531979998
0.882121677
0.8509536528
0.8003428529
0.7973099621
0.8209197549
0.8423245187
0.7879561604
0.782129987
0.7569486045
0.7892581377
0.7719326509
0.671527742
0.7376251261
0.757321575
0.7847582677
0.7700098309
0.7637264296
0.7223792319
0.7381735588
0.7375633457
0.7563357369
0.7238982961
0.6392223758
0.7016444939
0.764881137
0.6621076108
0.7288474566
0.7465055718
0.6753815575
0.6960280682
0.6391264854
0.611838617
0.5844519506
0.6290087716
0.5970534508
0.6219036547
0.6412524047
0.5962325408
0.6329659735
0.6115322577
0.6140045721
0.6550472692
0.6316475195
0.5865285731
0.5698107809
0.6302878596
0.6495503642
0.6153626203
0.6726347926
0.5701425884
0.653156039
0.6102329679
0.5380194424
0.5025682072
0.5150776968
0.4815739257
0.4951711797
0.4904830547
0.4995843675
0.5263745794
0.5214251748
0.5296486006
0.6277002088
0.5496329832
0.4953284649
0.554244343
0.6249380679
0.5543891884
0.5769835019
0.5026442982
0.5821412411
0.5263701926
0.5645424002
0.6734473945
0.5393512251
0.5461259329
0.6133940284
0.6141359893
0.565206472
0.5256745422
0.4996532358
0.6029835524
0.6555356383
0.4753622598
0.5256275594
0.5279287655
0.4268349067
0.4153236835
0.4001570692
0.3538366815
0.3168952952
0.3149184665
0.2736552489
0.2449744786
0.2371648171
0.2134324347
0.1712421037
0.1384972813
0.1621976281
0.1549965269
0.1444793765
0.2638692049
0.344840972
0.1513664875
0.1360577461
0.3002092685
0.3428816199
0.3497177744
0.4048506586
0.4341551775
0.5502408902
0.5125990738
0.533526856
0.5415343701
0.5484488668
0.5399040865
0.5362576572
0.4980815678
0.6275114506
0.732770617
0.6849171171
0.6246763996
0.6177755004
0.6078891632
0.6128971948
0.5876723606
0.644397498
0.6217600281
0.6190876219
0.6623445044
0.4112438981
0.4085281439
0.5380969769
0.4085244321
0.5898922768
0.4615321477
0.5875889984
0.5592523832
0.5863096108
0.578416881
0.5874299007
0.5375496024
0.6223701487
0.5881415222
0.6160973919
0.5004016563
0.5545565417
0.552323582
0.61007892
0.5169816246
0.588553029
0.6220611989
0.4867368753
0.564355295
0.6256565658
0.5063316979
0.5385326461
0.4736529637
0.5070620449
0.4961196574
0.5019929595
0.5109418738
0.5112513331
0.5264459101
0.5090761839
0.6221888945
0.5169445027
0.5411858086
0.4991390201
0.5793658764
0.5622142745
0.4784697956
0.529589629
0.553325407
0.5954342928
0.5163283085
0.4856561744
0.5504406317
0.4064353158
0.4721085405
0.3356659143
0.4589808076
0.4538373105
0.4177989559
0.4486490379
0.4792184565
0.4437394622
0.4831656567
0.5426386309
0.5028565235
0.5415742346
0.471022527
0.5329027433
0.531416372
0.5271474862
0.5438305698
0.5365480434
0.491819839
0.5559999666
0.549680141
0.5193156596
0.5483149594
0.5002917313
0.5033630811
0.582166055
0.5774344237
0.6111584092
0.5715846477
0.6035247055
0.4629784234
0.3867538846
0.3737186992
0.3194287812
0.3502764228
0.2557605614
0.2169636001
0.2486370276
0.1888783477
0.1866511234
0.1655642297
0.1696456034
0.1580313579
0.2416599639
0.3383858838
0.1555434577
0.1087532181
0.1738879211
0.2679565486
0.2987973714
0.3266399242
0.3088469449
0.3943798614
0.4829948897
0.4263435372
0.3997216988
0.4343021338
0.4119080667
0.4010715464
0.4112026268
0.4227219337
0.5228796877
0.5690157196
0.5501705411
0.6309635241
0.4703321853
0.5326211425
0.4616587033
0.568397298
0.4737659467
0.4839198618
0.5725033923
0.5141648549
0.5079698324
0.4721813228
0.4741201529
0.4847100964
0.5760270542
0.4585705254
0.4618000533
0.5323799073
0.5354288469
0.4815190763
0.5341426447
0.5546289425
0.488993282
0.5258150213
0.516910813
0.4783872023
0.4177910428
0.404142231
0.5151930925
0.5213631542
0.3791991257
0.5489790589
0.4998489354
0.3898612788
0.4608244948
0.4812643276
0.5591240159
0.5790144324
0.4642576952
0.449983005
0.3870309224
0.489002069
0.442124961
0.3732576487
0.4461886297
0.4044760624
0.499498797
0.4915605491
0.4542180592
0.4466801764
0.5154367692
0.432341854
0.4734311976
0.5118488761
0.6046348482
0.5001654763
0.5217251719
0.5140268449
0.4967839045
0.4631831587
0.4066665453
0.4642363133
0.4544066152
0.4824368086
0.4714386679
0.4981330659
0.4630003503
0.418464543
0.4926349473
0.4678231135
0.5394685418
0.4471835543
0.5256889104
0.4804130808
0.4984449555
0.5547849722
0.5201513041
0.518602343
0.4967418789
0.5561592849
0.5168758595
0.5092220798
0.5201359609
0.5177374679
0.5065451729
0.5333106337
0.4938945843
0.5284186086
0.5784665669
0.5199114953
0.4701095755
0.4625331081
0.3571380835
0.3483747529
0.3585991326
0.3006493293
0.2229644033
0.1672500308
0.1728799176
0.1694371495
0.1342778028
0.2436872796
0.28714989
0.2006736155
0.1440116987
0.1274076406
0.2743562134
0.2539199245
0.3273410823
0.3108718946
0.3457265657
0.4124008046
0.4092387985
0.44314686
0.4481628875
0.4382812423
0.4263960352
0.317913235
0.3213334393
0.3769526723
0.409952603
0.461366276
0.4523401438
0.5001970742
0.5042245356
0.4844806811
0.5043163813
0.3759661214
0.4456045041
0.4422372378
0.4182680357
0.487851307
0.5617722544
0.4368733164
0.5218305827
0.382207785
0.4423623601
0.4472056107
0.446403796
0.4537032288
0.434757481
0.5391854117
0.4859746028
0.5154960177
0.4592660888
0.4360802514
0.5090954736
0.5318790393
0.3907455382
0.4034452171
0.4427173751
0.4736260436
0.4020781829
0.452365871
0.4426856584
0.443727674
0.3970478497
0.4246963594
0.4631890899
0.5912347712
0.4920238496
0.4308821934
0.4633127214
0.398322178
0.5438008148
0.5073436822
0.4375332836
0.363206315
0.4068240875
0.4833977366
0.506510466
0.4656486142
0.4591152817
0.429763027
0.3908369268
0.3729473513
0.4840781365
0.555690681
0.4486335704
0.5041753605
0.5303678407
0.5340228363
0.3787025336
0.3776470308
0.4440786693
0.4202028034
0.4122793154
0.4700329099
0.4050769857
0.557772046
0.4949855479
0.4739965057
0.4534679854
0.4915674437
0.4412490968
0.4262567173
0.5158812007
0.5220263856
0.4476784151
0.5415450076
0.5018972368
0.4789578381
0.5523000333
0.4605441755
0.5022614349
0.5748280793
0.5182938362
0.6017614674
0.5169135729
0.5187319233
0.6112739162
0.5783857192
0.4716412425
0.3416502348
0.4304405356
0.2640855407
0.3240264919
0.2746502241
0.2665628856
0.2190794236
0.1590507649
0.1645883299
0.290483229
0.3277234797
0.1772384277
0.1571999751
0.1482093042
0.2200187412
0.2511357596
0.2513214267
0.3103084374
0.2477015705
0.2778825857
0.357305264
0.3702731641
0.4470554536
0.4417420427
0.4367410677
0.5101223949
0.3175807964
0.2601358188
0.2912311867
0.3933493148
0.4379654784
0.4791215237
0.483702174
0.5575431174
0.5054581429
0.4361042836
0.430255805
0.4444404459
0.4320145393
0.3967276691
0.3954959042
0.4543100005
0.4965702601
0.5119338911
0.4095617295
0.4123580151
0.4054184647
0.4956007403
0.3638418601
0.4555666415
0.4126130629
0.4068992856
0.5045577572
0.4889492631
0.491429692
0.4395905147
0.5037031799
0.4363766307
0.363163276
0.421883598
0.4594944203
0.3907938749
0.3452149277
0.4012986135
0.4384670096
0.3673715459
0.4537641787
0.335077677
0.4402148247
0.5794271148
0.5610149955
0.3994228987
0.4248873795
0.3140634657
0.5075593136
0.4261115361
0.401047396
0.4503044521
0.4091760922
0.4413901031
0.4113626376
0.5066362195
0.4471631628
0.4191005103
0.4001694017
0.4420401605
0.3967909419
0.4744268882
0.5182775289
0.4264052441
0.550151562
0.4366299756
0.4043175945
0.3648727455
0.5024001562
0.3938049708
0.4608742378
0.342177589
0.3804098668
0.4622870041
0.5160207974
0.4148254292
0.4990687311
0.529249213
0.4786336744
0.3539155317
0.5802884826
0.4915475982
0.5014592301
0.5576415488
0.543179362
0.5291027544
0.5775884422
0.4565227339
0.4950756726
0.5507071203
0.5614862117
0.6007177061
0.5021848847
0.6280948496
0.5477778989
0.6202721128
0.4784877909
0.4048462448
0.3281303642
0.3221932916
0.2639245077
0.2405234175
0.2293912288
0.1826535804
0.2540147942
0.3121404203
0.1719093083
0.1810832783
0.1262169852
0.164683304
0.2671526229
0.2217996178
0.2288812632
0.3466999766
0.297746583
0.3144282271
0.35198927
0.4027362872
0.4359477855
0.4192635843
0.4291629112
0.4566880505
0.3550247805
0.2989636726
0.303302753
0.4029720722
0.4124534061
0.3723050472
0.435979535
0.4855260611
0.4786530551
0.4362713411
0.4667393389
0.4363561618
0.4379447466
0.4491894863
0.3922869332
0.4952995298
0.3911683028
0.4422903378
0.4060549313
0.3999701571
0.4398863122
0.5166045707
0.4661803384
0.3855479868
0.4785920928
0.472369001
0.4037363439
0.425175326
0.4440558716
0.4583962938
0.4392320413
0.3789767104
0.5390385989
0.3578226309
0.4467586571
0.4298789509
0.3909851266
0.4013351539
0.4218531103
0.383985681
0.3657322137
0.400775281
0.4089739246
0.4413460688
0.5317978144
0.5630639081
0.4536760145
0.4504731513
0.3927666319
0.4787089396
0.4185850722
0.3252970047
0.3015676591
0.365077178
0.4192288885
0.4253821435
0.4357894054
0.482978674
0.3631939736
0.4017012299
0.4088329167
0.3738387711
0.438336869
0.438999963
0.5008729714
0.4453275291
0.379629114
0.4405970869
0.4482886676
0.4435115925
0.4648416832
0.378245315
0.3481658261
0.4444198461
0.472471559
0.4857956005
0.3525929062
0.4299642756
0.4755880521
0.4070687743
0.4675711681
0.4356412123
0.3845033912
0.4781728062
0.4547998706
0.4910943622
0.5686810697
0.5246474915
0.5474842908
0.4195310667
0.5141327208
0.5584263644
0.5706674045
0.604928785
0.6054713381
0.5619014217
0.4537128201
0.4283111415
0.3809119419
0.3031278506
0.2755794461
0.2291658093
0.1851965123
0.348244738
0.3191461134
0.1578493224
0.1894712807
0.1789364034
0.1478585718
0.2160063501
0.2853422018
0.2160059691
0.2465827947
0.2843475232
0.3010083999
0.3101936341
0.3295847792
0.3730032953
0.3795392613
0.4440652108
0.4891861994
0.4522934686
0.4599883476
0.338514614
0.3327674866
0.445004523
0.3931142799
0.405926254
0.4280072951
0.5043640845
0.4370712867
0.4387470056
0.5331446409
0.4136430549
0.4476254499
0.442813313
0.4158717244
0.4283408506
0.5022410134
0.4415584671
0.4162850256
0.4114418386
0.3569989845
0.4533293243
0.4889094656
0.373434184
0.4176771208
0.4062145154
0.4436540658
0.417147789
0.4535196496
0.4083663965
0.4995573241
0.4090131941
0.4646756812
0.4440136483
0.4040595225
0.460690922
0.4096531443
0.4136404784
0.4093809257
0.428050501
0.4118624203
0.312789437
0.299595333
0.4733201004
0.4270946586
0.5246062116
0.4816947454
0.4733812654
0.4648296354
0.496039872
0.4491487275
0.4731334601
0.3930039402
0.3760632447
0.3103741685
0.4254439017
0.4124344162
0.4145925414
0.4202766953
0.3865877109
0.4554456516
0.3981208571
0.4600462032
0.4108017856
0.5213971832
0.4878670745
0.3648937882
0.3736485502
0.3256882368
0.3791851847
0.4541489725
0.4949663757
0.3924553781
0.369959824
0.4536072944
0.4144713867
0.4981131632
0.4095584882
0.4087795022
0.351851027
0.4482696248
0.5079248695
0.4271506038
0.4698113872
0.4527341514
0.4185334605
0.5290169553
0.5293109579
0.5104811186
0.56507455
0.4333955738
0.4802021581
0.5714222956
0.6636632201
0.6224678257
0.5956710596
0.5218111098
0.408344467
0.4461860499
0.3225431637
0.2769424986
0.214719899
0.3743215593
0.2800745003
0.1484644226
0.1545388663
0.2024945497
0.1875826316
0.1823826873
0.2399796847
0.2611910873
0.2388156482
0.3014511249
0.3091175962
0.3081292534
0.2751774996
0.4168578136
0.3437102176
0.4036996579
0.3689343728
0.4348404526
0.437547607
0.3864146408
0.2770691034
0.4035773853
0.3773364082
0.3782807267
0.3559672045
0.4101460508
0.5205984084
0.4252495049
0.5167903729
0.459151844
0.4241911912
0.4357503739
0.5163369523
0.3768302216
0.4942182369
0.478169616
0.4268591732
0.4526170336
0.3714543069
0.4740338562
0.3854499113
0.5011742309
0.4832153903
0.3706771448
0.3951335135
0.5010926066
0.4468836885
0.4089276363
0.3931007849
0.4430045273
0.4349435111
0.4536795681
0.4494096895
0.4323438933
0.3629324163
0.4292277357
0.3649124173
0.4565827576
0.4024340275
0.460992927
0.3911483221
0.341401216
0.4469959226
0.4513270083
0.3974692745
0.4925359534
0.4203158449
0.38208225
0.4483493517
0.4906935071
0.4641483545
0.4339962639
0.4290984702
0.3682629292
0.3170709275
0.4245433576
0.4015517417
0.3947628818
0.4020958946
0.3237985254
0.4197787052
0.4002530128
0.3434846623
0.4331490575
0.4676835909
0.4326017228
0.4552071233
0.4060467353
0.3737741126
0.303497936
0.4310598908
0.3827713346
0.4181614671
0.4247990074
0.4293819736
0.4113405099
0.4331918681
0.4779858955
0.3593291886
0.4009235071
0.4447498452
0.4630679294
0.4083749101
0.3399224657
0.4498745764
0.3952865579
0.5153538771
0.5032127468
0.5590821895
0.5789953751
0.5151324925
0.5147861028
0.5602037364
0.721456328
0.6807324202
0.4114612252
0.5054998817
0.3844925367
0.3849593828
0.2527527111
0.3286709048
0.2728019158
0.176801986
0.173671786
0.1850843615
0.2059177626
0.1893184412
0.2209079529
0.2209986181
0.2593680075
0.2548116801
0.3144980068
0.3101807614
0.2971037282
0.3166638937
0.3730647702
0.4179410223
0.4068139109
0.4275208911
0.4052817738
0.4112643764
0.3576061141
0.4372930519
0.3458179182
0.375893059
0.3789043842
0.3854929734
0.4548560253
0.4460946941
0.4438140183
0.391522663
0.4997201509
0.3963961104
0.4794152717
0.4991652521
0.394233977
0.4568902432
0.4577719968
0.4835808247
0.3903012618
0.4378950414
0.4318008638
0.4572761341
0.4725042814
0.3963716389
0.4202489768
0.3245894662
0.4487910845
0.4203193972
0.5520060954
0.3653306805
0.3992919858
0.3854915669
0.4270668583
0.5035982592
0.4648550366
0.4939688808
0.4182068437
0.4148562997
0.384497444
0.408305787
0.4457795853
0.3268744697
0.3659516012
0.3984233364
0.4267175527
0.4632268168
0.472126201
0.3858709596
0.4183683528
0.4258580588
0.4437411629
0.4705203978
0.4396858944
0.4062300363
0.4370451418
0.3735083844
0.3733577717
0.3926983178
0.415713431
0.460201489
0.4165621888
0.3568162048
0.4150635744
0.3310169936
0.4784830216
0.4095266756
0.3825307466
0.4455152419
0.3904867894
0.396094596
0.3199287655
0.3808159944
0.4106958064
0.3713901782
0.4468209735
0.4472196188
0.3764218173
0.3953112709
0.4261010239
0.4032841899
0.4079591942
0.30177336
0.4187743155
0.5506526769
0.3706903739
0.3272489552
0.4185738103
0.4672108095
0.4899270963
0.5364225365
0.4326139456
0.5498178992
0.4408683653
0.607011971
0.6646801378
0.6925227831
0.5807017125
0.4811834921
0.3834456572
0.2733521666
0.3654546159
0.2791397557
0.1761350862
0.1837285355
0.1689597308
0.1958464273
0.2279894383
0.2091807126
0.2209459745
0.2392547917
0.2860377055
0.2793186955
0.2501861809
0.3030056251
0.3175505058
0.323797021
0.3104251805
0.3861224655
0.4407908894
0.419074335
0.425621182
0.4000713756
0.3895444629
0.476021677
0.3947255981
0.344865329
0.3977909809
0.4240930444
0.4624598952
0.4438601823
0.4599012848
0.4714107788
0.4231612263
0.4434995073
0.4424016746
0.505868103
0.4511853235
0.3632063109
0.4802117427
0.4673566757
0.4549865623
0.3955480361
0.4188648093
0.4161805443
0.4240204735
0.4695463206
0.394871454
0.3868073
0.4317330734
0.3614711414
0.4299819446
0.5060056951
0.4535110961
0.4392556293
0.4007306442
0.3944639974
0.352661306
0.4061635848
0.43537524
0.4840756359
0.3717322966
0.400406397
0.4977614211
0.3592813713
0.4343338662
0.3840555429
0.4624959819
0.369194329
0.4814239096
0.3571605956
0.4290558187
0.3770991019
0.4573784428
0.4083882642
0.4058324415
0.4576943796
0.4616015248
0.344065346
0.3708527936
0.3899995965
0.3880778648
0.3972000764
0.4190000586
0.4170107339
0.4018535384
0.3287943252
0.4498720748
0.3700289019
0.3746363781
0.4072265422
0.4131415968
0.368647878
0.4273359853
0.3332104626
0.3656609883
0.2854545227
0.3677797621
0.417485573
0.4401047326
0.4424248643
0.3874387415
0.4349284379
0.3890058307
0.3755122379
0.3705119407
0.4119828151
0.4513981915
0.344792692
0.4140576912
0.4284424445
0.5046081437
0.5600452557
0.4963423238
0.5575305246
0.4510830483
0.5553002918
0.7405895515
0.7010039393
0.5101461292
0.5405259598
0.3909094651
0.4528995738
0.2966451168
0.1788629855
0.1947907677
0.2004639835
0.1993424473
0.1881653607
0.1964692001
0.2421386148
0.218682988
0.2328041496
0.2931821349
0.2397948675
0.3143526645
0.3331574079
0.3365223183
0.3397907923
0.3411154193
0.365428545
0.4473306854
0.4190892171
0.3985785363
0.3492626045
0.3500344317
0.4088882328
0.3944250689
0.4185420219
0.3764861861
0.4182151748
0.4168661444
0.4758139979
0.5143591125
0.402633792
0.4813739655
0.4270108856
0.3521396621
0.4746027663
0.5257272496
0.3992597289
0.454377398
0.4787824843
0.464125799
0.4490023034
0.4420818626
0.4267567451
0.4095104143
0.455522307
0.4358200775
0.4516500431
0.405218717
0.4444065655
0.4132893302
0.4030280372
0.4764144973
0.4397710746
0.4373859001
0.4834421689
0.4124180583
0.4125624584
0.3524088502
0.4487922491
0.3889537121
0.4780014862
0.42259635
0.4184223905
0.3033282891
0.4655236114
0.3690151569
0.448521641
0.3906143808
0.4012562191
0.4301937775
0.4230651313
0.4406937724
0.4085335876
0.4072996024
0.4211103963
0.4070397072
0.4457885545
0.3356326279
0.2914087037
0.4372733279
0.3949904335
0.4133629673
0.4630785727
0.4303904169
0.2920888463
0.4561323515
0.3606739865
0.3963466369
0.3894817444
0.3967296452
0.4388617419
0.3233171569
0.4406395968
0.2949734318
0.379888543
0.3976120409
0.3704246068
0.3627731255
0.3401356368
0.4312989285
0.3762090544
0.4505244214
0.2996019354
0.3734662202
0.485881004
0.4320713988
0.4237869594
0.3637310847
0.420363622
0.3520282711
0.4986804071
0.5324666608
0.5837796839
0.528818422
0.5432075831
0.5604302245
0.7855878645
0.6316447056
0.5236205015
0.433794861
0.2992203307
0.1680322372
0.1762854706
0.1866942186
0.1848444535
0.1662500849
0.20277575
0.2367736755
0.2263715503
0.2202626036
0.2827720767
0.315413733
0.2912120511
0.2901716373
0.2963935443
0.3053458324
0.3625167932
0.3491440597
0.3565444476
0.3821270241
0.4042658376
0.5025847608
0.3128180783
0.4027004884
0.5020666778
0.3890894375
0.3984226163
0.4437365751
0.4031714129
0.4003457993
0.4732929701
0.4295178291
0.4564720582
0.3961205281
0.5151446402
0.3862768652
0.4767445064
0.461399206
0.4462672634
0.3579967978
0.4506975672
0.4933794447
0.3869115085
0.3968642541
0.421857101
0.4137117726
0.371734188
0.3847728424
0.4583440595
0.4153518848
0.412757508
0.4498255756
0.4684814876
0.3434760851
0.3533125119
0.4311241043
0.4578643822
0.397141294
0.4441496642
0.4505053686
0.4204828938
0.4112214692
0.4288367297
0.4288897521
0.4246124353
0.3319794778
0.3306352952
0.4518998479
0.4548294948
0.5077828444
0.3727634587
0.4295351128
0.321598194
0.4627852174
0.4526770521
0.3744728703
0.4655367916
0.3931929022
0.4700460282
0.3886813084
0.3200856328
0.379037854
0.4388261865
0.3031683623
0.3736736269
0.4118776013
0.4335404609
0.4055039757
0.4285902724
0.4315337296
0.3385892796
0.3811018465
0.3220174638
0.3067274074
0.4210309467
0.3731972523
0.2788149881
0.3898894654
0.3868775626
0.4233199701
0.2957964649
0.4207888825
0.3738704674
0.4278191698
0.3968405284
0.2930490545
0.4410834497
0.4106916073
0.3974239134
0.3223805352
0.3978235135
0.4641877457
0.3699356398
0.4330813262
0.5244647525
0.6093389665
0.7295526657
0.6747985451
0.7149409581
0.6285903552
0.5860853987
0.3172068425
0.1786385296
0.1776778609
0.2002303473
0.1901026471
0.1918223293
0.1916079754
0.2253430568
0.2050808426
0.2396862934
0.2681972155
0.2594575021
0.3057627764
0.305780825
0.2913018673
0.2863781572
0.3610057041
0.3735044529
0.351489112
0.3933518716
0.3253295583
0.4700559266
0.4517712894
0.3413432882
0.4400870671
0.4360811474
0.4024141497
0.3629965915
0.4876264723
0.398153733
0.3967554677
0.4546532719
0.5132297485
0.4661963771
0.3843852676
0.4419693896
0.4604314175
0.4427634718
0.4864844955
0.4694166086
0.4330404543
0.3428990013
0.4404717694
0.4272248754
0.5097434932
0.3790614339
0.4852201376
0.4072413758
0.3997941869
0.4590585211
0.4682934051
0.399987281
0.4312394553
0.4252601545
0.4337634253
0.4450514779
0.4204103478
0.4356813266
0.4434709758
0.3915633066
0.4278106905
0.4408945489
0.4134013185
0.3372942415
0.3955490354
0.457786805
0.3818708186
0.4782463888
0.3685079643
0.4296054922
0.4125377223
0.3800484296
0.3820901546
0.348217884
0.4105071995
0.4623278766
0.3709229431
0.4284276135
0.3960890606
0.4427139528
0.3720149022
0.3187690412
0.3824870903
0.4140933431
0.422128281
0.3468785967
0.3348331005
0.4031001166
0.4177558529
0.3157793439
0.4145347302
0.3507079516
0.4134628227
0.4426810314
0.4014307822
0.3714950694
0.3598099241
0.3305348842
0.2956427006
0.3747477353
0.3727391517
0.3607126037
0.3974145844
0.391019898
0.4263049679
0.4345086708
0.3674602603
0.4279493031
0.43419915
0.4029410104
0.3128802688
0.4295884885
0.4378341022
0.5468026959
0.3461493405
0.4932039112
0.5006208128
0.6909452652
0.6719518258
0.8319707144
0.7281582093
0.2938025029
0.1491646888
0.1876127575
0.2005472294
0.2087117402
0.2174789091
0.1578212739
0.1951477543
0.239326379
0.2692213583
0.2394412596
0.2487467987
0.2975792574
0.2952892514
0.2937567041
0.3184844418
0.3330012206
0.2999081048
0.3787202964
0.3338510741
0.3985022886
0.3894415159
0.3870644999
0.4399820789
0.4047353191
0.3509675532
0.5153815182
0.4426274292
0.3398170921
0.451930421
0.3864145965
0.4323915741
0.4214501148
0.4718897411
0.4672449681
0.4220867837
0.4701824502
0.381090596
0.4476341279
0.4310244317
0.4649815846
0.4153218721
0.3936614593
0.4703347451
0.4412959833
0.3545240468
0.4231596297
0.4748589411
0.369456536
0.440745287
0.4640102025
0.4151087899
0.3667017426
0.4686758767
0.4490975051
0.4208882986
0.4102586028
0.454040141
0.3864693302
0.4354531186
0.4556662289
0.3234032906
0.4511194221
0.4759129351
0.4496356502
0.403589079
0.4531754545
0.3912829254
0.3204281372
0.4243296697
0.4240797173
0.4804776103
0.4219135952
0.4512639921
0.423042095
0.3907817522
0.3622087544
0.4354762148
0.3800429161
0.4038466228
0.4904111313
0.3865516106
0.2949002466
0.3388099656
0.3631537199
0.4269039577
0.4128878666
0.3880426061
0.4127983368
0.3640916848
0.4125284735
0.4102941854
0.4047825736
0.3825413277
0.3204550768
0.2902069709
0.3857736061
0.2975278579
0.3647223081
0.3710596541
0.3694481793
0.4119427502
0.3722805179
0.3762824966
0.3920195334
0.4229196612
0.3625649137
0.3760643842
0.3575295337
0.4245227187
0.3978916451
0.3752927895
0.3637891698
0.3869450108
0.4690597576
0.4247684122
0.4647304363
0.6525253062
0.6694353809
0.8530785508
0.8091063665
0.3232612466
0.1594467376
0.1879238278
0.1673103613
0.1991373292
0.2159463917
0.2184782246
0.1974621427
0.2369963024
0.2001792238
0.2255342303
0.2901547981
0.2443631138
0.2718908502
0.3486876911
0.3239947379
0.3160096439
0.3091158158
0.3435464036
0.3479179574
0.4413601409
0.4100574105
0.4188519425
0.4881178988
0.3711991345
0.4192298286
0.3789043046
0.4180413875
0.4123827593
0.4031374201
0.4929833772
0.493102153
0.43820106
0.42025772
0.4744710676
0.4729366436
0.3966458906
0.4215583275
0.4566674645
0.4206211287
0.4569555079
0.4446447136
0.3779130699
0.4157519266
0.4118824921
0.4191634925
0.4939928284
0.4009078325
0.5204684162
0.3837484355
0.3351620671
0.4556775835
0.4153387929
0.415720733
0.3871493144
0.4449169881
0.4077192245
0.3309447907
0.4301326494
0.4527879836
0.4043425252
0.4551862872
0.3952923282
0.4209281746
0.4246477726
0.4053772707
0.3898160196
0.3782154223
0.4106311063
0.3748475433
0.4239551667
0.3809283265
0.4853043958
0.393771928
0.3409916739
0.3382937361
0.3880235499
0.4691234746
0.4189663184
0.3984423201
0.3312168552
0.3935735952
0.4293130515
0.3622147663
0.4221576555
0.3311727105
0.4348072023
0.2791708382
0.3796224428
0.4718768367
0.4253627536
0.346789485
0.3345452266
0.3734040044
0.3525870857
0.3852035957
0.3416355588
0.3940577874
0.3673442395
0.3890948842
0.3232633701
0.3386360001
0.3938449341
0.3840872607
0.4205275435
0.4009465326
0.4350060385
0.3658909918
0.3779629707
0.4321462769
0.3924906024
0.4362032539
0.369651667
0.4343389275
0.4039240867
0.4939537055
0.459851136
0.380859648
0.6173189191
0.845343913
0.8207649269
0.2663972201
0.1537260049
0.1879624889
0.1652851253
0.1976168913
0.2181579019
0.2189272766
0.230673422
0.2010714068
0.2283771545
0.2424027307
0.2598716998
0.2623925328
0.2643416105
0.2803849415
0.3329570921
0.352017838
0.3497324898
0.3645831067
0.4032084615
0.3587294466
0.3986821289
0.3783064198
0.3869406268
0.4104450151
0.4366261097
0.3655624803
0.3642113901
0.4418024713
0.4804827666
0.4099387904
0.407741073
0.437660629
0.450519729
0.4390659661
0.4670054416
0.4655011291
0.4171843478
0.4314133681
0.3611432997
0.4542519194
0.3356412932
0.4686345772
0.4322832669
0.4141454435
0.4240130303
0.4593190047
0.4632424467
0.4437521371
0.4145172102
0.4315120632
0.4410304254
0.3634011147
0.4535408202
0.4608121791
0.3779012255
0.4690159106
0.4397761285
0.4656602802
0.4050511694
0.4041665542
0.4017710266
0.4230101273
0.4187313566
0.4070756415
0.4571409208
0.3757622556
0.4166085544
0.4372983424
0.4565836885
0.3710038245
0.4409482406
0.4252910707
0.3718156534
0.4895237874
0.4290310265
0.356228303
0.4427359583
0.3062887433
0.4454937212
0.4003393129
0.3519179899
0.4088241578
0.3940013456
0.4046121234
0.373097142
0.3966534541
0.3839440763
0.4672875478
0.3043197523
0.3122687474
0.4380328598
0.4376591799
0.3510489487
0.3450602668
0.3497357067
0.3806610061
0.3734085796
0.3872546575
0.2746622915
0.4002786537
0.3635824152
0.3365137617
0.4289114833
0.3817569716
0.3585025495
0.3749325796
0.4109755451
0.4127430512
0.3809081081
0.3740623792
0.4226492383
0.3778068786
0.3554207283
0.4059566523
0.4221746998
0.4479222671
0.5642353488
0.5782270414
0.8224167291
0.8095791583
0.3017006239
0.1627293466
0.1854154045
0.1819543544
0.205408513
0.1700278943
0.202593225
0.2250020769
0.2230413567
0.1887240466
0.2757360223
0.2708775643
0.2447281487
0.309831987
0.3182298805
0.3052198815
0.3396362722
0.2936641002
0.34693586
0.3928619116
0.3454502107
0.4180710817
0.3990199042
0.4842005592
0.3803782542
0.4166596805
0.4290425659
0.5236974338
0.4148811596
0.4319732633
0.355648026
0.4251798105
0.4978924795
0.4900400547
0.4233526361
0.48565296
0.3953723818
0.4342999463
0.4341548027
0.370669725
0.4448958213
0.425535801
0.5122047257
0.4499639357
0.3912647936
0.429868603
0.4845995312
0.4040129621
0.4496711154
0.4265213289
0.4220003257
0.3787880108
0.4811635398
0.3869884832
0.4098058848
0.4443465075
0.3523582229
0.4567365104
0.4819225813
0.3455452118
0.374134703
0.4505306016
0.4727997636
0.3380509784
0.411808259
0.376149148
0.4672747656
0.4150755862
0.4109724805
0.4146111445
0.4133776021
0.4058087241
0.3521841785
0.4148419293
0.3818802781
0.390603439
0.4278636537
0.3846543783
0.3349285971
0.376728803
0.4155014775
0.4384684145
0.3569102799
0.3693787479
0.3049285192
0.3768136093
0.4174525769
0.4157644812
0.3663541586
0.3861369307
0.3321814015
0.4210448623
0.3514391812
0.3745098788
0.334989543
0.412645208
0.4030580274
0.3108521867
0.3953647723
0.3488456043
0.3880594578
0.3855111455
0.3984007643
0.4230521885
0.3841222745
0.3631453183
0.394760544
0.3938527437
0.4186151197
0.3440187218
0.4241010776
0.3491565815
0.4820806877
0.3891694738
0.3965009618
0.4373823209
0.4732381253
0.5377120083
0.542713514
0.8070883183
0.8512572358
0.3045723407
0.1750668458
0.1815502796
0.1719289417
0.1951247478
0.1916330435
0.1933007726
0.2281706698
0.2422536175
0.2180696648
0.2175273705
0.2438821207
0.2775367525
0.2866326831
0.2584763965
0.3467386699
0.3687418969
0.3525542592
0.3836426049
0.2939128298
0.3946570033
0.35812824
0.4568760395
0.3743203985
0.3899150911
0.4247543203
0.4298977853
0.3828141208
0.3496622743
0.4400162829
0.5092415089
0.4398650824
0.4750652037
0.4333996533
0.4537621383
0.3932579799
0.4530322147
0.3857072621
0.3793849907
0.4572818589
0.4549241326
0.3430730523
0.4453370065
0.3863714217
0.4118064622
0.4791546167
0.4360036836
0.3646680931
0.4671752594
0.4328871642
0.4333593279
0.4520059266
0.3686759134
0.4687155447
0.4127440367
0.4132230116
0.4881707244
0.3952704995
0.3692857469
0.433070718
0.4519965613
0.3836329497
0.3844652795
0.4169100739
0.4467857888
0.4181317813
0.4027228976
0.4197269671
0.4403171356
0.4063506798
0.4299412123
0.4282215293
0.3534013369
0.4318612898
0.4018335153
0.4315630584
0.4117390534
0.3830526147
0.3289924307
0.4651504125
0.4277043047
0.3658572955
0.3953855996
0.40467505
0.4111778271
0.3643446325
0.3879168804
0.4015537679
0.3559818613
0.3830221374
0.4085386899
0.3667731981
0.3322579472
0.4382017435
0.3656350671
0.3634784532
0.3641153383
0.3866361947
0.3491028243
0.3865861043
0.326047144
0.4318736985
0.3777604188
0.3054484582
0.4024421805
0.3781128107
0.3927353502
0.3596878538
0.4024319638
0.3574562843
0.4454906423
0.3862678753
0.3764498354
0.4250955952
0.4894463656
0.4369195084
0.4625928917
0.5781073198
0.6423096768
0.8378203892
0.8618889152
0.3137503062
0.1576897698
0.18198072
0.1774806568
0.1794373011
0.2114975868
0.1885096042
0.2277902288
0.2346740504
0.2359328432
0.2698167277
0.2634227431
0.328541842
0.2263034686
0.3457890351
0.3200628604
0.3037739478
0.3395025444
0.3948934056
0.3890841382
0.4047283244
0.4035158164
0.4038435708
0.421323707
0.4003206972
0.5449261759
0.3783092718
0.4771456682
0.4229351573
0.421259675
0.4899196695
0.4593544495
0.3777947658
0.4438715266
0.4469716415
0.438884796
0.4388424856
0.4499734515
0.4052945752
0.428439459
0.4007646335
0.4105699065
0.4170318139
0.4318783136
0.4885747522
0.4658431631
0.4459409557
0.4343372961
0.3999965887
0.4472187875
0.4124559805
0.4828980921
0.4110483101
0.3931272144
0.443530156
0.4670090724
0.3897994122
0.4151054163
0.3348215677
0.4371363907
0.4553512909
0.3494561942
0.4285394657
0.4188280832
0.4210472483
0.3976091525
0.3987063239
0.4608274667
0.4254570377
0.3578356427
0.4167268782
0.3614778032
0.3807370741
0.3580529843
0.4435756089
0.4054866847
0.3849661064
0.4089798837
0.4545695964
0.3494115913
0.3658963812
0.3508993562
0.3999944274
0.4051507125
0.4186872453
0.4113616455
0.3592772912
0.3446395916
0.4057365013
0.4045323622
0.401618263
0.3666483995
0.3420161476
0.3509663524
0.4078994229
0.4445133635
0.3991651711
0.3560910931
0.3641967881
0.4157978209
0.4282575422
0.4327099658
0.3592450184
0.4277139386
0.3073140443
0.4046111358
0.3883494805
0.3968394238
0.3708690084
0.4351654462
0.4511184173
0.3875915517
0.4505314087
0.4207128751
0.4986892448
0.4317362869
0.5948653948
0.68965223
0.6910860246
0.7358486498
0.7738675456
0.3271369974
0.1524239389
0.1814106076
0.1961316741
0.1687131786
0.1976710518
0.1609721464
0.2097351939
0.2059054982
0.2519575015
0.2740102831
0.2888400596
0.2154916695
0.3526434939
0.2483961518
0.3081407181
0.3617847412
0.3688417298
0.3891154431
0.4128817426
0.3865265657
0.4024342871
0.408592718
0.3813114394
0.4589070279
0.3952400888
0.3835150484
0.402973129
0.4864174201
0.463460557
0.4360898039
0.4626282557
0.4319550515
0.4091929037
0.4319527539
0.486791019
0.3822238303
0.3764457004
0.440473903
0.4570137343
0.4007226822
0.5168634701
0.4149433498
0.3784137806
0.4255076065
0.4144750767
0.3912531167
0.4786692831
0.3971698322
0.4419124977
0.4120212713
0.442389416
0.3891967163
0.423049612
0.4856607171
0.3876583201
0.405107548
0.4017674748
0.4288033165
0.3805122821
0.4377285695
0.4483710933
0.3601596639
0.4825275685
0.3777563705
0.4163949667
0.4305230258
0.4288920358
0.4139135121
0.426397246
0.4184672057
0.3785588545
0.4736313659
0.4135673573
0.4012439299
0.3745654485
0.4412246183
0.4008387469
0.411451886
0.4440945803
0.2983881875
0.3655235479
0.4121105091
0.3786664547
0.4021023845
0.4031936351
0.3488951935
0.4358668609
0.4102599286
0.2863853203
0.3775705227
0.3682812645
0.4316238804
0.389100685
0.4097600831
0.3515643643
0.3765471412
0.3917671998
0.3796728892
0.4114062706
0.3379082233
0.2914168395
0.3416909753
0.4187421445
0.39692017
0.4077397737
0.3226675047
0.4450360589
0.4249295079
0.3869072184
0.3637840206
0.4154259163
0.3985479653
0.5150509397
0.48023045
0.574182987
0.6316677775
0.6477292899
0.6799535155
0.685792856
0.6069613288
0.2482630998
0.1454369664
0.1702482589
0.1894986912
0.1753101609
0.1824872046
0.2070319789
0.2103989955
0.2262324031
0.296188964
0.2553243354
0.3042855213
0.2445460515
0.3117501475
0.3154810149
0.3487306853
0.3431871104
0.3877940087
0.4349850445
0.3239243439
0.4430968498
0.425628967
0.3228215087
0.4010594571
0.4432730038
0.4510208117
0.4463533516
0.5367110285
0.4486154377
0.5278967289
0.426905758
0.4031864321
0.4563021789
0.4399926227
0.3956833886
0.414193075
0.4293165381
0.4853397251
0.439486347
0.4285246848
0.4390715437
0.4033733074
0.3861249263
0.4810793525
0.4162371171
0.4375325058
0.3636062959
0.4297542385
0.4167050817
0.4019874738
0.4396892495
0.4333811264
0.4209788575
0.4778147127
0.4193331527
0.3927235178
0.4368956083
0.4443594107
0.4477442413
0.3418465951
0.4116590428
0.3889238867
0.4127631456
0.4347672997
0.3880790079
0.3865563368
0.4521472306
0.3942784593
0.4048476137
0.3750890489
0.4139783432
0.3245617164
0.4140003838
0.4128371036
0.3597094134
0.3419871303
0.4337187436
0.388779552
0.3755838535
0.3680443246
0.3866055719
0.4405322797
0.462179523
0.4319150232
0.399436978
0.4179627311
0.3528018362
0.3836459938
0.3985331933
0.3669542737
0.4214018894
0.3838646158
0.4014114889
0.3376575719
0.3942531748
0.3735396493
0.4105056603
0.3565320258
0.4346500183
0.4116171076
0.3909771674
0.4055086133
0.4661523315
0.3967011208
0.3764958942
0.434238205
0.3698720099
0.4250690387
0.3874130901
0.4894863921
0.3938736824
0.4825979699
0.520307568
0.5124571108
0.5838699604
0.629662402
0.6838985577
0.6297330162
0.6104347562
0.5105251749
0.4961104975
0.278210135
0.1528898087
0.1772197301
0.1882449943
0.1738684191
0.1809012901
0.2139635649
0.2353084344
0.2071076782
0.2390767477
0.2665209186
0.2099378419
0.2943064392
0.3858621051
0.267705116
0.4118579601
0.3448888709
0.3579423418
0.4247991393
0.3463824967
0.4067324707
0.4092522747
0.3854788771
0.452413646
0.4893426634
0.4472285247
0.4365961933
0.5114896275
0.4534221892
0.4565177171
0.3605000288
0.3978616599
0.4406885056
0.4359867278
0.4727251997
0.4406735127
0.4152577416
0.4347531481
0.463576235
0.4483700064
0.3389766085
0.4417753754
0.5475823581
0.4569369592
0.4452373552
0.4436162501
0.3948906891
0.3935477342
0.4308472061
0.4203618456
0.4254124078
0.4582960795
0.4598880085
0.4313529415
0.4333375085
0.3561713403
0.4115509206
0.3748659264
0.4213716963
0.4616140176
0.3815301586
0.435799941
0.3766343301
0.4220257203
0.4047689917
0.416989146
0.4339833091
0.3946360309
0.372769197
0.4361305525
0.3663931297
0.4878936135
0.4592555916
0.3857754685
0.3842834192
0.4106902932
0.4254292425
0.4395113744
0.3732695209
0.4072590871
0.4352946479
0.4829206692
0.289895666
0.3441183426
0.341659667
0.4131199835
0.4296520071
0.3400274374
0.403833613
0.3955389689
0.4521945396
0.3032231119
0.4462034672
0.4546924202
0.3944295935
0.3823699056
0.4277168972
0.3430498665
0.4388225856
0.37821954
0.428766434
0.3678661818
0.3724600788
0.3748585036
0.3679836845
0.3920759582
0.4251512158
0.5064147589
0.4341095747
0.4248761073
0.5166682266
0.5103487431
0.4796745295
0.5862366115
0.6231875001
0.5715560816
0.5915405428
0.5684662236
0.5580539498
0.4105693403
0.4419966643
0.2703721712
0.1519888734
0.1722146488
0.1671348403
0.1989360773
0.1880038768
0.1811065061
0.2159322952
0.2266926279
0.2696709735
0.2778171584
0.3058038666
0.3734686198
0.3493785322
0.3464529998
0.4021024368
0.3639478497
0.3726438592
0.3730403138
0.4506719678
0.389755614
0.4447417809
0.4072685302
0.4703785344
0.4321388841
0.3919552117
0.5173239076
0.3999658073
0.4863913251
0.4240005344
0.4391423506
0.4549017902
0.4793630235
0.4350469193
0.4074848584
0.3561864393
0.455696482
0.4108333109
0.5125519554
0.3335151808
0.468159444
0.5153977358
0.375369311
0.4784946728
0.4151631751
0.4175455625
0.422073743
0.4019979612
0.3940146615
0.415327487
0.3827002951
0.4627595667
0.4030388444
0.3934610927
0.4296015608
0.4385241483
0.4390464347
0.4804412361
0.4092312194
0.4800421935
0.4720375186
0.3482733123
0.420971753
0.4168226175
0.3909791576
0.4029471226
0.4109774973
0.3342050856
0.4394748648
0.4153508858
0.371193113
0.4796963862
0.3332832646
0.3574933714
0.4463695956
0.3721182581
0.3924895716
0.329114484
0.389154499
0.4339218498
0.4024577774
0.4165466514
0.3688679749
0.4821019503
0.4835979269
0.3971221855
0.3741792269
0.385564713
0.407697092
0.4045612784
0.434687132
0.3877931987
0.4225508739
0.3634699877
0.3875703304
0.320408462
0.4489742484
0.3943075144
0.4641652417
0.405837497
0.4392685285
0.4720471259
0.4588899809
0.3926625616
0.5028032027
0.5055656946
0.471140434
0.3652360442
0.4131902007
0.518395147
0.5143218934
0.4783192479
0.6332798837
0.6054607706
0.5446093009
0.5999226487
0.5974929835
0.5540258237
0.4283162534
0.2634914944
0.4846420947
0.2909010129
0.145641787
0.1741988664
0.166144408
0.1690658058
0.1889271251
0.1869409006
0.1922885989
0.2857005173
0.2786419461
0.2606259652
0.333588415
0.3051072733
0.3696419182
0.3661163976
0.4060550975
0.3767356054
0.3580628902
0.3781042256
0.384546332
0.4230584853
0.4017978628
0.4540920351
0.5349497829
0.436523363
0.4605842816
0.4769525325
0.4814119092
0.4859078921
0.4325040163
0.4098557462
0.4404731367
0.409580465
0.3584137347
0.3598093893
0.5453015858
0.4368385462
0.4749701767
0.4057281432
0.4240862872
0.520688496
0.50403033
0.4247432117
0.4304087145
0.4753226896
0.3527857342
0.4154867278
0.4313164519
0.3804224954
0.4095901389
0.4685564505
0.4096883443
0.4713854877
0.36613342
0.4777086361
0.3291293841
0.5187319694
0.4181049207
0.4372086664
0.4100412192
0.3463281538
0.4218092005
0.3752631633
0.421716261
0.3621228478
0.3606466984
0.4295029231
0.3932204577
0.412006926
0.4134118874
0.4149861843
0.3690418685
0.3911273562
0.4651365632
0.4333951112
0.3686107038
0.3882471066
0.4537124824
0.4407487344
0.4292783783
0.4496970155
0.3665519116
0.411498843
0.4814029071
0.3260517862
0.4283836686
0.3666786718
0.3696359699
0.4292228411
0.4236691169
0.4245665495
0.3864329909
0.4138573971
0.424541141
0.3937912978
0.4691331127
0.4048216543
0.4533509089
0.4721867839
0.4086643759
0.5106801157
0.4061188165
0.421864642
0.4229569489
0.4627586889
0.3529024337
0.4189942207
0.4895993784
0.5538574766
0.5451635949
0.5657176593
0.598810796
0.5643143612
0.5497292336
0.5229132263
0.5880771894
0.4651957653
0.3925544155
0.3062419553
0.2728995266
0.3783692977
0.2932415897
0.1332341508
0.1641359977
0.1743603802
0.1796272454
0.1675476513
0.2044796276
0.2331665989
0.2960633546
0.2917858394
0.291470308
0.3229539976
0.4230041618
0.3554485038
0.3144503417
0.3957096577
0.3959202708
0.3944179898
0.3990722477
0.4702703182
0.4640278195
0.4926628681
0.5254409496
0.4359108927
0.4447408144
0.4124390973
0.4398758065
0.4025554693
0.3233721824
0.3986489305
0.4412581983
0.4104329872
0.4087685898
0.4351181838
0.4524976335
0.4273624892
0.4437942633
0.4302820608
0.4591602746
0.4785304053
0.5352798214
0.3825160376
0.3923613568
0.3256158267
0.3767063834
0.4163800193
0.4481675851
0.4878057822
0.4133148759
0.4026556761
0.4055176379
0.4115892298
0.410708613
0.4612183131
0.4126512629
0.4994336605
0.4283608345
0.4466610496
0.3953626765
0.3930857255
0.4351180375
0.4552257917
0.3659850866
0.3908030661
0.4269352104
0.388565895
0.4423458712
0.3909872587
0.4271388232
0.4818207189
0.3860411938
0.41104176
0.4158995347
0.4249299624
0.4182891689
0.349667372
0.4253627388
0.3558940925
0.4199793261
0.439139934
0.3841581015
0.4990992582
0.4385367219
0.4639091102
0.4443213947
0.3419654593
0.4558650498
0.3916075633
0.3548744631
0.5091836106
0.399640989
0.463681063
0.3923964585
0.3751574978
0.4526431604
0.4405603882
0.4557650245
0.4991528474
0.4732220838
0.4863300716
0.4219347285
0.4445993756
0.456881812
0.4817427806
0.4970760923
0.4983397704
0.5552471888
0.5467650518
0.5016328203
0.6012691543
0.5089148281
0.5404327136
0.5894846778
0.4661864762
0.5824342689
0.4639307876
0.401710396
0.3654282718
0.2868576335
0.2214174489
0.3512035317
0.3209905587
0.1567945482
0.1516269634
0.1742092337
0.1618377655
0.2001684734
0.2238631007
0.3261697522
0.2769137594
0.2900977709
0.3275012831
0.3835821901
0.3377913677
0.3023290837
0.4433236379
0.4005114327
0.3909726738
0.4295517568
0.4168427656
0.4544610815
0.4788099625
0.4243973621
0.4978611108
0.4079718274
0.4215362756
0.4218370481
0.4913032292
0.385152488
0.4037135822
0.4051684013
0.5278328037
0.4759675584
0.3909712032
0.5211124639
0.4613251744
0.4340102916
0.4247404528
0.5210123055
0.4129600787
0.5130883946
0.4605266468
0.3171737518
0.3539488839
0.4593431418
0.4326872844
0.4529781473
0.5244597173
0.3721209622
0.4339415218
0.3924760576
0.4789260452
0.3755833389
0.3758015678
0.413399567
0.4553976715
0.3830490539
0.4323356098
0.414167457
0.4028275774
0.4466433394
0.3885346223
0.4397764274
0.3810738449
0.3764809843
0.3776044635
0.5087504104
0.4165386081
0.3959624353
0.4079122641
0.3773502647
0.3911700806
0.4362246556
0.3447053403
0.4737146115
0.3388214622
0.4583977442
0.4614268879
0.3754784587
0.4389062043
0.4970089391
0.4430705533
0.4408455578
0.4137051789
0.5032947839
0.3809302467
0.440057913
0.440967723
0.4230419295
0.4139281007
0.4308796439
0.3868027619
0.3776020925
0.4796037003
0.5094136055
0.4973178377
0.5209101105
0.5085103977
0.4570690295
0.471147713
0.4641356014
0.5040297006
0.4856462232
0.4717404408
0.4753828978
0.4698470316
0.4519660934
0.4747750332
0.5149652334
0.5808467266
0.5352374668
0.5191803898
0.6154575024
0.5038904579
0.5073910399
0.4297568113
0.426034228
0.3121201064
0.2337951235
0.2249920612
0.1992541255
0.3294798756
0.340503289
0.1439864469
0.1518009766
0.1429771976
0.1978736372
0.2265930994
0.2426417283
0.2901642573
0.2887892261
0.3280019454
0.3725582706
0.4380294084
0.3271284821
0.3692459878
0.4082792763
0.3818538007
0.4411060708
0.4461400316
0.5120774016
0.5294727507
0.4471593462
0.5116700552
0.5026045575
0.4265726795
0.4671177606
0.4824898425
0.4059253257
0.4383829447
0.4563650268
0.4153493137
0.4241873218
0.4172146356
0.4641079411
0.4448607305
0.4383003708
0.393128134
0.4281570171
0.4717509608
0.4658768387
0.5120888875
0.334541649
0.4388062237
0.3771196076
0.4647622134
0.3478653428
0.4649589523
0.3600716191
0.37453725
0.4716296932
0.4350219583
0.4634752958
0.3748293947
0.4083441838
0.4578897925
0.476958556
0.4631251505
0.423634488
0.413866224
0.4432497576
0.4738963828
0.4452352531
0.4145407956
0.3893169834
0.3745663769
0.4872370922
0.4028276087
0.3960185072
0.3955814744
0.3758921888
0.354487881
0.485505943
0.4155526028
0.4314041865
0.4073009064
0.4553725725
0.4406121658
0.397295224
0.4432500153
0.4580192813
0.5138453246
0.4464363974
0.4487711346
0.5342939537
0.3727863026
0.3468036518
0.3965039738
0.4449337899
0.4870418716
0.5430746919
0.4123256665
0.4030774885
0.5130486993
0.4848344125
0.4991590949
0.4763496713
0.5138047519
0.4793179421
0.4381106721
0.5412007611
0.482339582
0.512352222
0.4343542317
0.4685767206
0.5413392649
0.4913631161
0.5431527183
0.5841584232
0.624753766
0.5272971284
0.5808800146
0.5115219679
0.5334338145
0.3854488121
0.4414481162
0.4138296426
0.3012013327
0.2570139874
0.2381703523
0.2055883667
0.1621705378
0.2633685234
0.2975724752
0.1421461803
0.1583659964
0.1470856134
0.1574567895
0.2366460104
0.3268929179
0.2802118253
0.3486769375
0.3617975058
0.3300558312
0.4006544842
0.419481669
0.3964502504
0.3808872782
0.5331352105
0.4929271948
0.486527769
0.5267276439
0.4386581901
0.4533986504
0.4936067453
0.3979993782
0.5507079838
0.3026963191
0.3661068704
0.5180525103
0.4263490457
0.496176471
0.4497596947
0.4213640206
0.4435060778
0.483215255
0.5444012413
0.4002405624
0.4671379454
0.4255219133
0.4875401477
0.3923160646
0.3694567172
0.3909108943
0.3780157541
0.4042819541
0.4852714634
0.4588956299
0.4498866649
0.4933356825
0.5179750351
0.5033969669
0.4634790419
0.4463253161
0.4782941487
0.3895931839
0.4333022463
0.3832344846
0.3951811686
0.4943129477
0.427560096
0.422686816
0.490297076
0.3941376898
0.4853074832
0.4538922578
0.4211993366
0.4020595565
0.4513903292
0.4277005008
0.4985226276
0.4641927956
0.3988853625
0.3964659911
0.4547241032
0.4359772459
0.4894845437
0.5325735049
0.477599245
0.5927964822
0.4656739659
0.5660768732
0.4819660927
0.3898912689
0.4301699257
0.3698785814
0.3719189945
0.4854834227
0.5648540789
0.5348707484
0.5081223175
0.4470706182
0.3527855652
0.5211918945
0.5397217746
0.5406553628
0.4643207126
0.5056023724
0.4737508444
0.4977945065
0.549843908
0.4701809559
0.5134079441
0.3843313056
0.5418833876
0.5472661506
0.5202877131
0.5278306735
0.5673978039
0.6330111387
0.4717698954
0.5938415905
0.4394061262
0.5107529887
0.4134532925
0.3974755894
0.3753947158
0.2824532118
0.2750364843
0.23446105
0.19635629
0.1959065348
0.1516301771
0.3415412377
0.2598429863
0.1420179328
0.1666721733
0.143618205
0.1741971064
0.2566973765
0.3127274454
0.4221545934
0.3552260839
0.4691388967
0.4176848873
0.4237065542
0.5007709248
0.5034982865
0.4937128535
0.4887461098
0.4355644802
0.596812653
0.5387991319
0.5604978194
0.5251620752
0.6039385976
0.4661815748
0.4259449312
0.4650303627
0.4309411729
0.491065235
0.4592384599
0.5742486573
0.4633958773
0.4770195816
0.510324119
0.5667099743
0.5242790499
0.4613565946
0.4693809267
0.4660144578
0.4560238033
0.4725347959
0.5290235624
0.441561718
0.5764753732
0.4996727515
0.5163177644
0.5036504441
0.4837305938
0.4945187293
0.5121695081
0.4122728993
0.4724815121
0.548157208
0.4871832148
0.3715530185
0.4233903328
0.4254651607
0.5541707915
0.4854894184
0.4791403577
0.4141262255
0.5076759731
0.4156161041
0.5025633355
0.3547364221
0.5156180865
0.3647389763
0.4066919642
0.3702250893
0.4355092472
0.3385993925
0.4656441194
0.4361742929
0.4799239551
0.5051057534
0.5390071607
0.4408979657
0.4970049243
0.4422161327
0.4020738078
0.4812218374
0.3379688611
0.4589352117
0.4860274922
0.4764930319
0.5678005453
0.6171943288
0.5135312018
0.5067095345
0.439307911
0.4635126448
0.6207746026
0.6054655631
0.6326479171
0.4559461228
0.5852963038
0.540255784
0.4909452243
0.5138364235
0.4988848009
0.4943042098
0.5304034432
0.5116800234
0.6203964381
0.5667582382
0.5763922093
0.5968421312
0.5677183906
0.5573449207
0.468801819
0.4050916264
0.4346413371
0.3346707245
0.4096416905
0.2871845575
0.3255167075
0.2579260893
0.2260106144
0.169558001
0.2167912958
0.1579882393
0.1316138478
0.3323295836
0.2870998131
0.111447619
0.2724539938
0.2444503025
0.3161416671
0.379386259
0.5221746215
0.5589669164
0.4712768667
0.5301001884
0.5656871238
0.5964218052
0.5601969484
0.6249001365
0.607577369
0.6187377739
0.7333012082
0.6365939883
0.7047297829
0.6119119811
0.6192750114
0.5993522054
0.5539473988
0.5330768577
0.5733065247
0.6395420645
0.6204822885
0.6780884683
0.6328247614
0.6206400669
0.6623101034
0.6451825135
0.5428296464
0.5447192087
0.5583070985
0.5622179429
0.6066116713
0.5614160614
0.5849202572
0.5913230797
0.5937222458
0.584026844
0.614756751
0.6320382896
0.5977747381
0.5692729013
0.564963851
0.5885989125
0.6201017571
0.5253767515
0.5208429483
0.5531222334
0.4875630651
0.4842202315
0.567613016
0.5439865068
0.457062102
0.4985265573
0.5146285246
0.4723331139
0.4211559335
0.5376198809
0.5438518185
0.4349118979
0.5048182013
0.4525003095
0.5135757651
0.5316987992
0.5066189672
0.5994959524
0.5425550773
0.5232417306
0.5357062338
0.4868373843
0.5786840078
0.4845279491
0.6044386043
0.5202721988
0.5099322555
0.5033411203
0.5205470262
0.5621274215
0.5656546352
0.5322891437
0.5641389618
0.4641957247
0.4990945095
0.5510470196
0.5581390808
0.5858479321
0.5386304056
0.408473611
0.5230244448
0.441431602
0.4497163853
0.5160878692
0.4700488092
0.4497421563
0.4433300978
0.5806511569
0.5025616824
0.5679956554
0.5084741738
0.5278421011
0.5091042821
0.5296050445
0.3982974131
0.455717743
0.4037674311
0.422583565
0.3589846739
0.3254353992
0.2810954367
0.2750547179
0.2246421657
0.2303306396
0.2021398281
0.15131801
0.1571434032
0.1143028633
0.2766642325
0.4627205098
0.2384632731
0.3134032992
0.55191593
0.5380471144
0.6314317454
0.6840490557
0.6572678432
0.7221854594
0.5587124031
0.8169720328
0.7588855829
0.7855450427
0.8426817728
0.8464363987
0.8651494748
0.8179762834
0.8288105361
0.8052154166
0.8074626383
0.8351742399
0.8194294848
0.8236285669
0.7630815311
0.7994178072
0.7760728285
0.792114191
0.7544539903
0.7430227929
0.8196979002
0.7922415109
0.7841133832
0.7261674494
0.7113550413
0.7479767048
0.7542764814
0.7028867875
0.7228495333
0.7073688222
0.7240945317
0.7127800493
0.6703911824
0.6634856521
0.6862658944
0.6202377945
0.6496223632
0.6091754247
0.6693166074
0.5661184652
0.6481529266
0.5645646809
0.6221839953
0.5772284938
0.5986106069
0.5680904269
0.5692565301
0.5773000528
0.5756223292
0.6553010014
0.5283607809
0.575467921
0.6208745581
0.5696333976
0.5800522476
0.5752177524
0.5794914526
0.6168900989
0.5799873054
0.6684429053
0.6375275165
0.60949894
0.6448740992
0.5832893138
0.586190139
0.6365719815
0.5594779985
0.5979883212
0.5282718706
0.6307303682
0.608411583
0.6510556523
0.5840474656
0.5478724722
0.5672460276
0.5748520669
0.571325543
0.5615817042
0.5318228252
0.6383003334
0.5370289622
0.4402185174
0.4992445292
0.5483565003
0.4926879292
0.6001402672
0.490317716
0.4765848436
0.5772918021
0.6263370647
0.6076361613
0.54251978
0.6898086546
0.4638081134
0.5733115549
0.4966004995
0.4395057725
0.4297839546
0.3031588905
0.4027219026
0.3445705037
0.2433180268
0.2700730079
0.2337148891
0.1886225903
0.2315594984
0.1859721352
0.1595307431
0.1286603291
0.1170582341
0.1428035112
0.287084866
0.6243811445
0.636232533
0.7058034291
0.8622972275
0.8851014876
0.9224699329
0.9324264385
0.9422447229
0.9339963501
0.9355513971
0.8387322183
0.9616916279
0.9663030755
0.9844116158
0.9869356603
0.9696902208
0.9573263321
0.9510671363
0.9601325006
0.9420903163
0.9431402343
0.9483741217
0.9393031188
0.9417254917
0.9390661923
0.9221774396
0.91534461
0.9063710687
0.8780125391
0.9019918185
0.9312390762
0.9091650574
0.9165046692
0.9039910844
0.8874203687
0.90111964
0.8871336735
0.886092708
0.8996137884
0.8684327744
0.8433186025
0.8616770057
0.86228026
0.8575295757
0.8217748086
0.8380222917
0.803955677
0.7861813794
0.7318704963
0.7736669026
0.7271371914
0.7390266484
0.7761183299
0.7934494076
0.7272340468
0.7583758164
0.7629714439
0.7479520995
0.7231312122
0.7370870198
0.7460891711
0.739505458
0.749205026
0.771959433
0.7386794328
0.7924137855
0.7714136919
0.7234892935
0.7212747981
0.705377252
0.6849433907
0.6881006544
0.6867222062
0.6453171723
0.6236282571
0.6405893435
0.6531225183
0.6224236091
0.6132701648
0.6626532323
0.5778902793
0.6269840599
0.5641906324
0.6010350022
0.5641227611
0.585818235
0.5676907807
0.5482614325
0.4845747067
0.5174328949
0.4819051996
0.5496109801
0.5288845423
0.5297526513
0.5068750868
0.531106022
0.6687929847
0.5815500149
0.5643250393
0.5823707146
0.5845135209
0.4522163054
0.3558895703
0.4871823245
0.3447269544
0.3427685323
0.2780388251
0.3844766037
0.3040866073
0.2483407678
0.2857897721
0.2621672055
0.2058467492
0.2048229538
0.1862457962
0.1727710056
0.1659007333
0.1642633345
0.1440491825
0.1399789149
0.2667523367
0.9223718135
0.9854161654
0.9776768936
0.977923167
0.975041184
0.9750329536
0.9844808588
0.9724848283
0.9796291666
0.9897901706
0.9782528453
0.968044492
0.9735781877
0.9828629495
0.9871955631
0.9875091335
0.9741080501
0.9681717696
0.9826919435
0.9635505297
0.9709688425
0.9663369563
0.9666760565
0.9632902066
0.9554484787
0.9531089423
0.9537399872
0.9531658086
0.9501767015
0.946975892
0.9550758584
0.9525414404
0.9571196484
0.9513602669
0.9421140585
0.9416549634
0.9386585763
0.9337009818
0.9449346659
0.9409389632
0.9436248278
0.9363274756
0.9363650414
0.9472976159
0.9356930895
0.9336917059
0.9287293051
0.9227043612
0.9199875691
0.9181617821
0.908775595
0.9045209171
0.9251396929
0.9157320067
0.8884639962
0.8913542109
0.9021484805
0.8859637655
0.8646101596
0.8733624275
0.8763448484
0.8542878072
0.8504125337
0.8474762262
0.8729494074
0.8368093601
0.8219989118
0.8138586676
0.8114286766
0.8135265137
0.8025289524
0.8083550558
0.8145634778
0.7656707926
0.7522337055
0.7988748299
0.7525087464
0.7313686515
0.7212938938
0.7062842319
0.649263064
0.7113896925
0.6758225813
0.6397237609
0.6590373631
0.6790221042
0.6048402648
0.5876815264
0.6019402136
0.6604084584
0.6206996886
0.6183643335
0.6534520265
0.6309260321
0.66717942
0.672489856
0.6250440539
0.5329626409
0.5760413287
0.4602070996
0.3815434578
0.4176811773
0.3869931987
0.4101624547
0.3259518156
0.3830083294
0.3387546015
0.2960616318
0.2591146244
0.2770406217
0.2313661532
0.2080095586
0.1748331637
0.1914006995
0.1770494331
0.1497508135
0.1321738882
0.1284442913
0.1340211838
0.1440140608
0.2921569826
0.991382446
0.9925276692
0.9875264556
0.9858321865
0.9855808486
0.9835751713
0.9839566708
0.9807161509
0.9797254384
0.9814202604
0.9777125349
0.9778679187
0.9729830887
0.9802593666
0.9823364553
0.9838299932
0.9791597482
0.9708410108
0.966909298
0.9628935082
0.9614660397
0.9601750185
0.9627003215
0.9631431641
0.960110553
0.9572352357
0.9590387114
0.9570473307
0.9574566183
0.9636499984
0.9474621933
0.9537228097
0.9565978016
0.965219515
0.9569170359
0.953130912
0.9523725718
0.9528713102
0.952450845
0.9550237043
0.9637440816
0.9513328061
0.9560771613
0.9576443321
0.964151929
0.9527932756
0.953884741
0.9523684967
0.950113826
0.9517387477
0.9519836654
0.9407075539
0.9462986017
0.9472787447
0.9568234911
0.9400294845
0.9424658524
0.9428805257
0.9356847558
0.9363654462
0.9304737933
0.9286516106
0.9155448952
0.9073398355
0.9087891295
0.9240567543
0.9083625066
0.9179788353
0.9034350717
0.8891469311
0.8760635057
0.8784213112
0.8528629738
0.8664978478
0.8403063534
0.8374857907
0.8263236056
0.8250401706
0.8159175329
0.7954307091
0.7901028078
0.8236877849
0.7424421653
0.8241048307
0.7854420946
0.6947693606
0.7426871958
0.6790795217
0.6848207283
0.7291066122
0.6970403706
0.7473413627
0.6710515085
0.631124477
0.5693033859
0.5865722929
0.4207268884
0.4208913668
0.457433323
0.3578676227
0.4496378983
0.3606458448
0.3899548728
0.3309232392
0.2902506216
0.3139471576
0.273894326
0.2922219313
0.2117161571
0.2353247757
0.1845633115
0.1670930679
0.1980806066
0.1621120595
0.171873383
0.1250471818
0.1152654004
0.1539016513
0.1427227822
0.1350121302
0.2869972057
0.9922882004
0.9955414519
0.9931205125
0.9920079247
0.992780712
0.9903238201
0.9916476192
0.9916729911
0.985803969
0.9839475232
0.9876342205
0.9777111747
0.9746201097
0.976961107
0.9821257227
0.9880070981
0.9854289584
0.9714546792
0.971511585
0.9666440328
0.9676779757
0.9635712666
0.9644372424
0.9647531026
0.9662521852
0.9612365177
0.9630076676
0.9600970443
0.9601552004
0.9608218814
0.9612474525
0.9560599173
0.9550720207
0.9590093372
0.9750921012
0.9604819926
0.9602097188
0.9625986028
0.9693685222
0.9633608966
0.9714918296
0.9605293821
0.9639892008
0.9589744819
0.9629972423
0.9617471495
0.9580897803
0.9595641539
0.9614653866
0.9516652558
0.9536195671
0.9570730932
0.9508150145
0.9542932287
0.9493440642
0.943472877
0.9498243745
0.9494279075
0.9518035525
0.9432391978
0.9471427613
0.9493695452
0.9455255483
0.9376954322
0.9559297895
0.9336050462
0.9453644108
0.9394673039
0.948625291
0.9239047035
0.9389737326
0.9147790422
0.9204233671
0.9149378543
0.9094850962
0.903821169
0.9086757333
0.8925735278
0.8865444806
0.8719269896
0.8671583858
0.8699100298
0.8489093223
0.8529968432
0.8053005468
0.8174211917
0.796145214
0.7300961147
0.7409414807
0.779394684
0.6886871666
0.6630459263
0.5747246619
0.5751897008
0.6067162453
0.4830563385
0.5648487315
0.5685217973
0.4760528383
0.4680396097
0.4018491983
0.4009350828
0.38088531
0.3463726949
0.3515317455
0.2875518501
0.2307895406
0.2109303709
0.2008073171
0.2053341394
0.1940209333
0.1781388477
0.1447693331
0.1549975466
0.1571092581
0.1115950777
0.1480364739
0.1213130734
0.1489529408
0.1486329193
0.2799275147
0.9949444193
0.9938120448
0.9946400551
0.9905076693
0.9917797294
0.9912500448
0.9861422019
0.9884796341
0.9805786506
0.9794054176
0.9728224845
0.967322718
0.9601462993
0.9610513768
0.9643623013
0.9687971294
0.9712487799
0.9525973176
0.9490534877
0.9476857451
0.9439705694
0.9468359046
0.9445785809
0.9499228268
0.9575689207
0.9356422631
0.9467228914
0.92671189
0.9326241491
0.9247395767
0.9289729513
0.9347967852
0.8925044101
0.9012778314
0.932521713
0.9410155097
0.9172159517
0.9098694387
0.9228257009
0.9125115786
0.912056766
0.9191672956
0.9125630568
0.9117975924
0.9184629694
0.9051573873
0.8851274953
0.8500151402
0.8547090999
0.8801225153
0.858763518
0.8690270134
0.832541474
0.8630889558
0.8569948173
0.8507565611
0.832094859
0.8436051218
0.8343585378
0.8225216938
0.8255314331
0.8539068497
0.7940317719
0.7898833037
0.8011496027
0.7871221012
0.808380321
0.7947790435
0.7716398258
0.7950560834
0.8252560643
0.7721807797
0.7797684637
0.7981355315
0.7701080882
0.7634099447
0.7024231139
0.7868275027
0.6944099923
0.769416755
0.6795940358
0.6798839616
0.6767148839
0.7404374105
0.6633264772
0.7108198789
0.6773509154
0.663625214
0.6046922849
0.5781336732
0.5784677052
0.6165541352
0.6091063176
0.6641795915
0.567367728
0.5894894408
0.5984045041
0.4818481818
0.576549257
0.5245944453
0.5810437017
0.5141658891
0.5026586929
0.4286818788
0.4500554713
0.3715718286
0.3550424383
0.4286816206
0.3122362985
0.3748307496
0.324574253
0.2953251489
0.3256278688
0.3217654892
0.281772523
0.3116916872
0.3144957335
0.2810080227
0.3153166341
0.3134718418
0.3331155087
