0.9998579374
0.9998866399
0.9998502741
0.9998370071
0.9998287658
0.9998226944
0.9998179823
0.999814349
0.9998115718
0.9998093861
0.9998072924
0.9998043375
0.9997992413
0.9997908489
0.9997787142
0.9997637804
0.9997486417
0.9997362609
0.9997279375
0.9997230109
0.99972025
0.9997187766
0.9997180437
0.9997176279
0.9997172901
0.9997170125
0.9997168221
0.9997166497
0.9997164338
0.9997161912
0.9997159827
0.9997158562
0.999715817
0.9997158535
0.9997160116
0.9997164773
0.9997176561
0.9997202542
0.9997253833
0.999734259
0.9997464288
0.999758234
0.9997652723
0.999764812
0.9997550605
0.9997363567
0.9997169797
0.9997025622
0.9996782923
0.9996482515
0.9996298805
0.9996263704
0.9996265501
0.9996128839
0.999571311
0.9994955711
0.9993900105
0.9992688488
0.9991510483
0.9990618124
0.9990251184
0.9990397886
0.9990796453
0.9991170809
0.9991450865
0.9991781521
0.999232882
0.9992992271
0.9993253824
0.9993050977
0.9992699662
0.9992475251
0.9992455569
0.9992590914
0.9992809825
0.9993063521
0.9993343089
0.999377029
0.9994668816
0.9995678426
0.9996014811
0.9995200698
0.9992497193
0.998870633
0.9981720526
0.9936736276
0.751783247
0.01541357092
0.009210754518
0.007450836588
0.006524725379
0.006518891391
0.006519964618
0.006521031528
0.006520312191
0.006520140943
0.006520550957
0.006520736659
0.006520913686
0.006521074193
0.006520903852
0.006520267847
0.006519270141
0.00651808757
0.006516864678
0.006515688761
0.006514622821
0.006513713478
0.006512975935
0.00651239882
0.006511961638
0.006511642684
0.006511420049
0.006511272322
0.006511180004
0.006511126589
0.006511098959
0.006511087237
0.006511085201
0.006511075312
0.04361274295
0.9998402077
0.9999315309
0.9999158239
0.9999011603
0.9998893087
0.9998788653
0.9998692973
0.9998606546
0.9998530422
0.9998462514
0.999840024
0.9998344555
0.9998297871
0.9998260565
0.9998231347
0.9998208946
0.9998192582
0.9998181122
0.9998172573
0.9998165069
0.9998157931
0.9998151424
0.9998145812
0.999814103
0.9998137082
0.9998134182
0.9998132239
0.9998130464
0.9998128297
0.9998126043
0.9998124203
0.9998122965
0.9998122195
0.9998121559
0.9998120944
0.999812073
0.9998121654
0.9998124542
0.9998130206
0.9998139232
0.9998151198
0.9998163692
0.9998172631
0.9998173587
0.9998163497
0.9998141639
0.9998108662
0.9998063713
0.9998003457
0.9997932844
0.9997872758
0.9997842374
0.9997839437
0.99978279
0.9997782185
0.9997696709
0.9997575147
0.9997430326
0.9997285922
0.9997180565
0.9997139979
0.9997142589
0.9997155283
0.999715072
0.9997129793
0.9997112566
0.9997123903
0.9997163282
0.9997215419
0.9997243174
0.9997248349
0.9997252003
0.999726311
0.9997280556
0.9997300631
0.9997319278
0.9997329606
0.9997323512
0.9997332817
0.9997423865
0.9997487343
0.9997384539
0.9997177403
0.999647729
0.9993190377
0.9989537122
0.9989297407
0.998861673
0.9975310093
0.6782871346
0.005788185059
0.003933882806
0.003573485962
0.003321938311
0.003321190605
0.003320972175
0.003320896686
0.003320913153
0.003320867626
0.003320851025
0.003320845049
0.003320833455
0.003320817604
0.003320796478
0.003320769831
0.003320739356
0.003320701775
0.00332066209
0.003320624549
0.003320590272
0.003320559325
0.003320531778
0.00332050774
0.003320487048
0.003320469253
0.003320453774
0.00332044003
0.003320427733
0.003320418467
0.003320408446
0.006511075313
0.9998063339
0.9998786329
0.9998909639
0.9998851712
0.9998758116
0.9998664379
0.9998577452
0.9998499395
0.9998429385
0.9998366767
0.9998313855
0.9998272251
0.9998240001
0.9998213777
0.9998191546
0.9998173109
0.9998159102
0.9998149005
0.9998140509
0.9998131651
0.9998122416
0.9998113855
0.9998106449
0.999809989
0.9998094362
0.9998090771
0.9998089089
0.9998087425
0.9998084724
0.9998081849
0.9998079541
0.9998077741
0.9998076102
0.9998074147
0.999807147
0.9998067942
0.9998063883
0.9998060453
0.9998060077
0.9998066012
0.9998078758
0.9998093211
0.9998103107
0.9998104246
0.9998092724
0.9998062869
0.9998002834
0.9997894674
0.9997743067
0.999758458
0.9997451247
0.9997370989
0.9997374915
0.9997450331
0.9997495223
0.9997505086
0.9997493162
0.9997465712
0.9997413336
0.9997307459
0.9997177076
0.9997127255
0.9997083171
0.9996946287
0.9996591553
0.9996047932
0.9995604591
0.9995530447
0.999616204
0.9997076003
0.9997143423
0.9997175159
0.9997193678
0.9997202581
0.999720257
0.9997196086
0.9997183921
0.9997160591
0.9997080827
0.9996614363
0.9996701659
0.9996687571
0.9996289232
0.9995522283
0.9994291379
0.9992187137
0.9990692222
0.9990735816
0.9991128326
0.9991303797
0.9991106965
0.9989004824
0.99741806
0.01153349654
0.00550657134
0.003988459932
0.003666838793
0.003506547185
0.003321073268
0.003320718621
0.003320733263
0.003320752863
0.003320770312
0.003320784847
0.003320793803
0.003320798768
0.003320782565
0.003320752467
0.003320720236
0.003320687407
0.00332065335
0.003320619005
0.003320586114
0.003320555747
0.003320527997
0.00332050252
0.003320478983
0.003320457579
0.003320440354
0.003320418253
0.006511084942
0.999773839
0.9998383983
0.9998542223
0.9998596335
0.9998560431
0.9998496158
0.9998425604
0.9998358515
0.9998300968
0.9998255595
0.9998222423
0.9998198269
0.9998178453
0.9998159374
0.9998139988
0.9998121821
0.9998107265
0.9998095898
0.9998083588
0.9998067349
0.9998048644
0.9998031746
0.999801866
0.9998007582
0.9997997869
0.9997992353
0.9997991717
0.9997991344
0.9997988767
0.999798558
0.999798274
0.9997979946
0.9997976726
0.9997972209
0.9997964869
0.9997952249
0.9997931276
0.9997900585
0.9997868121
0.9997856093
0.9997883492
0.999793488
0.9997979833
0.999799829
0.999798107
0.9997910234
0.9997762146
0.9997546319
0.999733386
0.9997189861
0.9997086309
0.9996909428
0.9996694738
0.9996947748
0.99972699
0.9997346856
0.9997430708
0.9997519784
0.9997605513
0.9997643959
0.9997508749
0.999705483
0.9996833067
0.9996257473
0.9995123486
0.9993310737
0.9991615994
0.9990315437
0.9989635875
0.9991745351
0.9994896125
0.9995663162
0.9995275485
0.9995081317
0.9994863265
0.9994622725
0.9994408532
0.9994326147
0.9994446348
0.9991066079
0.9990301558
0.9991967676
0.9991962136
0.9992344391
0.9993832537
0.9994799287
0.9992440638
0.9992283489
0.9993170007
0.9993879277
0.999429279
0.9994188579
0.9993073163
0.9994721765
0.9994295709
0.998914845
0.9972226991
0.8706270496
0.007724705688
0.004389391976
0.003682054532
0.003321235076
0.003320903529
0.003320855778
0.003320842469
0.003320844662
0.00332081802
0.003320775217
0.003320739528
0.003320707362
0.003320673072
0.003320637076
0.00332060232
0.003320570527
0.00332054168
0.003320515376
0.003320491575
0.003320470953
0.00332045553
0.003320426655
0.006511086642
0.9997154828
0.9998097737
0.999822378
0.9998307602
0.9998325755
0.999830216
0.9998259142
0.9998215126
0.9998179579
0.9998153307
0.9998135702
0.9998123616
0.9998111879
0.9998096052
0.9998074231
0.9998048864
0.99980246
0.9998000536
0.9997969369
0.9997926108
0.9997873746
0.9997827129
0.9997802462
0.9997789236
0.9997778229
0.9997775415
0.9997782298
0.9997788352
0.9997790098
0.9997789962
0.9997789256
0.999778802
0.9997786002
0.9997781341
0.9997770419
0.9997747709
0.9997703834
0.9997624882
0.9997509672
0.9997420072
0.9997418988
0.9997496295
0.9997616349
0.9997735244
0.9997754895
0.999766205
0.9997484483
0.9997360362
0.9997253624
0.9996790167
0.9995892133
0.9994341676
0.999208374
0.9990436006
0.9992948348
0.9996030843
0.9996765044
0.9996964007
0.9997169044
0.9997281549
0.9997527798
0.999705407
0.9995214408
0.9993452416
0.9992701069
0.9991497258
0.998934037
0.9989644843
0.9983525762
0.996891935
0.01169215008
0.00868176626
0.006589558235
0.005853553915
0.005579940615
0.005420755245
0.00533564314
0.005371335048
0.005846382013
0.007041849716
0.9487622978
0.9982704376
0.9980973865
0.9976179354
0.9989489792
0.9994619698
0.9994029396
0.9991710308
0.9993207298
0.999540698
0.9996549964
0.9995375392
0.9995231446
0.9995613117
0.9996323753
0.9994430026
0.9991792541
0.9991093375
0.9992906501
0.9991311138
0.9989162696
0.01093695025
0.004139743457
0.003321497876
0.003320897509
0.003320893585
0.003320853628
0.003320790281
0.003320751704
0.003320722846
0.003320689582
0.003320652294
0.003320616302
0.003320584332
0.003320555914
0.003320530297
0.003320507462
0.003320487994
0.003320473088
0.003320437112
0.006511096775
0.9995317608
0.9997797477
0.9998000963
0.9998022196
0.9998081113
0.9998111203
0.9998101556
0.9998081112
0.999806195
0.9998044418
0.9998030205
0.9998018124
0.9998007081
0.9997992673
0.9997968143
0.999792828
0.9997881893
0.9997834827
0.9997775998
0.9997687517
0.999756191
0.9997436344
0.9997374756
0.9997386342
0.999740503
0.9997428585
0.999746014
0.9997479042
0.9997485993
0.9997491329
0.9997494892
0.9997497623
0.9997499886
0.999750035
0.9997495935
0.9997482196
0.9997448437
0.9997378834
0.9997264396
0.9997146255
0.9997045578
0.9997033954
0.9997052804
0.9997170138
0.9997328727
0.9997311301
0.9997282645
0.9997285484
0.9997464942
0.9996147033
0.9994346255
0.9992255477
0.9990152642
0.9990198846
0.9982618974
0.01575816402
0.009727513158
0.007487894209
0.007780399833
0.00937178989
0.01736431104
0.07765247017
0.9832512143
0.9974614052
0.9985899914
0.9989293336
0.9989355776
0.9987385912
0.9989515839
0.9989626882
0.9987103572
0.9975202068
0.006097711481
0.003946149178
0.003512184823
0.003322409621
0.003321962169
0.003321661236
0.003321858557
0.004199271101
0.9744568062
0.9947678282
0.005798919952
0.003925781347
0.004103511083
0.006216110115
0.01321453038
0.9977054407
0.9986358338
0.9990568219
0.999667985
0.9996392144
0.9994701794
0.9995955263
0.9996833141
0.999562612
0.9994370787
0.9993335863
0.9993944891
0.9995764564
0.9995748739
0.9996160936
0.9993928216
0.01210866695
0.003785877064
0.003320928308
0.00332087613
0.003320791267
0.003320754322
0.003320734018
0.003320702991
0.003320663995
0.003320627124
0.003320596391
0.00332056994
0.003320546193
0.003320524965
0.003320506432
0.003320490912
0.003320447885
0.00651111913
0.1770284981
0.9996272671
0.9997282507
0.9997594512
0.9997662186
0.9997892747
0.9997948275
0.9997941322
0.9997930238
0.9997901735
0.9997857575
0.9997791711
0.9997720192
0.9997718108
0.9997752274
0.9997757491
0.9997707552
0.9997637237
0.9997557657
0.9997431455
0.9997273328
0.999715323
0.9996888851
0.9996758765
0.9997142267
0.9997181648
0.9997231503
0.9997258614
0.99972715
0.9997298728
0.9997266382
0.9997257973
0.9997252965
0.9997252319
0.9997256216
0.9997262137
0.9997267081
0.9997269761
0.9997253362
0.999715996
0.9995912939
0.9994915421
0.9994001756
0.9992393205
0.9993982023
0.9995378786
0.9995048252
0.9996863082
0.9997607266
0.9996954624
0.9993960811
0.9991823682
0.9990920533
0.9990325426
0.9989769541
0.9989604579
0.9986271821
0.005058494454
0.003639396195
0.003323166881
0.003323995718
0.003335947146
0.003588522026
0.003699275287
0.003894594469
0.004291313494
0.005542738622
0.9461141356
0.9970580421
0.9989557776
0.9989283651
0.9989807074
0.9990570794
0.9989199245
0.9827935682
0.00526171213
0.003852456124
0.00332319156
0.003464443956
0.007405700149
0.9989599551
0.9558812572
0.004060978091
0.003321679848
0.003321218061
0.003321222492
0.00332139121
0.003578045508
0.003798536362
0.00435312625
0.007461081515
0.02521585905
0.9987568133
0.9989368964
0.9996172627
0.999635093
0.9994465886
0.9994335808
0.9992999623
0.9994310441
0.9995758426
0.9996505089
0.9997059328
0.9996055354
0.9989110652
0.004647694013
0.003321273245
0.003320806736
0.003320752486
0.003320742362
0.003320713099
0.003320670759
0.003320633169
0.003320605561
0.00332058283
0.003320562097
0.003320543167
0.003320525692
0.003320509206
0.003320459311
0.0065111596
0.006608358017
0.003855147127
0.004432345154
0.01901266134
0.9994930685
0.9996077317
0.9997615754
0.9997739504
0.9997760122
0.9997727159
0.9997604993
0.9997387581
0.9997198825
0.9997090017
0.9997322747
0.9997538208
0.9997696852
0.999756048
0.9997396762
0.9997296794
0.9997134989
0.9996589328
0.9994489991
0.9991319999
0.9991970697
0.9994075189
0.9993962728
0.9994225763
0.9994154743
0.9993869577
0.9993994087
0.9994194461
0.999444872
0.9994477948
0.9994534555
0.9994596612
0.9995004703
0.9995563232
0.9996450272
0.9997130653
0.9996166765
0.9992216041
0.9992835266
0.9992025411
0.9989723389
0.02571840368
0.005918348155
0.01114199625
0.2215951058
0.8799913304
0.9990755987
0.9989838051
0.9989802645
0.9991860705
0.9991531342
0.9992052079
0.9992540261
0.9990005093
0.9984968768
0.005748708712
0.003760518527
0.003322070525
0.003321974451
0.003321639932
0.003321390813
0.003321442961
0.003322759586
0.006297095922
0.006657296432
0.004283505333
0.006459611158
0.8401737197
0.9989069609
0.999035992
0.9989432949
0.9989330123
0.9989164296
0.01058796261
0.004990641201
0.8736372201
0.9992310799
0.09003965225
0.003667652268
0.003321360458
0.003321302348
0.003321050731
0.003319164325
0.003321497426
0.003318923356
0.003320260997
0.003321345734
0.003323760103
0.003633561555
0.003959330972
0.006290365029
0.02207558648
0.9989057411
0.9990483488
0.9991151763
0.999176001
0.9994276397
0.9995411816
0.9995771854
0.9995982823
0.9995166586
0.9991950876
0.008491119155
0.003588154084
0.003320705529
0.003320726891
0.003320712491
0.003320669322
0.003320632608
0.003320611205
0.003320594208
0.003320577558
0.003320561896
0.00332054621
0.003320529117
0.003320472174
0.006511226129
0.006513346601
0.003321732157
0.003320923846
0.003321114202
0.003549714183
0.00418090062
0.01377338898
0.6166425385
0.9995172531
0.9997270745
0.9997346102
0.9997077709
0.9996381072
0.9992438064
0.9991999133
0.9995658203
0.9997520046
0.9997482344
0.9997183564
0.999716122
0.9997204359
0.9996568087
0.9994851113
0.9991484327
0.9989886559
0.1909254414
0.01269610601
0.006431361696
0.00538699644
0.006209242385
0.009945308365
0.00559547591
0.005393395223
0.005169550523
0.005181737238
0.005225152632
0.00533921121
0.005639781265
0.006399121912
0.01008592989
0.03074814431
0.9989923076
0.998964002
0.9993367124
0.9992914112
0.9991615517
0.01005817178
0.003830490937
0.003344904384
0.00464118542
0.00768986115
0.996239449
0.9974111375
0.9989809437
0.9991420867
0.9993148374
0.9995864184
0.9995100672
0.999424022
0.9991923743
0.9989495587
0.008585482337
0.004077951118
0.00332570337
0.00332177356
0.003321579479
0.003812178326
0.006964605006
0.9989251921
0.003771773192
0.003322528133
0.003542191538
0.004025116806
0.006966684858
0.9988913556
0.9987362706
0.9989446968
0.9989481253
0.9989338339
0.9973943051
0.9945052271
0.007487167512
0.003344968093
0.00332138986
0.003321388656
0.003320355064
0.003317306498
0.003320623502
0.003321060238
0.003321083485
0.00332105773
0.003321090975
0.003321065828
0.003321006865
0.003321297451
0.003323230532
0.003702509951
0.004511451824
0.05506630534
0.9988460899
0.9989508018
0.9991563764
0.9992500683
0.9993305288
0.9993769798
0.9994645298
0.99923702
0.9915410482
0.003809742589
0.003320710512
0.003320708675
0.003320666553
0.003320628662
0.003320615563
0.003320605005
0.003320592569
0.003320581325
0.003320568865
0.003320552213
0.003320487413
0.006511330248
0.006511759444
0.003320733359
0.003320881236
0.003320829153
0.003320868082
0.003320846838
0.003320878365
0.003470842277
0.004130429283
0.009838373105
0.844985672
0.9995388819
0.9996344911
0.999391864
0.9989524771
0.03005879464
0.0151300842
0.04506107586
0.8287912415
0.9990807643
0.9995407665
0.9996685481
0.9996187048
0.9996590001
0.9995798441
0.9995840444
0.9994045048
0.9962109438
0.007965494114
0.004039213356
0.003493639123
0.003882730584
0.00372945398
0.003390898821
0.003321338894
0.00332109255
0.003321235676
0.003321436573
0.003321566759
0.003322836658
0.003792556446
0.01744564575
0.9990226087
0.9989611864
0.9989640469
0.9990675621
0.9993410773
0.9989569575
0.005390679202
0.004399387126
0.7391637945
0.004176710307
0.004417316047
0.9978959034
0.05224073721
0.998926121
0.9995245838
0.999687249
0.9996738026
0.9996191856
0.9996251378
0.9995507812
0.9993228896
0.05325203427
0.006152315993
0.003947567323
0.004086464905
0.9982296201
0.005741498105
0.003638757034
0.003321911639
0.003322333778
0.003322849109
0.004128645108
0.005759122696
0.004911946948
0.9769533865
0.9977720462
0.998968694
0.9989647088
0.9988712875
0.9856480465
0.004022697028
0.003321500104
0.00332126982
0.003320276857
0.003321347529
0.003320666464
0.003321149435
0.003321080557
0.003321014663
0.003321023815
0.003321066075
0.003321085448
0.003321156551
0.003321339108
0.003321565686
0.003836354045
0.07090534142
0.9990002967
0.9982212271
0.9985134639
0.9988900583
0.9989879194
0.9991666759
0.999255868
0.9992937626
0.9990587929
0.9980592336
0.004231422749
0.003320956196
0.003320707002
0.003320631618
0.00332062202
0.003320615397
0.003320605866
0.003320600875
0.003320594274
0.003320580119
0.003320506056
0.00651148999
0.006511389041
0.003320569819
0.003320725649
0.00332077302
0.003320818789
0.003320854085
0.003320830511
0.003320869443
0.003320972195
0.003321168216
0.003572322211
0.005551667974
0.8939367394
0.9995279576
0.9994872899
0.9991201643
0.9980345877
0.003887731099
0.003558472444
0.003913889581
0.005154623554
0.01630150274
0.997484434
0.9994590618
0.999664487
0.9996626986
0.9996667366
0.9996363324
0.9996167983
0.9992879176
0.05272988725
0.006859947895
0.00405807177
0.003655804583
0.003200774616
0.003320280412
0.003320913289
0.003321166403
0.003321089236
0.003320865392
0.004248476888
0.9988154038
0.9990395069
0.9989354064
0.006853682299
0.005760580471
0.9989062344
0.9992800728
0.9989898103
0.9974364305
0.006337738393
0.003969217908
0.00381784494
0.005367918174
0.006148166726
0.9083218786
0.007914266165
0.1315316987
0.9992806794
0.9995207282
0.9996103682
0.9996199326
0.9996798555
0.9996853743
0.9994678925
0.9983876995
0.9700766823
0.00805396368
0.005243239596
0.003321900995
0.003322180575
0.0033218474
0.003507559154
0.004216230151
0.9588847192
0.003980573239
0.00415597361
0.004802715409
0.9771908712
0.9986833762
0.9989974711
0.998976353
0.998838341
0.00448753629
0.003320729274
0.003302894778
0.003319957012
0.003320918114
0.003321154844
0.003321053741
0.003320982496
0.003320960603
0.003320975863
0.003320986702
0.003320982999
0.003321297524
0.003424737058
0.004421013982
0.9989886015
0.9989761194
0.9970506242
0.005452861994
0.00455544474
0.9970309894
0.9991075468
0.9993806675
0.9994003379
0.9993934013
0.9992715915
0.998975063
0.00663536252
0.003447655145
0.003320616053
0.003320613987
0.003320616794
0.003320611819
0.003320618122
0.003320622247
0.003320614215
0.003320529209
0.006511736059
0.006511278716
0.003320513385
0.003320646557
0.003320708229
0.00332077421
0.003320822711
0.003320840352
0.003320872984
0.00332091321
0.003320940078
0.003321057391
0.003321276391
0.003587078861
0.008580438282
0.99908955
0.9992023814
0.9990533339
0.9988306321
0.004305433437
0.003321252459
0.003321107161
0.00332179556
0.003674566329
0.004757526212
0.01790719465
0.9990277502
0.9992314108
0.999458025
0.9996677694
0.9997079814
0.9997262513
0.9996104405
0.9990459574
0.9735240677
0.07281328318
0.004282047915
0.003752003871
0.003513796152
0.003321026967
0.00364926485
0.008309393532
0.9989819308
0.9990131783
0.6357912497
0.004018329747
0.003321751347
0.00375563509
0.008178441489
0.9988965966
0.9989568758
0.9989992922
0.007640036451
0.004365848538
0.9966841849
0.005353084168
0.9399714854
0.003710828629
0.003336825129
0.004070384569
0.008355325027
0.998948158
0.9991479562
0.999379489
0.9993980033
0.9994077743
0.999061509
0.9990292928
0.9989485702
0.9986100615
0.005909784113
0.003830134144
0.003491149383
0.003847819262
0.9654866927
0.00412905044
0.003988906468
0.7691390111
0.004119551654
0.7327429566
0.8998621445
0.9953499351
0.9977608827
0.9991343412
0.9991172368
0.005552373137
0.003453327254
0.003320097515
0.003321170922
0.003321101515
0.003321025319
0.003320952083
0.003320908601
0.003320905259
0.003320904459
0.003321010015
0.003323015944
0.004423631777
0.9895214975
0.9990431994
0.9989627411
0.005373011956
0.003726088925
0.003321393284
0.003641915286
0.007660607824
0.9990125967
0.9993849419
0.9995268071
0.9994713588
0.9995117575
0.9994510723
0.4805737848
0.003757165885
0.003320600478
0.003320603835
0.003320608381
0.003320633086
0.003320653253
0.003320655684
0.003320558359
0.006512125586
0.006511237683
0.003320488055
0.003320600394
0.003320659715
0.003320725236
0.003320777707
0.00332080848
0.003320837316
0.00332085951
0.003320873786
0.003320925932
0.003320993791
0.003321068291
0.003321276911
0.0044889715
0.9988547383
0.9990807339
0.9992962979
0.9990034464
0.005607550908
0.003322109142
0.003321000561
0.003321082526
0.003320933353
0.003321207517
0.00382661995
0.00551617316
0.9941601108
0.9990176904
0.9994668985
0.9995811896
0.999606665
0.9992277082
0.9990460364
0.999210008
0.9992374737
0.9940559542
0.6378972117
0.00571291721
0.004459978651
0.9885516287
0.9989897599
0.9991090418
0.007103462958
0.003551595271
0.00332174417
0.00332259797
0.004602738414
0.007410152312
0.9978176297
0.9989853255
0.9990279763
0.99803129
0.006698362861
0.00620408853
0.005035959661
0.003611714648
0.003321319949
0.003321228676
0.003321056314
0.003739949817
0.005561568254
0.9986317885
0.9990236869
0.9990993448
0.9990382903
0.9990238873
0.9990068941
0.9989043116
0.9989797698
0.9989370983
0.008532742784
0.2369680579
0.006363425906
0.004227315249
0.7331619018
0.004328225108
0.006347575664
0.9803148815
0.9956144171
0.9319010055
0.004330068574
0.01011186862
0.9994354716
0.999087398
0.7720792795
0.003682351397
0.003321247145
0.003321155722
0.003321051006
0.003320947382
0.003320881635
0.003320872039
0.003320988224
0.003320789302
0.003815017211
0.02309606604
0.999012015
0.999027336
0.1544245299
0.003981333264
0.003321400639
0.003321387596
0.003321228105
0.003321333338
0.004297609969
0.9987700474
0.9995360443
0.999629784
0.9995376019
0.9996212034
0.9994686225
0.9984977708
0.004272907976
0.003320796594
0.003320616099
0.003320651622
0.003320687875
0.003320703925
0.00332059643
0.00651277311
0.006511219579
0.003320474359
0.003320571224
0.003320625013
0.003320684509
0.003320735835
0.003320772393
0.003320801949
0.003320823108
0.003320840161
0.003320876006
0.003320919448
0.003320956444
0.003320954461
0.003320827981
0.003895638273
0.9979217856
0.99936696
0.9996430145
0.9994978163
0.01217017423
0.003690170811
0.00332086888
0.003320817785
0.003320713223
0.003320623123
0.0033205124
0.003498166759
0.004079629001
0.008358236591
0.9989166829
0.9990664946
0.999131684
0.9989872051
0.9991431193
0.9991530759
0.9989536667
0.9990074849
0.9991601966
0.9988181085
0.9989266556
0.9990639982
0.9966915752
0.003931209609
0.003322552979
0.00332192635
0.004180562414
0.006460927645
0.9985197561
0.004460765695
0.00623476849
0.9988848243
0.999031194
0.9988932857
0.566753619
0.8479672027
0.003611996051
0.003321215051
0.003321154908
0.003320967613
0.003320856238
0.003320901892
0.003674689995
0.006037174428
0.9988016657
0.9989279805
0.9989399963
0.9989575143
0.7493291902
0.9989897269
0.9991406952
0.9990210625
0.998905387
0.9985636674
0.005894139488
0.004405625834
0.006593087151
0.59253571
0.9990253566
0.9973260258
0.004589708767
0.003595521099
0.003322283797
0.005848955528
0.9989574971
0.999087462
0.446980992
0.003930249372
0.003321000941
0.00332106157
0.003320935653
0.003320836783
0.003320858167
0.003320860874
0.003430471962
0.004469702645
0.9989528661
0.9991051161
0.9969065246
0.004746108471
0.00335623696
0.003321365296
0.00332134797
0.003321283839
0.003321296493
0.003321211243
0.003687053475
0.01222110579
0.9993961736
0.9995369245
0.9996135665
0.999595471
0.9993602723
0.9990043137
0.007254783146
0.003576884603
0.003320678546
0.003320711583
0.003320749994
0.00332065043
0.006513921412
0.006511212061
0.003320466325
0.003320552531
0.00332060117
0.003320654891
0.003320704276
0.003320744424
0.003320777995
0.003320805113
0.00332083059
0.003320866359
0.003320906424
0.003320939968
0.003320942314
0.003320872393
0.003320738123
0.003619773565
0.01027272709
0.999411731
0.9996388412
0.9994097633
0.9982230763
0.004442676412
0.003396275791
0.003320682288
0.003320619682
0.003320553825
0.003320531879
0.003320643785
0.003321103687
0.003729370787
0.005416572573
0.9975684499
0.9989144343
0.9989968315
0.998242023
0.9976404689
0.9984712091
0.9990660991
0.9990225871
0.9990279284
0.9991680389
0.009108980709
0.003703852285
0.003321635145
0.003968223264
0.005657140196
0.998423004
0.004894660023
0.003835800722
0.003932753823
0.005839551482
0.9914025547
0.9990115136
0.9989831358
0.01111402342
0.003855667707
0.003321234378
0.003320754764
0.003320862516
0.003320984369
0.003320933233
0.00332094302
0.003697228868
0.006690499045
0.9910424233
0.9985501559
0.9988494795
0.9987562715
0.997607608
0.02539056354
0.999088906
0.9989723883
0.9971311714
0.9989447926
0.9964696095
0.009321470422
0.9989385282
0.9988752779
0.008774566889
0.003775583877
0.003321065416
0.003321114226
0.003321165252
0.004232625222
0.9988827657
0.998970356
0.9982961954
0.004011436542
0.003320875009
0.003320954351
0.003320909359
0.003320770389
0.003329517464
0.004495930103
0.9927105248
0.999089441
0.9989723313
0.004755627972
0.003456878876
0.003321171319
0.003321253869
0.003321318667
0.00332132547
0.003321365779
0.003321391175
0.003321295338
0.003321855566
0.0049974088
0.9988779307
0.9995510441
0.9996405171
0.9995134143
0.9994453013
0.9991821792
0.9973275043
0.004153648083
0.003321067699
0.003320806948
0.003320742154
0.006516115964
0.006511211212
0.003320461773
0.003320541162
0.003320585865
0.003320635413
0.00332068352
0.003320726586
0.00332076513
0.003320799543
0.003320833292
0.003320872156
0.003320911951
0.003320943829
0.003320950865
0.003320910945
0.003320835108
0.003320753441
0.00332121631
0.005236212796
0.9989957921
0.9991942078
0.998989864
0.9990156148
0.2774844252
0.003861563659
0.003320723782
0.003320590542
0.003320594702
0.003320647148
0.003320727595
0.003320807111
0.003320875119
0.003634875373
0.004572697272
0.9952563049
0.9976023181
0.9980332792
0.9990107595
0.9989760217
0.9991164482
0.9992594344
0.9991203652
0.9858951365
0.00366448719
0.003799946365
0.00496728266
0.9984140393
0.005581579324
0.003954081586
0.003326055773
0.00596868647
0.01335591142
0.9983711072
0.008717424128
0.9990221494
0.9989663278
0.9966166751
0.003856605018
0.003320733933
0.003321077112
0.003320756405
0.003320812678
0.003359329049
0.00426064758
0.7847230335
0.9491844093
0.004825372518
0.9959216963
0.9988389929
0.998869788
0.9989510475
0.4166911355
0.9975859363
0.9985647279
0.134803215
0.9987475114
0.9979725881
0.9990804168
0.9474594084
0.003909890299
0.003321747516
0.003320902971
0.003321064614
0.003320883
0.003320752712
0.003871773288
0.98912825
0.9989789588
0.9986321012
0.004250133969
0.003321203408
0.003321042841
0.003320857188
0.003854503531
0.04860390855
0.9990226855
0.9990414863
0.07554619114
0.003899937844
0.003321018842
0.003321271314
0.003321398519
0.003321425758
0.003321428884
0.003321445709
0.003321440519
0.003321392533
0.003321807247
0.003321364789
0.00394069552
0.9391757571
0.9996176026
0.999640812
0.999436172
0.9993189903
0.9991063877
0.9989400198
0.008520014815
0.003696287874
0.003320903195
0.006520621577
0.00651121519
0.003320459695
0.003320535259
0.003320577194
0.003320624074
0.003320671655
0.003320717213
0.003320760266
0.003320800797
0.003320840489
0.003320881286
0.003320919181
0.003320946338
0.003320950496
0.00332091954
0.003320860615
0.003320797734
0.003320799417
0.003320868434
0.004281871289
0.9990145284
0.9990523852
0.999106879
0.9992139888
0.9990416733
0.005267569021
0.00350916046
0.003320587581
0.003320716916
0.003320828686
0.003320937287
0.003321040606
0.003321176494
0.003321450251
0.003678914975
0.007969807718
0.9980227754
0.998946841
0.9992373976
0.9993404782
0.9991516018
0.9990988336
0.9985773012
0.007928577108
0.004983217498
0.9985798813
0.00637931021
0.004164969043
0.003324237994
0.005008779863
0.01324775199
0.9990808156
0.01336652925
0.003981049539
0.004054655838
0.9975407494
0.9991331893
0.998930338
0.00456076846
0.003321638964
0.003320571696
0.003316043929
0.0036964805
0.2521326119
0.9974960632
0.004462689365
0.003502886779
0.003659273197
0.005741046621
0.9982621144
0.9988867259
0.9989356977
0.9979750397
0.9975214487
0.9989098961
0.9990612941
0.9989694723
0.9981760124
0.004581214337
0.003449606741
0.003320963577
0.003320918628
0.003320909956
0.003320884939
0.00332079536
0.003320707169
0.003703103406
0.9844074928
0.9991487633
0.9991032174
0.005531177428
0.003322015811
0.003485693852
0.004599289735
0.9989604669
0.9990880512
0.9960651688
0.004673252775
0.003334739775
0.003321111528
0.003321326549
0.003321461663
0.003321513054
0.003321522637
0.00332152142
0.003321489007
0.003321816585
0.003321456669
0.00332149237
0.003321429811
0.003581675132
0.01108078908
0.9994256035
0.9994671335
0.9992602513
0.9991107045
0.9991932126
0.9991945713
0.9985741372
0.004184599665
0.006527005404
0.006511222673
0.003320459467
0.003320533497
0.003320573569
0.003320618883
0.003320666472
0.003320714134
0.003320760817
0.003320805884
0.003320849486
0.003320891336
0.003320927524
0.003320951592
0.003320955342
0.003320933171
0.003320892148
0.003320852368
0.003320850876
0.003320872268
0.003320837346
0.004123960188
0.9985236877
0.999032276
0.2253812817
0.9990240342
0.9989947839
0.9604026062
0.003710517366
0.00332082219
0.003320962132
0.003321093098
0.003321179513
0.003321247269
0.003321385753
0.003833439274
0.009626208217
0.9989355608
0.9989537335
0.9992208039
0.9993697541
0.9991761866
0.030215174
0.9981125068
0.9988477645
0.9982561471
0.007109054765
0.004530680141
0.003322856448
0.004358952684
0.009838704238
0.9991407717
0.008633980876
0.004210439336
0.0031691963
0.003317941883
0.003717260914
0.01303690557
0.9993384273
0.9991860611
0.009433098436
0.003662452228
0.003472649202
0.003835292525
0.9815264134
0.4021802268
0.004058109198
0.003321618012
0.003321846021
0.003545009588
0.005741793247
0.9966750842
0.9989447406
0.9989643355
0.9982293693
0.9973562081
0.9980129009
0.9982680041
0.9986165515
0.00465457902
0.003321545743
0.003321151417
0.003321045213
0.003320997901
0.00332098186
0.003320943116
0.003320908624
0.003320875228
0.003584643674
0.009854991859
0.9994843586
0.9994227858
0.01067867977
0.004571275633
0.9950083186
0.9990580275
0.9989554294
0.004646180545
0.003445645386
0.003321088725
0.003321157822
0.003321371586
0.003321520717
0.003321591132
0.003321609981
0.003321612133
0.003321297003
0.003321476701
0.003321463552
0.003321466606
0.00332141874
0.003321505263
0.003322035549
0.005249388644
0.9989418254
0.9990851623
0.9989486153
0.9989407939
0.9990370477
0.9991455174
0.9989763143
0.02072706059
0.006511232523
0.003320460613
0.00332053482
0.003320573685
0.003320618195
0.003320666148
0.003320715621
0.003320765177
0.003320813581
0.003320859917
0.003320902794
0.003320938675
0.00332096267
0.003320969893
0.003320958632
0.00332093556
0.003320915613
0.003320917498
0.003320931159
0.003320927816
0.003320876814
0.004122400566
0.9990229464
0.998980861
0.007909991647
0.9991143286
0.9992071142
0.9990626401
0.004744953344
0.00332272234
0.003321207878
0.003321182498
0.003321117631
0.003608825305
0.004921249258
0.9984433943
0.9989818318
0.9989377377
0.9989750965
0.9989768152
0.9989624118
0.9986723288
0.005639997049
0.9819405544
0.9982550392
0.005939612314
0.003322513977
0.004022968608
0.00797460661
0.9991510821
0.01143715233
0.004629575375
0.003321623009
0.003317282252
0.003038878985
0.003319269737
0.003322822272
0.005117645989
0.9989376296
0.9990667165
0.996573254
0.00464545856
0.9771657788
0.9651624076
0.0162595447
0.003551495813
0.003322376005
0.00332194313
0.004062176104
0.6552444611
0.997185446
0.9989500833
0.9989275953
0.9989317653
0.9989255959
0.9968310425
0.9572238197
0.998547165
0.9923677381
0.004133330758
0.003321140333
0.003321081735
0.003321053615
0.00332107447
0.003321083095
0.003321092206
0.003321114645
0.003321229877
0.003322100575
0.006328822206
0.9991479286
0.9991674176
0.9987857959
0.9987532052
0.9990228916
0.05564851785
0.00387402737
0.003320967721
0.003321230434
0.003321376888
0.003321523718
0.003321635984
0.003321691163
0.003321688694
0.003318976553
0.003321297249
0.003321545198
0.003321494994
0.003321433905
0.003321374483
0.0033213834
0.003321360519
0.003321211866
0.004246596916
0.9987577671
0.9989789437
0.9989636133
0.9989486065
0.9992651668
0.9996936204
0.9989374055
0.006511243736
0.003320462734
0.003320538354
0.003320576491
0.003320620749
0.00332066934
0.003320720478
0.003320772415
0.003320823417
0.003320871911
0.003320916137
0.003320953064
0.003320979197
0.003320992062
0.003320991919
0.00332098421
0.003320979015
0.0033209845
0.00332099364
0.003320992166
0.003320985246
0.003320916791
0.004315313748
0.998974294
0.9990217889
0.004985728092
0.01939529765
0.9992504047
0.999224132
0.01552622793
0.003902211011
0.003321165644
0.003579430809
0.004445680802
0.9957885914
0.9989817068
0.9989993648
0.9990769139
0.9989924927
0.9989960367
0.9976798423
0.9981021536
0.9116213366
0.004174978533
0.9975976372
0.9987478247
0.005015853585
0.006164686725
0.9991142725
0.01774500926
0.005551757205
0.003323166744
0.003321814077
0.003321889136
0.003320080762
0.003051654559
0.003318057923
0.003346517707
0.003947676283
0.9986733016
0.9989936483
0.9990615843
0.1830207818
0.01409813774
0.003958821062
0.003340693278
0.003322919122
0.00385159362
0.00802826641
0.9990006374
0.9982842807
0.9986639233
0.9988738574
0.998959597
0.9988960459
0.9898187111
0.004483288145
0.00530339549
0.9986558664
0.9988297149
0.004037875405
0.0033210341
0.003321004926
0.003321093064
0.003321146787
0.003321191209
0.003321234065
0.003320795983
0.003317415617
0.003901437538
0.08238314754
0.9992317603
0.9992133327
0.9989328941
0.9965106023
0.004954659892
0.003332182108
0.003321115399
0.003321372169
0.003321509215
0.003321637799
0.003321740237
0.003321742497
0.003321721579
0.003321626741
0.003321662866
0.003321580831
0.003321506567
0.003321436718
0.003321388457
0.003321409635
0.003321417108
0.003321346819
0.003321317817
0.0041354623
0.9977689142
0.9989871759
0.9989998482
0.999540719
0.9997513272
0.9995581662
0.006511255458
0.003320465491
0.003320543377
0.003320581174
0.003320625626
0.003320675114
0.003320727912
0.003320781978
0.003320835144
0.00332088547
0.0033209313
0.003320970031
0.003320999204
0.003321018168
0.00332102805
0.003321032771
0.003321038963
0.003321047969
0.003321054991
0.003321053551
0.003321049872
0.003321046465
0.003321022833
0.004675978641
0.9989774936
0.9990122304
0.004125003011
0.004742268858
0.9990763526
0.999045242
0.9983407684
0.00475171238
0.004734072413
0.9918455182
0.9989529198
0.9989739585
0.9990017943
0.9990192056
0.9990326169
0.01537491908
0.006897411246
0.9989160287
0.9977131834
0.004232528006
0.003971804772
0.9920690072
0.9984739327
0.9986031072
0.03559644772
0.00660739823
0.003328428395
0.003322796218
0.003322448793
0.003322467436
0.003322577326
0.00331967912
0.003257366229
0.003404122081
0.003778553611
0.003872750862
0.02105334388
0.9989516347
0.99898263
0.9989497129
0.004095216197
0.003322927353
0.003931771349
0.007281427578
0.9989562303
0.9990883729
0.9990465437
0.9987995598
0.9975084555
0.996113927
0.9984860727
0.9989228991
0.006310997649
0.003321922758
0.004275334302
0.9988136092
0.9956339061
0.004046325848
0.003320885691
0.003321020342
0.003321100862
0.003321125138
0.0033206922
0.003318692361
0.003647774029
0.005415214716
0.993649978
0.9991230467
0.9994160132
0.9990490027
0.007752229483
0.00378439564
0.00332117719
0.003321150595
0.003321508368
0.003321583674
0.003321690587
0.003321765611
0.003321773293
0.003322184925
0.003321741444
0.003321674006
0.00332159623
0.003321510553
0.003321429181
0.003321383923
0.003321441081
0.003321497319
0.003321462063
0.003321750394
0.003415190347
0.007143095036
0.9989988882
0.9991864603
0.9996846576
0.9997862267
0.9997025377
0.006511266986
0.003320468594
0.003320549311
0.003320587143
0.003320632204
0.003320682851
0.003320737424
0.003320793527
0.003320848552
0.003320900384
0.003320947869
0.003320988459
0.003321020306
0.003321044514
0.003321062609
0.003321077088
0.003321092917
0.003321104931
0.003321109662
0.003321104178
0.003321098597
0.003321093743
0.003321112335
0.003321087277
0.004515740066
0.999010298
0.9990258425
0.004884693876
0.00378244016
0.9707712308
0.9980731436
0.9972689301
0.9978963778
0.9989802315
0.9989735235
0.9990712852
0.9990033116
0.999072543
0.007005861874
0.004046036147
0.003333004036
0.0104001738
0.998940106
0.9976493641
0.004326425335
0.006404932235
0.9987593115
0.998866637
0.0157212467
0.00336698581
0.003325017909
0.003322906667
0.003322681876
0.00332266402
0.003322495232
0.003359302888
0.003406152344
0.004609744023
0.003389002746
0.00376451407
0.006051198628
0.9977641994
0.9985876811
0.9989028505
0.2272448111
0.004956484385
0.01430696017
0.9990761454
0.999443715
0.9994714754
0.9989881999
0.9834824373
0.00614750217
0.6479247016
0.009284795721
0.9988925818
0.9990416856
0.004403022134
0.003321379124
0.004271173157
0.9988541952
0.9987019013
0.004008990384
0.003320865695
0.003320940881
0.00332050448
0.003319603863
0.003540058514
0.004508296987
0.9694471412
0.9987856813
0.9988741282
0.9989285455
0.998988917
0.008850597239
0.05037388431
0.003549787853
0.003385686728
0.003321478342
0.003321532052
0.003321621033
0.003321778964
0.003321852555
0.003321813414
0.003321769952
0.003321676388
0.003321586393
0.003321491342
0.003321375682
0.003321286612
0.00332132534
0.003321330021
0.003321241866
0.003531878709
0.005044281567
0.2949108068
0.9991791668
0.9993208258
0.9996881113
0.9997619236
0.9997008105
0.00651127776
0.003320471803
0.003320555725
0.003320594026
0.003320640134
0.003320692192
0.003320748751
0.003320806865
0.003320863402
0.003320916268
0.003320965381
0.003321007331
0.003321040321
0.003321067909
0.003321091864
0.003321113722
0.003321139441
0.003321153863
0.003321155717
0.003321142815
0.003321134059
0.0033211293
0.003321166285
0.003321201115
0.003321121388
0.004155576214
0.9988564639
0.9989824909
0.008319341282
0.009139099755
0.9987924489
0.9989843405
0.9989914749
0.9990453223
0.9991198845
0.9990582715
0.9991076771
0.006327772856
0.003817757339
0.003321793748
0.003321728208
0.00359675138
0.9888665729
0.9989497367
0.00869232866
0.9925160994
0.006693556607
0.9860508617
0.9989450395
0.005294409741
0.003322437089
0.003322365681
0.003322338803
0.003322365832
0.003360835109
0.003392557955
0.004604818272
0.003397347908
0.003493147691
0.00453354754
0.9644469453
0.9914410392
0.008483816874
0.6646350316
0.9989008229
0.9989781625
0.9990420526
0.9995578003
0.9994944143
0.9991414289
0.02678741797
0.004415483949
0.003596166246
0.003951889072
0.9677343908
0.5316230028
0.9989998025
0.9989731724
0.004009837294
0.003321197302
0.004123155394
0.9988433083
0.9980245857
0.004035794596
0.003320828779
0.003320566463
0.003533619666
0.004250699047
0.9723536106
0.9988631644
0.9988422278
0.9978683853
0.006830681927
0.9979735327
0.9991519527
0.004686064261
0.003687822914
0.002937359356
0.003329976564
0.003321850455
0.003321605042
0.00332212424
0.003321880464
0.00332184088
0.003321752419
0.003321620905
0.003321531736
0.003321439283
0.003321303871
0.003321137881
0.003321174595
0.003321219353
0.003707769711
0.004945132031
0.9617582651
0.9991401022
0.9994015304
0.9992356865
0.9994944026
0.9995249907
0.9992263725
0.006511287354
0.003320474918
0.00332056235
0.003320601705
0.003320649345
0.003320703002
0.00332076186
0.003320821925
0.003320879364
0.003320932486
0.003320983521
0.003321026154
0.003321057663
0.003321085904
0.003321112522
0.003321138727
0.003321177152
0.00332119247
0.003321187858
0.003321161288
0.003321142188
0.003321115961
0.003321163498
0.003321176574
0.003321263353
0.003322723769
0.004787699638
0.9984500641
0.998956338
0.9989510522
0.9990042293
0.9992022995
0.9993923993
0.9993986722
0.9991942756
0.9989937748
0.007361745539
0.003827341791
0.003321468913
0.003321564679
0.003321382517
0.003320909103
0.003900739078
0.9985824522
0.998540416
0.8365745461
0.005710528667
0.4445868844
0.9978632012
0.999042117
0.004004547812
0.003321985229
0.003322147124
0.003363539405
0.003395442294
0.00460110294
0.003384127588
0.003353090735
0.004202024895
0.7671272825
0.9935957492
0.007209173071
0.9839561277
0.9853573953
0.9988845011
0.9989715338
0.9992469369
0.9993184759
0.9989374649
0.007989990321
0.004010964192
0.003325205862
0.003321295147
0.003321110315
0.00381759152
0.9943471709
0.00981079592
0.9990001921
0.998051835
0.00398225505
0.003321222358
0.004107605463
0.9987177301
0.9981350245
0.00415701756
0.00362396001
0.004215615054
0.9767932522
0.998944702
0.9989511845
0.9973456837
0.00488176846
0.003789911759
0.004223138121
0.9990117733
0.9990317044
0.004464981327
0.003855555005
0.003434570582
0.003344349412
0.003321754156
0.00332187856
0.003321908219
0.003321831736
0.003321682984
0.003321516989
0.003321434779
0.003321355531
0.003321223727
0.003321136009
0.003329626076
0.004137598474
0.00815275191
0.9989357052
0.9989861608
0.9992175693
0.9993992093
0.999134344
0.9992049037
0.9989508174
0.9953020089
0.006511295453
0.003320477769
0.003320569122
0.003320610368
0.003320660067
0.003320715364
0.003320777046
0.003320838793
0.003320895889
0.003320947861
0.003321002083
0.003321045117
0.003321071848
0.00332109751
0.003321122001
0.003321147311
0.003321203638
0.003321216911
0.003321199919
0.003321138415
0.003321106
0.00332101171
0.003321024096
0.00332098403
0.003512747431
0.004475458324
0.01709982406
0.9989542839
0.9990249171
0.9992333785
0.9991962743
0.9992402414
0.9994829609
0.9993425706
0.9990025851
0.008604091232
0.003924321853
0.003321617183
0.003321610914
0.003321558578
0.003321278906
0.003320983887
0.003321031304
0.005238086737
0.9986699018
0.9971219771
0.008968091733
0.9845563179
0.006365671172
0.9990001674
0.985329053
0.00355425061
0.00336058476
0.003393900035
0.004605892031
0.003382744908
0.003350239451
0.003814681488
0.006357115881
0.9986401712
0.0953007378
0.9970744946
0.9972782984
0.9989061967
0.9989233668
0.9991878413
0.9992990782
0.9989523163
0.007410832072
0.003863398391
0.003321412894
0.003321190326
0.00332117098
0.00332113704
0.00332099596
0.004687805131
0.9989835303
0.00816554192
0.9982952767
0.9976275614
0.003996067404
0.003321230041
0.004156161559
0.9985008509
0.9980326189
0.007348282758
0.9916944315
0.9987687548
0.9990002131
0.9976505612
0.0050013491
0.003654860796
0.003320901177
0.003321078534
0.006952670293
0.9991645255
0.03688834414
0.9280192765
0.003665080711
0.003649826441
0.003327443607
0.003321818109
0.00332189198
0.003321799833
0.003321622694
0.003321377224
0.003321269595
0.003321152125
0.003320974592
0.003495451112
0.004722685063
0.07207617442
0.9993204685
0.999439566
0.9994860788
0.9995544765
0.9995863516
0.999316661
0.9984607541
0.008595377568
0.01101856267
0.006511301835
0.003320480214
0.003320576315
0.003320620614
0.003320672805
0.003320729515
0.003320795246
0.003320857873
0.003320911944
0.003320960141
0.003321020907
0.003321064359
0.003321083445
0.003321106406
0.00332112057
0.00332113562
0.003321224044
0.003321221511
0.003321209777
0.003321111484
0.003321082815
0.003321123235
0.00336039068
0.003991179122
0.005790845195
0.9858106976
0.9990242551
0.9991954379
0.9992169881
0.9994020502
0.9993928838
0.9993471594
0.9992557141
0.9989854832
0.01375253249
0.004000470592
0.003321956416
0.0033218547
0.003321701675
0.003321471138
0.003321215901
0.003321954123
0.003719276744
0.00462331069
0.9912529387
0.9987553311
0.9973755999
0.5335304154
0.004538775964
0.00779033139
0.9989866739
0.005964870817
0.003405165308
0.004173742049
0.003382709842
0.003350144582
0.003981759778
0.006409416609
0.9983218832
0.9978036258
0.9988875065
0.9990587785
0.9990728361
0.9990195381
0.9989840594
0.9989791637
0.9993192399
0.02113507673
0.003837902374
0.003321837462
0.003321386514
0.003321259958
0.003321186459
0.003321106089
0.003321004945
0.003348028341
0.02575056461
0.9972872729
0.00465233575
0.9969302173
0.9966881978
0.003943643494
0.003715154114
0.006313963607
0.9988286782
0.9989891219
0.9989898608
0.9990205093
0.9981173994
0.005264031348
0.003692414035
0.003320842533
0.003320830959
0.003320814372
0.003537219528
0.9908147434
0.9989715852
0.009181478768
0.004095506412
0.003359792603
0.003341271035
0.003322958989
0.003322631769
0.003322064478
0.003321747081
0.003321329281
0.003321230102
0.003321351685
0.003783672473
0.005355144078
0.9973357932
0.9993800228
0.9996816252
0.9996323647
0.9994512153
0.9992905985
0.9991419141
0.06696609167
0.005270666939
0.003638534235
0.006537181052
0.006511306453
0.003320482109
0.003320584878
0.003320633722
0.003320688141
0.003320745383
0.00332081878
0.003320880692
0.003320925538
0.003320964484
0.003321040447
0.003321082587
0.003321088684
0.003321122505
0.003321120241
0.00332108852
0.003321240732
0.003321188462
0.003321131168
0.003321121481
0.003327825634
0.003749787691
0.006038972219
0.1981453154
0.9990762973
0.9991282457
0.9991377496
0.9991618986
0.99906771
0.999173666
0.9990433332
0.9989939529
0.9991178003
0.01878272809
0.999111192
0.004341298267
0.003322105347
0.003321908315
0.003321532057
0.003321301997
0.003543561153
0.004387095704
0.01482293662
0.9988917674
0.9990198253
0.9979225856
0.9989937496
0.006218077216
0.5380272808
0.004748969479
0.9986159146
0.9991202274
0.00409084562
0.003454707735
0.003535717644
0.004363452962
0.02089452247
0.9989363496
0.9989799809
0.9989811487
0.999018229
0.9990806846
0.99907829
0.9982941949
0.9969999971
0.9990059763
0.01192412629
0.172001299
0.004058793263
0.003322839858
0.003321675991
0.003321397194
0.003321250491
0.003321142593
0.003321071028
0.003320999259
0.003597074681
0.8833099009
0.9785877312
0.004402408525
0.9974184647
0.9949906132
0.005712236847
0.9900225744
0.9984875055
0.9989731246
0.9990012562
0.9974124269
0.005926530253
0.003747416451
0.003320993193
0.003320887028
0.003320868556
0.003320816381
0.003320833181
0.003811409285
0.9878263165
0.9970612992
0.8960443587
0.003723084347
0.002242861945
0.00332578199
0.003326280127
0.003322114339
0.003321906832
0.003321541369
0.00343989752
0.004249659287
0.01019176146
0.9989411649
0.9991683981
0.999429672
0.999635062
0.9993269361
0.9989594793
0.9982931859
0.006784253997
0.004051991736
0.003332507791
0.003321160013
0.006525475158
0.006511310483
0.003320483197
0.003320597075
0.003320652429
0.003320706511
0.003320760895
0.003320851768
0.003320912591
0.003320935122
0.003320949263
0.003321061812
0.0033211002
0.003321073445
0.003321145013
0.003321162028
0.003321050332
0.003321236429
0.003321295574
0.003380220562
0.003814962448
0.005921729699
0.06107233984
0.9990245898
0.9996115471
0.9996893054
0.9996031061
0.9994687573
0.9993145271
0.9990871336
0.9991263215
0.9990511384
0.9974819188
0.9990829051
0.009963225521
0.007606581799
0.009440940257
0.003322743719
0.003321896146
0.003507195601
0.003972190043
0.006699914892
0.974483418
0.998987716
0.9990006178
0.1062578673
0.008457627097
0.9990169641
0.0171017928
0.004344012002
0.0515839068
0.008029837814
0.999323388
0.04344117273
0.004354217421
0.005964414813
0.9926212285
0.9992152773
0.999493015
0.99939277
0.9989912296
0.9991230287
0.9990949312
0.9988582031
0.628002079
0.9973696179
0.00676350735
0.007393212756
0.005527926401
0.9986593129
0.00371931607
0.003321620375
0.003321410988
0.003321274127
0.003321143561
0.003321090711
0.003321047337
0.003321164734
0.00394859118
0.9981078252
0.03135187937
0.006978290255
0.9980900191
0.9978377947
0.9983298801
0.9990375311
0.9989783243
0.9988962827
0.8635296463
0.004501427467
0.003321174031
0.003321087009
0.003321007785
0.003320969789
0.003320952348
0.003320855152
0.003665376349
0.9202229361
0.6372144154
0.9980581734
0.00523094192
0.003795628318
0.003337487858
0.002493037569
0.003323118888
0.003321634355
0.003578463866
0.005120360303
0.4898990087
0.9992767176
0.9995734631
0.9996038879
0.9995832287
0.9995167074
0.9990120761
0.8111324704
0.004450633236
0.003610402998
0.003320894494
0.003320930671
0.00332084086
0.006516828116
0.006511322691
0.003320483446
0.003320617139
0.003320682332
0.00332072935
0.003320768839
0.003320897721
0.00332096286
0.003320951543
0.003320895333
0.003321073487
0.003321117711
0.003321027097
0.003321141094
0.00332120065
0.003321542217
0.003526264601
0.003893818055
0.007882075059
0.2897494088
0.9990300726
0.9996416891
0.9997195631
0.9997038827
0.999716222
0.9995957102
0.9994987177
0.9994225195
0.9989999579
0.9977031438
0.274147445
0.006137995462
0.2398658159
0.9989952109
0.004731854947
0.9989821829
0.004416036297
0.003713419209
0.005767231493
0.5553882015
0.9989468682
0.9988942795
0.6613599574
0.0055362405
0.0038197206
0.003734277216
0.9986142449
0.9990653151
0.408715049
0.004117797544
0.7295197928
0.09426034162
0.9994149631
0.5511940291
0.9989766094
0.9991119341
0.9994504762
0.9995379241
0.9993689491
0.9990427597
0.9754779963
0.9011330824
0.005242946856
0.004148660996
0.00390024085
0.01170444067
0.005594220047
0.9715862424
0.005303568288
0.004785367175
0.003321267093
0.003321279452
0.003321225939
0.003321110649
0.003321023172
0.003321003843
0.003321251508
0.003595787678
0.007460327961
0.9987731787
0.9972723936
0.998289171
0.9989310034
0.9990231025
0.9990326115
0.9989906073
0.0337414303
0.004373120832
0.8170656252
0.004083673394
0.003321150066
0.003321128638
0.003321055605
0.00332107031
0.003320913573
0.003321009326
0.004648609176
0.006979785932
0.9987271725
0.8726455129
0.9486992453
0.00442013469
0.00371584852
0.003327977795
0.004017773949
0.006821348513
0.9984908129
0.9993223417
0.9996160483
0.999677619
0.9994515072
0.9991375549
0.9989267667
0.0103976676
0.004111262282
0.003453602353
0.003320699203
0.003320774771
0.003320858826
0.003320739939
0.006514118775
0.006511386493
0.00332048596
0.003320654168
0.00332072887
0.003320765109
0.003320757866
0.003320950258
0.00332102132
0.003320987106
0.003320834424
0.003320988663
0.003320956101
0.003321166048
0.003336840858
0.003685187832
0.004286873225
0.01043592897
0.9164230966
0.9989848124
0.9996882945
0.9997109251
0.9996951877
0.9997257401
0.9996968532
0.9996963954
0.9995743396
0.9989443822
0.7919754524
0.00873120012
0.004227667229
0.003671560812
0.003424162659
0.008177092515
0.9992688841
0.005468143145
0.005954102069
0.009731534661
0.02028629137
0.9989495274
0.998935737
0.9944874398
0.007022846534
0.003977118779
0.003511679324
0.003321991288
0.003321363582
0.007797124652
0.9990108234
0.006211807029
0.004371515205
0.005184623737
0.9965082633
0.998987797
0.9994027069
0.9995046598
0.999548044
0.9996130332
0.9994809631
0.9989751189
0.02549982331
0.5173664187
0.003800718563
0.003494660199
0.003321256075
0.00332177094
0.00469809129
0.997177968
0.003981754011
0.004474805762
0.9983838658
0.003995473179
0.003321108946
0.003321072983
0.003321073308
0.003321586586
0.003564669138
0.004117328252
0.006588312391
0.9953482908
0.998952262
0.998976021
0.9988796906
0.997950249
0.9977787545
0.9971654568
0.1279388978
0.9991840076
0.00404364096
0.004107427446
0.7298152835
0.003629050395
0.003321284659
0.003321144439
0.003321174037
0.003321378045
0.003320605785
0.003990638557
0.9981940294
0.007522750684
0.9990772917
0.4012612728
0.004723178578
0.8301576372
0.004801312723
0.04908323091
0.9991823048
0.9993739659
0.9995393878
0.9996675175
0.9996421206
0.9992622515
0.9948744353
0.005083285295
0.003773332523
0.003321207502
0.003320723234
0.003320713363
0.003320776661
0.003320814832
0.003320677578
0.006513029299
0.006511667808
0.003320515175
0.003320728901
0.003320788695
0.003320801759
0.003320769005
0.003320986756
0.003320986671
0.003321118217
0.003322863544
0.003558431375
0.003771209502
0.00433612766
0.0115796146
0.1235600137
0.9989709778
0.9992147773
0.9995978977
0.9995949521
0.9996265849
0.9996705331
0.9996592041
0.9996899886
0.9995150274
0.999006506
0.02850099608
0.005750378424
0.003796164695
0.003518508333
0.003322670657
0.00332183395
0.003322231407
0.003968992559
0.9987066638
0.04930797193
0.03673296253
0.9986693358
0.998933898
0.9989246258
0.02028846591
0.004542855202
0.003539220941
0.003321544009
0.003321674483
0.003322133215
0.003350038743
0.004712739195
0.9990577596
0.99889034
0.03937495973
0.9989636451
0.9989469534
0.9993472235
0.9996412551
0.9996556032
0.9994562554
0.9993462462
0.6310014584
0.006694840655
0.004404958942
0.003952097064
0.003526913353
0.003321295283
0.003321615706
0.003321764182
0.003910474404
0.998724033
0.004519526826
0.003321882713
0.006798367985
0.005974782601
0.003321428368
0.003327834204
0.003696179919
0.004704589676
0.01056344456
0.9973779913
0.9989287568
0.9990163247
0.9989819609
0.9989464159
0.9989686602
0.9971442938
0.9926615114
0.006983134629
0.9971349913
0.9985000952
0.1292448966
0.003564305418
0.9820464272
0.007652026539
0.003656237525
0.003321086091
0.003321122771
0.00332139629
0.003320489742
0.003321664201
0.005775159308
0.006439703545
0.01074035704
0.9991397811
0.008438762715
0.01002853281
0.9974803187
0.9992780709
0.9996499271
0.9996166568
0.9995268763
0.9993939712
0.9991246639
0.03107794082
0.004451323166
0.003472179736
0.003320683527
0.003320689321
0.003320660134
0.003320692433
0.003320736237
0.0033207495
0.003320625916
0.00651236853
0.006513385973
0.003320717418
0.003320893415
0.003320787666
0.00332086722
0.003322079115
0.003535586244
0.003752042452
0.004220414078
0.008243911641
0.03630259947
0.9944129978
0.9991007784
0.9993706878
0.9997447822
0.9997321427
0.9996601127
0.9996587116
0.9995662557
0.9993915839
0.9991626671
0.9990144166
0.9989698862
0.02091860326
0.004794093481
0.003658255375
0.003326336913
0.003325956993
0.003375058414
0.003623394013
0.003749874509
0.004076249738
0.005300094204
0.9159125176
0.9967901922
0.9989940046
0.9990192251
0.8762332698
0.004969914824
0.003712122011
0.003330003294
0.003502800991
0.003661486901
0.003822365511
0.004351012622
0.008570964249
0.1369755928
0.9989625749
0.9989814298
0.9991269593
0.9993354386
0.9993973643
0.9995024397
0.9996244374
0.999515094
0.9990582833
0.01473464342
0.004798446471
0.003798009048
0.003506957526
0.5471331153
0.00363101837
0.003321728574
0.003321801329
0.003321852985
0.003321760199
0.008583902203
0.01661636838
0.003323715487
0.003946678144
0.9954513775
0.004229165373
0.006239114781
0.05385938955
0.9989610159
0.9992174998
0.9993672172
0.9991083518
0.9993438746
0.9994488898
0.9988239079
0.9987078702
0.7718088616
0.004122090475
0.003736323755
0.004635434001
0.1848450728
0.996955481
0.003798099848
0.00386878565
0.01411714311
0.7618035581
0.003346497887
0.00332145986
0.003320811285
0.003320611429
0.003320906812
0.003831952054
0.9954723878
0.005672701136
0.9869064178
0.9988389908
0.998955613
0.9991725449
0.9993771482
0.9996122942
0.999287549
0.9989706564
0.9987917784
0.006854956298
0.00399450975
0.00332425218
0.003320744631
0.003320712563
0.003320701558
0.003320670716
0.003320677518
0.003320693684
0.00332068897
0.003320581569
0.006511920846
0.006521304709
0.0033212246
0.003453710485
0.003687736072
0.004078322011
0.007425414461
0.03255718587
0.9952058736
0.9990495124
0.9993857051
0.9997503021
0.9997256086
0.999700384
0.9997213292
0.9997328298
0.9997341989
0.9997068637
0.9996405852
0.9994259888
0.9990995259
0.9990791004
0.9986259595
0.02417301249
0.01219989398
0.008473091958
0.007964983491
0.008467146603
0.01086597313
0.02405209834
0.2203258062
0.8999498525
0.9978570022
0.9990707467
0.9990841329
0.9986644397
0.9971734807
0.02230070413
0.008302490103
0.006464710763
0.006821468898
0.01046581801
0.03587294216
0.6091465985
0.9980997814
0.9989642179
0.9990462023
0.9996218749
0.9996166915
0.9995795655
0.9995468965
0.999540774
0.9995638721
0.9995861195
0.9989273614
0.9221643277
0.01150982741
0.004825046036
0.004031597792
0.004063848187
0.003591301908
0.003871908271
0.003868732165
0.003322034908
0.003321495885
0.003321499357
0.003321805873
0.004020757493
0.9991158304
0.005344237865
0.005772369227
0.02107275455
0.9969444259
0.9989632211
0.999656424
0.999605252
0.9992403474
0.9992851576
0.9989799409
0.9984831469
0.1558497994
0.00908127643
0.9353757051
0.007140727979
0.003514582884
0.003321149143
0.003754512775
0.9971547138
0.9989893249
0.006357222933
0.003723387713
0.004220867394
0.878463587
0.00360324798
0.003320658182
0.003321088359
0.003322646389
0.003647793019
0.004523738039
0.01304820314
0.9973967411
0.9988712489
0.9990088929
0.9993191198
0.9994603933
0.9995438914
0.9995747665
0.9991008481
0.9645511422
0.004499824733
0.003633260566
0.003320772332
0.003320686046
0.003320630049
0.003320663203
0.003320666653
0.003320651928
0.003320649352
0.003320648777
0.0033206354
0.003320544071
0.006511610781
0.03271448559
0.006550064105
0.0196490649
0.8117683831
0.9991054437
0.9994440143
0.9997525774
0.9997420938
0.9997272076
0.9997448976
0.9997627008
0.9997741382
0.9997619312
0.9997569685
0.9997455097
0.9997301444
0.9997195939
0.9997003246
0.9995990214
0.9994043826
0.9992200128
0.9991728083
0.9995105393
0.9997024613
0.9997224057
0.9997228319
0.999725713
0.9997303309
0.9997389054
0.9997547737
0.9997035123
0.9995701535
0.9993225026
0.9993117875
0.9991945491
0.9990267638
0.9990822334
0.9993731789
0.9994599909
0.9995996199
0.9996911925
0.9997331586
0.9997191227
0.9996483915
0.9993932509
0.9993560806
0.9993671537
0.999405133
0.9993617919
0.9994350084
0.9992308458
0.9990056607
0.1474199421
0.01049623474
0.007716963745
0.9903371143
0.9617377346
0.003947356522
0.003481661088
0.003426443404
0.003592172925
0.6027899393
0.003600017915
0.003596507165
0.003727403515
0.004034942215
0.006286327039
0.08553279059
0.9553124909
0.9986538575
0.9993386143
0.9994653668
0.9993102684
0.9995855079
0.9996209793
0.998779126
0.9777573343
0.007051503522
0.004249472313
0.003751640814
0.003521794124
0.385772975
0.9858451377
0.003638136841
0.003321402411
0.003320867249
0.004223575611
0.9615085366
0.007900054075
0.8280407251
0.004272229736
0.9968239363
0.004371676698
0.00355127535
0.003844779759
0.006482256488
0.02267238936
0.9987267409
0.9991726751
0.9992553922
0.9992560868
0.9994336539
0.9996443803
0.9995036486
0.9992710921
0.9990561609
0.01912584817
0.004276866855
0.003448013303
0.003320642864
0.003320665438
0.003320653826
0.003320624016
0.003320634888
0.003320637371
0.003320627268
0.003320619159
0.003320609358
0.003320591829
0.003320513995
0.006511402776
0.9991848305
0.9996745828
0.9997485337
0.9997651527
0.999765227
0.9997738848
0.9997855308
0.9997927423
0.9997866733
0.9997887469
0.9997881883
0.9997873032
0.9997874958
0.9997841882
0.999773436
0.9997574898
0.9997417589
0.9997300286
0.9997223698
0.9997118248
0.9997043061
0.9997134287
0.9997248041
0.9997573646
0.9997714166
0.9997773884
0.9997800232
0.9997799568
0.9997765125
0.9997683746
0.999751072
0.9997146571
0.9996981907
0.999687049
0.9996889053
0.9996803205
0.999666586
0.9997148767
0.9997249908
0.9997290043
0.9997322227
0.9997328637
0.9997285332
0.999709197
0.9996389105
0.9994711546
0.9992527145
0.9990636081
0.9989960788
0.9989658975
0.943523636
0.01311400548
0.007695354448
0.00658391917
0.8879630426
0.5252087188
0.009053750091
0.005325883434
0.004434734797
0.004963344972
0.006064754436
0.00937066299
0.01865075327
0.06374655766
0.9238945409
0.9981018477
0.9990930888
0.9993386971
0.9992523887
0.9990081077
0.9990333355
0.9994088783
0.9991204256
0.9989085292
0.03324204555
0.005642676792
0.003722282589
0.003468652887
0.003321734971
0.003321684976
0.003321978825
0.004852594483
0.997050951
0.003930165379
0.003321136966
0.003321296949
0.003706436005
0.9966243967
0.9966491113
0.8105099693
0.004301349388
0.005317592568
0.01222045323
0.01567088498
0.9930907442
0.9989511289
0.9995962322
0.9995829293
0.9994589369
0.9995316218
0.9995767994
0.999570308
0.9996647119
0.9994395052
0.997729044
0.006271082073
0.003941254573
0.0033225711
0.00332075912
0.003320706918
0.003320703044
0.003320673629
0.003320638309
0.003320626184
0.00332061582
0.00332060231
0.003320589096
0.003320574457
0.003320556055
0.00332049024
0.006511267254
0.9996666345
0.9997856243
0.9997985439
0.9998058892
0.9998053926
0.9998060034
0.9998059229
0.9998058126
0.9998066943
0.9998061508
0.9998038155
0.9998025188
0.999802274
0.99980058
0.9997951221
0.9997877255
0.9997794961
0.9997705573
0.9997608306
0.9997543309
0.999754021
0.9997601435
0.9997680246
0.9997743897
0.9997805921
0.9997837157
0.9997842456
0.9997818274
0.9997761528
0.9997676279
0.9997588772
0.9997519165
0.9997442009
0.9997391422
0.9997391033
0.9997385646
0.9997345896
0.9997316402
0.9997334681
0.9997340574
0.9997308662
0.9997257769
0.9997210122
0.9997164684
0.9996979964
0.999620338
0.9994534292
0.9992759535
0.9991326651
0.9990113952
0.9989588605
0.9989765469
0.9990378807
0.9991225436
0.9989957434
0.9990953711
0.9990197678
0.9990240922
0.9990434199
0.9991917609
0.9994020397
0.9996008014
0.999674919
0.9997425045
0.9996840026
0.9994587269
0.9991682638
0.9990965105
0.999023564
0.9988998994
0.9973920208
0.9977218173
0.01289040849
0.005599356803
0.003770916567
0.003326563378
0.003322015958
0.003321869129
0.003321962351
0.003322422026
0.003337518094
0.003935846371
0.98804331
0.005345690545
0.003747000719
0.003907724585
0.004792398899
0.02332911949
0.9981626331
0.01728487044
0.01814715755
0.9971441905
0.9989313605
0.9995107502
0.9995265508
0.9994470959
0.9995503485
0.9996809862
0.9995255963
0.9993848149
0.9994956015
0.9994507941
0.9989300048
0.02850373951
0.004749855652
0.003525173475
0.003320826852
0.003320772382
0.003320680095
0.003320689359
0.003320690878
0.003320668138
0.003320637535
0.003320616566
0.003320597473
0.003320578504
0.003320560562
0.003320543011
0.003320525393
0.003320471218
0.006511182529
0.9997509771
0.999808972
0.9998194287
0.9998249841
0.9998262939
0.9998254217
0.9998226676
0.9998198986
0.9998184452
0.9998170426
0.9998145472
0.9998126099
0.9998115564
0.9998101791
0.9998076453
0.9998047889
0.9998020136
0.9997992086
0.9997963466
0.9997942264
0.9997936292
0.9997944104
0.9997950875
0.9997947411
0.9997941586
0.9997939678
0.9997929989
0.9997907024
0.9997870979
0.9997831935
0.9997809966
0.9997809864
0.999780735
0.9997798468
0.9997794733
0.9997780594
0.9997737253
0.999766704
0.9997594307
0.9997528397
0.9997444174
0.9997351489
0.9997281288
0.9997248483
0.9997212365
0.9997107235
0.9996800531
0.9996355805
0.9996017438
0.9995759626
0.99955367
0.9995645294
0.9996172944
0.9996025408
0.9995938236
0.9995396366
0.9995944815
0.9996564371
0.9996688668
0.9996895164
0.9997109454
0.9997189626
0.9997202895
0.9997181425
0.9997120502
0.9996178317
0.9993704184
0.999095703
0.9989197946
0.9988063748
0.9971635447
0.9934648815
0.02025193988
0.9977500995
0.009768291235
0.008500226815
0.007172154716
0.006841925382
0.006753931083
0.006993153673
0.008470404933
0.0226059565
0.9934986073
0.9848562992
0.6723638819
0.9953903601
0.9977243017
0.9989914007
0.9990711437
0.9990482465
0.999360179
0.999415831
0.9993221583
0.9994967565
0.9995676574
0.9995539615
0.9994757744
0.9995708864
0.999572066
0.9988993594
0.9976396434
0.01505911414
0.005147618407
0.003727300528
0.003323274775
0.003320870608
0.003320847236
0.003320794052
0.003320713921
0.003320693797
0.003320683055
0.003320659283
0.003320630314
0.003320604949
0.003320580717
0.003320557197
0.003320534864
0.003320514547
0.00332049776
0.003320455465
0.006511132887
0.9997980921
0.999834852
0.9998453325
0.999849313
0.9998484166
0.9998453314
0.9998406704
0.9998354931
0.9998312042
0.9998276211
0.9998241247
0.9998211592
0.9998189671
0.9998170577
0.9998150413
0.9998132133
0.9998117692
0.9998106623
0.9998097072
0.9998088335
0.9998081138
0.9998075632
0.9998069009
0.9998058999
0.9998047357
0.999803652
0.9998025048
0.9998011137
0.999799622
0.9997985956
0.9997986622
0.9997994432
0.9997997636
0.9997995033
0.9997990323
0.999797843
0.999795161
0.9997905883
0.9997844079
0.9997770855
0.9997685267
0.9997593095
0.9997509962
0.9997448916
0.9997394473
0.9997327083
0.9997263785
0.9997223833
0.9997204199
0.9997197829
0.9997199694
0.9997191542
0.9997162608
0.9997153782
0.999717894
0.9997217688
0.9997228669
0.999722333
0.9997206175
0.9997187895
0.9997174724
0.9997149485
0.999709525
0.9996984961
0.9996678252
0.9996111256
0.9994998477
0.9993102135
0.999114954
0.9989993228
0.998966519
0.9989792167
0.9993002104
0.9994404682
0.9994621937
0.9997051517
0.9996879271
0.9996717772
0.9996569799
0.9996406931
0.9996297713
0.9996700325
0.999454206
0.9990155806
0.9989749264
0.999001095
0.9989565954
0.9990330916
0.9993132362
0.9993414765
0.9994195514
0.9994890481
0.9995363517
0.9994401262
0.9992294703
0.9992251885
0.9990291845
0.9984683536
0.03952168356
0.006669098263
0.003868480361
0.003572715519
0.003322009301
0.003320934046
0.00332088315
0.003320809202
0.003320830698
0.00332078115
0.003320721909
0.003320691809
0.003320670099
0.003320644826
0.003320616996
0.003320590384
0.003320564256
0.003320538552
0.003320513342
0.003320489664
0.003320471813
0.003320441715
0.006511106698
0.9998247584
0.9998698439
0.9998746075
0.9998740408
0.9998700483
0.999864521
0.9998581786
0.9998516188
0.9998455242
0.9998399101
0.999834655
0.9998300904
0.9998264436
0.9998235234
0.9998210683
0.9998190578
0.9998174762
0.9998162529
0.9998152733
0.9998144303
0.9998136666
0.9998129484
0.9998121926
0.9998113588
0.9998105185
0.9998097463
0.9998090476
0.9998084741
0.9998081529
0.9998082551
0.9998087778
0.9998093019
0.9998093668
0.9998090363
0.9998084834
0.9998075596
0.9998060325
0.9998036719
0.9998002613
0.999795657
0.9997899513
0.9997839217
0.9997788504
0.9997756534
0.9997737468
0.9997720727
0.9997709876
0.9997714915
0.999773426
0.9997755917
0.9997767561
0.999775464
0.9997712125
0.9997670302
0.9997666518
0.9997686805
0.99976765
0.9997598851
0.9997474589
0.9997347322
0.9997241704
0.9997158967
0.9997081061
0.999695625
0.9996703411
0.9996397043
0.9996000418
0.9995352999
0.9994682213
0.9994405527
0.9994688974
0.9995363171
0.9996080567
0.9997093006
0.9996944123
0.9997214528
0.9997294214
0.9997311947
0.9997300443
0.9997273464
0.999724015
0.9997211881
0.9997211944
0.9996532852
0.9994596957
0.9993396254
0.9991838929
0.9991293349
0.999197429
0.9993264066
0.9993828015
0.999212257
0.9994293134
0.9994460038
0.9986055123
0.9722874827
0.007402972691
0.004196080802
0.003614707368
0.003331057227
0.003321158438
0.003320870344
0.003320848723
0.003320817742
0.003320829053
0.003320777387
0.003320780521
0.003320753625
0.00332071173
0.003320680877
0.003320654108
0.003320627175
0.003320600038
0.0033205738
0.003320548092
0.003320522769
0.003320497476
0.003320472061
0.003320449758
0.003320428953
0.006511095259
0.9998755603
0.9999061681
0.9999009793
0.9998948658
0.9998877684
0.9998802083
0.9998724459
0.9998648388
0.9998577856
0.9998512654
0.9998450421
0.9998391876
0.9998340294
0.9998297691
0.9998263826
0.9998237645
0.9998217616
0.9998202139
0.9998189787
0.9998179371
0.9998169981
0.9998160954
0.9998151839
0.9998142841
0.9998134802
0.9998128427
0.9998124153
0.9998122682
0.9998124731
0.9998130247
0.9998137521
0.9998143424
0.9998145694
0.999814419
0.9998138924
0.9998129225
0.9998115016
0.9998096859
0.9998074959
0.9998048319
0.9998016377
0.9997983382
0.9997958831
0.9997950165
0.9997955875
0.9997970425
0.9997990701
0.9998013718
0.9998035388
0.9998053168
0.9998065913
0.9998070728
0.9998065843
0.9998057892
0.9998054269
0.9998048059
0.9998021185
0.999795158
0.9997817517
0.9997618278
0.9997387231
0.9997193917
0.9997085455
0.9996980216
0.9996815549
0.9996698187
0.9996645347
0.9996614302
0.9996658301
0.9996810743
0.9996984147
0.999708273
0.9997113467
0.9997128355
0.9997145087
0.9997135287
0.9997160663
0.9997186095
0.9997201895
0.9997214605
0.9997229964
0.9997254925
0.999727949
0.999723277
0.9997080903
0.9996061139
0.9994252887
0.9992278052
0.9990514764
0.9989582039
0.9989512299
0.9989190356
0.9974436362
0.01577431818
0.005573670454
0.003716549765
0.003485331827
0.00332121589
0.003320924053
0.003320887822
0.003320864712
0.00332084896
0.003320818099
0.003320771337
0.003320754341
0.003320715487
0.003320688765
0.003320658233
0.003320623953
0.003320593763
0.003320567451
0.003320543747
0.003320522254
0.003320502977
0.003320485591
0.003320469867
0.003320455488
0.003320442007
0.003320429064
0.00332041613
0.006511089051
0.9998209893
0.9998793875
0.9998509578
0.9998396514
0.9998322024
0.9998264562
0.999821696
0.9998178582
0.9998148892
0.9998125564
0.9998106506
0.9998089427
0.9998067494
0.9998030159
0.9997969123
0.9997884462
0.9997785028
0.9997683859
0.9997591583
0.9997511933
0.9997440753
0.9997370181
0.9997295417
0.9997221451
0.999716063
0.9997120493
0.9997100035
0.999709651
0.999710908
0.9997136653
0.9997176484
0.9997227235
0.9997284156
0.9997329387
0.9997340583
0.9997305589
0.9997231522
0.9997147681
0.9997075962
0.9996976253
0.9996789557
0.9996550305
0.9996368679
0.9996325046
0.999641567
0.9996584221
0.9996771352
0.9996924092
0.9997016
0.9997066015
0.9997097147
0.9997110504
0.9997106219
0.9997096308
0.9997091712
0.999708175
0.9997029787
0.9996828534
0.9996248891
0.9995163121
0.9993724873
0.99922003
0.9990840447
0.9989840977
0.9989302412
0.9989178463
0.9989294845
0.9989525722
0.9989898941
0.9990475063
0.9991174198
0.9991715623
0.9991811558
0.9991492179
0.9991068512
0.9990638277
0.9990384653
0.9990580128
0.9990889237
0.9991269718
0.999182067
0.9992631005
0.9993505001
0.9993735324
0.9992617286
0.9990387493
0.9988622801
0.9987730948
0.9982300615
0.9969327436
0.9867468045
0.04270753323
0.01108086158
0.008148379758
0.006547882742
0.006527895504
0.006520837358
0.006521031185
0.00652146709
0.006520988339
0.006520465306
0.006520258048
0.006519386355
0.00651817122
0.006517097295
0.0065159988
0.006515009491
0.006514102538
0.006513330784
0.006512714371
0.006512230357
0.006511859984
0.006511586704
0.006511393295
0.006511262438
0.006511179171
0.00651113035
0.006511104883
0.006511094047
0.006511088365
0.01127323193
