0.9999986955
0.9999990144
0.9999985826
0.9999983578
0.9999981912
0.9999980401
0.9999978872
0.9999977246
0.9999975474
0.9999973526
0.9999971405
0.999996917
0.9999966913
0.9999964704
0.9999962564
0.9999960471
0.9999958378
0.9999956229
0.9999953995
0.9999951717
0.9999949513
0.999994756
0.9999946047
0.9999945083
0.999994464
0.9999944589
0.9999944794
0.9999945159
0.9999945624
0.9999946133
0.9999946693
0.9999947382
0.9999948299
0.999994952
0.9999951028
0.9999952659
0.9999954056
0.9999954755
0.9999954418
0.9999952976
0.9999950595
0.9999947526
0.9999943955
0.9999939931
0.9999935654
0.9999931525
0.999992793
0.9999925141
0.9999923554
0.9999923902
0.9999926867
0.9999931965
0.9999937621
0.9999942363
0.9999945281
0.9999946158
0.9999945265
0.9999943088
0.9999940063
0.9999936455
0.9999932378
0.9999927848
0.9999922827
0.9999917238
0.999991097
0.9999903875
0.9999895767
0.9999886461
0.9999876028
0.9999865505
0.9999857652
0.9999856264
0.9999862218
0.9999872156
0.9999882505
0.9999891517
0.9999898235
0.9999901794
0.9999902236
0.9999901623
0.999990063
0.9999888108
0.9999856051
0.9999811835
0.9999717182
0.9999528925
6.164905223e-05
3.77790021e-05
3.054453753e-05
3.054455204e-05
3.054455344e-05
3.05445507e-05
3.054454933e-05
3.054454809e-05
3.054454685e-05
3.054454551e-05
3.054454424e-05
3.054454288e-05
3.05445415e-05
3.054454017e-05
3.054453879e-05
3.05445373e-05
3.054453569e-05
3.054453399e-05
3.054453225e-05
3.054453052e-05
3.054452875e-05
3.054452685e-05
3.054452472e-05
3.054452226e-05
3.054451935e-05
3.054451587e-05
3.054451174e-05
3.054450693e-05
3.054450127e-05
3.054449388e-05
3.054448161e-05
3.054445696e-05
3.054448378e-05
3.667618603e-05
0.6125930405
0.9999984125
0.999999392
0.999999267
0.9999991521
0.9999990553
0.9999989661
0.9999988786
0.9999987892
0.9999986952
0.9999985941
0.9999984853
0.999998371
0.9999982553
0.999998142
0.9999980323
0.9999979259
0.9999978211
0.9999977151
0.9999976061
0.9999974946
0.9999973851
0.9999972849
0.9999972023
0.9999971428
0.9999971062
0.9999970878
0.9999970834
0.99999709
0.9999971046
0.999997123
0.9999971435
0.9999971679
0.9999972002
0.999997245
0.999997304
0.9999973721
0.9999974329
0.9999974618
0.9999974402
0.9999973641
0.9999972441
0.9999970987
0.9999969422
0.9999967765
0.9999966073
0.9999964502
0.9999963159
0.9999962033
0.9999961105
0.9999960619
0.9999961068
0.9999962576
0.9999964641
0.9999966594
0.999996788
0.9999968277
0.9999967876
0.9999966902
0.999996557
0.9999964005
0.9999962267
0.9999960374
0.9999958327
0.9999956113
0.9999953713
0.9999951097
0.9999948212
0.9999944969
0.9999941238
0.9999937015
0.9999932969
0.9999930624
0.9999930847
0.9999932762
0.9999935174
0.9999937462
0.9999938997
0.9999938781
0.9999935895
0.9999930637
0.9999928459
0.9999934138
0.9999926958
0.9999902454
0.9999888703
0.9999871912
0.9999869817
0.9999841138
3.656210677e-05
1.977315368e-05
1.640957541e-05
1.531648068e-05
1.531648133e-05
1.531648123e-05
1.53164808e-05
1.531648054e-05
1.531648037e-05
1.531648019e-05
1.531647999e-05
1.531647983e-05
1.531647965e-05
1.531647944e-05
1.531647922e-05
1.531647901e-05
1.531647878e-05
1.53164785e-05
1.531647813e-05
1.531647764e-05
1.531647701e-05
1.53164762e-05
1.531647518e-05
1.531647395e-05
1.531647259e-05
1.531647119e-05
1.531646999e-05
1.531646949e-05
1.53164709e-05
1.531647572e-05
1.531647804e-05
1.922441345e-05
0.5504556258
0.9999974413
0.9999989365
0.9999990537
0.9999990026
0.9999989132
0.9999988149
0.999998715
0.9999986147
0.9999985121
0.9999984032
0.9999982858
0.9999981628
0.9999980402
0.9999979225
0.9999978107
0.9999977046
0.9999976026
0.9999975006
0.9999973945
0.9999972835
0.9999971711
0.9999970649
0.9999969747
0.9999969059
0.9999968555
0.9999968181
0.9999967928
0.9999967823
0.9999967857
0.9999967942
0.9999968019
0.999996809
0.9999968179
0.9999968372
0.9999968769
0.9999969386
0.9999969997
0.9999970186
0.9999969664
0.9999968426
0.9999966701
0.9999964924
0.9999963566
0.9999962532
0.9999961674
0.9999961064
0.9999960667
0.9999960231
0.9999959382
0.9999957971
0.9999956842
0.9999956769
0.9999957598
0.9999958813
0.9999959489
0.9999959191
0.999995819
0.9999956972
0.9999955823
0.9999954763
0.9999953742
0.9999952722
0.9999951685
0.9999950626
0.999994954
0.9999948414
0.9999947206
0.99999458
0.9999943921
0.9999941042
0.9999936769
0.9999932599
0.9999930084
0.9999928403
0.9999926507
0.9999924576
0.9999922281
0.9999917346
0.9999906071
0.9999881742
0.9999834371
0.9999854169
0.9999894828
0.9999872845
0.9999862895
0.9999882007
0.9999907174
0.9999934727
0.9999933363
0.9999910535
0.9999784538
3.347273395e-05
1.96235718e-05
1.642155043e-05
1.53164818e-05
1.531648257e-05
1.531648258e-05
1.531648223e-05
1.531648206e-05
1.531648205e-05
1.531648212e-05
1.53164821e-05
1.531648205e-05
1.531648201e-05
1.531648198e-05
1.531648194e-05
1.531648182e-05
1.531648154e-05
1.531648107e-05
1.53164804e-05
1.531647944e-05
1.531647817e-05
1.531647672e-05
1.531647528e-05
1.531647405e-05
1.531647334e-05
1.53164738e-05
1.531647758e-05
1.531648269e-05
2.015921743e-05
0.9999577804
0.9999962407
0.9999984241
0.9999986558
0.9999987197
0.9999986707
0.9999985787
0.9999984752
0.9999983716
0.999998268
0.9999981558
0.9999980292
0.9999978931
0.999997759
0.9999976341
0.9999975192
0.9999974151
0.999997321
0.9999972298
0.9999971318
0.9999970222
0.9999969029
0.9999967834
0.9999966796
0.9999965995
0.9999965332
0.9999964682
0.9999964088
0.9999963743
0.9999963715
0.9999963793
0.999996381
0.9999963728
0.9999963521
0.9999963316
0.999996343
0.9999964135
0.99999651
0.9999965448
0.9999964577
0.9999962428
0.9999959312
0.9999955962
0.9999953926
0.9999954345
0.9999955456
0.9999956623
0.9999957721
0.9999958425
0.9999958268
0.999995646
0.9999952413
0.9999948712
0.9999946567
0.9999946236
0.9999946843
0.9999945835
0.9999943602
0.999994172
0.9999940963
0.9999941054
0.9999941565
0.9999942244
0.999994298
0.9999943729
0.9999944475
0.99999452
0.9999945868
0.9999946385
0.999994653
0.9999945748
0.9999942667
0.9999935833
0.9999929255
0.9999923489
0.9999916414
0.9999909227
0.9999903865
0.9999897849
0.9999886449
0.999986413
0.9999805699
0.9999705418
4.032087747e-05
3.291092735e-05
0.9999471367
0.9999613395
0.9999802071
0.9999923992
0.9999939306
0.9999941619
0.9999940688
0.9999933864
0.9999910683
0.999979157
3.428505955e-05
1.97621924e-05
1.644494303e-05
1.531648163e-05
1.531648233e-05
1.531648228e-05
1.531648208e-05
1.531648206e-05
1.531648223e-05
1.531648232e-05
1.531648233e-05
1.531648233e-05
1.531648226e-05
1.5316482e-05
1.531648145e-05
1.531648067e-05
1.531647965e-05
1.53164784e-05
1.531647719e-05
1.531647631e-05
1.531647592e-05
1.53164762e-05
1.531647692e-05
1.531647977e-05
1.531647551e-05
2.845038328e-05
0.9999792763
0.9999946813
0.9999977534
0.9999981307
0.9999982859
0.9999982855
0.9999982055
0.9999981037
0.9999980087
0.9999979235
0.9999978249
0.9999976949
0.9999975431
0.9999973931
0.999997256
0.9999971302
0.9999970227
0.9999969412
0.9999968734
0.999996799
0.9999967054
0.9999965861
0.9999964495
0.9999963254
0.9999962315
0.9999961437
0.9999960276
0.9999958899
0.9999957917
0.9999957901
0.9999958315
0.999995861
0.9999958637
0.9999958234
0.9999957486
0.9999956891
0.9999957592
0.9999959349
0.9999960233
0.9999958983
0.9999955385
0.9999949576
0.9999941826
0.9999934254
0.9999934747
0.999994768
0.9999952449
0.9999955653
0.9999957665
0.9999958799
0.9999958858
0.9999955475
0.9999939557
0.9999927083
0.999991776
0.9999915112
0.9999920846
0.9999916331
0.9999913504
0.9999914794
0.9999918438
0.9999922755
0.9999927048
0.9999931081
0.9999934804
0.9999938224
0.9999941364
0.9999944246
0.9999946883
0.999994927
0.9999951335
0.9999952536
0.9999949716
0.9999931022
0.9999918439
0.9999906069
0.9999890877
0.9999882815
0.9999883317
0.999988498
0.9999883525
0.9999873357
0.9999850982
0.999981327
0.9999421724
0.9991717761
2.210539532e-05
1.824570761e-05
2.323793049e-05
4.745718746e-05
0.9999853135
0.999992802
0.9999941733
0.9999942198
0.9999940919
0.9999934603
0.9999912429
0.9999797515
3.452895284e-05
1.989622e-05
1.667433744e-05
1.531647656e-05
1.531648107e-05
1.531648194e-05
1.531648245e-05
1.531648263e-05
1.531648279e-05
1.531648289e-05
1.531648271e-05
1.531648206e-05
1.531648089e-05
1.531647954e-05
1.531647807e-05
1.53164771e-05
1.531647682e-05
1.531647706e-05
1.531647798e-05
1.531647856e-05
1.531648071e-05
1.582209432e-05
5.093855958e-05
0.9999906867
0.9999934594
0.999996801
0.9999974008
0.9999976692
0.9999976922
0.9999975969
0.9999974805
0.9999974086
0.9999973936
0.9999973664
0.9999972614
0.9999970969
0.9999969282
0.9999967715
0.9999966095
0.9999964632
0.9999963866
0.9999963666
0.9999963543
0.999996322
0.9999962454
0.9999961028
0.9999959434
0.9999958243
0.9999957078
0.9999955063
0.999995196
0.9999948866
0.999994815
0.999995024
0.9999952153
0.9999953112
0.9999952968
0.999995194
0.9999950258
0.9999949413
0.9999951909
0.999995393
0.9999952384
0.9999946862
0.9999937442
0.9999921926
0.9999895113
0.9999858912
0.9999897339
0.9999929697
0.9999938822
0.9999939787
0.9999942146
0.9999946006
0.9999952567
0.9999935025
0.9999890319
0.9999835865
0.9999763239
0.9999751101
0.9999771742
0.999973475
0.9999757846
0.9999792088
0.9999821556
0.999984527
0.9999864303
0.999987975
0.9999892463
0.9999903081
0.9999912104
0.9999919971
0.9999927155
0.9999934309
0.9999942536
0.9999952892
0.9999937209
0.9999901877
0.9999889058
0.9999880364
0.9999850878
0.9999860919
0.9999878703
0.9999893586
0.9999897489
0.999987855
0.9999858349
0.9999814383
0.9999176528
2.157469275e-05
1.531648047e-05
1.531648063e-05
1.531647586e-05
1.685065593e-05
2.151258996e-05
4.595944028e-05
0.9999851104
0.9999926913
0.999994112
0.9999942091
0.9999941084
0.9999934545
0.9999908474
0.9999803525
4.629730688e-05
2.579564697e-05
2.050401189e-05
2.017555393e-05
2.045097845e-05
1.970043538e-05
1.829798096e-05
1.71858836e-05
1.643848345e-05
1.590116925e-05
1.563936196e-05
1.531648006e-05
1.531647926e-05
1.531647911e-05
1.531647932e-05
1.53164798e-05
1.531647834e-05
1.531648107e-05
1.651158613e-05
0.6136017547
0.9999905585
0.9999894924
0.9999950107
0.9999958297
0.9999967462
0.999996776
0.9999965824
0.9999963095
0.9999962273
0.9999964339
0.9999966685
0.9999967356
0.9999965809
0.9999963828
0.9999961966
0.9999959448
0.9999956369
0.9999954443
0.9999955254
0.9999956896
0.9999958338
0.9999959222
0.9999958844
0.9999956551
0.9999954274
0.9999952484
0.9999949491
0.9999943548
0.9999934831
0.999992784
0.9999931547
0.9999945533
0.9999948588
0.9999949113
0.9999948581
0.9999947581
0.9999944999
0.9999938826
0.9999943605
0.999994268
0.9999934804
0.999992365
0.9999908863
0.9999875494
0.9999781854
0.9999611816
3.990473157e-05
3.229660804e-05
2.749254985e-05
2.631680018e-05
2.731812969e-05
3.365250807e-05
4.333379344e-05
0.9999464394
0.9999172118
0.9999531906
0.9999037157
2.314513859e-05
1.788995138e-05
1.78746391e-05
1.820333165e-05
1.85612741e-05
1.895170696e-05
1.938250431e-05
1.985845233e-05
2.038355468e-05
2.096302867e-05
2.160660523e-05
2.23378374e-05
2.322248409e-05
2.446161816e-05
2.678841626e-05
3.562307118e-05
4.923114862e-05
0.9999591071
0.9999683584
0.9999810503
0.9999818656
0.9999806342
0.999984379
0.9999874247
0.9999905857
0.9999895319
0.9999878807
0.9999869856
0.9999845104
0.999982899
2.808131993e-05
1.698176722e-05
1.531648082e-05
1.531647966e-05
1.531648008e-05
1.531647797e-05
1.681832676e-05
2.135773417e-05
4.469442986e-05
0.9999846678
0.9999925413
0.9999940378
0.9999938617
0.9999919601
0.999992215
0.9999912791
0.9999784021
0.999974768
0.9999772242
0.9999769186
0.9999674976
0.999944821
0.9998909845
0.9996387052
0.9992065926
2.352169819e-05
2.123933435e-05
1.903435531e-05
1.764966822e-05
1.67869651e-05
1.676814933e-05
1.740214671e-05
1.763253282e-05
0.918585679
0.9999835085
4.283618471e-05
3.425845511e-05
0.9999789216
0.9999923847
0.9999948966
0.9999950251
0.9999941596
0.9999929218
0.9999940496
0.9999953184
0.999996085
0.9999964163
0.9999958614
0.9999956128
0.9999952196
0.9999945024
0.9999936442
0.9999933968
0.9999945597
0.9999951773
0.9999956418
0.9999959668
0.9999960045
0.999995174
0.9999946735
0.9999943203
0.9999936197
0.9999919114
0.9999888164
0.9999854444
0.9999897618
0.99999255
0.9999926832
0.9999922953
0.9999925258
0.9999930942
0.9999908914
0.9999907211
0.9999918623
0.999990589
0.9999897924
0.9999907714
0.9999918791
0.9999894402
0.9999870772
0.99998513
0.99997957
2.489546898e-05
1.737932306e-05
1.53164778e-05
1.531647847e-05
1.531647625e-05
1.626419858e-05
2.182636439e-05
0.9999617715
0.9999663226
0.9999806674
2.517997036e-05
1.606232348e-05
1.531648377e-05
1.531648374e-05
1.53164837e-05
1.531648358e-05
1.531648349e-05
1.53164834e-05
1.531648327e-05
1.531648313e-05
1.531648296e-05
1.531648271e-05
1.53164823e-05
1.531648154e-05
1.531647985e-05
1.53164733e-05
1.63243498e-05
1.746499622e-05
2.346891365e-05
4.332136548e-05
0.9999694461
0.9999718623
0.999978649
0.9999850105
0.9999878904
0.99998799
0.9999870478
0.9999863742
0.9999885815
0.999989508
0.9999791558
2.245673456e-05
1.618513463e-05
1.531648009e-05
1.531647976e-05
1.531648084e-05
1.531648165e-05
1.531647904e-05
1.677296762e-05
2.111340773e-05
4.327203981e-05
0.9999848534
0.9999865312
0.9999870943
0.9999869032
0.9999647741
0.9997972925
0.9998975898
0.9999473656
0.9999359681
0.9999588328
0.9999749347
0.9999838562
0.9999896641
0.999987381
0.9999849446
0.9999755122
0.9999573079
0.9998714879
0.9999570014
3.7364267e-05
0.9689108465
0.9884000207
0.9999771816
3.054456157e-05
1.531647996e-05
1.597644656e-05
1.853559119e-05
3.355782851e-05
0.9999865611
0.9999911597
0.9999865897
0.999976083
0.9999878974
0.9999927418
0.9999955605
0.999995456
0.99999465
0.9999947852
0.9999934883
0.9999911442
0.9999865203
0.9999875643
0.9999914062
0.9999933785
0.9999944688
0.9999956228
0.9999949479
0.9999932813
0.9999928043
0.9999930529
0.9999928171
0.9999887712
0.9999786425
0.9999586512
3.910272976e-05
3.143619952e-05
2.39150682e-05
2.358030526e-05
2.582047671e-05
4.217691271e-05
0.9999695077
0.999979607
0.9999731633
0.9999638591
0.9999830544
0.999992937
0.9999936067
0.9999926832
0.999991627
0.9999922057
0.9999916145
0.9999880238
3.807588174e-05
1.953780304e-05
1.639336487e-05
1.531647831e-05
2.240713451e-05
0.9999879278
4.431272341e-05
0.999970987
0.9999873876
0.9999414222
1.78499259e-05
1.531648335e-05
1.531648368e-05
1.531648347e-05
1.531648332e-05
1.531648322e-05
1.531648308e-05
1.531648296e-05
1.531648288e-05
1.531648281e-05
1.531648275e-05
1.531648268e-05
1.531648259e-05
1.531648258e-05
1.531648281e-05
1.531647735e-05
2.18713632e-05
0.9999665192
0.9999776769
0.9999715068
0.9999598042
0.9999455913
3.119494374e-05
0.9999763769
0.9999847912
0.9999873239
0.9999877623
0.9999894725
0.9999904021
0.9999872044
0.9999601669
2.001334917e-05
1.531647471e-05
1.531648107e-05
1.531648045e-05
1.531648142e-05
1.531648213e-05
1.531648271e-05
1.531648003e-05
1.695450144e-05
2.071474953e-05
0.9998738628
0.9999713426
0.9999758839
0.9999297822
2.341990598e-05
2.044837094e-05
1.741746749e-05
1.764045771e-05
1.909427065e-05
2.158003013e-05
2.743379909e-05
3.256951885e-05
0.9999151175
0.999869799
0.9999445107
0.9999704329
0.9999709203
0.9999785758
0.9999518434
0.9998567819
0.9999689324
3.054456666e-05
1.531648362e-05
1.531648371e-05
1.531648388e-05
1.531648278e-05
1.702817305e-05
2.931456157e-05
0.9999878111
0.9999790924
2.343451258e-05
2.079488035e-05
3.004336282e-05
4.717596054e-05
0.9999841786
0.999991241
0.9999928354
0.9999914936
0.9999870615
0.9999775971
3.495628953e-05
2.581956366e-05
2.71738173e-05
3.611289887e-05
5.511790775e-05
0.8282049601
0.9999746864
0.99998627
0.9999929819
0.9999929865
0.9999907812
0.9999864741
0.9999813046
0.9999785128
3.54449641e-05
2.30410764e-05
1.821409281e-05
2.689478247e-05
0.9999803722
0.9999329065
2.283598817e-05
1.763510607e-05
1.855402354e-05
2.578709151e-05
4.547242342e-05
0.9999890093
0.9999905148
0.9999917549
0.9999938107
0.9999940257
0.9999933739
0.9999895712
0.9999669442
3.268251352e-05
3.345958567e-05
0.9999852613
3.296402527e-05
1.67452317e-05
2.752558153e-05
0.9999801557
0.9999773717
2.515731816e-05
1.609422947e-05
1.531648369e-05
1.531648343e-05
1.531648334e-05
1.531648317e-05
1.531648305e-05
1.5316483e-05
1.531648297e-05
1.531648295e-05
1.53164829e-05
1.531648285e-05
1.531648282e-05
1.531648315e-05
1.696739211e-05
3.821018707e-05
0.9999875411
0.9999815902
0.99997017
0.9999230365
2.120680524e-05
1.692555138e-05
1.715049461e-05
2.317307269e-05
0.9999689394
0.999984822
0.9999893454
0.9999903024
0.9999909718
0.9999910366
0.9999915191
5.297013593e-05
1.867063948e-05
1.53164807e-05
1.531648181e-05
1.531648189e-05
1.531648242e-05
1.531648285e-05
1.531648321e-05
1.531648354e-05
1.613985858e-05
2.044581844e-05
0.9999711918
0.9999888244
0.9999830499
0.999902507
1.836694671e-05
1.5316474e-05
1.531647286e-05
1.531647471e-05
1.531647872e-05
1.53164793e-05
1.59667891e-05
1.632918496e-05
1.725489412e-05
1.921386321e-05
2.814870228e-05
4.069116574e-05
0.9999743476
0.999956586
0.9999418139
3.054456701e-05
1.531648412e-05
1.53164839e-05
1.531648386e-05
1.531648378e-05
1.531648353e-05
1.531648205e-05
2.263627779e-05
0.9999872588
0.999985862
2.064299216e-05
1.531648083e-05
1.531646459e-05
1.663778536e-05
1.978679981e-05
3.571140383e-05
0.9999856088
0.9999899078
0.999991543
0.9999886667
0.9999541091
1.861942289e-05
1.531647605e-05
1.531647069e-05
1.63403613e-05
1.69449909e-05
1.865962388e-05
2.524992024e-05
5.452540815e-05
0.9999874587
0.999988375
0.9999876027
0.9999863024
0.9999873348
0.9999870614
0.9999455175
0.9999531949
0.9999847878
0.9998907661
1.780036589e-05
1.531648264e-05
1.531648298e-05
1.531648213e-05
1.531646179e-05
1.780358869e-05
2.484081761e-05
0.9999660484
0.999990736
0.9999938325
0.9999940574
0.9999931683
0.9999902255
0.9999909205
0.9999902965
0.9999785211
2.293639455e-05
1.531647182e-05
1.531647756e-05
1.847176551e-05
0.9999575906
0.9999875038
0.9999457962
1.798863823e-05
1.531648321e-05
1.531648349e-05
1.531648324e-05
1.531648311e-05
1.531648307e-05
1.531648305e-05
1.531648306e-05
1.531648306e-05
1.531648315e-05
1.531648301e-05
1.56811383e-05
2.003342988e-05
0.9999790543
0.9999911088
0.9999868959
0.9999626789
2.183827713e-05
1.679458571e-05
1.531648326e-05
1.531648339e-05
1.53164835e-05
1.666073867e-05
2.214420976e-05
0.9999719855
0.999987314
0.9999907957
0.9999917436
0.9999937339
0.9999946488
0.9999920187
3.665651255e-05
1.785699067e-05
1.531648233e-05
1.53164827e-05
1.531648289e-05
1.531648314e-05
1.531648321e-05
1.531648329e-05
1.53164833e-05
1.715107229e-05
3.320858868e-05
0.9999861379
0.9999783197
0.9999785609
3.082716786e-05
1.768995847e-05
1.531647597e-05
1.531647568e-05
1.531647832e-05
1.531648077e-05
1.531648176e-05
1.531648154e-05
1.601819446e-05
2.267019086e-05
0.9999759186
0.9999793348
0.9999653205
0.999807875
3.054456701e-05
1.531648419e-05
1.531648402e-05
1.531648394e-05
1.531648386e-05
1.531648374e-05
1.531648351e-05
1.531648309e-05
2.012768997e-05
0.9999841885
0.9999883835
2.402574095e-05
1.531648032e-05
1.531648301e-05
1.531648341e-05
1.531648164e-05
1.740430827e-05
2.725441022e-05
0.9999878109
0.9999930178
0.9999918657
0.999989394
4.009254695e-05
1.764638301e-05
1.531648304e-05
1.5316483e-05
1.531648278e-05
1.531648203e-05
1.531647375e-05
1.772403553e-05
2.439962321e-05
0.9999571988
0.9999705142
0.9999733547
0.999984354
0.9999860314
0.9999837833
0.9999882366
3.441891289e-05
1.636412504e-05
1.531648272e-05
1.531648261e-05
1.531648283e-05
1.531648302e-05
1.531648321e-05
1.531648339e-05
1.619935e-05
1.990625555e-05
4.351549153e-05
0.9999898482
0.9999923037
0.9999909927
0.9999913411
0.9999929623
0.9999890939
0.999951161
1.850865852e-05
1.531647576e-05
1.531647518e-05
1.625828982e-05
2.69044543e-05
0.9999795715
0.9999781263
2.569100473e-05
1.61452655e-05
1.531648355e-05
1.531648314e-05
1.531648311e-05
1.531648307e-05
1.531648311e-05
1.531648317e-05
1.531648349e-05
1.531648062e-05
1.92714278e-05
0.9998712309
0.9999875192
0.999992131
0.9999850065
2.340620435e-05
1.671536784e-05
1.531648339e-05
1.531648336e-05
1.531648335e-05
1.531648354e-05
1.531648374e-05
1.531648372e-05
1.663344854e-05
2.264526037e-05
0.9999727532
0.9999870928
0.9999915116
0.999993482
0.9999945697
0.999993731
0.9999897923
3.000750354e-05
1.728133846e-05
1.531648314e-05
1.531648326e-05
1.531648321e-05
1.531648322e-05
1.531648296e-05
1.531648273e-05
1.53164814e-05
1.913493282e-05
0.9988327301
0.9999781865
0.9999889801
0.9999844931
2.633725454e-05
1.709011377e-05
1.53164814e-05
1.531648147e-05
1.531648213e-05
1.531648068e-05
1.928665872e-05
0.9492846553
0.9999497856
0.9999652512
0.9998720296
5.097887272e-05
3.054456697e-05
1.531648421e-05
1.531648409e-05
1.531648402e-05
1.531648394e-05
1.531648386e-05
1.531648376e-05
1.531648365e-05
1.531648371e-05
1.836037685e-05
0.9999791472
0.9999911725
3.173852402e-05
1.531647693e-05
1.531648316e-05
1.531648331e-05
1.531648331e-05
1.531648299e-05
1.789882341e-05
4.150585981e-05
0.9999896365
0.9999918443
0.9999930701
0.9999869871
2.312149141e-05
1.603260518e-05
1.531648281e-05
1.53164824e-05
1.531648249e-05
1.531648257e-05
1.531648276e-05
1.641378654e-05
1.971539865e-05
0.9998696727
0.9999782966
0.9999905662
0.9999912322
0.9999844145
2.622899096e-05
1.531647865e-05
1.531648238e-05
1.531648247e-05
1.531648276e-05
1.531648299e-05
1.531648303e-05
1.53164832e-05
1.531648339e-05
1.531648318e-05
1.531647941e-05
1.796121949e-05
3.18854969e-05
0.9999853781
0.9999893923
0.9999923893
0.9999915527
0.9999876531
0.9999818943
2.051265561e-05
1.531647806e-05
1.531647495e-05
1.531648001e-05
1.830213085e-05
0.9999542029
0.999987496
0.9999501826
1.813608492e-05
1.5316483e-05
1.531648315e-05
1.531648291e-05
1.531648301e-05
1.531648319e-05
1.531648357e-05
1.722438711e-05
3.930925525e-05
0.9999889452
0.9999884638
0.9999898111
4.536470923e-05
1.779520136e-05
1.53164832e-05
1.531648337e-05
1.53164833e-05
1.531648337e-05
1.53164835e-05
1.531648363e-05
1.531648372e-05
1.531648381e-05
1.531648374e-05
1.653483222e-05
2.161260282e-05
0.9999699716
0.999988973
0.999992873
0.9999937872
0.9999941316
0.9999926776
0.9999866097
2.565222091e-05
1.679540054e-05
1.531648348e-05
1.531648336e-05
1.531648304e-05
1.531648276e-05
1.531648219e-05
1.53164827e-05
1.578498147e-05
1.867275978e-05
0.9999100982
0.9999850404
0.9999878384
0.9999781018
2.325817541e-05
1.701669171e-05
1.531648211e-05
1.721921874e-05
3.098128918e-05
0.9999781796
0.9999384981
0.999927923
2.823497356e-05
0.981074429
3.054456695e-05
1.531648421e-05
1.531648412e-05
1.531648406e-05
1.5316484e-05
1.531648394e-05
1.531648389e-05
1.531648387e-05
1.531648392e-05
1.531648405e-05
1.721777625e-05
0.9999734156
0.9999924892
3.816661095e-05
1.628854268e-05
1.531648358e-05
1.531648353e-05
1.531648343e-05
1.531648328e-05
1.531648088e-05
1.888627383e-05
0.9999408155
0.9999892426
0.9999929102
0.9999893148
0.9999432905
1.897306784e-05
1.531648008e-05
1.531648245e-05
1.531648193e-05
1.531648221e-05
1.531648222e-05
1.646924891e-05
2.525198247e-05
0.9999681516
0.9999879739
0.9999910432
0.9999872626
0.9999637191
1.853011184e-05
1.531648298e-05
1.531648252e-05
1.531648285e-05
1.531648305e-05
1.531648306e-05
1.531648312e-05
1.53164832e-05
1.531648316e-05
1.531648302e-05
1.531648235e-05
1.614133528e-05
2.487736372e-05
0.9999764348
0.9999863284
0.9999885891
0.9999871603
0.9999889858
0.9999883339
2.278627624e-05
1.531647829e-05
1.531647705e-05
1.531648108e-05
1.620175082e-05
2.629258974e-05
0.9999788777
0.9999788358
2.621896535e-05
1.620160443e-05
1.531648307e-05
1.531648271e-05
1.531648298e-05
1.579542527e-05
2.099427818e-05
0.9999827287
0.9999920937
0.9999881801
0.9999198473
1.99071434e-05
1.531647814e-05
1.531648333e-05
1.531648335e-05
1.531648338e-05
1.531648343e-05
1.53164835e-05
1.531648358e-05
1.531648365e-05
1.53164837e-05
1.531648374e-05
1.531648382e-05
1.531648382e-05
1.640952406e-05
2.232460557e-05
0.999979809
0.9999910075
0.999993509
0.9999937723
0.9999936099
0.9999913012
0.9999812028
2.276591547e-05
1.647659509e-05
1.531648344e-05
1.531648301e-05
1.531648231e-05
1.531648217e-05
1.531648262e-05
1.531648337e-05
1.599087541e-05
1.996097853e-05
0.9999586313
0.9999857584
0.9999824246
0.9999623878
2.462771535e-05
2.31133728e-05
0.9999686124
0.9999817632
0.9999164479
0.9999172363
2.988272685e-05
0.9999652319
3.054456694e-05
1.531648421e-05
1.531648413e-05
1.531648408e-05
1.531648403e-05
1.531648398e-05
1.531648396e-05
1.531648397e-05
1.531648403e-05
1.531648411e-05
1.531648416e-05
1.656902269e-05
0.9999533808
0.9999869926
0.9979616647
1.607468507e-05
1.531648371e-05
1.531648349e-05
1.531648345e-05
1.531648339e-05
1.531648356e-05
1.601915451e-05
2.299063059e-05
0.9999868149
0.9999930205
0.9999918233
0.9999897848
4.292754579e-05
1.798607757e-05
1.531648205e-05
1.531648215e-05
1.531648012e-05
1.90811738e-05
0.9998516208
0.9999768206
0.9999804441
0.9999834921
0.999985784
0.9999851083
0.999979432
2.073596729e-05
1.531648194e-05
1.531648279e-05
1.531648315e-05
1.531648315e-05
1.531648316e-05
1.531648325e-05
1.531648327e-05
1.531648348e-05
1.531647665e-05
2.046514198e-05
0.9998481015
0.9999768077
0.9999715736
0.999951228
0.9999821579
0.9999878225
0.9999919829
0.9999925546
3.010049034e-05
1.531647457e-05
1.531648027e-05
1.531648063e-05
1.531648178e-05
1.814538326e-05
0.9999503876
0.9999874968
0.9999522163
1.835948831e-05
1.531648146e-05
1.531647532e-05
2.037726613e-05
0.9999281429
0.9999882308
0.9999920353
0.999982213
2.077977524e-05
1.575668703e-05
1.531648339e-05
1.531648346e-05
1.531648345e-05
1.531648345e-05
1.531648346e-05
1.53164835e-05
1.531648355e-05
1.53164836e-05
1.531648364e-05
1.531648367e-05
1.531648369e-05
1.531648369e-05
1.531648374e-05
1.531648371e-05
1.671587076e-05
2.502656851e-05
0.9999858376
0.9999924532
0.9999940404
0.9999937835
0.9999929868
0.9999893737
0.9999726477
2.202906084e-05
1.665412003e-05
1.531648297e-05
1.53164825e-05
1.531648218e-05
1.531648264e-05
1.531648302e-05
1.531648324e-05
1.631145402e-05
2.218016784e-05
0.999958393
0.9999678913
0.9999783675
0.9999797367
0.9999811486
0.9999807946
0.999774438
1.966194668e-05
2.289144897e-05
6.074177177e-05
3.054456695e-05
1.53164842e-05
1.531648412e-05
1.531648407e-05
1.531648402e-05
1.531648398e-05
1.531648396e-05
1.531648396e-05
1.5316484e-05
1.531648404e-05
1.531648404e-05
1.531648399e-05
1.673944248e-05
0.9999670384
0.9999853683
0.9992893252
1.643165984e-05
1.531648368e-05
1.531648343e-05
1.531648344e-05
1.531648342e-05
1.531648351e-05
1.531648346e-05
1.761469508e-05
3.968552314e-05
0.9999891855
0.9999917736
0.9999930789
0.9999874892
2.725428708e-05
1.789464989e-05
1.785347124e-05
3.545605172e-05
0.9999853594
0.9999835987
0.9999715787
2.391666527e-05
2.616448335e-05
0.9999803986
0.999988137
0.9999899433
2.820811246e-05
1.53164792e-05
1.53164833e-05
1.531648327e-05
1.531648321e-05
1.53164833e-05
1.531648339e-05
1.53164836e-05
1.738404182e-05
4.747554264e-05
0.9999859914
0.9999767672
3.180281321e-05
1.876196092e-05
2.23474249e-05
0.9999716539
0.9999890066
0.9999941879
0.9999948021
4.679431015e-05
1.665789787e-05
1.53164817e-05
1.531648055e-05
1.531648226e-05
1.614815499e-05
2.573770932e-05
0.9999782965
0.9999714246
2.743185756e-05
2.007964637e-05
5.196738943e-05
0.9999903446
0.9999883839
0.9999887486
3.844565965e-05
1.715927507e-05
1.531648363e-05
1.531648337e-05
1.53164833e-05
1.531648339e-05
1.531648342e-05
1.531648344e-05
1.531648348e-05
1.531648351e-05
1.531648355e-05
1.531648358e-05
1.53164836e-05
1.53164836e-05
1.531648358e-05
1.531648353e-05
1.531648348e-05
1.531648354e-05
1.531648341e-05
1.71852074e-05
2.907589551e-05
0.9999893065
0.9999935555
0.9999944893
0.9999934817
0.9999916476
0.9999875698
0.9999761392
2.441645841e-05
1.728702571e-05
1.531648226e-05
1.53164825e-05
1.531648274e-05
1.531648281e-05
1.531648313e-05
1.650006769e-05
2.131848535e-05
0.9998294439
0.9999802654
0.9999844619
0.9999794963
0.9999654725
2.590610239e-05
1.953154883e-05
1.997741884e-05
0.999962612
3.054456697e-05
1.531648419e-05
1.53164841e-05
1.531648405e-05
1.5316484e-05
1.531648395e-05
1.531648392e-05
1.53164839e-05
1.531648389e-05
1.531648387e-05
1.531648379e-05
1.531648359e-05
1.531648346e-05
1.732620844e-05
5.146173014e-05
0.9999830195
0.996933864
1.680441409e-05
1.531648375e-05
1.531648342e-05
1.531648341e-05
1.531648341e-05
1.531648345e-05
1.531648348e-05
1.53164815e-05
1.864296118e-05
0.9999270764
0.9999888626
0.999990807
0.9999869004
0.9999828242
4.052169919e-05
0.999981465
0.9999866185
0.9999832033
3.137301591e-05
1.755741424e-05
1.531648248e-05
1.85372026e-05
0.9999222801
0.9999898814
0.999993874
3.839714632e-05
1.610339914e-05
1.531648362e-05
1.531648328e-05
1.531648335e-05
1.531648342e-05
1.566985692e-05
1.972962679e-05
0.9999819829
0.9999854627
0.8707372615
1.874297619e-05
1.531648092e-05
1.531648326e-05
1.738513052e-05
0.9998909147
0.9999917763
0.9999951658
0.9999939146
0.9999756326
1.881953326e-05
1.531648206e-05
1.531648189e-05
1.531648209e-05
1.531648204e-05
1.816789691e-05
0.9996273886
0.9999548951
0.999954059
0.9999866356
0.999992912
0.9999874715
0.9998622449
1.921503873e-05
1.531648099e-05
1.531648347e-05
1.53164833e-05
1.531648332e-05
1.531648334e-05
1.531648338e-05
1.531648341e-05
1.531648344e-05
1.531648346e-05
1.531648349e-05
1.531648351e-05
1.531648352e-05
1.531648352e-05
1.531648349e-05
1.531648344e-05
1.531648336e-05
1.531648326e-05
1.531648318e-05
1.531648327e-05
1.531648289e-05
1.774208932e-05
3.518990175e-05
0.9999916857
0.9999945067
0.9999936119
0.9999914951
0.999990572
0.9999883568
0.9999834783
2.941931988e-05
1.789949974e-05
1.531648259e-05
1.531648245e-05
1.677349336e-05
1.982067605e-05
0.9746838297
0.9999110948
0.9999848146
0.9999861804
0.999973313
0.9999610955
2.387416379e-05
0.9999524494
2.323982459e-05
7.201734763e-05
3.0544567e-05
1.531648418e-05
1.531648407e-05
1.531648402e-05
1.531648396e-05
1.531648391e-05
1.531648386e-05
1.531648381e-05
1.531648376e-05
1.53164837e-05
1.531648359e-05
1.53164834e-05
1.531648311e-05
1.531648267e-05
1.688827771e-05
0.9999474532
0.9999845571
0.9999629448
1.684951931e-05
1.531648378e-05
1.531648332e-05
1.531648332e-05
1.531648337e-05
1.531648346e-05
1.531648354e-05
1.531648369e-05
1.595421401e-05
2.327957685e-05
0.999978373
0.9999816158
0.9999880199
0.9999910264
0.9999892898
0.9999839525
0.9723818983
1.829387816e-05
1.531648194e-05
1.531648337e-05
1.531648369e-05
1.631288625e-05
0.9988908132
0.9999931743
0.99999353
0.9998974661
1.66362745e-05
1.53164833e-05
1.531648319e-05
1.531648118e-05
1.928528683e-05
0.9989839339
0.9999827512
0.9999727376
1.827824111e-05
1.55707439e-05
1.531648344e-05
1.531648363e-05
1.531648387e-05
1.601475784e-05
2.836278027e-05
0.9999925635
0.9999936536
0.9999910954
0.9999848323
2.615737279e-05
1.677679734e-05
1.531648292e-05
1.531648104e-05
1.738674371e-05
2.134775699e-05
0.9993705241
0.9999748114
0.9999910945
0.9999924531
0.9999795222
2.008934336e-05
1.569092126e-05
1.531648351e-05
1.531648339e-05
1.531648331e-05
1.531648329e-05
1.53164833e-05
1.531648332e-05
1.531648335e-05
1.531648338e-05
1.531648341e-05
1.531648343e-05
1.531648345e-05
1.531648345e-05
1.531648344e-05
1.531648341e-05
1.531648335e-05
1.531648328e-05
1.531648319e-05
1.531648309e-05
1.531648296e-05
1.531648289e-05
1.531648297e-05
1.531648188e-05
1.851816322e-05
5.095368679e-05
0.9999911795
0.9999902957
0.9999890724
0.9999879275
0.9999893981
0.9999892785
0.9999845365
2.581135684e-05
1.908178789e-05
2.496315682e-05
0.9999297854
0.9999441524
0.9999689502
0.9999848744
0.9999845428
0.9999596535
2.186714334e-05
2.322845976e-05
2.214545157e-05
2.194753646e-05
0.9999377755
3.054456704e-05
1.531648416e-05
1.531648403e-05
1.531648398e-05
1.531648392e-05
1.531648386e-05
1.531648379e-05
1.531648372e-05
1.531648364e-05
1.531648355e-05
1.531648341e-05
1.53164832e-05
1.531648292e-05
1.531648246e-05
1.531648269e-05
1.639790478e-05
3.164106223e-05
0.9999915116
0.9999758522
1.767307204e-05
1.531648362e-05
1.531648303e-05
1.531648306e-05
1.531648318e-05
1.531648323e-05
1.531648325e-05
1.531648329e-05
1.531648125e-05
2.243245122e-05
0.99996159
0.9999878677
0.9999934654
0.9999927352
0.9999806061
2.220517642e-05
1.592491585e-05
1.53164834e-05
1.531648348e-05
1.531648369e-05
1.531648388e-05
1.590001507e-05
3.219457197e-05
0.9999931245
0.999989873
0.9999525833
1.949571416e-05
1.531648154e-05
1.691900691e-05
3.614654464e-05
0.9999821602
0.9999794832
3.129088047e-05
1.649121427e-05
1.531648373e-05
1.531648355e-05
1.531648364e-05
1.531648377e-05
1.531648379e-05
1.531648264e-05
2.318816099e-05
0.9999888472
0.9999906773
0.9999889688
0.9999850727
0.9999471643
2.053523192e-05
1.893748468e-05
2.959499762e-05
0.9999719576
0.9999728874
0.9999893066
0.99999329
0.9999924057
3.332844775e-05
1.698368617e-05
1.531648361e-05
1.531648332e-05
1.531648316e-05
1.531648316e-05
1.531648319e-05
1.531648322e-05
1.531648326e-05
1.53164833e-05
1.531648333e-05
1.531648336e-05
1.531648338e-05
1.531648339e-05
1.531648339e-05
1.531648337e-05
1.531648334e-05
1.531648329e-05
1.531648322e-05
1.531648314e-05
1.531648305e-05
1.531648294e-05
1.531648283e-05
1.53164827e-05
1.531648267e-05
1.531648273e-05
1.531647721e-05
2.00066654e-05
0.9999699051
0.9999857199
0.9999836663
0.9999820768
0.9999853745
0.99998809
0.9999861647
0.9999701241
0.9999704101
0.999974395
0.9999710521
0.9999705031
0.9999819364
4.146728918e-05
0.9999767777
2.763950606e-05
1.781601974e-05
0.9999515841
2.208172079e-05
0.9764942479
3.054456708e-05
1.531648415e-05
1.531648399e-05
1.531648394e-05
1.531648388e-05
1.531648381e-05
1.531648373e-05
1.531648365e-05
1.531648355e-05
1.531648343e-05
1.531648327e-05
1.531648306e-05
1.531648278e-05
1.531648242e-05
1.531648212e-05
1.531648225e-05
1.531647956e-05
2.791720638e-05
0.9999900067
0.999981593
1.91357142e-05
1.531648302e-05
1.531648249e-05
1.531648275e-05
1.531648293e-05
1.531648315e-05
1.531648319e-05
1.726326154e-05
3.031326902e-05
0.9999774261
0.9999846623
0.9999928296
0.9999924671
0.9999770584
1.983606722e-05
1.531648346e-05
1.531648341e-05
1.531648342e-05
1.531648356e-05
1.531648367e-05
1.531648364e-05
1.531648132e-05
2.555406786e-05
0.9999881811
0.9999874366
0.9999837952
2.837308106e-05
2.145247972e-05
0.9999788695
0.9999834389
0.9754332758
1.863150972e-05
1.531648256e-05
1.531648356e-05
1.531648353e-05
1.531648364e-05
1.531648374e-05
1.531648371e-05
1.531648355e-05
1.531648316e-05
1.980501959e-05
0.9999798989
0.9999840832
0.9999770361
0.9999735329
0.9999655215
0.9999437998
0.9999808177
0.9999856658
0.9999843784
0.9999899813
0.9999921721
4.572048664e-05
1.918296366e-05
1.531648199e-05
1.531648313e-05
1.531648299e-05
1.531648302e-05
1.531648303e-05
1.531648309e-05
1.531648314e-05
1.53164832e-05
1.531648324e-05
1.531648328e-05
1.531648331e-05
1.531648333e-05
1.531648334e-05
1.531648333e-05
1.531648332e-05
1.531648329e-05
1.531648324e-05
1.531648318e-05
1.53164831e-05
1.531648302e-05
1.531648291e-05
1.53164828e-05
1.531648264e-05
1.531648254e-05
1.531648223e-05
1.531648207e-05
1.53164817e-05
1.665659941e-05
3.150669023e-05
0.9999738735
0.9999745244
0.9999822691
0.9999875552
0.999991237
0.9999912663
0.9999855007
0.999975346
0.9999399421
0.9998949924
2.326807715e-05
1.864042718e-05
2.15206424e-05
0.9999871433
2.600431496e-05
2.091671612e-05
2.648467193e-05
0.9997965436
3.054456712e-05
1.531648414e-05
1.531648396e-05
1.531648391e-05
1.531648385e-05
1.531648377e-05
1.531648369e-05
1.531648359e-05
1.531648348e-05
1.531648334e-05
1.531648318e-05
1.531648298e-05
1.531648275e-05
1.531648249e-05
1.531648231e-05
1.531648222e-05
1.531648184e-05
1.53164815e-05
2.221389953e-05
0.9999867994
0.9999861119
2.165027949e-05
1.531648149e-05
1.53164821e-05
1.531648285e-05
1.531648331e-05
1.642292265e-05
2.271791988e-05
0.9999806311
0.9999839432
0.9999809374
0.999987742
0.9999884764
0.9999811278
0.9998570873
1.646378649e-05
1.531648357e-05
1.531648344e-05
1.531648346e-05
1.53164835e-05
1.531648345e-05
1.531648312e-05
1.531648235e-05
2.006886315e-05
0.9999747105
0.9999843789
0.999986596
0.9999805704
0.9999856225
0.9999789889
1.900550986e-05
1.559649984e-05
1.531648371e-05
1.531648361e-05
1.53164836e-05
1.531648365e-05
1.531648371e-05
1.531648368e-05
1.531648356e-05
1.531648337e-05
1.531648327e-05
1.930625235e-05
0.9999739183
0.9999748494
0.9999747984
0.9999836712
0.9999874155
0.9999877152
0.9999869049
0.9999779526
0.999981332
4.420212992e-05
2.032595177e-05
1.531646535e-05
1.531648272e-05
1.531648272e-05
1.53164828e-05
1.531648288e-05
1.531648295e-05
1.531648302e-05
1.531648309e-05
1.531648315e-05
1.53164832e-05
1.531648324e-05
1.531648327e-05
1.531648329e-05
1.53164833e-05
1.53164833e-05
1.531648328e-05
1.531648325e-05
1.531648321e-05
1.531648316e-05
1.531648309e-05
1.531648302e-05
1.531648291e-05
1.531648285e-05
1.531648264e-05
1.531648266e-05
1.531648255e-05
1.531648256e-05
1.531647942e-05
1.768009712e-05
2.448318907e-05
0.9999655232
0.9999705115
0.9999827089
0.9999891165
0.999993469
0.9999945598
0.9999930829
0.9999855698
0.999914142
2.022363291e-05
1.670290134e-05
1.531648228e-05
1.53164823e-05
2.455512428e-05
0.9999883025
3.095430591e-05
0.9999120293
0.7876766428
3.054456715e-05
1.531648414e-05
1.531648393e-05
1.531648388e-05
1.531648382e-05
1.531648374e-05
1.531648365e-05
1.531648355e-05
1.531648343e-05
1.531648329e-05
1.531648313e-05
1.531648295e-05
1.531648276e-05
1.531648256e-05
1.531648243e-05
1.531648237e-05
1.53164822e-05
1.531648199e-05
1.531648283e-05
1.948512407e-05
0.9999824782
0.9999894967
2.706422941e-05
1.531647875e-05
1.531648221e-05
1.656599019e-05
2.153873728e-05
0.9999715243
0.9999887018
0.9999857383
0.9999687136
0.9999707818
3.420928112e-05
0.9999786584
0.999987553
2.786983592e-05
1.531648279e-05
1.531648338e-05
1.531648333e-05
1.531648334e-05
1.531648331e-05
1.531648316e-05
1.531648243e-05
1.531648006e-05
2.2895654e-05
0.9999771615
0.9999901083
0.9999897956
0.9999871192
3.649036847e-05
1.691932201e-05
1.531648363e-05
1.531648348e-05
1.531648342e-05
1.53164835e-05
1.531648359e-05
1.531648365e-05
1.531648363e-05
1.531648356e-05
1.531648332e-05
1.531648323e-05
1.531648292e-05
2.231449737e-05
0.9999726112
0.9999834556
0.9999894515
0.9999914236
0.9999912308
0.9999894483
0.9999823592
0.9999577962
2.003730776e-05
1.531647753e-05
1.531648232e-05
1.531648285e-05
1.531648279e-05
1.531648281e-05
1.531648287e-05
1.531648294e-05
1.531648301e-05
1.531648308e-05
1.531648314e-05
1.531648318e-05
1.531648322e-05
1.531648325e-05
1.531648327e-05
1.531648327e-05
1.531648327e-05
1.531648326e-05
1.531648324e-05
1.53164832e-05
1.531648317e-05
1.53164831e-05
1.531648309e-05
1.531648297e-05
1.531648304e-05
1.531648307e-05
1.531648326e-05
1.531648258e-05
1.61312488e-05
1.967938778e-05
3.582999814e-05
0.9999786161
0.9999760056
0.9999719837
0.9999805485
0.9999864529
0.9999924143
0.9999939231
0.9999928069
0.9999896994
3.47359318e-05
1.663437498e-05
1.531648282e-05
1.531648233e-05
1.531648188e-05
1.531647971e-05
2.904586309e-05
0.9999886421
4.391726046e-05
0.7624241671
3.054456718e-05
1.531648413e-05
1.531648391e-05
1.531648386e-05
1.53164838e-05
1.531648372e-05
1.531648363e-05
1.531648352e-05
1.53164834e-05
1.531648327e-05
1.531648311e-05
1.531648295e-05
1.531648278e-05
1.53164826e-05
1.531648249e-05
1.531648243e-05
1.531648238e-05
1.531648237e-05
1.531648235e-05
1.531648319e-05
1.790736451e-05
0.9999765192
0.9999908443
3.229800232e-05
1.877490019e-05
2.571277468e-05
0.9999810504
0.9999911122
0.9999930444
0.9999890073
0.9594794275
2.06387971e-05
1.738639226e-05
2.071903391e-05
0.9999896699
0.9999902331
2.054006323e-05
1.531648338e-05
1.531648329e-05
1.531648332e-05
1.531648344e-05
1.531648344e-05
1.531648118e-05
1.835267621e-05
3.599835073e-05
0.9999833989
0.999990677
0.9999918636
0.9999817915
2.117293696e-05
1.531648075e-05
1.531648326e-05
1.531648334e-05
1.531648339e-05
1.531648345e-05
1.531648352e-05
1.53164836e-05
1.531648352e-05
1.531648354e-05
1.531648332e-05
1.531648302e-05
1.678404579e-05
2.234096343e-05
0.9999649703
0.9999855939
0.9999908043
0.9999914612
0.9999889871
0.9999856803
0.9999796338
0.9999802205
2.663746867e-05
1.53164823e-05
1.531648308e-05
1.531648306e-05
1.531648303e-05
1.531648296e-05
1.531648296e-05
1.531648299e-05
1.531648304e-05
1.531648309e-05
1.531648314e-05
1.531648318e-05
1.531648322e-05
1.531648324e-05
1.531648326e-05
1.531648326e-05
1.531648326e-05
1.531648325e-05
1.531648324e-05
1.53164832e-05
1.531648323e-05
1.531648313e-05
1.531648323e-05
1.531648329e-05
1.531648348e-05
1.531648287e-05
1.606453784e-05
1.876986712e-05
2.823386654e-05
0.9999517101
0.999987016
0.9999884674
0.99998383
0.9999777599
0.9999828716
0.9999824059
0.9999869236
0.9999893942
0.9999880413
0.9999856095
0.999984983
2.074332654e-05
1.531648252e-05
1.531648253e-05
1.531648231e-05
1.531648144e-05
1.888502663e-05
5.290654389e-05
0.9999796873
0.999889369
3.05445672e-05
1.531648414e-05
1.53164839e-05
1.531648385e-05
1.531648379e-05
1.531648371e-05
1.531648362e-05
1.53164835e-05
1.531648339e-05
1.531648326e-05
1.531648312e-05
1.531648297e-05
1.531648281e-05
1.531648264e-05
1.531648251e-05
1.531648242e-05
1.531648239e-05
1.531648243e-05
1.531648227e-05
1.531648233e-05
1.531648247e-05
1.731522904e-05
0.9999719232
0.9999843199
0.9999677824
0.9999812225
0.9999915643
0.9999929913
0.9999921035
4.273739347e-05
1.980511238e-05
1.590101705e-05
1.531648311e-05
1.531648259e-05
2.640536633e-05
0.9999879915
0.9999699393
1.752755158e-05
1.531648344e-05
1.531648345e-05
1.531648371e-05
1.565383745e-05
1.809458694e-05
3.620306314e-05
0.9999891999
0.9999865821
0.9999855508
0.9999879426
0.999984592
2.275931763e-05
1.531648329e-05
1.531648345e-05
1.531648344e-05
1.531648347e-05
1.531648347e-05
1.531648347e-05
1.531648353e-05
1.531648344e-05
1.53164832e-05
1.531647431e-05
1.796402997e-05
2.407283582e-05
0.9999648746
0.9999770191
0.9999843674
0.9999896756
0.9999901941
0.9999847126
0.9999600548
0.9999314252
0.9999758956
0.9999773827
1.85712517e-05
1.531648347e-05
1.531648333e-05
1.53164832e-05
1.53164831e-05
1.531648306e-05
1.531648306e-05
1.531648309e-05
1.531648313e-05
1.531648317e-05
1.53164832e-05
1.531648323e-05
1.531648324e-05
1.531648325e-05
1.531648326e-05
1.531648326e-05
1.531648325e-05
1.531648328e-05
1.531648321e-05
1.531648331e-05
1.531648338e-05
1.531648356e-05
1.531648292e-05
1.606832932e-05
1.874741955e-05
2.806528605e-05
0.9999503209
0.9999863936
0.9999899584
0.9999893966
0.9999904487
0.999985243
0.9999807919
0.9999851362
0.9999848391
0.9999525985
3.121170601e-05
0.9999670468
0.9999752601
0.9999827158
0.9999758732
1.869564582e-05
1.531648316e-05
1.531648314e-05
1.686874608e-05
2.73128314e-05
0.999977216
0.9999671
6.828591538e-05
3.054456721e-05
1.531648414e-05
1.53164839e-05
1.531648385e-05
1.531648378e-05
1.53164837e-05
1.531648361e-05
1.53164835e-05
1.531648338e-05
1.531648327e-05
1.531648313e-05
1.531648301e-05
1.531648287e-05
1.531648271e-05
1.531648258e-05
1.531648246e-05
1.531648244e-05
1.531648265e-05
1.531648229e-05
1.531648225e-05
1.531647007e-05
1.863089696e-05
3.419438697e-05
0.9999867165
0.999991187
0.9999916431
0.9999926916
0.9999906612
4.127513433e-05
1.945340782e-05
1.531645972e-05
1.531648279e-05
1.531648295e-05
1.531648326e-05
1.616320118e-05
0.9997931461
0.9999781874
0.9999484535
1.672627596e-05
1.531648276e-05
1.643441551e-05
1.908677616e-05
0.8815891104
0.99998913
0.9999928475
0.9999893144
0.9999066927
3.529393056e-05
0.9999810787
0.9999629051
1.680060321e-05
1.531648347e-05
1.531648344e-05
1.531648354e-05
1.531648355e-05
1.531648362e-05
1.531648372e-05
1.531648316e-05
1.615569816e-05
2.103871215e-05
5.183805765e-05
0.9999862936
0.9999866878
0.9999850391
0.9999856719
0.9999854215
0.9999834579
0.99997514
0.9998248762
2.060576269e-05
0.999932722
0.999982711
0.9999293424
1.624702238e-05
1.531648357e-05
1.531648333e-05
1.531648321e-05
1.531648315e-05
1.531648313e-05
1.531648315e-05
1.531648318e-05
1.531648321e-05
1.531648323e-05
1.531648325e-05
1.531648325e-05
1.531648326e-05
1.531648325e-05
1.53164833e-05
1.531648324e-05
1.531648334e-05
1.531648342e-05
1.531648359e-05
1.531648292e-05
1.607638257e-05
1.878756937e-05
2.826682459e-05
0.9999519236
0.9999866069
0.999990308
0.9999903852
0.9999921807
0.9999904943
0.9999907895
0.9999894645
0.9999545342
0.9998248537
2.999403798e-05
2.026352951e-05
1.657452809e-05
1.799112267e-05
0.9999223754
0.999979134
0.9999833897
0.9999677793
1.852675821e-05
1.621041512e-05
2.035073276e-05
0.9999453128
0.999970902
2.845488892e-05
5.050450631e-05
3.054456722e-05
1.531648415e-05
1.53164839e-05
1.531648385e-05
1.531648378e-05
1.53164837e-05
1.53164836e-05
1.531648349e-05
1.531648339e-05
1.531648329e-05
1.531648316e-05
1.531648307e-05
1.531648299e-05
1.531648285e-05
1.531648285e-05
1.531648284e-05
1.531648299e-05
1.531648331e-05
1.531648186e-05
1.643571394e-05
2.147130237e-05
5.257232831e-05
0.9999890633
0.9999907004
0.9999935535
0.9999926874
0.9999900569
4.444033192e-05
1.912259011e-05
1.531647929e-05
1.531648242e-05
1.531648289e-05
1.531648294e-05
1.531648324e-05
1.531648358e-05
1.747108628e-05
0.9999565708
0.9999835697
3.337932757e-05
1.889927635e-05
2.510733964e-05
0.9999529628
0.9999820399
0.9999890057
0.9999904249
4.688736919e-05
2.002982403e-05
1.804332834e-05
0.9999458715
0.9999804285
2.213426631e-05
1.531648349e-05
1.531648343e-05
1.531648359e-05
1.531648367e-05
1.53164838e-05
1.567067718e-05
1.787221045e-05
2.710537015e-05
0.9999675666
0.999991267
0.9999925478
0.99999199
0.9999893238
0.9999900031
0.9999899213
0.9999339855
0.9998561283
0.9999707125
1.960118169e-05
1.913201549e-05
0.9999853882
0.9999901857
2.83121029e-05
1.531648266e-05
1.531648335e-05
1.531648326e-05
1.531648322e-05
1.531648321e-05
1.531648322e-05
1.531648324e-05
1.531648326e-05
1.531648326e-05
1.531648327e-05
1.531648326e-05
1.53164833e-05
1.531648324e-05
1.531648335e-05
1.531648343e-05
1.53164836e-05
1.53164829e-05
1.608395843e-05
1.88235247e-05
2.843800654e-05
0.9999530222
0.9999867395
0.9999903715
0.9999904449
0.9999922658
0.999990751
0.999990971
0.9999880871
0.9999653958
3.53898891e-05
2.219422878e-05
1.693990294e-05
1.607832215e-05
1.531648152e-05
1.531648299e-05
1.531648358e-05
1.760091694e-05
0.999948838
0.9999818505
0.999981804
0.9999683458
2.348012737e-05
0.9979560103
0.999948535
2.40393177e-05
2.41144797e-05
0.999900449
3.054456722e-05
1.531648417e-05
1.531648392e-05
1.531648385e-05
1.531648378e-05
1.531648371e-05
1.53164836e-05
1.531648348e-05
1.53164834e-05
1.531648333e-05
1.531648316e-05
1.531648315e-05
1.531648314e-05
1.531648301e-05
1.53164832e-05
1.531648327e-05
1.531648342e-05
1.58588212e-05
1.875456734e-05
3.344622602e-05
0.9999733852
0.9999911851
0.9999930493
0.9999910028
0.9999907347
0.9999872361
0.9999807073
2.152279401e-05
1.531647932e-05
1.531648226e-05
1.531648279e-05
1.531648304e-05
1.531648311e-05
1.531648332e-05
1.531648349e-05
1.531648286e-05
2.204553241e-05
0.9999790087
0.9999793865
0.9999450752
0.9999686644
0.9999821277
0.9999822844
0.9999807536
3.148537489e-05
1.832533503e-05
1.531647608e-05
1.531648202e-05
2.047759962e-05
0.9999788444
0.9999633671
1.667179592e-05
1.531648346e-05
1.531648354e-05
1.531648181e-05
1.687659337e-05
1.992383565e-05
0.9737337047
0.9999835527
0.9999906032
0.9999915552
0.9999925215
0.9999916748
0.9999896914
0.9999725355
4.435211223e-05
2.268308499e-05
1.96560096e-05
0.999990461
6.191637773e-09
1.531645015e-05
2.458074463e-05
0.9999894609
0.9999880059
2.003792441e-05
1.531648344e-05
1.531648338e-05
1.531648332e-05
1.531648329e-05
1.531648329e-05
1.53164833e-05
1.531648331e-05
1.531648328e-05
1.531648332e-05
1.531648325e-05
1.531648334e-05
1.531648342e-05
1.531648359e-05
1.531648288e-05
1.60914972e-05
1.885891455e-05
2.860659539e-05
0.9999540329
0.9999868574
0.9999904202
0.9999904652
0.9999922606
0.9999907219
0.9999909271
0.9999879915
0.9999624953
3.048318551e-05
1.926632324e-05
1.62453204e-05
1.531648047e-05
1.531648244e-05
1.531648267e-05
1.531648239e-05
1.53164824e-05
1.531648297e-05
1.531648355e-05
1.80307986e-05
0.9999671144
0.9999828229
0.9999807672
0.9999675046
0.9998898867
2.688350809e-05
1.748347892e-05
2.069238704e-05
0.8809577051
3.054456721e-05
1.531648419e-05
1.531648394e-05
1.531648385e-05
1.531648378e-05
1.531648371e-05
1.53164836e-05
1.531648345e-05
1.531648342e-05
1.531648339e-05
1.531648313e-05
1.531648315e-05
1.531648323e-05
1.531648295e-05
1.531648281e-05
1.53164627e-05
1.770468095e-05
2.268170091e-05
0.9998915938
0.9999882769
0.9999914383
0.9999917563
0.9999929111
0.9999903772
0.9999775706
3.413892457e-05
0.9999718976
3.19306345e-05
1.531648092e-05
1.531648248e-05
1.531648286e-05
1.531648328e-05
1.531648343e-05
1.531648311e-05
1.586579142e-05
1.763863413e-05
2.505520472e-05
0.9999766151
0.9999857695
0.9999827859
0.999973741
0.9999683473
0.99991184
2.222335375e-05
1.726847567e-05
1.531648241e-05
1.531648275e-05
1.531648279e-05
1.628997422e-05
0.9999189332
0.9999808585
2.303899013e-05
1.531648294e-05
1.587638535e-05
1.907660751e-05
3.495044087e-05
0.999978957
0.9999849477
0.9999887144
0.9999917758
0.9999896847
0.9999866454
0.9999810507
4.099207051e-05
2.070659054e-05
1.664271223e-05
1.531647683e-05
1.531647947e-05
4.78881586e-05
0.9999910684
1.918239225e-05
1.593098339e-05
0.9996719065
0.9999871077
0.9999771687
1.686345664e-05
1.53164836e-05
1.531648343e-05
1.531648335e-05
1.531648334e-05
1.531648333e-05
1.531648336e-05
1.531648328e-05
1.531648335e-05
1.531648341e-05
1.531648358e-05
1.531648285e-05
1.609924956e-05
1.889463542e-05
2.87775358e-05
0.9999550038
0.9999869733
0.9999904697
0.999990489
0.9999922593
0.9999906955
0.9999908793
0.9999878984
0.999961957
3.03134993e-05
1.919696575e-05
1.615983314e-05
1.531648183e-05
1.531648265e-05
1.531648235e-05
1.531648178e-05
1.531648179e-05
1.531648215e-05
1.531648247e-05
1.531648279e-05
1.531648296e-05
1.531648317e-05
1.87695379e-05
0.9999752961
0.9999811892
0.9999727623
0.999961357
0.9999480943
2.481403619e-05
2.9409999e-05
0.9999504182
3.05445672e-05
1.531648421e-05
1.531648395e-05
1.531648383e-05
1.531648376e-05
1.531648373e-05
1.531648362e-05
1.531648343e-05
1.531648345e-05
1.531648352e-05
1.531648323e-05
1.531648346e-05
1.531648313e-05
1.531647533e-05
1.66758173e-05
2.236128261e-05
4.706804222e-05
0.9999880961
0.9999881323
0.9999904433
0.9999900555
0.9999859264
0.9999834842
4.242761164e-05
2.147171646e-05
1.70721746e-05
2.503477459e-05
0.9999793856
1.758598944e-05
1.53164829e-05
1.531648258e-05
1.531647908e-05
1.630929001e-05
1.855998086e-05
2.419893316e-05
0.95630397
0.9999663592
0.999982129
0.9999881158
0.9999890726
0.9999789252
0.9997899355
1.975663835e-05
1.648835491e-05
1.53164831e-05
1.531648313e-05
1.531648297e-05
1.531648314e-05
1.531648337e-05
2.105022744e-05
0.9999663583
0.9999347823
1.989815348e-05
2.284751044e-05
0.9999071398
0.9999878235
0.9999912835
0.9999916825
0.999991407
0.9999914171
0.9999867547
0.9996041103
2.012635407e-05
1.702809137e-05
1.531647961e-05
1.531648273e-05
1.531648291e-05
1.531648298e-05
1.751530006e-05
0.9999744311
0.9991472561
1.571857013e-05
1.698579189e-05
0.9999756014
0.9999923095
3.777194329e-05
1.531648159e-05
1.531648341e-05
1.531648331e-05
1.531648335e-05
1.531648332e-05
1.53164834e-05
1.531648344e-05
1.531648358e-05
1.531648279e-05
1.611026195e-05
1.893501327e-05
2.895829104e-05
0.9999559451
0.9999870876
0.9999905191
0.9999905134
0.9999922591
0.9999906714
0.9999908326
0.9999877964
0.9999612767
3.014736333e-05
1.917120655e-05
1.615670746e-05
1.531648167e-05
1.531648241e-05
1.531648189e-05
1.531648149e-05
1.53164818e-05
1.531648189e-05
1.53164818e-05
1.531648203e-05
1.531648249e-05
1.531648276e-05
1.531648273e-05
1.531648258e-05
1.53164823e-05
2.00824945e-05
0.9999749417
0.9999652083
0.9999481647
0.9999623869
0.9999673217
0.9999797681
7.057054817e-05
3.054456716e-05
1.531648421e-05
1.531648395e-05
1.531648378e-05
1.531648374e-05
1.531648376e-05
1.531648366e-05
1.531648356e-05
1.531648377e-05
1.531648364e-05
1.531648192e-05
1.594751693e-05
1.682777134e-05
2.377509628e-05
5.038079316e-05
0.9999811498
0.9999922918
0.9999937634
0.9999917646
0.9999904551
0.9999847215
0.9866811918
2.054068704e-05
1.701255883e-05
1.531647601e-05
1.531647984e-05
1.743800921e-05
0.9999792602
2.689200502e-05
1.641657121e-05
1.718180054e-05
2.38894291e-05
4.05845641e-05
0.9999623675
0.999983451
0.9999881193
0.9999825834
0.9999767644
0.9999721753
0.9999788751
0.9999607103
1.993108764e-05
1.610543054e-05
1.531648253e-05
1.531648284e-05
1.531648305e-05
1.5316483e-05
1.531648253e-05
1.531647496e-05
1.88530793e-05
0.9999420286
0.9999559575
0.9999072507
0.9999750562
0.9999873241
0.9999898968
0.9999920733
0.9999914066
0.9999897751
0.9999786934
3.253151055e-05
1.852337446e-05
1.568378618e-05
1.531648369e-05
1.531648359e-05
1.531648323e-05
1.531648303e-05
1.531648296e-05
1.531648306e-05
2.36502662e-05
0.9999661443
1.884579012e-05
1.531648365e-05
2.103222054e-05
0.9999928071
0.9999928961
2.134849686e-05
1.531648325e-05
1.53164832e-05
1.531648331e-05
1.531648348e-05
1.531648361e-05
1.531648287e-05
1.611623903e-05
1.900486257e-05
2.922320849e-05
0.9999569873
0.9999872027
0.9999905674
0.9999905371
0.9999922589
0.9999906474
0.9999907857
0.9999876922
0.9999605408
2.995783607e-05
1.913462129e-05
1.614973178e-05
1.531648138e-05
1.531648206e-05
1.531648154e-05
1.531648105e-05
1.531648116e-05
1.531648134e-05
1.53164817e-05
1.531648193e-05
1.531648186e-05
1.531648186e-05
1.531648231e-05
1.531648289e-05
1.531648309e-05
1.531648301e-05
1.531648229e-05
1.611866746e-05
2.27677009e-05
0.9998914413
0.9997284984
0.9999272182
0.9999670185
0.9999650908
6.645709472e-05
3.054456692e-05
1.531648419e-05
1.531648391e-05
1.531648375e-05
1.531648391e-05
1.531648388e-05
1.531648306e-05
1.531647556e-05
1.613671853e-05
1.702870148e-05
2.213984114e-05
3.361264263e-05
0.9999314428
0.9999757135
0.9999924694
0.9999926627
0.9999914877
0.9999924611
0.9999879663
0.9999635396
2.702218959e-05
1.762674438e-05
1.568824998e-05
1.558567583e-05
1.634280344e-05
1.688065383e-05
1.953304821e-05
4.40073691e-05
0.9999761771
3.344207942e-05
0.9999408322
0.9999691411
0.999991206
0.9999915745
0.9999889472
0.9999915149
0.9999912023
0.9999738552
0.9995410639
0.9709818209
0.9999448006
1.936264236e-05
1.531648237e-05
1.531648253e-05
1.53164818e-05
1.531647755e-05
1.613066777e-05
1.70795267e-05
2.428177993e-05
4.856969555e-05
0.9999837669
0.9999864047
0.9999865536
0.9999870606
0.9999910767
0.9999903387
0.9999895968
0.9999859769
0.4607261725
2.221964135e-05
1.665632356e-05
1.531648228e-05
1.531648344e-05
1.531648337e-05
1.531648326e-05
1.531648311e-05
1.5316483e-05
1.5316483e-05
1.531648311e-05
1.680552037e-05
0.9999576259
0.9999016883
1.61870798e-05
1.531648173e-05
3.691269963e-05
0.9999919991
0.9999767687
1.760333563e-05
1.531648322e-05
1.531648337e-05
1.531648325e-05
1.598105766e-05
1.877193724e-05
2.905588178e-05
0.9999583192
0.9999873623
0.9999906124
0.9999905527
0.9999922551
0.9999906213
0.9999907377
0.9999875863
0.9999597766
2.97688215e-05
1.909701328e-05
1.614189008e-05
1.53164812e-05
1.531648174e-05
1.531648086e-05
1.531648028e-05
1.531648079e-05
1.53164811e-05
1.531648104e-05
1.531648101e-05
1.531648148e-05
1.531648223e-05
1.531648257e-05
1.531648272e-05
1.531648239e-05
1.5316479e-05
1.615404624e-05
1.687779816e-05
1.961025168e-05
2.425620706e-05
0.8269373114
0.9991728436
0.9699374149
0.9997638013
0.9999536216
0.9999749954
0.9999314783
3.054456466e-05
1.531648408e-05
1.531648371e-05
1.53164804e-05
1.596568546e-05
1.663408094e-05
1.888793267e-05
2.803986478e-05
5.139702249e-05
0.9999708054
0.9999821622
0.9999923233
0.9999923099
0.9999907009
0.9999907639
0.9999900138
0.9999820688
0.9999760542
5.184026923e-05
3.072974816e-05
2.479196624e-05
2.488334902e-05
2.944474948e-05
5.081671727e-05
0.2329555342
0.9999563025
0.9999652141
0.9999879509
0.9999885881
0.9999872051
0.9999876378
0.9999824933
0.9999843661
0.99998818
0.9999830816
0.9999693984
4.043125495e-05
2.502004567e-05
1.851520919e-05
2.034224113e-05
0.9706430643
2.243586416e-05
1.726637989e-05
1.826687761e-05
2.013305356e-05
2.795451437e-05
4.201567175e-05
0.9999369529
0.9999715491
0.9999915258
0.9999923786
0.999992441
0.9999925777
0.9999928773
0.9999933043
0.9999916434
0.9999629621
2.497335661e-05
1.828219782e-05
1.588819577e-05
1.531648319e-05
1.531648329e-05
1.531648321e-05
1.531648306e-05
1.531648296e-05
1.531648286e-05
1.53164828e-05
1.53164828e-05
1.531648283e-05
1.531648321e-05
2.075118115e-05
0.9999626603
2.090853067e-05
1.531648317e-05
1.715077339e-05
0.9999757253
0.9999845677
0.9999594038
1.695698475e-05
1.588588407e-05
1.80115029e-05
2.553416995e-05
0.9999438053
0.999987176
0.9999907337
0.9999906063
0.9999922413
0.9999905832
0.9999906854
0.9999874798
0.9999589865
2.958330947e-05
1.90597967e-05
1.613404859e-05
1.531648073e-05
1.531648109e-05
1.53164805e-05
1.531647997e-05
1.531648004e-05
1.531647994e-05
1.53164804e-05
1.531648144e-05
1.531648198e-05
1.531648227e-05
1.531648203e-05
1.531647885e-05
1.61198061e-05
1.674825569e-05
1.86880087e-05
2.600146877e-05
4.106838413e-05
0.99992296
0.999955007
0.9999876587
0.9999862033
0.9999750432
0.9999341363
0.9999484033
0.9998566269
0.9999762857
0.9999680848
4.152131826e-05
1.760815009e-05
1.869282655e-05
2.540713422e-05
4.417635124e-05
0.9999678345
0.9999814547
0.999991104
0.999995144
0.9999949043
0.9999938995
0.9999941226
0.9999943626
0.9999933344
0.9999922428
0.9999899647
0.9999864384
0.9999831245
0.999987964
0.9999917245
0.9999921514
0.9999932663
0.9999940357
0.9999949062
0.9999956405
0.9999939574
0.9999914441
0.9999915623
0.9999923977
0.999990345
0.9999888571
0.9999806519
0.9999646569
0.9999445103
4.067855355e-05
2.969565017e-05
2.480393648e-05
2.367543321e-05
2.781600325e-05
4.02908165e-05
0.9999764537
0.9999413976
0.9318884239
0.9999661271
0.9999807901
0.9999880605
0.9999929854
0.9999910478
0.9999871416
0.9999875082
0.999989444
0.9999904752
0.9999919392
0.9999912716
0.9999898469
4.247043881e-05
2.166899494e-05
1.609112984e-05
1.531648265e-05
1.531648301e-05
1.531648301e-05
1.531648296e-05
1.531648293e-05
1.531648278e-05
1.531648264e-05
1.53164825e-05
1.531648236e-05
1.53164823e-05
1.531648251e-05
1.531648251e-05
1.635387959e-05
0.9999024979
0.9999633126
1.716340339e-05
1.531648134e-05
2.202858132e-05
0.9999732136
0.999982921
3.828228448e-05
2.453301942e-05
0.9998021966
0.9999820453
0.9999896028
0.9999908595
0.9999925479
0.9999907042
0.999990661
0.9999874019
0.9999582712
2.94174162e-05
1.902554241e-05
1.612648323e-05
1.531648057e-05
1.531648093e-05
1.531647968e-05
1.531647856e-05
1.531647924e-05
1.53164805e-05
1.531648116e-05
1.531648163e-05
1.531648151e-05
1.531647849e-05
1.611735479e-05
1.674430767e-05
1.867576166e-05
2.591617036e-05
4.08803348e-05
0.9999251173
0.9999584342
0.9999881952
0.9999930947
0.9999906683
0.9999844886
0.9999898246
0.9999928179
0.9999863834
0.999975318
0.9999850124
3.196981684e-05
0.9999717968
0.9999805887
0.9999738631
0.9999805627
0.9999859284
0.9999919559
0.9999953796
0.9999954956
0.9999950255
0.9999954967
0.9999959429
0.999996213
0.9999957672
0.9999954885
0.9999950943
0.9999946936
0.9999941209
0.9999932008
0.9999925757
0.9999927354
0.9999933957
0.9999947366
0.9999952605
0.9999955107
0.999995643
0.999995692
0.9999956225
0.9999953124
0.9999943127
0.9999937275
0.9999933253
0.9999925004
0.9999904688
0.9999872645
0.9999838297
0.999981182
0.9999873877
0.9999911064
0.9999909122
0.9999917133
0.9999924234
0.9999939607
0.9999935392
0.9999908285
0.9999880836
0.9999882676
0.9999893782
0.9999903952
0.9999908109
0.9999905556
0.9999863827
0.9999822144
0.9999761008
0.9999781597
0.9999830494
0.9999815202
2.784865948e-05
1.821417593e-05
1.531645491e-05
1.531648247e-05
1.531648294e-05
1.531648311e-05
1.531648326e-05
1.531648328e-05
1.531648328e-05
1.53164832e-05
1.531648305e-05
1.531648281e-05
1.531648238e-05
1.531648154e-05
1.531647963e-05
1.531647366e-05
1.64546505e-05
2.132738505e-05
0.9999547251
2.526057868e-05
1.993131103e-05
2.802911681e-05
0.9999730205
0.9999836883
0.9999857195
0.9999867107
0.9999870462
0.9999878187
0.9999919709
0.999991809
0.9999918625
0.9999879808
0.9999585938
2.936970732e-05
1.900959907e-05
1.612090714e-05
1.531647997e-05
1.531647954e-05
1.531647884e-05
1.531647925e-05
1.531648022e-05
1.531648086e-05
1.531648083e-05
1.531647802e-05
1.611503311e-05
1.674082706e-05
1.866642176e-05
2.587168677e-05
4.075209183e-05
0.9999244992
0.9999582868
0.999988183
0.9999930925
0.9999907437
0.9999849624
0.9999902239
0.9999923904
0.9999869513
0.9999453623
0.9998770248
4.03559055e-05
3.037591577e-05
2.320564314e-05
2.650771997e-05
2.586046923e-05
0.9999263722
0.9999817518
0.9999885016
0.9999941552
0.9999954878
0.9999963175
0.9999967971
0.9999970915
0.9999969252
0.9999968721
0.9999967682
0.9999966426
0.9999965488
0.9999963845
0.9999960779
0.9999957802
0.9999954835
0.9999951325
0.9999949547
0.9999950498
0.9999952652
0.99999548
0.9999956929
0.999995794
0.9999957545
0.9999956367
0.9999954572
0.9999952971
0.9999951724
0.9999949026
0.9999945008
0.9999939248
0.9999930306
0.9999920335
0.999991553
0.9999916863
0.9999923804
0.9999939206
0.9999943425
0.9999944018
0.9999944502
0.9999946513
0.9999950565
0.9999943299
0.999993059
0.9999919023
0.9999912141
0.9999905527
0.9999894098
0.9999873736
0.9999841072
0.9999771413
0.999954882
0.9998695106
0.999853559
2.857920674e-05
2.190201465e-05
1.838372431e-05
1.865209956e-05
1.886156656e-05
1.909646215e-05
1.936103452e-05
1.965222106e-05
1.996738387e-05
2.030541871e-05
2.066758786e-05
2.106047571e-05
2.150533811e-05
2.206655213e-05
2.295141386e-05
2.500649012e-05
3.437505181e-05
4.231425624e-05
0.9999370081
0.9999635295
0.999966052
0.9999504797
0.9999825613
0.9999859349
0.9999887666
0.9999901635
0.9999906066
0.9999901989
0.9999905151
0.9999921721
0.9999913158
0.9999870856
3.734561477e-05
1.899957978e-05
1.612245377e-05
1.531647938e-05
1.531648036e-05
1.531647993e-05
1.531647967e-05
1.531648006e-05
1.531647749e-05
1.611271526e-05
1.673735193e-05
1.865710164e-05
2.582736937e-05
4.062388969e-05
0.9999238485
0.9999581138
0.999988164
0.9999930817
0.9999907356
0.9999849627
0.9999902325
0.999992402
0.9999869732
0.9999450161
0.9998503408
3.427481377e-05
2.354239426e-05
1.817349259e-05
1.658371157e-05
1.606539508e-05
1.531647383e-05
1.531647321e-05
1.531647058e-05
1.563513208e-05
0.8488660292
0.9999782179
0.9999930779
0.9999964228
0.9999971685
0.9999975156
0.9999976344
0.99999765
0.9999976452
0.9999975846
0.9999974348
0.9999972705
0.9999971426
0.9999970126
0.9999968131
0.9999966041
0.9999964087
0.999996229
0.9999961303
0.9999961304
0.9999961674
0.9999961823
0.9999961766
0.9999961533
0.9999960638
0.9999959294
0.9999957913
0.9999957131
0.9999956906
0.9999955997
0.9999953721
0.9999950372
0.9999946231
0.9999942577
0.9999941038
0.9999941556
0.9999943153
0.9999944973
0.9999947025
0.9999947542
0.9999947184
0.9999947786
0.9999949612
0.9999949988
0.9999944996
0.999993632
0.9999927327
0.9999917194
0.999990376
0.9999886144
0.9999864893
0.9999835072
0.999978893
0.9999746379
0.999971296
0.9999778871
0.9999812372
0.9999801514
0.9999807059
0.9999823902
0.9999838594
0.9999851723
0.9999863415
0.9999873772
0.9999882934
0.9999891052
0.9999898279
0.999990477
0.9999910695
0.9999916279
0.9999921915
0.999992871
0.9999941811
0.999991482
0.9999883305
0.9999864321
0.9999832058
0.9999805062
0.9999845622
0.999988519
0.999991161
0.9999920697
0.9999898036
0.9999872301
0.9999850739
4.322614299e-05
4.309346852e-05
2.715699083e-05
1.531647789e-05
1.531648081e-05
1.531647998e-05
1.531647665e-05
1.611204495e-05
1.673474173e-05
1.864848062e-05
2.578364019e-05
4.049675184e-05
0.9999231878
0.9999579396
0.999988145
0.9999930708
0.9999907272
0.9999849623
0.999990241
0.9999924139
0.999986994
0.9999452895
0.9998525341
3.435318821e-05
2.355786375e-05
1.814942101e-05
1.654419814e-05
1.598390321e-05
1.53164776e-05
1.531647684e-05
1.531647664e-05
1.531647704e-05
1.531647692e-05
1.531647599e-05
1.531647449e-05
1.531647852e-05
4.478765184e-05
0.9999881554
0.9999954993
0.9999976263
0.9999980046
0.999998172
0.9999982012
0.9999981629
0.9999981087
0.9999980332
0.9999979053
0.999997759
0.9999976255
0.9999974958
0.9999973461
0.9999971914
0.9999970448
0.9999969165
0.9999968282
0.9999967791
0.9999967418
0.99999669
0.9999966218
0.9999965424
0.9999964414
0.9999963293
0.9999962331
0.9999961844
0.9999961703
0.9999961259
0.9999960098
0.9999958312
0.9999956247
0.9999954532
0.9999953648
0.9999953453
0.9999953473
0.9999953274
0.9999953065
0.9999952892
0.9999952564
0.9999952743
0.999995355
0.9999953708
0.9999951352
0.9999946173
0.9999939384
0.9999931381
0.9999922135
0.9999912523
0.9999904079
0.9999897151
0.999989299
0.9999894844
0.999990062
0.9999904045
0.999991467
0.9999915397
0.9999915508
0.9999918441
0.999992169
0.9999924739
0.9999927582
0.9999930244
0.9999932738
0.9999935063
0.9999937195
0.999993907
0.9999940561
0.9999941435
0.9999941307
0.9999939639
0.9999936401
0.9999933266
0.9999918541
0.9999907133
0.9999881541
0.9999836344
0.9999811016
0.9999847802
0.9999892341
0.9999912805
0.9999886075
0.9999781593
2.481114461e-05
1.736572671e-05
2.025321913e-05
0.9999732938
1.931717975e-05
1.698190349e-05
1.882256593e-05
2.589482821e-05
4.0508739e-05
0.9999227215
0.9999577738
0.9999881259
0.9999930599
0.9999907189
0.999984962
0.9999902495
0.9999924258
0.9999870149
0.9999455628
0.9998547392
3.444260551e-05
2.359154454e-05
1.815739555e-05
1.654726941e-05
1.598588958e-05
1.531647847e-05
1.531647836e-05
1.531647796e-05
1.53164775e-05
1.531647616e-05
1.531647379e-05
1.531647319e-05
1.531647419e-05
1.531647557e-05
1.531647674e-05
1.531647692e-05
1.531648083e-05
2.740287201e-05
0.9999898747
0.9999970241
0.9999983621
0.9999985391
0.9999986
0.9999985835
0.9999985241
0.9999984475
0.9999983566
0.9999982427
0.9999981165
0.999997992
0.9999978692
0.9999977418
0.999997615
0.9999974937
0.9999973842
0.9999972944
0.9999972218
0.9999971532
0.999997077
0.999996992
0.9999969018
0.9999968072
0.9999967181
0.999996649
0.9999966122
0.9999965964
0.9999965687
0.9999965071
0.9999964132
0.9999963043
0.9999962086
0.9999961427
0.9999960979
0.9999960532
0.9999959917
0.9999959252
0.9999958682
0.9999958252
0.9999958126
0.9999958226
0.9999957902
0.9999956281
0.9999953123
0.9999948789
0.9999943697
0.9999938421
0.9999933881
0.9999930945
0.9999929791
0.999993047
0.9999932893
0.9999935779
0.999993721
0.9999936841
0.9999936405
0.9999936131
0.999993648
0.9999937164
0.9999937874
0.9999938526
0.999993912
0.9999939666
0.9999940156
0.9999940551
0.9999940762
0.9999940621
0.9999939849
0.9999938045
0.9999934858
0.9999930813
0.9999928161
0.9999927152
0.9999920065
0.9999901382
0.9999866552
0.9999817532
0.9999757584
0.9999679346
0.9999669725
4.237233889e-05
2.930639461e-05
2.29425562e-05
2.139129957e-05
2.599587446e-05
0.9996388624
3.669350099e-05
0.9999503398
0.9999587352
0.9999881055
0.9999930529
0.999990705
0.999984953
0.9999902561
0.9999924373
0.9999870355
0.9999458331
0.9998568824
3.453254342e-05
2.362536421e-05
1.816541839e-05
1.655038665e-05
1.598797119e-05
1.53164794e-05
1.531647999e-05
1.531647986e-05
1.531647953e-05
1.53164785e-05
1.531647656e-05
1.531647563e-05
1.531647537e-05
1.531647495e-05
1.531647397e-05
1.531647343e-05
1.531647368e-05
1.53164747e-05
1.53164762e-05
1.531647784e-05
1.531648261e-05
1.977975154e-05
0.9999784503
0.9999981078
0.9999988594
0.9999989076
0.9999988982
0.9999988495
0.9999987768
0.9999986919
0.9999985974
0.9999984918
0.9999983797
0.9999982664
0.9999981533
0.9999980397
0.9999979283
0.9999978212
0.9999977211
0.9999976306
0.9999975476
0.9999974661
0.9999973811
0.999997293
0.9999972054
0.9999971222
0.9999970513
0.9999970006
0.9999969735
0.9999969612
0.9999969457
0.9999969144
0.9999968658
0.9999968064
0.9999967472
0.9999966942
0.9999966438
0.9999965878
0.9999965217
0.9999964531
0.999996392
0.9999963439
0.9999963121
0.9999962844
0.9999962257
0.9999960956
0.9999958838
0.9999956088
0.9999953027
0.9999950173
0.9999948148
0.9999947353
0.9999947732
0.9999948993
0.9999950709
0.9999952207
0.999995276
0.9999952107
0.999995089
0.9999949901
0.9999949111
0.99999484
0.9999947711
0.9999946995
0.9999946236
0.9999945435
0.9999944587
0.9999943675
0.9999942655
0.9999941449
0.9999939937
0.9999938006
0.9999935732
0.9999933792
0.9999933312
0.999993354
0.9999930434
0.9999920609
0.9999903732
0.999988069
0.9999848284
0.9999788054
0.9999641884
0.9999635223
0.9999752871
0.9999767454
0.9999787071
0.9999867899
0.9999831697
0.9999872734
0.9999887249
0.9999831442
0.9999900087
0.9999924319
0.9999870218
0.9999459148
0.9998586404
3.462214751e-05
2.365974489e-05
1.81734929e-05
1.655351453e-05
1.599005717e-05
1.531648009e-05
1.53164812e-05
1.531648129e-05
1.531648109e-05
1.531648037e-05
1.531647902e-05
1.531647845e-05
1.531647825e-05
1.531647788e-05
1.531647695e-05
1.531647614e-05
1.531647554e-05
1.531647497e-05
1.531647414e-05
1.531647336e-05
1.53164729e-05
1.531647301e-05
1.531647406e-05
1.531647697e-05
1.531648617e-05
1.736600713e-05
0.9998880134
0.9999989355
0.9999992125
0.9999991612
0.999999102
0.9999990314
0.9999989522
0.999998867
0.999998776
0.9999986785
0.9999985768
0.9999984733
0.9999983691
0.9999982654
0.9999981642
0.9999980667
0.999997974
0.999997886
0.9999978004
0.9999977138
0.9999976245
0.9999975344
0.9999974484
0.9999973727
0.9999973148
0.99999728
0.9999972673
0.9999972678
0.9999972683
0.9999972594
0.9999972382
0.9999972066
0.9999971682
0.9999971245
0.999997074
0.9999970147
0.9999969486
0.9999968835
0.999996828
0.9999967863
0.9999967554
0.9999967202
0.999996656
0.9999965418
0.9999963754
0.9999961733
0.9999959662
0.999995799
0.9999957166
0.9999957398
0.9999958526
0.9999960151
0.9999961771
0.999996288
0.9999963121
0.9999962439
0.9999961166
0.999995973
0.9999958285
0.9999956812
0.9999955296
0.9999953718
0.9999952058
0.9999950307
0.9999948457
0.9999946513
0.9999944491
0.9999942446
0.9999940497
0.99999389
0.9999938096
0.9999938624
0.9999940498
0.999994234
0.9999942013
0.9999938587
0.9999932916
0.9999926669
0.9999920757
0.9999914835
0.9999908667
0.9999900335
0.999989929
0.9999890176
0.999986915
0.9999835914
0.9999825041
0.9999843827
0.9999875465
0.9999469562
0.9998711538
3.541828803e-05
2.387425858e-05
1.819542866e-05
1.655889505e-05
1.599278002e-05
1.531647969e-05
1.531648088e-05
1.531648096e-05
1.531648062e-05
1.531647998e-05
1.531647899e-05
1.531647844e-05
1.531647794e-05
1.531647736e-05
1.531647646e-05
1.531647563e-05
1.531647487e-05
1.53164741e-05
1.531647315e-05
1.531647211e-05
1.531647103e-05
1.53164699e-05
1.531646864e-05
1.531646733e-05
1.531646604e-05
1.531646498e-05
1.531646445e-05
1.531646507e-05
1.531647185e-05
1.690556451e-05
0.8157893368
0.9999980112
0.9999989769
0.9999986209
0.999998412
0.9999982444
0.9999980865
0.9999979268
0.9999977583
0.9999975775
0.9999973872
0.9999971914
0.999996993
0.999996795
0.9999966017
0.9999964158
0.9999962388
0.9999960693
0.9999959017
0.9999957287
0.9999955466
0.99999536
0.9999951802
0.9999950233
0.9999949081
0.9999948474
0.9999948399
0.9999948659
0.9999948973
0.9999949122
0.999994902
0.9999948674
0.9999948131
0.9999947404
0.9999946459
0.9999945274
0.9999943912
0.9999942562
0.9999941441
0.9999940679
0.9999940229
0.9999939771
0.9999938792
0.9999936858
0.9999933893
0.9999930197
0.9999926389
0.9999923388
0.9999922141
0.9999923107
0.9999925973
0.9999929859
0.9999933661
0.9999936326
0.9999937147
0.9999936003
0.999993343
0.999993021
0.9999926765
0.9999923196
0.9999919495
0.999991562
0.9999911515
0.9999907126
0.9999902419
0.9999897387
0.9999892093
0.9999886742
0.9999881823
0.9999878285
0.9999877576
0.9999881015
0.99998881
0.9999895407
0.9999898885
0.9999897285
0.9999892604
0.9999888003
0.9999885492
0.9999884944
0.9999884558
0.9999879494
0.9999863805
0.999983424
0.9999772296
0.9999616298
0.9999203285
0.9999141969
7.919367138e-05
5.120824784e-05
3.658389747e-05
3.352432998e-05
3.054453541e-05
3.054455102e-05
3.05445564e-05
3.05445587e-05
3.054455553e-05
3.054455051e-05
3.054454768e-05
3.054454639e-05
3.054454469e-05
3.054454193e-05
3.054453843e-05
3.054453522e-05
3.054453204e-05
3.054452857e-05
3.054452438e-05
3.054451989e-05
3.054451521e-05
3.05445104e-05
3.054450513e-05
3.054449934e-05
3.054449295e-05
3.054448592e-05
3.054447781e-05
3.054446796e-05
3.054445537e-05
3.054443858e-05
3.054441521e-05
3.054438363e-05
3.054448701e-05
6.032035876e-05
