0.9995801942
0.9995774513
0.9996153974
0.9996996093
0.9998561114
0.9999319846
0.999855395
0.9998039739
0.9997999499
0.9996051752
0.9997579966
0.9996595712
0.9983289727
0.9982321203
0.9983478684
0.9981636679
0.9957261584
0.9946218745
0.9966943834
0.9958214306
0.9960321407
0.9954301014
0.995467194
0.9969711407
0.9955126617
0.9931042043
0.9895767533
0.9910705872
0.9937918876
0.9937012473
0.9939900392
0.9935247686
0.9937887704
0.9945520026
0.9953810448
0.9961072464
0.9966188087
0.9952324374
0.9951508829
0.9967022429
0.9966407553
0.9976240938
0.9977573423
0.9964694933
0.9958471948
0.9946996432
0.9947283249
0.9936561613
0.9927941847
0.9917549267
0.9912025902
0.9907558061
0.9892447858
0.9885508674
0.9891884133
0.9892382718
0.9892134529
0.9882129867
0.98869087
0.9881324529
0.9881716981
0.9877821296
0.9876302531
0.9880447897
0.9885155917
0.9882589856
0.9875745424
0.9875064607
0.9877848959
0.9873314542
0.9872208571
0.9874507408
0.9871743977
0.9873236899
0.9873549192
0.9874432174
0.9873117382
0.9856278949
0.9809037219
0.9703304916
0.95650617
0.9491419371
0.8962542529
0.8983525456
0.8292018192
0.7927216087
0.8310492932
0.7046426039
0.6679589207
0.6983093659
0.7256355257
0.5586472824
0.629150679
0.4570900196
0.5181929206
0.3309076774
0.3909444492
0.440108252
0.2780552003
0.2890182727
0.2383335404
0.1330130242
0.1411798058
0.06695846494
0.05226368562
0.03349758413
0.02357624244
0.04342215459
0.01929773622
0.02829949978
0.01906106246
0.020986019
0.0230019222
0.01943634498
0.01747752703
0.01823737862
0.01628365451
0.01860535567
0.01741479493
0.02107548079
0.2163681694
0.9996602782
0.999455917
0.9994919405
0.9996864487
0.9998929465
0.9999622144
0.9998800842
0.9997233944
0.9997732348
0.9999633362
0.9999891256
0.9999988867
0.9999773861
0.9999667949
0.9999718231
0.9999645184
0.9998975184
0.9998670451
0.9999493941
0.9999289176
0.9999386541
0.9999458266
0.9998954846
0.9999405211
0.999935196
0.9996611942
0.9979018967
0.9932780265
0.9983537685
0.9994542545
0.9995118577
0.9994969959
0.9997387059
0.9997796976
0.9996946744
0.9998084413
0.9998140864
0.9998272298
0.9999116342
0.9998941302
0.9999437336
0.9999386612
0.9999482232
0.9998903105
0.9998748996
0.9995521317
0.9998875129
0.9989064501
0.9985008217
0.9985308212
0.9985541838
0.9986516299
0.9986503055
0.9985397654
0.998366989
0.9984492209
0.9983765255
0.9982748599
0.9981296409
0.9979398424
0.9977273436
0.9978186094
0.9955567116
0.9955322524
0.9960804624
0.9959928148
0.9940355926
0.9941895916
0.9962697412
0.9950191587
0.9952053463
0.9955584211
0.9946922396
0.9937541631
0.9934808419
0.9926601133
0.9925802402
0.9917385723
0.9906045041
0.9896573555
0.9891509061
0.9872064612
0.9865667816
0.9861581669
0.9834245505
0.9779649486
0.96116191
0.9619056532
0.9586403328
0.8924940655
0.8048163955
0.7867295322
0.7987729111
0.710091185
0.607986648
0.5317246779
0.3415205523
0.1702769578
0.01568029113
0.01972849619
0.01293676959
0.01296336612
0.01281552442
0.01094359083
0.008037193957
0.007203873156
0.008740713062
0.00697027786
0.007766533022
0.007117953541
0.007587282129
0.008749875545
0.00845711632
0.008480576858
0.008622237948
0.009421886214
0.009043056276
0.007993880618
0.008457883274
0.007731264752
0.01729599051
0.9996418563
0.9994279203
0.9994130372
0.9994777536
0.9995832941
0.9997248045
0.9998352068
0.9999137574
0.9999076041
0.9998672967
0.9998471383
0.9998934491
0.9999053552
0.9999494129
0.9999339151
0.9999438232
0.9998942593
0.9996603642
0.9991761784
0.9997972739
0.9998678883
0.999821901
0.9993739277
0.9993733697
0.9997620791
0.9995185024
0.9987713584
0.9976539376
0.9993817349
0.9988666252
0.9991228178
0.9993912501
0.9987601921
0.9988054833
0.9987528888
0.9988496076
0.9983901754
0.9999250159
0.9984981466
0.9985018418
0.998504862
0.998477239
0.9985666448
0.998616035
0.9986720253
0.9986696908
0.9985710634
0.9984918055
0.9984255366
0.9979862757
0.9977953908
0.9974924556
0.998016446
0.9975615866
0.9956548032
0.9987546003
0.9947381323
0.9951283022
0.9944868226
0.9939968143
0.993693668
0.9933554305
0.9931842633
0.9909412083
0.9908321599
0.991051608
0.9903744079
0.9882959874
0.9905777732
0.9899973597
0.9891103226
0.9889710903
0.9884077464
0.9881821352
0.9879153153
0.9875932886
0.9872830449
0.9870891663
0.9870000179
0.986100505
0.9867995584
0.986883003
0.9848278068
0.9855420107
0.9805977428
0.9788279922
0.9597907367
0.9510265772
0.8312055089
0.9011119479
0.878864752
0.8146345915
0.6628157192
0.6078532736
0.6477540768
0.464701495
0.6098829559
0.3697415569
0.1482689354
0.248524193
0.02047674347
0.01257844097
0.01288109895
0.0130561193
0.01283318437
0.007949558461
0.01007408667
0.007184772921
0.008058086822
0.009660284952
0.009025905236
0.007299187366
0.008407806762
0.00962674218
0.008884207713
0.009118097698
0.008245236837
0.008473879216
0.009139524036
0.007868801809
0.01751033779
0.998768899
0.9989682166
0.9994071184
0.9994205562
0.9994774496
0.9996794571
0.9995163342
0.9995874527
0.999550256
0.9995794488
0.9996203935
0.9996824063
0.9996780083
0.9996407833
0.9992010353
0.9989364058
0.998614493
0.9985135434
0.9983736973
0.9984271211
0.9984694008
0.9984920421
0.998460761
0.9983496311
0.99844963
0.9987728151
0.9978598031
0.9999423832
0.9968933594
0.9980907019
0.9978483396
0.9979961938
0.9980284392
0.9980428385
0.9980405801
0.9978414734
0.9977273799
0.9984249375
0.9983556674
0.99778128
0.9978556516
0.997133605
0.9975052277
0.9968572804
0.9960601786
0.9961653778
0.9952514163
0.9959093105
0.9953843606
0.9936426133
0.9924438469
0.9914285156
0.9909581612
0.9900606832
0.9899205192
0.9896252182
0.9889334872
0.9883680112
0.9887525706
0.9892826288
0.9890872125
0.989725676
0.9895753654
0.9899393198
0.9902563458
0.9906065375
0.9913506244
0.9905310859
0.9878446336
0.9863546261
0.9903654785
0.9797663321
0.973082855
0.9831704301
0.9749540023
0.9487354237
0.9545838724
0.9544895026
0.8989978228
0.9103662946
0.9226459199
0.9089915917
0.9674049821
0.9500209173
0.8760352214
0.934636871
0.9005169994
0.9358958961
0.9009329333
0.831784288
0.8251431341
0.8183444823
0.9606127233
0.7409254628
0.8580543865
0.9113550701
0.7848052097
0.8410140249
0.6545464863
0.45414252
0.1258042675
0.2290739285
0.01344485566
0.01305924607
0.01306630192
0.01322492195
0.01286444386
0.009015007196
0.009288027641
0.007996605412
0.007498918929
0.007660458894
0.008707601053
0.009029427317
0.008661598658
0.008223258553
0.008205220767
0.00837883167
0.007328428735
0.008980788575
0.01955342345
0.2268587477
0.4514289926
0.9999987098
0.9999671797
0.9990971323
0.9981451694
0.998154617
0.9984526624
0.997979154
0.9983217123
0.9982504021
0.9987973036
0.9994731852
0.9994614613
0.9992779464
0.9982202016
0.9982145087
0.9981827145
0.9981627129
0.9981662848
0.997992365
0.9967726807
0.9970745716
0.9974907499
0.9974307757
0.9975094073
0.9974020185
0.9976006648
0.991395522
0.9965588455
0.9976305594
0.9969693789
0.9976911113
0.9969733019
0.9951135781
0.9948278218
0.9934792288
0.9932660586
0.9939478509
0.9933036936
0.9933798482
0.9929823505
0.9926427464
0.9922381108
0.9919544754
0.990293577
0.9907369267
0.9891247873
0.9888339935
0.9898050631
0.9881179313
0.987595907
0.987435598
0.9903970728
0.9914258012
0.9899092427
0.9874237578
0.9843486421
0.966244133
0.9636158866
0.9621850847
0.9361811327
0.937636302
0.8113753536
0.8444952719
0.8880443825
0.6642576788
0.6643659459
0.7214350232
0.5145454866
0.5147808988
0.344365079
0.5626815722
0.4559620207
0.3419432726
0.5834375557
0.514012703
0.5863048758
0.5696567387
0.6812376315
0.4996886095
0.5822360803
0.5677725197
0.6456690919
0.6887989893
0.7070970064
0.6860523526
0.8182879629
0.831242271
0.941471129
0.9574225225
0.848859986
0.7586894124
0.9643523968
0.9781656541
0.6146517878
0.8914187384
0.7801352804
0.957800546
0.9688630383
0.6459062106
0.5525267756
0.4285067065
0.1686279597
0.0129470177
0.01317714633
0.01198784099
0.009357502788
0.01107133638
0.007237473584
0.007033138024
0.0087901709
0.009415746396
0.007606024033
0.009431201153
0.009046159952
0.007707819331
0.007513419135
0.008164497622
0.009363078816
0.01907631814
0.02506134731
0.001443511271
0.007872120984
0.03558060448
0.3304656219
0.9981477957
0.9989445247
0.9995844163
0.9992303292
0.9985650382
0.9982178132
0.9980385341
0.9983399608
0.9989286422
0.9993168453
0.9987111187
0.9980272164
0.9980866036
0.9959488879
0.9945161334
0.9948496119
0.9932492738
0.993736354
0.9937356105
0.994282592
0.9936255847
0.9940664924
0.9932671445
0.9947995607
0.9922430098
0.9929691988
0.9944829817
0.9933955195
0.9934876709
0.9930600807
0.9916718626
0.9894298332
0.9902993056
0.9897277631
0.9897322915
0.9914331824
0.9519134158
0.96863022
0.9924515416
0.9722114568
0.9817537817
0.9668043734
0.9003859737
0.9180376335
0.8242768816
0.7624058136
0.820536631
0.8030034958
0.7073484034
0.7465474694
0.6786703434
0.5708607387
0.5853490475
0.5817924557
0.547485017
0.5850101691
0.4828688237
0.509617877
0.512364704
0.6167574522
0.6153197498
0.5836855863
0.635663656
0.4831744826
0.7180656009
0.6298181344
0.4610337707
0.2393203961
0.2836570277
0.2038811948
0.2025697204
0.211244309
0.2337886699
0.3264368143
0.3161983702
0.3875036778
0.5737442238
0.4424231561
0.3995485087
0.5072229112
0.6375326423
0.5208841071
0.6108975157
0.4788163405
0.7035564221
0.6350861014
0.793410694
0.949943632
0.74707312
0.8230955644
0.9684045276
0.9568534632
0.8748648012
0.8170844749
0.7589392872
0.9794635776
0.9813675827
0.6665615728
0.6381515708
0.4702609928
0.06684422395
0.01259840968
0.01313806117
0.01151281535
0.008426740643
0.008213024782
0.007630967431
0.007555414165
0.008361326053
0.008841432581
0.007850326949
0.007381291202
0.008643881683
0.008892297007
0.008614931559
0.01753063471
0.02434289642
0.005276783615
0.004727044417
0.01037214642
0.01291212101
0.01330507622
0.03508109324
0.5733503869
0.9883338486
0.9922388218
0.9625246128
0.8875494943
0.7495058362
0.8922618122
0.9999995972
0.9999974
0.9957759319
0.9931843576
0.9911593485
0.9886232845
0.9717214565
0.9357484063
0.9129407262
0.7732488254
0.92630427
0.8077290591
0.6679911153
0.7505706572
0.004571624573
0.001027274983
0.2735483973
0.01135092782
0.5251310953
0.3482100611
0.5725126502
0.6098310141
0.6684673088
0.6891706021
0.7112561909
0.5562097098
0.6914765757
0.6375281191
0.6262401735
0.3142015754
0.3478305584
0.3987644982
0.64454886
0.4199814388
0.5710782283
0.688953193
0.4292911253
0.6028017651
0.8560545945
0.7131322074
0.8069188036
0.5074160945
0.4308129754
0.3295546298
0.2768245265
0.3725428435
0.4179535871
0.4140416465
0.3232208538
0.4458665124
0.3647609844
0.4552950858
0.3458298578
0.5805354922
0.5454765136
0.3744989205
0.5435947994
0.7053013421
0.7495496475
0.5080361702
0.4011663542
0.5375702289
0.1469474932
0.3269065604
0.03480219879
0.2928093009
0.2525833159
0.17756281
0.2421884123
0.3716296221
0.255231272
0.3508213077
0.4944175332
0.4258426905
0.5065299856
0.35754579
0.4806557554
0.5108794912
0.564306029
0.6574297696
0.6658325907
0.5882829975
0.7994460772
0.8189003563
0.8167066461
0.8502788766
0.7484696542
0.8043913587
0.9671451526
0.9466402765
0.8616289216
0.7600068332
0.5889752263
0.07664367474
0.01295139242
0.01300481805
0.008430559737
0.01071447428
0.006710329883
0.006887157857
0.008667378748
0.007534425555
0.007975511749
0.008197099304
0.009472547812
0.009150909461
0.01674153433
0.02518173151
0.006716293145
0.005484186189
0.007625150443
0.01101613082
0.01260799023
0.01318609099
0.01268111465
0.2069031113
0.8934183425
0.9383466255
0.8614942808
0.5915811503
0.3368671523
0.05620731718
0.2768388488
0.2434345293
0.6558723815
0.9333094949
0.9770153915
0.9567695188
0.6724627437
0.4934076962
0.201967326
0.450036689
0.2929419404
0.5188894124
0.7085963257
0.5264584262
0.2919141001
0.01247775269
0.06923279718
0.1656714726
0.3613756844
0.1853428282
0.2093833862
0.3879522344
0.4429540072
0.4428472146
0.5619809743
0.6354002563
0.482477337
0.6850204504
0.6575933097
0.4211330787
0.1187599644
0.2325578728
0.584332751
0.5589972211
0.1775227903
0.6339734637
0.4861977464
0.2559161417
0.4707298442
0.7705976901
0.9865465335
0.9856093843
0.6632946122
0.4862038534
0.2024989991
0.5281909746
0.4182476717
0.2231185073
0.2921285285
0.1887547435
0.4904394521
0.4983091378
0.3995328055
0.3680785742
0.5983414641
0.2652607803
0.3548135387
0.5170665981
0.8098510465
0.5777448922
0.5712307364
0.5915457096
0.4515733891
0.325839167
0.1625925015
0.4087747434
0.3054681922
0.3941832344
0.3627646204
0.4232062553
0.3366542007
0.2234487398
0.3967216314
0.3134214955
0.4806670959
0.2697018358
0.4280572687
0.368676991
0.4217222513
0.602393837
0.5697027177
0.5949358059
0.5500619167
0.8153165099
0.7544589891
0.7813314501
0.8024713434
0.7725233066
0.8158284247
0.856904563
0.7332233353
0.774255242
0.7422907504
0.3528111552
0.04209304288
0.01263301997
0.01149112949
0.01059233412
0.01054272002
0.009318187784
0.007364451485
0.006969977159
0.007722769113
0.008498434871
0.007708153062
0.01687252692
0.01909967959
0.009517792882
0.007500671441
0.00620992146
0.01100749879
0.01034735639
0.01303750761
0.01250209812
0.01303398153
0.1505986178
0.5626122629
0.967708614
0.9650568721
0.8224432024
0.3896242224
0.01218779157
0.01263995371
0.02876677147
0.1418425517
0.6453505263
0.7830337958
0.9850617771
0.9712527724
0.6244232498
0.4818372099
0.185091592
0.3408091721
0.3453580486
0.4366626985
0.8007894744
0.7748097055
0.342028057
0.40645235
0.06597849381
0.1851163743
0.2391785054
0.2507298936
0.3013493104
0.3466850643
0.6011400204
0.5785822612
0.6755919187
0.5502204538
0.5247754989
0.7406266093
0.6895645477
0.2628195514
0.3289660946
0.4901178157
0.6270027822
0.3448967685
0.4811868472
0.5217614316
0.3399618029
0.1485507407
0.2844026987
0.5686255479
0.9821042365
0.9883839368
0.5840426066
0.4345604162
0.2093679672
0.7009806246
0.5962613718
0.3943177803
0.1846601827
0.2275727425
0.4770979959
0.5351920725
0.4993352701
0.5037162517
0.3145496719
0.1971527292
0.1368859165
0.5221093025
0.7088950815
0.4785142244
0.5944375483
0.5712220551
0.5724257581
0.1224541408
0.1794666416
0.3715178177
0.2698270028
0.208134625
0.43162944
0.2353456696
0.5970746511
0.4128121832
0.3180368447
0.3008160013
0.36255183
0.2299894863
0.1985336004
0.3946050169
0.456084053
0.3173725999
0.5503778548
0.5041498646
0.4970046794
0.783867019
0.6157196611
0.6555814929
0.8836409769
0.8027984195
0.962815375
0.8169436188
0.7659459357
0.8593598125
0.5954384149
0.1256118074
0.01307057979
0.01316877187
0.00655154395
0.008598573832
0.007212721258
0.008331682899
0.008694912644
0.007591968796
0.008288211448
0.01913835582
0.02360272565
0.009359937383
0.008879115269
0.00708171179
0.009211337605
0.0103647707
0.009754491791
0.01189122189
0.009347245239
0.01201629631
0.02924147364
0.3597941398
0.8584215725
0.9324981143
0.8783056594
0.660829343
0.01206949351
0.01015283781
0.0126903721
0.05841435026
0.2915693561
0.6842332089
0.8826555897
0.9847118481
0.8471977257
0.5323749367
0.438060795
0.3365316505
0.3728198664
0.098250727
0.3783145204
0.6151122507
0.601688806
0.5540314871
0.2814167288
0.4099754726
0.3423823842
0.4892528838
0.1746344029
0.4047554523
0.3448092501
0.3210311464
0.6322890197
0.5806813705
0.5876366792
0.4773002993
0.7686850279
0.4701793789
0.2956042531
0.3995173246
0.6378532921
0.4018273745
0.3077664278
0.4207859344
0.5210512024
0.214290803
0.40119755
0.1153729084
0.5980224485
0.9817296933
0.9869517588
0.3649001379
0.2838371319
0.07131880242
0.6616039881
0.539128141
0.3316596938
0.4722195709
0.3346210537
0.4723947398
0.3627146486
0.6710710812
0.477970872
0.3613488079
0.2622920271
0.453124969
0.3959474444
0.5377885023
0.6682419522
0.4417264543
0.7416379274
0.3810001194
0.3309914924
0.2213129048
0.4715313245
0.2153408933
0.4990730367
0.1454895425
0.2131727195
0.3970866872
0.4951536516
0.2068498524
0.4121914093
0.4940923852
0.3313733196
0.0582193341
0.5448344714
0.3368450048
0.3991204884
0.5581304315
0.5749801235
0.6892299936
0.8633033193
0.5032988032
0.5943118429
0.7272159288
0.8741728573
0.9598280674
0.7577849814
0.9317380763
0.6479180355
0.4871774422
0.02064589374
0.01320041513
0.00877017865
0.007587242177
0.006655173345
0.0079952093
0.009209823197
0.008637359866
0.01745323945
0.02167790479
0.00954529913
0.009665475518
0.00740243545
0.007956336041
0.01060991578
0.009256230816
0.00888809238
0.01303393926
0.01153152057
0.01315486035
0.01501834594
0.3343561287
0.7774998514
0.9157938738
0.8591961653
0.6920242278
0.05024199458
0.01277772267
0.01212710916
0.05077880758
0.1849634796
0.336263139
0.7600489694
0.9729946519
0.8269334563
0.7541614963
0.6403767894
0.4304499759
0.4720811635
0.3906580811
0.2860429022
0.6880739396
0.3767162644
0.4904990449
0.3912962711
0.3075982329
0.4286617662
0.5695180208
0.4871804296
0.2516965572
0.5533194458
0.5202575371
0.4687092398
0.495453029
0.4641376398
0.5613946382
0.6773437316
0.46585776
0.7224850971
0.2134007338
0.5645151095
0.4950723787
0.3591193616
0.3987734747
0.4921435083
0.3141614237
0.2464209297
0.3024442406
0.405993888
0.6802227114
0.9842837668
0.9415009514
0.4958489573
0.4070368511
0.3485579447
0.6890363045
0.4715030044
0.1871022019
0.1231792074
0.3204555112
0.4214279403
0.4754943094
0.5024988443
0.5777478331
0.2055926074
0.4155815222
0.4057214405
0.2707731731
0.4846002257
0.4499077091
0.6726447127
0.4133588352
0.2505586105
0.439979096
0.4190994
0.4060206694
0.4326229131
0.2358402095
0.1863933738
0.4481145092
0.4152701988
0.4482820862
0.1184208021
0.2580941432
0.4892283492
0.1662592706
0.3526289207
0.2523648951
0.1028160553
0.3440663218
0.2906804679
0.522130254
0.8093849113
0.7549038701
0.7567022678
0.4024436286
0.6700098311
0.8728981528
0.9301307243
0.9463330345
0.8321573749
0.4747964158
0.02279209793
0.01309937649
0.0117877429
0.006876526393
0.006874243645
0.00769901428
0.007830947545
0.02643405352
0.02226646367
0.009298906478
0.01004038695
0.009511383579
0.007879628007
0.009027535825
0.0109745574
0.008930863575
0.009452930461
0.01202127738
0.01293225521
0.01310770322
0.01563954532
0.3058251069
0.6401828139
0.9119359295
0.9665566818
0.7623635483
0.2866591856
0.03021375266
0.01281420782
0.08967037492
0.1097755746
0.2976887341
0.532149675
0.9643948296
0.8304374881
0.6774546271
0.8263033528
0.4336161694
0.5963398422
0.4153055196
0.3236349164
0.5051783428
0.6564078505
0.5487319965
0.4415506056
0.4468826373
0.2529472282
0.4736715601
0.618529186
0.239502972
0.3894455817
0.3567826044
0.5155485929
0.3991522998
0.5576086414
0.4144595871
0.7247351197
0.3997425545
0.5455382375
0.5065682458
0.3573589469
0.6162724726
0.4192913919
0.4333262235
0.4255180061
0.4450570561
0.4169751244
0.09875406802
0.1064887799
0.6779720779
0.6204923557
0.9426934153
0.725204501
0.4799807032
0.5152164495
0.6643965667
0.5637751586
0.597554625
0.3263342668
0.3538680524
0.2065085984
0.5709030937
0.4486800269
0.4358114732
0.5002335938
0.3773389857
0.6020323505
0.3656907966
0.538735677
0.341769108
0.7817079005
0.5974330224
0.2583061855
0.2528793777
0.1533941451
0.2398745517
0.4241998194
0.5770240805
0.2486067664
0.202589507
0.4396005871
0.3402079488
0.5346957566
0.2766108199
0.3181157489
0.07480989859
0.4259259625
0.4729683921
0.2724530017
0.4139196737
0.2748637813
0.2037137538
0.6266057603
0.7717299744
0.7740992463
0.8306144109
0.4020057118
0.5810719585
0.8126098039
0.9774675721
0.9401704464
0.6265945152
0.1426304652
0.01309977796
0.01316627282
0.008281035439
0.00760188055
0.007056377869
0.03165006263
0.01869319532
0.00879071724
0.008794321929
0.009861321426
0.009064192997
0.00843410404
0.009950491929
0.009821136753
0.009348390455
0.01260316609
0.01312539867
0.01297183257
0.01303740501
0.1374096105
0.2062572227
0.6451965555
0.6311961442
0.9399931247
0.7847306703
0.5505772043
0.01173143946
0.05834602879
0.02368913869
0.02361755852
0.1014908149
0.3600312458
0.8845026314
0.6787544592
0.8076818053
0.7163971418
0.6960703289
0.5908154166
0.6874813813
0.2306145713
0.5622497747
0.6052171039
0.5395885815
0.568986484
0.3854133902
0.5871966029
0.300234487
0.5897687098
0.5206176164
0.2602783208
0.2601613871
0.6273397844
0.4969227035
0.4271790205
0.3626646288
0.5567375106
0.4835245711
0.5962249296
0.5119152567
0.4483118554
0.2939916456
0.4609513901
0.265711976
0.5062105882
0.351523999
0.5267436411
0.3335928627
0.281676529
0.5413233661
0.7807626581
0.6415266962
0.8159427198
0.4279490218
0.2993715023
0.4917360444
0.6385720869
0.5147693772
0.4144126719
0.4888959404
0.3836897866
0.1669842219
0.5566889515
0.481602299
0.43903993
0.4296860174
0.2131283147
0.4846514567
0.3980420949
0.2183197304
0.5441503196
0.5870561115
0.4363445309
0.5159543349
0.391175903
0.3333959395
0.1553092055
0.3823514386
0.2830058782
0.3544983928
0.3874650261
0.334450984
0.2564751439
0.3836055864
0.4846168303
0.1681079107
0.2512883092
0.346863653
0.4455727774
0.2447120319
0.04535765868
0.282024853
0.2162178103
0.6496181924
0.7389476098
0.8513866223
0.8206562013
0.6425131005
0.6613309157
0.9304953358
0.9749950486
0.8052879077
0.02670035021
0.01474048075
0.01242066151
0.01147132689
0.006326710895
0.0233263085
0.01826473785
0.01007243575
0.00957839618
0.009535342192
0.009731059035
0.008786140157
0.009660348137
0.008942641802
0.009930860636
0.01060796563
0.01305273736
0.01311963829
0.0129768376
0.01294547665
0.03620189159
0.3633733899
0.6076037468
0.8344505971
0.8245803825
0.7839403692
0.4671745733
0.5176869282
0.01812613908
0.02666827871
0.04824448255
0.09426742787
0.4201100927
0.6509179007
0.7161106826
0.4421417274
0.7859640991
0.5277203399
0.6850284817
0.716670661
0.3468365987
0.4706544957
0.6358203046
0.6818001936
0.475720452
0.5261238595
0.4658782624
0.4756624932
0.5144729888
0.3689336779
0.4472151747
0.15997686
0.4984410271
0.4266008179
0.8130230433
0.2779091638
0.381143565
0.2947630983
0.4675032343
0.6888044146
0.5535096432
0.63013047
0.4280924859
0.3957295952
0.2469672546
0.4074794874
0.4873815967
0.2281245806
0.2779653908
0.4677441123
0.6310891236
0.8214288014
0.814367078
0.4414890758
0.4573818476
0.47618246
0.5745471224
0.6161140319
0.4650167264
0.4237464095
0.4727794101
0.3471190426
0.3893681975
0.4133999912
0.5068784397
0.6228378941
0.4853518976
0.2935420264
0.560869711
0.207419547
0.7059639078
0.4241772808
0.3274565995
0.4623556982
0.2856912411
0.4853616332
0.1799632853
0.4378874949
0.4860088753
0.2605560001
0.4475588767
0.3736055739
0.2220006673
0.2280999923
0.4120617472
0.3088452324
0.3198397392
0.05495346764
0.3275485581
0.6427540936
0.13100047
0.03156120089
0.2480486005
0.4416836608
0.6120267192
0.8282317345
0.5412129759
0.8184680969
0.4731732205
0.9504983458
0.9682729776
0.856196967
0.3137442389
0.01238284226
0.01190761425
0.00612354022
0.03044877878
0.01858057075
0.01005117033
0.009963402489
0.00905306133
0.009868629654
0.01005921611
0.009367003995
0.00931803529
0.009228640074
0.01151213831
0.01195960206
0.01114282165
0.01302396573
0.01316243826
0.01285647033
0.0129417888
0.2157055463
0.5708889019
0.7360904946
0.8906832508
0.733570105
0.6059411415
0.6945436381
0.2141315874
0.06870647079
0.09688519438
0.2023698903
0.4008013841
0.6262201213
0.6384754697
0.6306690094
0.5427570336
0.5936344998
0.5362104603
0.886090386
0.5640651748
0.272088545
0.6237480145
0.6457314682
0.641083695
0.3505203223
0.4444713346
0.3680157559
0.41716976
0.5337322501
0.3694934001
0.2928332862
0.4519790697
0.2270078205
0.4614546491
0.696811115
0.4751266909
0.4438755157
0.385087415
0.409268148
0.243663651
0.424596589
0.5216226808
0.5933361314
0.2990084564
0.34580492
0.6227148201
0.2817997411
0.5261039001
0.3462279843
0.6693904195
0.4670091628
0.9326822129
0.4087611072
0.5599875563
0.3146406959
0.6519463028
0.5067352987
0.4475852156
0.5494145632
0.5793705303
0.307659575
0.3963458686
0.4774720728
0.386305466
0.3922480589
0.4236212184
0.4424454612
0.457177008
0.1930709845
0.6450023027
0.4430733192
0.376970155
0.3997613406
0.4276302123
0.2680552948
0.48855927
0.2324006914
0.2913688177
0.1136252086
0.2332513235
0.4262813112
0.4436094122
0.3887185783
0.2769295937
0.346292424
0.2437719478
0.1772517938
0.1791992602
0.3182428822
0.375466943
0.07184991682
0.2809382886
0.3089675052
0.5612380453
0.8617384493
0.7211925205
0.8456795228
0.523979397
0.8393687314
0.9791758027
0.8905155329
0.2069719097
0.02455757573
0.01123407348
0.07721895967
0.02021842719
0.01023549512
0.01038092256
0.01034885237
0.01011186515
0.009009105125
0.008843860646
0.0102602317
0.008905517103
0.009274976407
0.01215339862
0.01036598479
0.01306229191
0.01315679939
0.01299325557
0.01280276022
0.01534336714
0.1281773074
0.597832555
0.7503759208
0.8554857741
0.4233734669
0.5052555253
0.6425618047
0.3644023472
0.3526804031
0.1864525738
0.2148075198
0.3179094228
0.5937273916
0.7338712167
0.4479261396
0.6978838348
0.5156757207
0.3259976584
0.7187021329
0.8235958085
0.415559246
0.5674061989
0.6667621953
0.5899207015
0.5140444965
0.4954343256
0.425129494
0.3829875699
0.4887474812
0.4530520004
0.458989609
0.3277750978
0.4601742941
0.4366929535
0.3661753486
0.5395234431
0.4738758894
0.5185696684
0.6597429467
0.4276936369
0.4856935649
0.2384846124
0.5355458711
0.3256948219
0.5096816611
0.4598160672
0.4646848754
0.1117203549
0.6660074334
0.3646498678
0.7713582314
0.6179323039
0.4735739764
0.5097453002
0.4465511535
0.6000193743
0.5197335407
0.4164544055
0.5031562256
0.4643793165
0.6093244484
0.2592937453
0.1758587662
0.6361334394
0.4379919486
0.4518763147
0.5148230846
0.5484341151
0.08013119025
0.6369816884
0.3272496965
0.4138227078
0.3724150091
0.4417317994
0.5259256176
0.1460740997
0.5021249619
0.1803190661
0.4824430082
0.4148004746
0.2697619988
0.1803769395
0.1169308846
0.4021768186
0.1783676862
0.4495202006
0.03815131384
0.1987443751
0.5281816199
0.36414272
0.374394435
0.1456615233
0.3419234535
0.1438158412
0.661039571
0.7273715523
0.959458108
0.7821070549
0.8519330646
0.8878578238
0.9108340877
0.3857365652
0.01239742687
0.08486650242
0.02057335584
0.009422811103
0.009362127031
0.009458988737
0.009235034929
0.008477437717
0.009037725454
0.01003426505
0.00907801122
0.00886554956
0.01145714612
0.01277568238
0.01200859447
0.01241445313
0.01303709291
0.01308824808
0.01363527271
0.016255453
0.1051791886
0.4780694691
0.7960499503
0.9605866017
0.2632921446
0.5036546141
0.7700770815
0.3831556586
0.347636671
0.4234587565
0.235372174
0.3103362824
0.5778733131
0.5562869867
0.6265239786
0.3940869525
0.8581594562
0.3434051717
0.6927326242
0.6813507044
0.5940387252
0.2994593882
0.5736419214
0.7268541733
0.3577598535
0.3234030429
0.4279978947
0.456846631
0.2902497253
0.2941017905
0.4922958427
0.3437156087
0.3696722569
0.5603496668
0.6032543305
0.2420524046
0.2608166595
0.4275965793
0.5503765591
0.3762014379
0.5011930737
0.5056218317
0.5126157919
0.421780454
0.4792275139
0.555249621
0.4968742472
0.1917701534
0.2121344896
0.6063722047
0.7013740667
0.9154957664
0.3741385937
0.6157092995
0.2098045302
0.72169518
0.592782509
0.3355327881
0.6324545966
0.3558706791
0.5909673872
0.4539585564
0.2626731077
0.4207070729
0.5953620096
0.1439762851
0.357161808
0.5015649409
0.5064912029
0.4509063392
0.5176756133
0.5407856963
0.2746991987
0.3867492308
0.1544480739
0.1048242027
0.4714978703
0.3946623128
0.08919185557
0.3590404171
0.2995722725
0.472504276
0.06642678681
0.3851468726
0.1889445568
0.3390060105
0.2887294618
0.03898333503
0.4297163193
0.3548157038
0.2739826022
0.09492357823
0.2715560126
0.4715725552
0.2268474624
0.3675939405
0.7381352446
0.9654428319
0.9841184285
0.9561578856
0.838913865
0.3094370419
0.3120912527
0.02289241439
0.01007272181
0.009464571032
0.01013031325
0.009404923089
0.009136990921
0.008860593621
0.009744229592
0.008639301885
0.00936704499
0.01070730336
0.01018439228
0.01240470215
0.01263345676
0.01268390134
0.01284098883
0.01277498319
0.01616999629
0.02387547131
0.2577662727
0.2268620701
0.8522624972
0.9238748677
0.3428136649
0.5053034342
0.6603647239
0.4508121492
0.251084827
0.5779970989
0.3466717523
0.3445396895
0.5518997638
0.7626431623
0.6432987515
0.4079447611
0.6076474781
0.6352322081
0.5835641881
0.754424375
0.6627117354
0.5003838888
0.2759809119
0.5942315108
0.4429770222
0.6515800957
0.3016456528
0.5996670328
0.3445331066
0.3469671874
0.5017886184
0.4888345235
0.3113384017
0.418938886
0.4350195213
0.4864090276
0.4435397041
0.4262224834
0.5149592439
0.5254148115
0.3512799515
0.4742575041
0.5801193456
0.4237470719
0.2225468043
0.3608475276
0.5815585233
0.312559865
0.6497738299
0.30673003
0.6436963633
0.6574995962
0.4481364413
0.4526303293
0.3155341105
0.487565983
0.749971227
0.3470043599
0.5069012376
0.3838101244
0.5443786828
0.4169362548
0.2750183437
0.495216339
0.5138730244
0.5886343126
0.2785999919
0.2991594224
0.4763531965
0.5657411467
0.1986697458
0.4856314407
0.2356028531
0.4242593106
0.5828126398
0.4014441516
0.3416277986
0.2872305949
0.2325018421
0.1013359578
0.2969507979
0.3102964092
0.1730749419
0.3123577833
0.2616537251
0.3663956874
0.4280057263
0.1958270103
0.4201036292
0.3969895563
0.3479423214
0.07288673865
0.3964465887
0.3868541473
0.7417300112
0.1325335044
0.5816679526
0.7032827245
0.9828475766
0.9417681576
0.905568058
0.6660352432
0.01991425258
0.008624056903
0.01007747277
0.01038279364
0.01058473136
0.01031323787
0.008217667111
0.008724920895
0.009927402635
0.01066618711
0.009410793236
0.009615144142
0.01168872723
0.01174308456
0.01205467317
0.01315197839
0.01301306597
0.01293080888
0.02857952064
0.02840569011
0.2294263292
0.3258311681
0.5941295342
0.8735257745
0.5077220042
0.2907255983
0.8228660062
0.6148748329
0.2061299481
0.5235782222
0.3436066771
0.4696456617
0.4539319786
0.6748572282
0.7301588293
0.5328087568
0.7464084555
0.4037022175
0.6112838207
0.499035948
0.6125159036
0.4469387368
0.3802066442
0.6053251886
0.499480818
0.2528804379
0.3543885085
0.5206452601
0.290231363
0.5003433909
0.4871544764
0.37868288
0.2313401055
0.5222086005
0.5391481487
0.4014123857
0.362108849
0.5485989265
0.3550246534
0.533318244
0.6020762462
0.1770485227
0.5532975387
0.5909012893
0.5234850423
0.4019406214
0.6186965973
0.3953626904
0.1703714056
0.5879485818
0.6167482783
0.8237973838
0.5651626737
0.7151395295
0.4829971682
0.5151452338
0.3798004816
0.576638072
0.4240271167
0.4262493214
0.6822221837
0.4442826881
0.1783022184
0.3190884423
0.3916753702
0.5357966367
0.5275588525
0.405308285
0.4498539537
0.3682005858
0.5043520333
0.4805763601
0.4528610543
0.3515912462
0.1765465318
0.07477154709
0.3592400882
0.1223827515
0.3477196525
0.311361129
0.2907103554
0.4304807403
0.1844776684
0.2402562753
0.2891794154
0.3721443821
0.2213580007
0.2275016358
0.1598083668
0.4028085294
0.3214644562
0.1821031127
0.1625975437
0.2322086157
0.5257451222
0.3538698564
0.4469442787
0.9768823672
0.9768586235
0.9862743909
0.9453483719
0.0234831579
0.009038303812
0.01010942423
0.008896146614
0.01006594843
0.01034581825
0.009989463739
0.008842354941
0.009858173154
0.008327248602
0.008809329459
0.011403084
0.009247940096
0.01042518157
0.01319756494
0.01316576032
0.01314977075
0.01304150501
0.01276637219
0.0144507696
0.2326196129
0.2622299104
0.4010626824
0.8746842887
0.5983781848
0.6741365054
0.3941485807
0.5988595221
0.5571029563
0.3704777561
0.6634394244
0.6196898028
0.5225005452
0.5286151034
0.7227284199
0.7272238732
0.5008108632
0.5701304235
0.6643969551
0.4816065421
0.6191754506
0.6069247692
0.3718500029
0.4298481817
0.4506194749
0.4314055529
0.6286481624
0.2906288193
0.6867071543
0.3496244291
0.188513374
0.5059382898
0.4393033821
0.366969536
0.2913682825
0.5250682101
0.42057645
0.2077069343
0.5030528192
0.6072214297
0.4189321775
0.5682081431
0.3578304711
0.4564986453
0.4885989885
0.423607496
0.4089882459
0.3716602297
0.4729756988
0.3664478931
0.5591191574
0.4453765565
0.7709522963
0.5098194707
0.2604672097
0.2640580476
0.4476599425
0.6253598698
0.5853522008
0.4905831728
0.182605443
0.4483927088
0.5480746382
0.3193500897
0.6166044278
0.2361102347
0.5830708774
0.1279113084
0.3112271461
0.6735092961
0.5494541617
0.2446959235
0.2495549242
0.4115031521
0.3555874741
0.3962559159
0.2173070596
0.4113071506
0.2951872608
0.376456663
0.1107311809
0.1980087202
0.3367801997
0.2674219941
0.4221892273
0.3016738358
0.4334508507
0.1914950522
0.2546920951
0.4109414581
0.3149702713
0.4072814859
0.1695105969
0.4093315413
0.2562831682
0.6278698586
0.4084788426
0.2754253407
0.9655306946
0.9896611341
0.9869603913
0.01788852589
0.008773893929
0.01011570669
0.008816820429
0.009934325522
0.01036031101
0.009978830373
0.01023955712
0.008666957471
0.009069361423
0.009524375563
0.01015772555
0.009684149407
0.01001073627
0.01107973402
0.01317461338
0.01298105288
0.01290087554
0.01273221187
0.02913155165
0.02458139647
0.167721454
0.1876612136
0.3403730943
0.6121035381
0.7630281241
0.4221391928
0.3933415893
0.7179128792
0.7337623296
0.4914188459
0.4534399038
0.5315466381
0.6542113945
0.6316700667
0.6518254631
0.7033772674
0.5428191593
0.5807150356
0.2801314306
0.5923594597
0.2430613975
0.6168494887
0.4782185978
0.4154940062
0.4107298835
0.5048810095
0.523452095
0.431995036
0.3872705507
0.4291629816
0.4536624187
0.2724414303
0.5104503748
0.4839187241
0.2231200101
0.5734520106
0.5125387277
0.5801348005
0.4312810819
0.4355474654
0.4007034852
0.5150908992
0.4964792045
0.437743927
0.641283798
0.3497633327
0.49104146
0.5382190775
0.6193818344
0.3145332729
0.6621722714
0.6388224899
0.4641117673
0.7801682485
0.6180763359
0.3240505475
0.6500191803
0.2129571264
0.6762542406
0.4749158456
0.3704041049
0.5644623944
0.4596962289
0.4492971536
0.3373139358
0.4007159316
0.4395609938
0.7106961191
0.1573144306
0.2373201911
0.5692224731
0.5795232839
0.2611438494
0.2850388779
0.2203776602
0.3281694981
0.3043671186
0.3351139065
0.04868210697
0.3144318615
0.2559232162
0.2053359572
0.4564598945
0.2836400177
0.1863285385
0.2168108119
0.316123449
0.3526505763
0.2136894154
0.2000571848
0.3766580755
0.2249245842
0.1438850838
0.2492220996
0.3324305355
0.4240143314
0.7717499537
0.8773769483
0.9892981298
0.9858740238
0.02091202525
0.00921370813
0.0100167087
0.009447996679
0.01028000598
0.008535313644
0.009174100001
0.009976691304
0.009409171741
0.008186356686
0.0110038048
0.01081807249
0.009380385461
0.01223574606
0.01297249108
0.01279136009
0.01292248638
0.01297638294
0.01263227779
0.04085288677
0.01775604057
0.2124380695
0.2156073395
0.6000439247
0.3745749608
0.6480568818
0.6357866475
0.8585694875
0.5213728405
0.5616007467
0.3928607947
0.6527886572
0.7827209569
0.7866920942
0.5613971067
0.7220991618
0.4626602781
0.61591951
0.542777873
0.3294865433
0.5525842747
0.4719151206
0.650962889
0.51631878
0.3539595782
0.4368071049
0.6053461562
0.3935381945
0.5076147606
0.4275868921
0.4559551859
0.231796865
0.5836021243
0.2696613736
0.3367197867
0.4954010172
0.2138125995
0.6004715261
0.5954354826
0.1877754993
0.3399218105
0.5827896923
0.6405248124
0.2563470077
0.4748576466
0.3550915253
0.6331395987
0.4380047386
0.4529386174
0.4501754785
0.457699886
0.4468938393
0.3533179082
0.5903595574
0.4505538417
0.4878686553
0.6315622208
0.3839817745
0.2870087344
0.373753345
0.5342429007
0.6806772144
0.3677273908
0.4363468598
0.2300756159
0.3998974938
0.5421413471
0.4873205453
0.3775972816
0.4189939262
0.2383367406
0.5515329547
0.3198616662
0.3796425656
0.2258917923
0.4712715342
0.418419022
0.1795464471
0.4001785688
0.2247279236
0.3352455257
0.3147949424
0.3862395363
0.3898680184
0.2490921998
0.2330078012
0.3381286013
0.3122605838
0.411445959
0.1302409763
0.3795512294
0.1481761348
0.5052091532
0.238518884
0.2842989738
0.4601556352
0.552011929
0.7596275658
0.8449884444
0.9847378517
0.9870059868
0.02125310219
0.009950250483
0.009876938136
0.00906878633
0.009910747978
0.009282582635
0.008953842637
0.01022390532
0.01050290267
0.008902443379
0.008802356837
0.009650651018
0.01115035526
0.0117051435
0.01103703161
0.01294120237
0.0127036037
0.01263507568
0.03374545487
0.01189468937
0.1392252199
0.097720569
0.373883703
0.1642769305
0.2767320211
0.4775155408
0.6520468581
0.5083562053
0.425674984
0.6146286365
0.8478739199
0.7750839125
0.7988037541
0.5627273108
0.6162891698
0.3960137325
0.5928601518
0.4835232654
0.4248627932
0.6154678164
0.5890927795
0.2498199875
0.543632603
0.2893702268
0.4102899056
0.6147117548
0.4732831756
0.3075922271
0.5762775246
0.4275414434
0.4459238446
0.4729333326
0.2374882996
0.4906109403
0.3562321201
0.4117118368
0.6867314865
0.3936238051
0.3695255094
0.508323359
0.572575486
0.4537764003
0.3553529863
0.4890834869
0.6048222147
0.5239149312
0.4609692362
0.5127687794
0.5974777807
0.4620517511
0.5515103527
0.5495329748
0.2776179285
0.6146451844
0.5219011989
0.6490810783
0.5968123739
0.4893821885
0.2345062728
0.6984180011
0.5104353143
0.3773416929
0.4493290411
0.471838029
0.5385004287
0.4572992352
0.468968078
0.4373473802
0.328299036
0.4056344505
0.5463702934
0.3135704155
0.2185123155
0.6074990254
0.3378990304
0.2783359674
0.2510752441
0.3937020991
0.147683584
0.2775450433
0.1441902945
0.4204611634
0.3035448336
0.0843845331
0.315106582
0.284169146
0.321295318
0.1641853502
0.3051022998
0.1421573463
0.3603086187
0.2245222555
0.1572816414
0.3114550072
0.5095387236
0.4497474334
0.5820025419
0.9066600668
0.9699408446
0.9712470702
0.9740197035
0.0223244622
0.008991817273
0.009912785653
0.009306483701
0.009073426215
0.01023891138
0.008836760906
0.01032344091
0.01034432545
0.009852744895
0.01097832151
0.0109598004
0.01278291197
0.01037861708
0.01295004192
0.01289124705
0.01281900749
0.01262557721
0.04474958643
0.1097714546
0.1785113062
0.2492344776
0.2404807947
0.3236335161
0.2983505286
0.7968410307
0.4116379805
0.7874416322
0.6478432002
0.7723636087
0.849354284
0.7981691231
0.5314834112
0.6077864812
0.5535760337
0.5513390072
0.5391157099
0.5617607181
0.4079662118
0.4896137428
0.4372131664
0.4304278571
0.4622378696
0.4937846543
0.6635499808
0.5242396884
0.4567113404
0.486439404
0.3783889443
0.4969218737
0.3730427189
0.4998798665
0.3909645696
0.302031168
0.4988913837
0.6550872495
0.368742864
0.4428247837
0.2349068053
0.5475606435
0.5457150497
0.3029146193
0.5186468512
0.4746327236
0.5706451107
0.4241185012
0.4309508425
0.5739082
0.535052398
0.3055727145
0.4839792627
0.2736717463
0.363734905
0.3000761303
0.6215248401
0.5027291274
0.381418026
0.5306240759
0.7021271905
0.3126874775
0.4051888597
0.4172487354
0.5111426831
0.5495270187
0.5034608288
0.5269661245
0.4049492554
0.2461793255
0.5146515473
0.4671626089
0.4386976356
0.2977936966
0.1962628688
0.2524912798
0.4593251657
0.4979980764
0.3721853548
0.2700426866
0.2723875607
0.3748684431
0.5222801839
0.4002727068
0.1629195389
0.4389164549
0.07177238164
0.3967743281
0.2475532833
0.2670580367
0.1856313232
0.3964878525
0.3841574861
0.1599473685
0.3983419
0.2987247256
0.6542023317
0.5541507133
0.9761867061
0.9795060157
0.9333125354
0.7114985111
0.7963828611
0.02324371905
0.008798055621
0.0099365351
0.01037104404
0.00866775148
0.009407287723
0.008172704948
0.009221714765
0.008885707175
0.01047243343
0.01117996862
0.01215885217
0.009718433599
0.01296341703
0.01246950455
0.0127078483
0.01482273119
0.0345321728
0.1331740754
0.2136874843
0.156288923
0.2760316102
0.3109363661
0.1859367902
0.5376808301
0.403916591
0.4608445896
0.5615143385
0.8210723294
0.8220761363
0.8054368667
0.7442169531
0.6165465162
0.5579109999
0.5227008715
0.5974644276
0.3570436754
0.3256367614
0.4684100644
0.5666867583
0.3975464239
0.740355044
0.4080945549
0.3926506205
0.4712445001
0.4766427191
0.379832921
0.5848627327
0.3340492633
0.490395344
0.3798541036
0.4513931376
0.3592679531
0.4311455035
0.6214432111
0.3650875648
0.4051275875
0.3927996616
0.5209191068
0.4425842048
0.5112597956
0.5587364488
0.3383842572
0.6551060543
0.4396973712
0.5152478986
0.5450667893
0.5275539903
0.4460586506
0.5438225138
0.4925461066
0.3329357852
0.6110670297
0.5005315446
0.4985267349
0.446384078
0.6119719097
0.5095870758
0.5524669548
0.6933260503
0.1276541216
0.4169935961
0.5119538221
0.4257785601
0.5077101736
0.4598586094
0.3878802944
0.5439311809
0.5007936732
0.1174708112
0.3670694728
0.3272791586
0.5232399055
0.3622296626
0.4795930426
0.2555303454
0.3116603719
0.3657456437
0.3001550319
0.3935262486
0.1840008485
0.06378769804
0.1100971116
0.3679867806
0.269675034
0.3308674348
0.09381181724
0.3776142308
0.3056888119
0.1711949389
0.1491934555
0.2626899332
0.286791078
0.6693630982
0.6793170567
0.971114014
0.9800444346
0.9022740352
0.7259719942
0.3899407981
0.3716611845
0.0172261052
0.008577101839
0.00930782137
0.009881614709
0.008881493224
0.008814920038
0.009348161438
0.009164227949
0.009549032879
0.01173480354
0.01046941863
0.01266441166
0.01093657043
0.01301285036
0.01282993182
0.01462447479
0.04118398049
0.1337140057
0.2512609451
0.07456584755
0.2778045214
0.3116034092
0.1127505667
0.3348569576
0.5565343832
0.6607878027
0.7145689354
0.9644438027
0.8248407322
0.9701732344
0.7168605861
0.5194411161
0.5735066531
0.5262998923
0.3991856605
0.4006215348
0.4371042605
0.560161924
0.4759354915
0.4932779414
0.4715145604
0.3352822133
0.3513040512
0.6524931394
0.558653115
0.5747451131
0.409929212
0.4770579613
0.3822414657
0.3285215305
0.4431088558
0.4195538176
0.4599130539
0.6597190883
0.460648192
0.4345520418
0.4947801635
0.5245383303
0.5581161637
0.3296655951
0.4993066268
0.4862318716
0.6027707084
0.4976183863
0.4848080274
0.4282826574
0.5848541985
0.403142175
0.4301437305
0.3514511453
0.4788940497
0.2053816666
0.5010694571
0.4368001582
0.333056609
0.2880533532
0.5665916494
0.4580221972
0.4347304879
0.40943767
0.4557040946
0.5926218626
0.6845705426
0.5700555104
0.4256926992
0.5101403684
0.4265272869
0.4343465104
0.4124379701
0.2609698916
0.4536661222
0.3492654344
0.3959286656
0.1635556752
0.3816401326
0.2929279161
0.4789919816
0.2678759992
0.460092677
0.3536105117
0.3218098245
0.3773365118
0.5498358032
0.3224554526
0.2032276684
0.3248389958
0.1089388323
0.290418701
0.1300987021
0.3380135342
0.1986167497
0.5334712136
0.7491457179
0.8025452939
0.9815232658
0.9774163983
0.9286497013
0.6498353511
0.3644371594
0.01456960285
0.1743873587
0.01829790146
0.008869825035
0.009666821128
0.009744062298
0.008744702101
0.008789673158
0.009716759456
0.01028799756
0.009222779934
0.01008836315
0.01127708241
0.009978048033
0.01304316114
0.01416674417
0.01269998135
0.1006886599
0.06938605562
0.1624789596
0.2038178262
0.1121673866
0.3167596916
0.2913245073
0.3719617706
0.6693486369
0.8380829139
0.7807909963
0.8164260927
0.9291569667
0.7388043013
0.7220380347
0.3943761883
0.4553240076
0.5368638333
0.5146107171
0.5576209089
0.4590834526
0.3995954811
0.4380766109
0.500125168
0.5072111506
0.2020636787
0.4812068169
0.7964488309
0.5821972073
0.5243814219
0.4908909946
0.3370663491
0.2806389744
0.4339266681
0.4372162815
0.4390965811
0.5017832871
0.6043188257
0.4751827203
0.487915403
0.2800581737
0.4682190351
0.3285308347
0.4730499623
0.6022353744
0.4121534327
0.6477799156
0.484835373
0.4906330287
0.4821306849
0.4992823933
0.4885865423
0.4083275634
0.2980084257
0.5416728562
0.327170989
0.6411026136
0.6164213407
0.3493994458
0.3928669942
0.5218556241
0.5094978386
0.6118670934
0.422332912
0.5090518102
0.5941863716
0.7595122935
0.1348739656
0.2878718606
0.3093958426
0.4351066946
0.5876234818
0.3397513257
0.4260263803
0.3252963012
0.4824420118
0.1073637932
0.4934284658
0.4962162126
0.3627557203
0.2913309797
0.4589066668
0.1897103116
0.4676445912
0.2336780031
0.3739442422
0.2055721205
0.1883139521
0.1121958909
0.1047722711
0.2013635372
0.2633413447
0.438268117
0.2186539364
0.2572287497
0.6183949087
0.7652620747
0.7830773941
0.9822326835
0.9679870989
0.7927862518
0.5963675993
0.2955251134
0.08507821309
0.01308257421
0.07903292357
0.01762506493
0.008868745881
0.009516724956
0.008937993132
0.01001693323
0.008845704716
0.008552582344
0.009379263912
0.009644979756
0.01118316988
0.01197158606
0.01316137239
0.01268492476
0.01350183984
0.02628386454
0.1620952302
0.1274807019
0.2889810705
0.1622561006
0.3391265465
0.3378883614
0.5005349299
0.5478738545
0.8504264959
0.8077836977
0.7361984133
0.9529751394
0.6178948353
0.7567406742
0.5530073144
0.54427515
0.5933344302
0.5976536109
0.419310918
0.3272027573
0.2039950286
0.5412246998
0.3820873151
0.6590800201
0.1499882229
0.5060836948
0.7182345215
0.4144965125
0.6137924681
0.3585393046
0.3887082862
0.4170833824
0.3205274045
0.3938857378
0.4737767989
0.3689244722
0.6298173644
0.4689113039
0.4553918864
0.4602597688
0.5518575161
0.4565847978
0.6939011565
0.5123410727
0.647235861
0.614696584
0.2901047225
0.5244205419
0.4945579413
0.469734883
0.3960070696
0.4111338954
0.2709640244
0.5552446942
0.4597793737
0.3879004642
0.6574672219
0.1838966459
0.2110818662
0.5655955277
0.2963756421
0.3893755988
0.2200904791
0.4433657268
0.6059990654
0.4714274518
0.5609712834
0.3434563032
0.6026496181
0.7577016236
0.4627686962
0.3283008684
0.4735679963
0.4121017283
0.3340540072
0.4428638724
0.3196079416
0.4292471355
0.2004688749
0.3499650461
0.1016835224
0.4843200103
0.2861699744
0.4681961872
0.2791376732
0.3539174405
0.4183140738
0.4147785057
0.1718883964
0.4607725075
0.4017716344
0.3184326011
0.1195036536
0.2141771377
0.6892142571
0.8127582363
0.8701805384
0.9831010086
0.9672783852
0.7253157509
0.5890039275
0.3633047953
0.07157182298
0.01303865877
0.006408023475
0.09415504718
0.01896967797
0.008790242791
0.009683424129
0.009044339042
0.008788184431
0.009054619315
0.008945461581
0.008509160256
0.01136548339
0.01123059612
0.01152411134
0.01289863262
0.0124874464
0.08302142382
0.1048468623
0.188108797
0.1733051488
0.2260348421
0.2162922179
0.2859065754
0.5887469313
0.6186879492
0.9322296537
0.9827420256
0.8787129682
0.9566704436
0.7735336155
0.6756821345
0.6087918535
0.4851202763
0.4270543347
0.4868571584
0.3271706748
0.2357536771
0.2411703112
0.7212248018
0.4331933448
0.5886192376
0.3497744869
0.4273621093
0.6829169752
0.6788917226
0.551618944
0.3882884959
0.6043841485
0.1893756584
0.4044126375
0.4841058157
0.4917867965
0.4582793944
0.6343976855
0.4129416835
0.6309141524
0.3244384512
0.661360817
0.2616813367
0.7568729454
0.4521963381
0.5608958497
0.4449873909
0.2259221832
0.5110638739
0.4580795676
0.5767535801
0.3535573231
0.3274065291
0.4558650499
0.4169094569
0.4797238422
0.4425020614
0.5011782484
0.3447241396
0.3691831191
0.578952672
0.5124732258
0.3494659634
0.3141121476
0.6476678202
0.5558743066
0.5223751982
0.6042764274
0.3656980533
0.500765124
0.6675952724
0.2072639571
0.5669772152
0.2045546385
0.16945727
0.487274691
0.3385135175
0.4337505707
0.3330037239
0.3923391665
0.3865722384
0.3030799634
0.5206663445
0.2730609304
0.417296764
0.4414218637
0.2185191434
0.525748233
0.1652182642
0.1954034785
0.159756689
0.2859167138
0.06612007454
0.192078298
0.5061910598
0.8072627978
0.9352106709
0.9767246402
0.9769080728
0.9102275695
0.7042540565
0.4068588444
0.3440703124
0.01329460467
0.01320653329
0.008110937807
0.007284547771
0.03241125236
0.01959843532
0.008146621525
0.008977123305
0.008997157437
0.009184584574
0.008241159077
0.008643449974
0.008993750945
0.01170985193
0.01227840468
0.01306067938
0.01293120887
0.1367013255
0.09522036145
0.07645009282
0.2668708908
0.2483296687
0.3683342801
0.4023529262
0.772488996
0.8854721214
0.98227007
0.9818177345
0.8061857034
0.7722582868
0.4933339447
0.4754572044
0.3685837367
0.1330891586
0.2336677948
0.4016710282
0.3791278582
0.3106706106
0.4296236875
0.6053343625
0.4992456395
0.5020164446
0.4376016044
0.5674754752
0.6072402051
0.757811354
0.3165918834
0.3366408529
0.1214062628
0.2432098472
0.3963890965
0.4772534622
0.6576522492
0.4858963433
0.4626852163
0.483057877
0.5496032184
0.4571918665
0.6771996346
0.4698679911
0.7771443358
0.4838836387
0.5666025427
0.4044833817
0.4126374824
0.551745931
0.6290301672
0.4366454573
0.3156682143
0.4405687017
0.2911633717
0.5292126804
0.3655185254
0.5120962075
0.5630739604
0.3257607525
0.3853059135
0.4182703098
0.4179916061
0.3987594577
0.2470255328
0.5436725249
0.3630022858
0.4525683396
0.4790472724
0.3646735919
0.6798556144
0.4635348735
0.4724855543
0.5120556282
0.2858820888
0.6631596385
0.3343377671
0.2465371082
0.6589982388
0.2759038087
0.5057262838
0.2250440895
0.1552425524
0.4065723685
0.3203531634
0.3835767535
0.4560038606
0.3394517316
0.370727074
0.2268145877
0.275255015
0.3194302998
0.3888021397
0.459786376
0.5047656981
0.746681543
0.8811622467
0.8737422834
0.9828417605
0.8538759463
0.7925580761
0.7071767694
0.2799613022
0.2993540956
0.01282562858
0.01320231938
0.01148098882
0.008534199921
0.007284299856
0.02624787639
0.02301615508
0.00905279569
0.008541759206
0.008747434677
0.008306006467
0.009216432912
0.009518575326
0.01258313572
0.01085582873
0.01308488534
0.01264496262
0.1097023153
0.1222153581
0.06614231521
0.3182896687
0.3257432019
0.3469276681
0.5713843107
0.7081152708
0.9543457458
0.9702770789
0.8357429127
0.7932632083
0.5287686771
0.4475020023
0.4225384364
0.4996921288
0.2008253212
0.2622173053
0.2789131854
0.6027832935
0.5032902248
0.3126714497
0.621586704
0.5228827119
0.5174666075
0.4383008271
0.6946272577
0.3970582073
0.6297790031
0.4536891868
0.05612987116
0.05797899885
0.5101285839
0.4880273275
0.6053734721
0.7717136569
0.3018573648
0.5449738627
0.425553095
0.6929259594
0.4275839081
0.6415561696
0.530622873
0.6965638816
0.3776117999
0.4699992975
0.3864665662
0.3784430369
0.5684174089
0.4262034656
0.490316045
0.2096391727
0.2942786496
0.2877988275
0.7036294512
0.4458974004
0.4531225861
0.3775752516
0.3121026911
0.3267819365
0.5167653183
0.2213523836
0.6093157276
0.2349316164
0.6325205205
0.6074607703
0.4151196131
0.4624181735
0.5841247521
0.520469947
0.4968975309
0.3536478919
0.6596800302
0.2778304356
0.4866085854
0.4113159003
0.4272456189
0.2531706098
0.4064060329
0.322627202
0.1984753494
0.3869576972
0.4594423514
0.4595569662
0.4824638309
0.4694941311
0.3172408598
0.3061513292
0.3148358045
0.4057349946
0.3734259224
0.3626852788
0.419079741
0.5390348691
0.5823348071
0.8011267216
0.9032332148
0.9797315216
0.8786595981
0.7282730492
0.7017680297
0.2748468502
0.1394830862
0.01258649823
0.01312632318
0.007724885813
0.006530050583
0.007325629337
0.007597972866
0.02295727871
0.02441248695
0.00844995435
0.008681371293
0.007666936496
0.009268103803
0.009609020777
0.01010033223
0.01189943586
0.01302885674
0.01419180681
0.1228806551
0.2039082448
0.1014292659
0.2565104403
0.3812894963
0.4256231023
0.7358978849
0.8710918468
0.9835972936
0.9819829059
0.820279679
0.8591610201
0.6648364618
0.4733063577
0.6175981843
0.3867980619
0.1775378187
0.259357486
0.3504464622
0.4364304984
0.4633221757
0.3739923366
0.5593886363
0.5689515744
0.6393545826
0.5694966156
0.6104167632
0.5785828901
0.4831434004
0.5393192868
0.1051349007
0.4731917343
0.2429032158
0.5929045418
0.300099862
0.6447366239
0.2998435698
0.3816524509
0.7100541302
0.645800872
0.6546914325
0.5786021509
0.6635569444
0.6600791928
0.5274000568
0.4851341669
0.3619897684
0.431363337
0.4762942216
0.5575025863
0.4683021061
0.3532047918
0.4088461077
0.3335738901
0.6765131679
0.3252398649
0.3070153743
0.3342269784
0.3652287571
0.2510315628
0.5653057944
0.3523633886
0.4413725724
0.3101208312
0.4883666851
0.4814977473
0.3598122462
0.5051160083
0.4740093069
0.6046764862
0.4614589704
0.4065409312
0.6956184151
0.2233004593
0.2134081729
0.3355069154
0.4097379355
0.5533774434
0.666202681
0.2114894329
0.2387479382
0.5238838598
0.4353350556
0.5273214536
0.3744772077
0.4361575005
0.3241244156
0.2548279895
0.4683807137
0.3792683538
0.436176867
0.254425519
0.4651305391
0.7289055275
0.7428807997
0.9459099491
0.9825303225
0.9836051267
0.8309792358
0.7746568139
0.4191770844
0.289008158
0.01255566178
0.0127012664
0.01319093471
0.007874309027
0.00706579109
0.007385471622
0.007719292353
0.007420065122
0.01802847641
0.01884576024
0.007831119018
0.008522673909
0.008088530125
0.007796449375
0.009730974073
0.01243463332
0.01256374329
0.01339698
0.09896206137
0.04759517636
0.3101995974
0.3365841149
0.5445480987
0.7116008186
0.9275287625
0.9636921333
0.9429768509
0.9708904378
0.6911518021
0.5928296578
0.5795687903
0.2364595113
0.4039763711
0.01107573361
0.01588567802
0.2496471521
0.1812786953
0.4615952225
0.4877186099
0.3179138793
0.6086571786
0.6506868953
0.7740960961
0.4580979494
0.5607781908
0.3324954662
0.4851806153
0.2541170784
0.1465551976
0.1866770637
0.3409330625
0.4628866189
0.5548540046
0.5899587803
0.6096744059
0.7148986209
0.8126074364
0.7533983197
0.6283436521
0.5627700621
0.6629085929
0.5486662377
0.2801843587
0.2373516929
0.2370093373
0.5706916075
0.4873002571
0.4560034568
0.5798911254
0.2657202451
0.5025706355
0.4540060648
0.5730256242
0.27243867
0.4597270575
0.3395672512
0.5269685391
0.4831988679
0.2450307623
0.2358306396
0.4334214026
0.4104806003
0.5514199424
0.6806753551
0.5256622404
0.7776636696
0.4722076879
0.6532727608
0.4032459021
0.2262377982
0.2992382926
0.1458594433
0.1705554484
0.4651697609
0.6678069654
0.5370282581
0.4877799454
0.2808916168
0.05832258214
0.4216570497
0.5289792961
0.5366410528
0.3913202116
0.444202056
0.3501287503
0.3784429939
0.5226154663
0.3000740496
0.4808770507
0.2100809531
0.6191228084
0.849590164
0.8907984929
0.9685900693
0.9811299116
0.977934865
0.6903503758
0.6546604869
0.1645121433
0.1479870566
0.01259406126
0.01315260977
0.01265839477
0.00712949665
0.007839519177
0.007615163556
0.007581625281
0.008569725825
0.007855783704
0.02500947552
0.01625348809
0.00655653215
0.007610640158
0.006373611074
0.00771090027
0.009770185382
0.01283114879
0.02024094322
0.101812888
0.3118863984
0.4959892076
0.5181898982
0.8450921452
0.9385889074
0.9572637536
0.9835531341
0.8429665332
0.958910106
0.7414878721
0.7127468968
0.5259129971
0.5941655826
0.3270625884
0.08999804226
0.1824977039
0.1669474797
0.4525119171
0.342394065
0.6283934684
0.4103330276
0.5372912747
0.6437291741
0.7044597902
0.4462232407
0.2349056827
0.2970342403
0.2300693712
0.2473097113
0.3161155354
0.4297133706
0.2604722176
0.6977889661
0.556152835
0.6813807639
0.6588598818
0.7069590371
0.5601895746
0.6457489927
0.4284581205
0.5109179701
0.5824603579
0.4953422831
0.03585983397
0.3185852093
0.3651938812
0.7431061673
0.5663416935
0.5777440536
0.4413367358
0.4849050468
0.2751830357
0.5638732794
0.1930518539
0.6130392869
0.2005179847
0.3151104504
0.1933454282
0.317910435
0.08770479149
0.4147744198
0.3923159193
0.5543696969
0.6632131063
0.6757717665
0.4102154176
0.5570904653
0.3342297853
0.269175376
0.3665715067
0.03947705925
0.2638834167
0.3640174535
0.3852958581
0.6125521464
0.688420621
0.4270490882
0.4024807115
0.3024627665
0.3818312547
0.6919195087
0.6942599004
0.7119603066
0.3636125013
0.6220997578
0.4847815946
0.3765649453
0.5067460718
0.479262478
0.4574026221
0.618162357
0.7456376815
0.9818863495
0.9794426887
0.9826548748
0.9763598918
0.901596983
0.6460580778
0.3190995894
0.06356662287
0.01943314847
0.01315705152
0.01315282675
0.007628207882
0.009765659379
0.00790948722
0.007590565401
0.007027235262
0.009409842729
0.007910283653
0.007558349425
0.0236595775
0.01660677607
0.004632044653
0.00831891334
0.007941884728
0.01190720755
0.01554863941
0.2317839513
0.5762778042
0.6993323743
0.991471936
0.9919102389
0.9950170976
0.9924184966
0.9951784013
0.9931313642
0.991789069
0.9909296597
0.9887166729
0.9877217605
0.9490784502
0.9625595517
0.9094860955
0.9218468421
0.83140431
0.9533067093
0.9913081255
0.9484589244
0.9933589981
0.9328951998
0.8648794119
0.8812085668
0.8540900938
0.4466312329
0.6042559755
0.5843856805
0.4979710979
0.6373692793
0.6099845607
0.6808233637
0.6713598295
0.716373751
0.7202084044
0.7207712936
0.7295828711
0.6808371977
0.5221577806
0.5760144789
0.6337636494
0.669220843
0.5383454003
0.3935787624
0.4121303822
0.3373837922
0.3638233278
0.6549922549
0.4996604323
0.2927515692
0.3512217032
0.3719014547
0.2103880476
0.1912810538
0.4280057823
0.4635817256
0.2316946951
0.2806509622
0.2028506394
0.3207323951
0.4374659685
0.3946273313
0.6647518507
0.5731267828
0.5842207322
0.532638365
0.4006391581
0.5637628402
0.331255742
0.5411160417
0.3807847379
0.3590472496
0.3672378719
0.4629473822
0.5118651979
0.5660804464
0.5090665057
0.534639645
0.3340153756
0.4470620325
0.6189676562
0.6373051838
0.7199820627
0.5693108477
0.1915796674
0.4430496676
0.2857702874
0.2879832633
0.5155860299
0.4244906559
0.5184810429
0.6044937952
0.9723669245
0.9423146866
0.9820317224
0.9562778289
0.8626754024
0.6571858957
0.4809962281
0.05045935023
0.03474890642
0.01266666372
0.01304540218
0.0121029435
0.00807390634
0.007311132793
0.008436152908
0.008422232206
0.009465008706
0.008636242504
0.00762298592
0.008408232762
0.00736894364
0.01825252085
0.1608978604
0.007663223933
0.01340664012
0.3237043484
0.6645042322
0.9993931236
0.9975466977
0.9978977515
0.9995407889
0.9999552989
0.9987327125
0.9991396078
0.9989183861
0.9985328799
0.9984084538
0.9978594766
0.996010607
0.9963910299
0.9942090408
0.9947425044
0.994924362
0.9954410777
0.9956905131
0.9969715812
0.996979345
0.9926801771
0.9924614214
0.9916156018
0.9899613612
0.9930415238
0.9928050244
0.9928465515
0.9911607985
0.9903635577
0.9907497148
0.9905994212
0.9916029155
0.9922399249
0.9919963548
0.9900362535
0.989299583
0.9895495956
0.9692772024
0.9591771153
0.8503417994
0.8583705104
0.779363012
0.8359495618
0.578255151
0.6055009466
0.4303587982
0.6346343553
0.5633911016
0.6907007524
0.548112102
0.5108387013
0.4776640853
0.4973174399
0.6350170839
0.362712527
0.3966226688
0.6038484845
0.4388577041
0.4679133813
0.4244569097
0.4817176422
0.5397846352
0.5358508363
0.6805738284
0.6452371258
0.5598111285
0.6198366852
0.4763907185
0.4948875676
0.5838700728
0.4126375991
0.4779954451
0.3567970243
0.5544389172
0.5331580676
0.6692713695
0.547358125
0.5637514283
0.5679077189
0.5855887195
0.6279737645
0.6828723055
0.640620304
0.7597120802
0.5469394825
0.3329332472
0.4454151464
0.5911519008
0.5105216252
0.7929280112
0.6312845802
0.781792198
0.9799639464
0.9830166033
0.9825631994
0.9822462113
0.9851521275
0.6028626221
0.6128418754
0.2798237392
0.03424578831
0.01263686834
0.01202375123
0.01315990853
0.0116456467
0.006914156232
0.007174920012
0.007298373174
0.007237826374
0.009456856715
0.008629092057
0.008038037767
0.007464187977
0.00741441701
0.008403202611
0.01924385731
0.9924190029
0.999996254
0.9986849336
0.9999663142
0.9981123084
0.9977817682
0.9979731423
0.9984747084
0.9981649599
0.9990388197
0.9998569756
0.9986473956
0.9987390039
0.9994674549
0.9993992321
0.9985021902
0.9981860643
0.9981373573
0.9983053532
0.9973104229
0.997594975
0.9978543717
0.9974855642
0.9975257876
0.9969487383
0.9966375642
0.9956035772
0.9945380469
0.9932838412
0.9944149731
0.9964169505
0.994949295
0.995942133
0.9941304708
0.9943310678
0.9939546177
0.9932675877
0.9932266241
0.9935577663
0.9929759115
0.9924749789
0.9926923353
0.9929068285
0.9926875427
0.9908924992
0.991552854
0.9896617684
0.989233731
0.9901101477
0.9893497226
0.9915051962
0.9907685209
0.9893734707
0.9901662432
0.9928765259
0.9930781372
0.9944223723
0.994989432
0.977762301
0.9888422018
0.9955199472
0.9882681365
0.9822086235
0.9880628086
0.9777184076
0.9875359606
0.980703826
0.9433260791
0.9198061473
0.8724514508
0.8164333635
0.7838166231
0.7686691261
0.7263353471
0.640502433
0.6587549401
0.6845581872
0.6659917591
0.6374023773
0.7258403547
0.5377939539
0.633451957
0.5575916274
0.5981361687
0.5514594751
0.6456311547
0.6323885465
0.5631152542
0.4179452471
0.4783808398
0.5066218502
0.6852325074
0.7285672673
0.8487900502
0.8640729523
0.9628427509
0.9880606578
0.9815834092
0.9816259383
0.9370318873
0.7540224005
0.3131887348
0.04315747832
0.1163431033
0.01291341876
0.01298022162
0.00941304247
0.0132381618
0.008797907989
0.007408270859
0.009323227443
0.009128922204
0.007845357492
0.008330452593
0.008665298562
0.008727532986
0.008953050375
0.00952815738
0.008475089112
0.008425449194
0.01768679863
0.9989116229
0.9994984737
0.9994015087
0.9994618816
0.9994792069
0.9995279363
0.9996974819
0.9996021921
0.9996953037
0.9998236362
0.9999016052
0.9997361602
0.9997379775
0.9998729264
0.999839184
0.9998538217
0.9988907846
0.9984243064
0.9994165572
0.9982563253
0.9984747666
0.9983439366
0.9983344565
0.9982529087
0.9980839978
0.997949641
0.9980580498
0.9980775384
0.9977575289
0.9977248475
0.9979708438
0.9981001882
0.9982428836
0.9982315873
0.9976067743
0.9976450785
0.9973038751
0.9965063092
0.9974465718
0.9974095805
0.996592308
0.9961931893
0.9957912701
0.9969687293
0.9951924231
0.9951177795
0.9941148778
0.9940537331
0.9937232078
0.994157541
0.9930398027
0.9924690133
0.9940480354
0.9931326759
0.9908855605
0.990897644
0.9908289674
0.9902275086
0.9884682399
0.9892066414
0.9887621722
0.9873318675
0.986925951
0.9871826436
0.9883686762
0.9869938457
0.9874351064
0.9877922713
0.9879600615
0.9883533774
0.9878600736
0.9875244084
0.9859585286
0.9804078342
0.9809094585
0.9819014515
0.9710589756
0.9519254989
0.9357662103
0.8861195642
0.8464774934
0.8876608555
0.8458211824
0.7847668571
0.82442717
0.8290535308
0.7769330236
0.682453553
0.814386941
0.9368897002
0.9436162932
0.9783973465
0.9826882696
0.981778271
0.9843229421
0.9844428657
0.9841848796
0.7658645423
0.6604650939
0.2695673816
0.02158746167
0.01704342728
0.01246415726
0.01252470969
0.01145644625
0.01317230156
0.01176417422
0.008681869965
0.00784558161
0.009655302922
0.008401988243
0.008532066032
0.007998299733
0.00918385165
0.009162194456
0.008202015783
0.00781861328
0.007852655683
0.008154127212
0.008774960454
0.01990190215
0.9997783978
0.9995805966
0.9995367165
0.9995708521
0.9996278168
0.9997093608
0.9997505472
0.9998550282
0.9999138918
0.999944853
0.9999080645
0.9999137015
0.999929078
0.9999448367
0.9999634965
0.9999646494
0.9999555593
0.9996137579
0.9992937049
0.9989547406
0.9985884132
0.9986570672
0.9990140359
0.9988365861
0.9986088219
0.9985336373
0.998542034
0.9984733533
0.9984334304
0.99883969
0.9981121242
0.9983092717
0.9984227009
0.9989283099
0.9984739773
0.9983020735
0.9982944521
0.9983713717
0.9984179338
0.9984922227
0.998623582
0.9985204214
0.9985578393
0.9985773699
0.9986028973
0.998479649
0.9983416028
0.998380333
0.9983206528
0.9984190497
0.9984829269
0.9975807196
0.9978387901
0.997860395
0.998104792
0.9967589724
0.99712297
0.9971066103
0.995424509
0.9953531791
0.9950446411
0.9942490063
0.991752138
0.9915744357
0.9915871332
0.9920607897
0.9913824751
0.9917567147
0.9899202637
0.9894473887
0.9882659359
0.9884237829
0.9874802612
0.9877611386
0.9866025342
0.9863807309
0.9864593597
0.9862814622
0.9860620496
0.9855302966
0.9856445341
0.9862576987
0.9825913029
0.9857354385
0.9844186737
0.9776823615
0.9827162963
0.9782950511
0.9829016807
0.9843440888
0.981210157
0.9843022678
0.9658786101
0.9054271078
0.7445640067
0.6725196245
0.2251982627
0.1238695504
0.08871074675
0.01202712897
0.01494171682
0.0129294044
0.01278399228
0.01195095026
0.009027923443
0.009355333501
0.009040565778
0.009932593225
0.00784976116
0.009811123501
0.008022714135
0.007888613054
0.009622493356
0.00870165499
0.009541843814
0.007668691669
0.007452098588
0.009516678727
0.008705415745
0.008292791844
0.0193362495
0.9998305889
0.9995942558
0.9996018242
0.9996967833
0.9998577036
0.9999696117
0.9999854195
0.9999322668
0.9997609616
0.999922477
0.9999522807
0.9999647307
0.9999599594
0.9999668816
0.9999814827
0.9999873367
0.9999773204
0.9999620308
0.9999480663
0.9998235475
0.9998972378
0.9996989242
0.9997359859
0.9996978825
0.999802827
0.9992901444
0.999694299
0.9994236125
0.9995256422
0.9995264953
0.9996808321
0.9993924822
0.9990695617
0.9995523874
0.9998952505
0.9996367843
0.999692801
0.9996872435
0.9999284133
0.9996414388
0.9999336374
0.9993319462
0.9996089943
0.9992300372
0.9994481163
0.9993954368
0.9988179871
0.9989130963
0.9992713465
0.9985321691
0.9986010093
0.998636875
0.9985647992
0.9986214324
0.9986824218
0.9987122619
0.9987406837
0.9987783636
0.9988080787
0.9985680368
0.998584045
0.9985673543
0.9980401279
0.9970768973
0.9981357206
0.9958149407
0.9961091688
0.9954671657
0.9954231068
0.993882715
0.9941755622
0.9923111802
0.9927720594
0.992373615
0.9921387463
0.991484838
0.9920487614
0.9910950559
0.9907293701
0.9892981557
0.9883623306
0.989696354
0.9879967871
0.9876815603
0.9857803881
0.9858903345
0.9855748653
0.9766734725
0.9795572684
0.9721870906
0.8598820208
0.75255146
0.5400698439
0.4422433022
0.4008095699
0.1304234288
0.1791681324
0.1450117308
0.01375637874
0.01244155378
0.01290061469
0.01299763462
0.01301849882
0.01157838799
0.01128752009
0.007238561793
0.006874633533
0.007395891415
0.007738758226
0.009143821464
0.009357819344
0.00888273819
0.007960997771
0.008797116029
0.009405935588
0.007384490069
0.008912892854
0.007714763385
0.009165342183
0.009272878332
0.01862357234
0.9997693891
0.9997578314
0.999681153
0.9996679899
0.9997361939
0.9998670488
0.9999630065
0.9999395559
0.9998696038
0.9996803685
0.9989790755
0.9983361045
0.9980431015
0.9981283917
0.9982453706
0.9983143786
0.9983874786
0.9964137789
0.9956393127
0.9952957055
0.9944120568
0.9946990327
0.9947089745
0.9951075783
0.995878865
0.9943839904
0.9946870918
0.9938181712
0.9942390848
0.9939836803
0.9947197158
0.9956107681
0.9926811829
0.9929939916
0.9968447306
0.9974467985
0.9942333624
0.9939448521
0.9947109761
0.9944393866
0.9947564002
0.9957721491
0.9948379977
0.9947804281
0.9959214977
0.9946214931
0.9928779078
0.9911670008
0.9922806128
0.9930752092
0.992487137
0.9931483627
0.9915770853
0.9925350162
0.9923086354
0.9911027567
0.9901669714
0.9908091736
0.9901896278
0.9890958785
0.9886401321
0.9894585148
0.9872185571
0.9875573535
0.9880115422
0.9882599202
0.988697103
0.9884435031
0.9879050836
0.9884737902
0.9880077354
0.986946394
0.9871323291
0.987526414
0.9869824765
0.9863952541
0.9847854451
0.986619481
0.9812825125
0.9849574601
0.9709002324
0.9698409278
0.9596361044
0.9711223579
0.9181610812
0.9423784615
0.8841060018
0.8443192225
0.6994199592
0.6404795326
0.5851342265
0.6015383839
0.5592858585
0.6226512644
0.4117927135
0.4301748988
0.4264660029
0.2170838021
0.3306869511
0.2436912466
0.2833583642
0.2007007003
0.179197452
0.07653139182
0.09504853455
0.0348197423
0.03011987887
0.05927694739
0.02193493508
0.03195209714
0.02357659115
0.01969780291
0.02356369789
0.02286348168
0.01873390093
0.02177929822
0.0219244255
0.01872268603
0.02189387449
0.02176174509
0.05701257082
