0.9941481487
0.9956760245
0.9940288708
0.9931123795
0.9922588146
0.9913094444
0.9902459755
0.9891413684
0.9880729783
0.9870662543
0.9861199483
0.9852166592
0.9843109451
0.983339076
0.9822383366
0.9809742424
0.9795741054
0.9781434694
0.9768554404
0.9759062719
0.9754068092
0.9752964971
0.9753946791
0.9755065201
0.9754802153
0.9752794323
0.9749987694
0.9748012622
0.9748183333
0.9751118615
0.975692614
0.9765259928
0.97752396
0.9785442016
0.9794402858
0.9801147887
0.9805603285
0.9807999766
0.9807999947
0.9804717737
0.9797120965
0.9784539786
0.9767497179
0.9747781738
0.9727278865
0.9707584359
0.969153345
0.9683680733
0.9686656434
0.9698053242
0.9712599241
0.9726055547
0.9735556536
0.9739415035
0.9736316189
0.9727335315
0.9714654434
0.9699731672
0.9683169006
0.9665108051
0.9645491443
0.9624220864
0.9601328127
0.9577216132
0.9552782594
0.9529188915
0.9507769871
0.9490902707
0.9482620424
0.9486391319
0.9501629676
0.952370108
0.9547381253
0.9570158309
0.9593472717
0.9621068692
0.964666547
0.9652631213
0.9646256724
0.9630821587
0.9589376249
0.9494138462
0.9324297015
0.9031649244
0.8527431468
0.7715930747
0.5269882027
0.3244075423
0.3865080732
0.5611561179
0.8779624164
0.5914538191
0.4624913775
0.4050865213
0.3184342902
0.259897627
0.2311190049
0.2307389319
0.2677081196
0.3521376414
0.408252022
0.4700314892
0.6035654103
0.5710303765
0.5398968923
0.5533813292
0.5382529094
0.5155571646
0.4987083537
0.48169365
0.4544660124
0.4302212426
0.4084329608
0.3850310651
0.3540403052
0.320803351
0.3039588073
0.2865972251
0.3136933244
0.2328835684
0.4498665731
0.992758508
0.9972500808
0.9967809186
0.9963134903
0.9958584906
0.9953659787
0.9948205302
0.9942520888
0.9936979295
0.9931691269
0.992668121
0.9921955117
0.9917381811
0.991273375
0.9907744122
0.9902184481
0.989603971
0.9889618054
0.9883548278
0.987865504
0.9875533882
0.9874138887
0.9873941352
0.9874249712
0.9874356142
0.9873920694
0.9873163785
0.9872598785
0.9872622727
0.9873408315
0.9875032847
0.9877477834
0.9880561333
0.988381184
0.9886621034
0.9888539867
0.9889561193
0.9889864251
0.9889377455
0.9887874095
0.9884986921
0.988034862
0.9874100615
0.9867046325
0.9859833046
0.9852491357
0.9845235409
0.9839600258
0.983739954
0.9838752217
0.984245971
0.9846912815
0.985075505
0.985282222
0.9852087309
0.9848871486
0.9844318754
0.9839012403
0.9833182289
0.9826907138
0.9820197352
0.9813020668
0.9805332219
0.9797153434
0.9788660411
0.9780072823
0.9771363927
0.9762571185
0.9754875313
0.9750124315
0.974869615
0.9749094474
0.9749288416
0.9747947675
0.9744995177
0.9743123351
0.9749574362
0.9765663527
0.9754260189
0.9749363555
0.9742967597
0.9717743535
0.9673549129
0.9625256245
0.9570728606
0.9459792133
0.9468769763
0.9362959816
0.880650569
0.5866637142
0.4993059444
0.6945333116
0.9544221887
0.7376398098
0.7014462005
0.6963165025
0.7285425319
0.7751298957
0.7016136269
0.4378388219
0.2055083271
0.127817129
0.1218153574
0.1102451652
0.09871771013
0.09847564365
0.09235243031
0.08759800439
0.08658386598
0.08689906747
0.08700395469
0.08768679481
0.08903430177
0.09102613955
0.0936757541
0.09710239971
0.1057229427
0.1253256596
0.1132340317
0.1307505048
0.3463454556
0.9880142958
0.9950325601
0.9956463001
0.9954529788
0.9950621414
0.9945760931
0.9939969648
0.9933840651
0.9927955309
0.9922254658
0.9916723311
0.9911610104
0.9906919813
0.9902488762
0.9898087806
0.9893359053
0.9888021764
0.9882093244
0.9876018171
0.9870710374
0.9866958519
0.9864831013
0.9864129647
0.9864610472
0.9865342631
0.9865680591
0.9865714867
0.9865867791
0.9866193608
0.9866492421
0.9866777638
0.9867180068
0.9867764098
0.9868265971
0.986803308
0.9866501827
0.9864122329
0.9861605168
0.9858762428
0.9855705955
0.9853461893
0.9851441048
0.9848832149
0.984648702
0.9844550556
0.9841676268
0.9836057364
0.9827063322
0.9817500033
0.9810678301
0.9808355267
0.9811068089
0.9814492524
0.9817031952
0.98164458
0.9813551338
0.981103578
0.9809021843
0.980713359
0.980517699
0.9803069368
0.9800737295
0.9798018583
0.9794663506
0.979050977
0.978556659
0.9779543506
0.9771078034
0.9759011383
0.9745339043
0.9732330608
0.9718479391
0.9700066773
0.9673085454
0.9632598834
0.9569902796
0.9474820263
0.9534562025
0.9544304923
0.9404852894
0.9469276489
0.9537928156
0.9545598606
0.9500875345
0.954081501
0.9448914189
0.9440261661
0.9553567304
0.9577803015
0.947401985
0.9185088105
0.3860004488
0.1682792969
0.1424315619
0.1318472729
0.1666193455
0.1476075145
0.219720298
0.399957282
0.6227807475
0.6730036743
0.6617209469
0.6500067428
0.2084542971
0.08504938831
0.0781108896
0.07586975314
0.07334745263
0.07199421764
0.07150522354
0.07164740131
0.07241070211
0.07373573998
0.07552505186
0.07760867711
0.07966820813
0.08115944963
0.0887761752
0.09457468001
0.1664330153
0.5271164291
0.983561423
0.9923393798
0.9933741128
0.9936675621
0.9935793819
0.9933746495
0.9928710601
0.9922046468
0.9915620474
0.9909167848
0.9902482798
0.9896333734
0.9891575469
0.9887649542
0.9884445196
0.9881378727
0.9877640265
0.9872612798
0.9866119317
0.9859370986
0.9853788454
0.9849597264
0.9847159601
0.9847935426
0.9851428948
0.9854432904
0.985652543
0.9858062382
0.9859124142
0.9859081195
0.9857762979
0.9855609703
0.9852948608
0.984952475
0.9845043087
0.9838081273
0.9829138289
0.9820767842
0.9811662872
0.9799735502
0.979073053
0.9798282988
0.980957984
0.9817456285
0.982499427
0.9830451966
0.983166208
0.9823513574
0.9797485827
0.9761953465
0.9732996577
0.9727736106
0.9752682544
0.9759313469
0.9759431561
0.9756499359
0.9757558645
0.9761707202
0.9766770594
0.9771913865
0.9776878537
0.9781462118
0.9785593257
0.9788828835
0.9790257685
0.9789363013
0.9786906409
0.9782769956
0.9772119674
0.9747882324
0.9717951788
0.9691548199
0.9662968986
0.9625968672
0.9578764135
0.9527761389
0.946430459
0.9503246628
0.8987976641
0.8183971723
0.4972327538
0.3038063678
0.60984337
0.3845984519
0.3888124883
0.5371910949
0.7500572194
0.8947010098
0.9458535232
0.9597902077
0.9613631092
0.9597304465
0.9383901341
0.4405122048
0.1054728308
0.09852626561
0.09961773312
0.09847115073
0.09352178411
0.08694505334
0.08559897155
0.0970454297
0.1470952921
0.3962990289
0.4925114228
0.1580198523
0.08790014205
0.07850285032
0.07270577187
0.07179406414
0.07221297681
0.07293382797
0.07391941777
0.07577854644
0.07799270336
0.07890984576
0.07872444265
0.07680006152
0.09240552994
0.2875536735
0.575517632
0.9764983703
0.9879498925
0.9894011705
0.9898327406
0.9898201624
0.9910310279
0.991894583
0.9909655347
0.9901483309
0.9893028537
0.9882932503
0.9872706496
0.9865232252
0.9864486131
0.9863164923
0.986461145
0.9865351758
0.986410737
0.9859244827
0.9849791741
0.9839383644
0.9828565965
0.9817476022
0.9812369228
0.9822380817
0.9841161815
0.9848473178
0.9853452473
0.9855348537
0.9855602236
0.9852671886
0.9846808982
0.9839697264
0.9829984891
0.9816599299
0.9802215885
0.9782409858
0.9761175956
0.974226616
0.9705928607
0.9634558513
0.9597146704
0.9634959427
0.9695597365
0.9732248681
0.9755689721
0.9777288032
0.979247762
0.9771874834
0.969848955
0.9579878958
0.9379479969
0.9421777041
0.9540283054
0.9540386078
0.9489140798
0.9505304979
0.9539446019
0.9574155306
0.9606068113
0.9634868742
0.9660414883
0.9683291547
0.9704005551
0.9720917622
0.9731290408
0.9737656141
0.9745989286
0.9753840207
0.9733922791
0.9680717458
0.9630483215
0.9605178292
0.9589303069
0.9570662893
0.9564963222
0.9594975926
0.9649719333
0.9734992892
0.9727637951
0.9684653262
0.9500260733
0.8191849653
0.8574372969
0.7718983138
0.5653357841
0.2118956518
0.1150670782
0.1344530252
0.2235972062
0.9054817908
0.9623245671
0.9698563034
0.967186375
0.9558869845
0.8621392372
0.1308596577
0.09830593414
0.09106685906
0.08942359197
0.08867040811
0.07754420322
0.08489782717
0.1077242542
0.1350875281
0.2830188231
0.2060692479
0.1276523607
0.09367749302
0.07195461363
0.06951374933
0.07210382749
0.07559432802
0.07732196857
0.08013516205
0.08235949845
0.08178213726
0.07912603397
0.09410213582
0.5475036176
0.6674920375
0.2543645519
0.4709381303
0.9910593181
0.9793851772
0.9783611418
0.9797430704
0.9898737449
0.99066393
0.9882574157
0.9877696618
0.985802572
0.9837314269
0.9813006065
0.9804773205
0.9824613742
0.9836100681
0.9849459904
0.9858545356
0.9862308419
0.9857541979
0.9832330433
0.980811877
0.9773575716
0.9727773688
0.9710320145
0.9759318197
0.9809479001
0.9812332209
0.9814583969
0.9812492055
0.9810021325
0.9800365328
0.9792529449
0.9778062747
0.9747620983
0.9726184394
0.9703164761
0.9664555852
0.9646297973
0.9633355309
0.9550492673
0.940664597
0.8178068243
0.2245638375
0.1490422949
0.1470604166
0.1739609474
0.2465236078
0.5219680045
0.8747288886
0.9199890911
0.9020335091
0.8334575514
0.2151702512
0.150224055
0.1159483443
0.1160374309
0.1075868423
0.1095137469
0.1140294895
0.1225573309
0.135074888
0.1549819504
0.1852063097
0.2364332739
0.3393650964
0.5213213862
0.7075313977
0.8167816291
0.862468433
0.8927652512
0.9013525035
0.90793968
0.9230286171
0.9323141272
0.9367752881
0.9430810057
0.9518762062
0.9602016971
0.9677112862
0.9670873266
0.9687263152
0.9714249757
0.8312997075
0.2263931724
0.5865558862
0.8403730365
0.1002036661
0.1122772145
0.09782998041
0.08912890961
0.1237419764
0.458252385
0.956141676
0.9696663276
0.9714417587
0.9656311321
0.9460115778
0.2413204097
0.1299524537
0.1513642761
0.1690499986
0.07413440667
0.09317669378
0.1630262983
0.5984431924
0.2353016458
0.4188671405
0.3864044157
0.3046897613
0.0939534567
0.0741861084
0.07543251126
0.07853307477
0.08244921906
0.08870683837
0.0915906873
0.08286744114
0.1071482228
0.6760076312
0.5623258592
0.1348369939
0.07176586304
0.07809774424
0.1368287919
0.9494094285
0.9193651752
0.8994572192
0.9641508295
0.97080133
0.9801769892
0.9813845491
0.9788486001
0.9743367847
0.9692621541
0.9628437519
0.9746254348
0.9787027446
0.9807120009
0.9831494641
0.9853832942
0.9831015928
0.9790815881
0.97622429
0.9671168548
0.9503327173
0.9127228226
0.8257858891
0.5808716557
0.3499580497
0.3698555736
0.3521120826
0.4567218288
0.7346982146
0.8994548861
0.8776850123
0.9159979791
0.9321449039
0.9223802461
0.9399428662
0.9485950279
0.9546328211
0.9598071179
0.9638977669
0.9594329337
0.7369835851
0.1023533297
0.07692650607
0.07424620088
0.07719256457
0.08101638627
0.09526713694
0.2027298359
0.8869173555
0.9083798432
0.9076140698
0.1505413875
0.09619963674
0.08648391589
0.08350489585
0.08075062157
0.08145979758
0.08326565815
0.08599080852
0.09036238336
0.09729469268
0.1053684558
0.1235236703
0.1422846474
0.1778982257
0.2074224411
0.216347316
0.2030596048
0.2147046686
0.2428642965
0.3485666645
0.7332702211
0.8876389227
0.8941078
0.9056578585
0.9342287341
0.9521241888
0.9623681148
0.9708763778
0.9725774119
0.9607084088
0.5763078794
0.1708132166
0.05615355191
0.0693274606
0.07041538653
0.08425506479
0.07609826278
0.08758307548
0.1047301654
0.1769217241
0.9092639477
0.9660227391
0.9715583539
0.9706405315
0.9631004328
0.9070787639
0.7452109087
0.9164178163
0.4522860103
0.5009926752
0.9012301416
0.720691538
0.8840634594
0.8794579594
0.892174091
0.9256479265
0.8477463695
0.2894252754
0.1198643556
0.0948430282
0.09915558412
0.1118357777
0.09749955272
0.1334255634
0.7874285377
0.5479240272
0.1314288173
0.06865817827
0.06920969734
0.06911286263
0.09232235422
0.8838526272
0.8803450481
0.1080046422
0.09540385077
0.1183657586
0.3685098851
0.9598321594
0.9644426131
0.9649333977
0.9499973611
0.4857085468
0.1537877168
0.1429724832
0.1947751887
0.4270017051
0.9383258502
0.9584120037
0.9682716376
0.9708016659
0.9667402282
0.9624934829
0.9514965152
0.6066168348
0.1191539743
0.09198399416
0.08692725633
0.08759168936
0.07836728089
0.1024076522
0.3806841428
0.7663173174
0.328725405
0.2656406827
0.5613047338
0.7605365345
0.7972970021
0.922192855
0.9610168064
0.9720172035
0.9748153112
0.9635660936
0.8505159327
0.1075545974
0.08093327296
0.0772579355
0.08511423642
0.09698945735
0.1856355618
0.4816613457
0.9057612905
0.9271784448
0.8609878053
0.1128350828
0.08088703385
0.08158570136
0.08160731022
0.08324875692
0.08564283454
0.08823791443
0.09167950693
0.09636030209
0.1005867754
0.1064495749
0.113646853
0.1246161093
0.1522666377
0.1914348669
0.2633408778
0.3667196952
0.5344468561
0.711856292
0.8014197766
0.8747383209
0.7580354356
0.8683869847
0.8684920049
0.9243716998
0.9542903857
0.9689493169
0.9729476895
0.9685393396
0.9582888904
0.3458863854
0.1129838856
0.1184033043
0.1014307243
0.1023598327
0.09489859058
0.09352768898
0.08762354493
0.08944053899
0.1106789031
0.2579600779
0.9473683687
0.9629379936
0.9620081577
0.9525488693
0.8407446713
0.1947292337
0.3045383571
0.2155321144
0.2829343389
0.999927282
0.5227748006
0.5910354252
0.4007863668
0.7427634743
0.9135691027
0.9328691872
0.8551109889
0.5870892783
0.3950704494
0.1748602427
0.2518700005
0.8297151343
0.5747366762
0.1308931308
0.06793150805
0.06860883085
0.06871633952
0.06871221988
0.08576489485
0.8757240704
0.8999340306
0.09013926748
0.07164349463
0.07340205631
0.08258945562
0.1252801037
0.9320560156
0.9632246025
0.9667795903
0.9419337584
0.1137431726
0.07530075243
0.07335140779
0.07424376161
0.08068467672
0.1006754491
0.2124903707
0.9355383596
0.9650582447
0.9724309699
0.974770976
0.9677440026
0.9439657039
0.2826999039
0.1786125006
0.1597525208
0.08430127962
0.1739146535
0.2583799039
0.2284198843
0.3229110367
0.8440398545
0.582882313
0.1515561603
0.1461088718
0.2344551066
0.9073776932
0.9704100598
0.9767187503
0.9744969091
0.9620558387
0.9139263341
0.1410185245
0.1139970279
0.1763319885
0.4754074471
0.4064464167
0.4613918919
0.4034840325
0.9169547519
0.9447974464
0.5310875948
0.09005527716
0.07955640251
0.08429753208
0.08544606853
0.08833873472
0.09149123107
0.09439548347
0.09868156723
0.1002036404
0.1028033798
0.1051222994
0.1165244961
0.1494149722
0.201730186
0.228107299
0.2676166962
0.408814598
0.6783263319
0.7834654867
0.8843506576
0.9381417464
0.769021326
0.565081819
0.840069777
0.9404632339
0.9662763341
0.9725363467
0.9727269624
0.9668778628
0.9453635085
0.2520717962
0.1155986207
0.09847898288
0.09348461281
0.08812590237
0.08307276871
0.08263769901
0.07860709448
0.0771040279
0.08635430522
0.1282880016
0.912996126
0.9509875076
0.9530237037
0.9516405634
0.09988015465
0.074728394
0.09453180605
0.1353828513
0.1540558945
0.1314114621
0.1195840327
0.1037102423
0.09058373376
0.1227021332
0.4063766223
0.8276472203
0.8890882682
0.8534007259
0.7536236974
0.8486059809
0.6204944982
0.1307335443
0.06769809103
0.06825454658
0.06844925602
0.0685702366
0.06859637052
0.08502512307
0.8736736463
0.9061649439
0.09260244365
0.07255139932
0.07445846082
0.07354149344
0.08067815757
0.1285592891
0.947437301
0.9699185132
0.966000893
0.8560581167
0.09362876617
0.07033120354
0.06980083368
0.06946831395
0.07039138763
0.0784064883
0.108954376
0.4525086024
0.9513013497
0.9665305129
0.9669445158
0.9654792831
0.9583506384
0.8852585405
0.4835500875
0.1839250844
0.1734287851
0.1740787138
0.4942338986
0.9213047471
0.7511961036
0.1099211241
0.08290806934
0.08978249283
0.0967107151
0.1330862366
0.6939702772
0.9703696395
0.9741926803
0.9719743223
0.961660167
0.9368652451
0.4549239514
0.299795593
0.6173686047
0.8335526198
0.3030701779
0.1479689301
0.5258450913
0.9432137415
0.9050940222
0.1424996625
0.08472667622
0.08817889558
0.08971511729
0.09307688855
0.0952393535
0.09744280751
0.09943343819
0.1014013359
0.1054319756
0.1200932947
0.1608333154
0.2414875884
0.3860902363
0.5501780855
0.6871419225
0.6874791456
0.5453251678
0.5386389697
0.5899542434
0.8334685583
0.9062043539
0.2770102161
0.1634130914
0.4729992339
0.9552973665
0.970652698
0.9744952869
0.9736774098
0.9668362107
0.9420657821
0.1630792562
0.09434843846
0.08369394428
0.08231168949
0.07864738584
0.07620534618
0.07511530521
0.07577510349
0.07396997689
0.0813374158
0.131887343
0.9346503265
0.9614154602
0.9574121669
0.3673868563
0.09042318474
0.1572131697
0.1491025555
0.1253447102
0.1019413995
0.09770891078
0.0831116663
0.07515446771
0.07366707587
0.08613568797
0.1853177863
0.6679959308
0.832593628
0.847891416
0.5815837525
0.1306769062
0.06759538461
0.06805957315
0.06824269506
0.06838938162
0.06845288693
0.06841357618
0.08220300609
0.8433176799
0.9198278143
0.09745237005
0.07347346301
0.07603664447
0.07618393375
0.07429740868
0.08433139001
0.2239409686
0.9631622796
0.9709791499
0.9618715885
0.1991483044
0.07920914564
0.06948580846
0.0701279567
0.07012428459
0.06950117804
0.07135003391
0.08221051696
0.125280079
0.8790334482
0.94375963
0.9557091687
0.9405156439
0.9173934476
0.7826440703
0.340991742
0.2585390708
0.5633820208
0.8698733656
0.4179347847
0.1318616646
0.08558652675
0.0772174361
0.07916075603
0.0805407917
0.08017939816
0.1075269305
0.3971384181
0.963293003
0.9684833366
0.9674294859
0.9611794259
0.9562929197
0.7279023719
0.3224707699
0.1828830581
0.1697748129
0.1037117443
0.1256925693
0.8619683092
0.9426068346
0.7334094555
0.1056356617
0.09513515276
0.09661662749
0.09829920732
0.1002468359
0.1021110411
0.1064944343
0.1126598708
0.1304707055
0.1754508815
0.275580277
0.4749073633
0.7714974685
0.8312290363
0.7584410909
0.6709378717
0.6265932945
0.5438615698
0.3109996971
0.1984657328
0.1535405109
0.1256553621
0.09832835335
0.1066733412
0.3097660635
0.9599527263
0.9723360119
0.9756846876
0.9741958425
0.966090013
0.9334250895
0.1316592004
0.08305451082
0.07580473805
0.07590591044
0.07395331443
0.07398617131
0.07460204858
0.07635129203
0.07555315803
0.08886732373
0.2565134749
0.9597293171
0.9684444816
0.9496085946
0.2323862144
0.08517918509
0.0725845739
0.08159876063
0.08541492966
0.08611199955
0.08106730432
0.07714844039
0.08225104861
0.1471020692
0.6611283911
0.836248634
0.8134673585
0.4820792768
0.1306473242
0.06753983231
0.06793942278
0.06809575499
0.06823725352
0.06831948452
0.06832459348
0.06823299496
0.08041159717
0.8254371543
0.9303775936
0.1043189686
0.07447964124
0.07742534517
0.07682997078
0.0758978835
0.07349468483
0.09587449284
0.871080567
0.9667877595
0.9701299392
0.9425730669
0.1126738381
0.07386746711
0.07053863186
0.07031376863
0.06949702029
0.06867364562
0.06838118625
0.0742477817
0.09799877741
0.7717237848
0.9137996642
0.924564823
0.92655922
0.9113218666
0.7901703728
0.8389994046
0.5959863118
0.1423219638
0.0973310528
0.0836487502
0.07653383571
0.07531868739
0.07804066802
0.07902064351
0.0787607941
0.07794054537
0.1036900038
0.4308095743
0.948581898
0.9586586283
0.9659898404
0.9664465418
0.9500823747
0.211309576
0.1175407331
0.1184963292
0.1003568041
0.09290936794
0.2655456218
0.9328669502
0.8935058319
0.2273320562
0.1203392111
0.1105125131
0.1115671633
0.1101982534
0.1137253816
0.1170799915
0.136712815
0.1918846036
0.3004774118
0.5453959846
0.7191095846
0.7787220044
0.8060923776
0.7401672604
0.6270606815
0.3321824283
0.1886318864
0.1341816582
0.1069761304
0.09157797353
0.08839403123
0.08437724607
0.08188870369
0.1010101519
0.3404342015
0.9629463798
0.9738742004
0.9765123142
0.974131889
0.964269359
0.9185797741
0.1142295568
0.078058811
0.07379964679
0.07472640408
0.07409201313
0.07602464554
0.0782546835
0.08128482384
0.08210602865
0.1084943681
0.7702301303
0.9629131525
0.961446779
0.935871114
0.2233563687
0.09892944694
0.08229592884
0.08549421875
0.08154942228
0.07923000945
0.09504515431
0.7354835267
0.8622189764
0.8227174215
0.6734609112
0.3779387682
0.1306256827
0.06750151989
0.06785373859
0.06798362428
0.06810760847
0.068188507
0.06820802856
0.06815608057
0.06804810372
0.07862019847
0.79828705
0.9404561842
0.1139744245
0.07518206283
0.07775491025
0.07657081079
0.0754865479
0.07343385299
0.07558723136
0.121487209
0.947363597
0.9707610861
0.9657156463
0.8392659734
0.09469634352
0.0710837178
0.07059192822
0.06997117535
0.0691455576
0.06863169452
0.07191118454
0.08229402415
0.1415751884
0.8350889964
0.9249214002
0.9471824288
0.9452304374
0.9071145017
0.2551982515
0.1067439678
0.08607812325
0.08330872817
0.07921344274
0.07531882494
0.07534774538
0.07698107584
0.07848152637
0.07893724637
0.08414508522
0.09419337386
0.1477395288
0.7807045867
0.9404884347
0.9611569131
0.9670493264
0.9630264591
0.4357097991
0.09924623808
0.09095521105
0.09365393279
0.08197572597
0.10535093
0.8087221261
0.9275761221
0.7310534363
0.1765262907
0.1460556058
0.1340749966
0.1257652424
0.1237361348
0.1476855973
0.2359369059
0.4821187711
0.7052081617
0.7868234033
0.804075569
0.7764017988
0.6860635211
0.420430949
0.1902858581
0.1240923225
0.1009599008
0.09358288175
0.088204287
0.0841451011
0.08142175789
0.0820953579
0.08270276194
0.08075412418
0.1021974308
0.4159760397
0.9664330277
0.9755318784
0.9773021097
0.9741003844
0.9633658546
0.8948598542
0.1075136064
0.07718989757
0.07544978935
0.07737550116
0.07892666234
0.08233088632
0.08816410631
0.09810803543
0.09996723874
0.1429388324
0.8312308738
0.9501322987
0.9524118969
0.9439517988
0.3428328239
0.130959887
0.0940989284
0.08576999404
0.2062045163
0.8684850195
0.8647729272
0.7274858618
0.3544281424
0.3464250482
0.1306042784
0.06746915731
0.06778384288
0.06789220611
0.06799738472
0.0680697498
0.06809360381
0.06806117272
0.0679809514
0.0678740044
0.07703025022
0.7675029646
0.9493896608
0.128506461
0.07533714131
0.07734971933
0.07565752021
0.07427455753
0.0729947996
0.07101071744
0.08222941374
0.3316005493
0.9618502847
0.9683341876
0.9595718899
0.2163540274
0.08118681009
0.07119388609
0.0709248448
0.0704073358
0.06985370159
0.07917810525
0.1291000683
0.7442301505
0.8875668124
0.9335981574
0.9474460379
0.9413615998
0.8271812669
0.09830084833
0.07715763085
0.07811590169
0.07784683088
0.07693916358
0.07540213117
0.07462631756
0.07643720127
0.07907985616
0.08324097226
0.09583328378
0.1452676817
0.4501559601
0.8115920958
0.8963641092
0.9450977785
0.9615860954
0.9630011026
0.8476319537
0.09938956972
0.08054964616
0.08399324401
0.07763427418
0.08227305716
0.3572069632
0.9214052026
0.8415320122
0.3747505332
0.2091319214
0.158315277
0.1360876799
0.1762644666
0.369064951
0.6974956767
0.8245002224
0.8450058731
0.8166686102
0.6899361271
0.3747324492
0.1896887273
0.1242207886
0.09886526201
0.09056479144
0.08959381767
0.0882432686
0.08642933317
0.08439862809
0.08339631138
0.0825155453
0.08211537899
0.08086595977
0.07803641345
0.1019687581
0.5129235619
0.9694572573
0.9770029243
0.9783737883
0.9751064243
0.9663968703
0.8349568461
0.105107231
0.07834082574
0.08093276585
0.0870210644
0.09154951674
0.09770774708
0.1139271025
0.1300358291
0.105680043
0.1036016408
0.6099327195
0.9293807363
0.9442668116
0.9188791115
0.5673726045
0.2642278975
0.7498757825
0.8862997394
0.8259851231
0.59910806
0.2307857074
0.4035086756
0.1305822992
0.06743882509
0.06772175793
0.06781435583
0.06790381634
0.06796693614
0.0679910039
0.06796929436
0.06790590394
0.06781014604
0.06771387984
0.07556135008
0.7291228385
0.9573151264
0.1542682447
0.07539052146
0.07605565308
0.07409892791
0.07265230604
0.07158348759
0.07082591142
0.07091211011
0.09386031153
0.88614316
0.9640028098
0.9667431814
0.9337840432
0.1291858521
0.07930141038
0.07401191699
0.07286406055
0.08035244304
0.2105316394
0.8394923493
0.8772636862
0.8783847598
0.8984602749
0.9359406337
0.9411527725
0.8680116777
0.09260164152
0.07309992956
0.07427279296
0.07541099065
0.07585001629
0.07516124967
0.07508533451
0.07863955943
0.08144437418
0.08994030773
0.1783537887
0.9126575929
0.9193491605
0.7963225418
0.5287316115
0.9109735488
0.9539727292
0.9559702592
0.890821955
0.1233227725
0.07871170401
0.07833027466
0.07632145168
0.0788933607
0.1517103009
0.8536704997
0.8758934121
0.6038808515
0.2940297022
0.1943063918
0.2704269801
0.6405876261
0.8359340544
0.8757602547
0.8644070469
0.7499855876
0.3371426746
0.1640616947
0.1137102706
0.0962689985
0.08966979833
0.08767043035
0.08907065805
0.08977010532
0.08921282432
0.08826914877
0.08743385932
0.08581363361
0.08360257055
0.08109825418
0.07907441312
0.07683677574
0.0758246555
0.1034446841
0.6377698258
0.9713855464
0.9782167025
0.9799267302
0.9776626444
0.9681957847
0.7186348185
0.1108560447
0.08655093487
0.09617123785
0.1109316546
0.1169901598
0.116582082
0.1169813768
0.09679203298
0.08656923471
0.08393358135
0.6343405338
0.8908251297
0.9153752984
0.9122966568
0.8827774494
0.8849439449
0.7403383491
0.4387800597
0.2014041994
0.5099488185
0.1305591642
0.06740964902
0.06766474947
0.06774697066
0.0678252615
0.06788167815
0.06790603618
0.06789229251
0.06784199606
0.0677618525
0.06766405164
0.06759202068
0.07418083256
0.6694835754
0.963908985
0.2086763714
0.0756211577
0.07384039927
0.07220026148
0.07109528528
0.07040737943
0.06998323873
0.06887996271
0.07290529408
0.1453939829
0.9470812528
0.9652489
0.9586809317
0.8129035218
0.149632076
0.09713504752
0.1125811343
0.6674318784
0.8767684178
0.86359696
0.8081907135
0.1704054136
0.3872248495
0.9330152245
0.9497230072
0.9265235004
0.1152617382
0.07322447952
0.07168690324
0.07346929513
0.07506432621
0.07611543565
0.07826365093
0.08202021615
0.09356206031
0.3093871882
0.911422565
0.9166889281
0.6259687889
0.1829190432
0.1418208716
0.8680954511
0.9498885636
0.9546468802
0.9265704221
0.2235124547
0.0873261184
0.07988841773
0.08115798974
0.08661411075
0.1140967892
0.6806366837
0.8332021652
0.6667004962
0.3977688405
0.613685477
0.8241002908
0.8902469126
0.8956678299
0.82879675
0.4438313742
0.1658585761
0.1088556522
0.09329287776
0.08867584892
0.08729649694
0.08709836269
0.08836597894
0.09027547196
0.0910566172
0.09088031108
0.0896587655
0.08767927369
0.0852163153
0.08271104514
0.08033623064
0.07804137186
0.07632629076
0.07439962334
0.07447087396
0.1043827337
0.7600492366
0.9722842097
0.97932085
0.9797156665
0.976755261
0.9681049874
0.771736217
0.1352962351
0.1046552666
0.1180133892
0.1120544217
0.09816929724
0.0826773357
0.09705841632
0.1217610395
0.1476313561
0.5585028606
0.8720477781
0.918155289
0.9073975119
0.8574372978
0.5605192973
0.3208640233
0.2178136114
0.6021237402
0.1305358079
0.06738194199
0.06761249892
0.06768902405
0.06776093794
0.06781463423
0.06784191601
0.06783734222
0.06780117343
0.06773851488
0.06765972638
0.06758147982
0.06755492664
0.07284938804
0.5603911997
0.9684833272
0.3503135496
0.07585086669
0.07133271403
0.07054059624
0.06985925409
0.069349541
0.0689002688
0.06824058523
0.06736013382
0.08391288422
0.7373742894
0.9571054267
0.9551146721
0.927988037
0.707179715
0.641261048
0.8844402763
0.9062583283
0.8389524852
0.2575777692
0.09204119206
0.07514565082
0.1230462439
0.9074783367
0.9512909171
0.9504037766
0.2511678094
0.07693828818
0.07078831421
0.07296879213
0.07606773714
0.07965238242
0.08572880342
0.148296737
0.8418123471
0.9266235927
0.7340725065
0.2286517439
0.1169725647
0.08739516821
0.1008907961
0.7656208665
0.9456993147
0.9534512106
0.9358623272
0.4864236923
0.1160688438
0.08915400573
0.09364357786
0.1039395394
0.1310222031
0.4756392018
0.7422290931
0.7665803618
0.8443894618
0.8919047091
0.9122468149
0.8775773117
0.6072404006
0.1897936998
0.1127094843
0.09472591307
0.0893501603
0.08898429637
0.08898893115
0.08887683959
0.08951204795
0.09066653751
0.09201580881
0.0920392856
0.09076622682
0.08829104545
0.08559560288
0.08321658386
0.08107352587
0.07908450175
0.07716597647
0.07531954662
0.07390828797
0.07216350969
0.07321776591
0.1058458011
0.8583258632
0.9700492055
0.9752656191
0.9762939226
0.9730212398
0.9633298947
0.9027299355
0.213310215
0.1141274222
0.08656178841
0.0800875584
0.1005909628
0.37245848
0.827279843
0.8101315417
0.8858430877
0.9169481569
0.8902819071
0.782648199
0.3328203379
0.3133450003
0.2889744075
0.6236626523
0.1305140892
0.06735635102
0.067565575
0.06764032648
0.06771034544
0.06776565386
0.06779961497
0.067807443
0.06778892739
0.06774843881
0.0676955649
0.0676462007
0.0676251856
0.06768358295
0.07176327622
0.3731981658
0.9692120932
0.5574351593
0.07553980831
0.06929833439
0.06915776338
0.06874592698
0.06837444012
0.06808359657
0.06797067035
0.06710646449
0.0715757107
0.1539529987
0.9089961721
0.929740892
0.9397366185
0.9391947737
0.927794196
0.9037847582
0.5685142869
0.09778396334
0.07443810522
0.07162998406
0.06704062805
0.08785046031
0.8256530721
0.949075732
0.9503521888
0.7173590322
0.09388433048
0.07477651157
0.07898525921
0.08124581631
0.1136660805
0.5728881639
0.9179898055
0.8718633572
0.178238716
0.1116233945
0.08786319273
0.07816649554
0.07405032216
0.08559770651
0.6038667389
0.9399891193
0.9490978676
0.9307412381
0.7921961197
0.2203248736
0.1268148022
0.1214228456
0.1908703194
0.3298065432
0.7811234355
0.8693369916
0.9074851219
0.9182492456
0.9024812682
0.758372125
0.2431681609
0.1231837732
0.1007474638
0.09379216917
0.0924790326
0.09232856546
0.09235953654
0.09198464564
0.09169478559
0.09210116866
0.09208295211
0.09205972764
0.09032570204
0.08829914839
0.085698707
0.08342613277
0.0813307105
0.07939822273
0.07755872175
0.07580924653
0.07422671231
0.07273021872
0.07156177385
0.07019285525
0.07340126019
0.110025291
0.9168354113
0.9649494046
0.967782647
0.9666687892
0.9639878861
0.9584152562
0.9169845368
0.2113933347
0.1022637408
0.1634999868
0.7866117436
0.8932767649
0.8843488809
0.8601927067
0.865341967
0.7749868343
0.5671249196
0.2561127951
0.351894116
0.3707584535
0.6336589724
0.1304942322
0.06733346445
0.06752464185
0.06760079609
0.06767280283
0.06773369662
0.06777807878
0.06780182326
0.06780467807
0.06779066711
0.06776873534
0.06775395931
0.06777023331
0.06785704057
0.06808044901
0.07108290896
0.2325057585
0.9626716343
0.7160990817
0.07496722178
0.06805044716
0.06812637096
0.0678592172
0.06775494081
0.06793846259
0.06830369842
0.06888435856
0.07732025971
0.1879558298
0.889166884
0.9485631252
0.9605173607
0.9450325309
0.8183923348
0.1423596986
0.07710003379
0.07041452778
0.06985701796
0.06874675294
0.06421739161
0.07750762249
0.6982571117
0.9418739139
0.9400533918
0.8486635791
0.1788372808
0.09487281125
0.09781659508
0.2164677738
0.8854830013
0.9053053531
0.3107234847
0.09786216925
0.08693476954
0.08171708408
0.07671393283
0.07291380526
0.07102638424
0.08039358593
0.409074311
0.9304285915
0.9371169698
0.9157660342
0.8346321904
0.4955350275
0.2337224878
0.3409127073
0.7468074559
0.8657038109
0.9121224765
0.9262134001
0.9129484398
0.8216204791
0.3530388735
0.1446201495
0.1113944257
0.1025155055
0.09938756368
0.09764494319
0.09695566469
0.0959639631
0.09526754619
0.09440411123
0.093527466
0.09305842324
0.09146204147
0.0900368785
0.08785970009
0.08569550896
0.08349730423
0.08137089967
0.07942041997
0.07755792843
0.07585541543
0.07431876948
0.07297878531
0.07187623428
0.07094472603
0.07031761901
0.06954556687
0.07616636697
0.1493398227
0.9418945149
0.947356743
0.9483412208
0.9521524324
0.9520764538
0.9402507096
0.8381453611
0.7724475838
0.8657975919
0.8957809268
0.8775251475
0.7894293117
0.6819320126
0.5269510319
0.5227275304
0.2776570457
0.4485492628
0.4037640409
0.6386020775
0.1304774314
0.06731365229
0.06749010293
0.06757011143
0.06764722432
0.06771690976
0.06777469511
0.06781703599
0.06784372339
0.06785840159
0.06786895641
0.06788840621
0.06793624515
0.06804523191
0.06826517012
0.06866287827
0.07071203938
0.1504798399
0.9516396211
0.7162171437
0.07466826553
0.06714503461
0.06740105412
0.06741272941
0.06761876916
0.06791046355
0.07050469364
0.09235360666
0.5196670702
0.9115753893
0.9422860632
0.955276413
0.9487516339
0.8403500838
0.1125007752
0.07048171231
0.06936407666
0.06898661917
0.0681535405
0.06743712023
0.06315864689
0.08079042324
0.5760958899
0.9256961511
0.9238233195
0.8816038025
0.5200104745
0.2002817566
0.7749343449
0.8838100953
0.7396318305
0.1310940749
0.08408598697
0.08082744342
0.07884248197
0.07683868308
0.073290775
0.07117010319
0.07071852903
0.08295637748
0.3928639523
0.9081739207
0.9128805794
0.8941561414
0.8615799089
0.7853180197
0.8190810612
0.8692995656
0.904846499
0.9152548266
0.9102085826
0.8279374567
0.4659488175
0.1806338798
0.1332790882
0.1187897085
0.1117811812
0.1063370229
0.1036347997
0.1012136272
0.0993637524
0.09752760497
0.09623475798
0.09479776648
0.09303051074
0.09168718602
0.08939423682
0.08766337318
0.08540701567
0.08337109921
0.08121551104
0.07923944218
0.07738646731
0.07572249349
0.07425536147
0.07305201982
0.07209533842
0.07144910541
0.07107022804
0.07095493501
0.07170768807
0.07376210823
0.1234207374
0.8158716574
0.9176106186
0.931776435
0.945350473
0.9543631067
0.9515663199
0.9285127058
0.8896470195
0.8426643001
0.7753584609
0.4886978267
0.3951564584
0.3582566679
0.5627246027
0.336907055
0.4794083202
0.4417689205
0.6142815774
0.1304637483
0.06729707428
0.06746202067
0.06754765601
0.06763217017
0.06771286746
0.06778593855
0.06784824198
0.06789948193
0.06794266227
0.06798405318
0.06803366382
0.0681057862
0.06821974173
0.06839975147
0.06867167902
0.06902306636
0.06999113301
0.1198535463
0.9359357324
0.7986544229
0.07661314868
0.06585878609
0.06712436627
0.06753132766
0.06928536481
0.0837385324
0.3410928714
0.9221428752
0.9329303726
0.9275515648
0.9153923327
0.8781541385
0.9113749717
0.6406376993
0.07981596311
0.06851770882
0.06846294366
0.06801805687
0.06741499074
0.06707937881
0.06495834896
0.0884602256
0.5004224451
0.884538653
0.9012483192
0.8858471756
0.831718214
0.8356830591
0.8457712938
0.3102528812
0.09391311258
0.07898588615
0.0775301323
0.077624868
0.07538133228
0.07359559089
0.07097728411
0.07065689016
0.07280116507
0.08971514796
0.3698458991
0.8666620421
0.8946384352
0.9110216473
0.9206081329
0.9229992137
0.9201705472
0.9113438253
0.8914502519
0.8095408349
0.6221655213
0.3695252128
0.1737327072
0.1470059981
0.1308973382
0.1188477442
0.111809585
0.107026184
0.1044321052
0.1015076743
0.09922314063
0.09719651453
0.09546581241
0.09373114791
0.09149691423
0.09001083794
0.08755211228
0.08540806225
0.08310062909
0.08092448772
0.07892175515
0.077066498
0.07547752427
0.07404431242
0.07295744584
0.07201925542
0.07140374748
0.07095797367
0.07070017255
0.07177037254
0.08582632625
0.1656941507
0.8310783214
0.9030177632
0.9232669147
0.9455960219
0.9608910226
0.9653035853
0.9566439131
0.9076479394
0.6824326877
0.3996974894
0.2870693637
0.2823594584
0.3117063622
0.5728781633
0.4034512579
0.5835128778
0.4608731128
0.5912752987
0.1304537468
0.06728375551
0.06744024149
0.06753265526
0.06762605634
0.06771897889
0.06780806528
0.06789042162
0.06796546082
0.06803530079
0.06810406539
0.06817882924
0.06826920778
0.06838472741
0.06852903628
0.06869832926
0.06883648913
0.06883592739
0.06878786325
0.09844124226
0.9173701368
0.8082961056
0.08409292057
0.06568271596
0.06995944301
0.08650757862
0.3227612151
0.9313637774
0.9485163268
0.9401956876
0.892719662
0.6639293811
0.2799046991
0.7436960336
0.9399553964
0.384141243
0.07059153268
0.06779117475
0.06776037404
0.06752473337
0.06736359563
0.06785854489
0.07243802824
0.1058882699
0.5758456875
0.8869162445
0.9252528178
0.9191573186
0.869291453
0.5288147689
0.1146276141
0.08696373348
0.08169570772
0.07916639177
0.07775909648
0.07552108455
0.07288122669
0.07054705534
0.0697721717
0.07243789108
0.07940033426
0.1394708976
0.6423694264
0.8920130306
0.9321544899
0.9461655977
0.9471212321
0.9368096851
0.9114338713
0.8119300129
0.6753398723
0.4104833149
0.4295747293
0.2815806157
0.1746679412
0.1341640717
0.1217444615
0.1138865768
0.109484318
0.1061099948
0.1031233762
0.1004849154
0.09805388121
0.09585093696
0.09400445708
0.09194067155
0.08973464741
0.08776425578
0.08522651927
0.08283822655
0.08051015356
0.07845670011
0.07661341311
0.07504652747
0.073630285
0.07253996079
0.07153706674
0.07062563122
0.06979327941
0.07414756436
0.08949868833
0.1908508845
0.8918325447
0.9195254166
0.9124958628
0.9212455517
0.9370271292
0.953120862
0.960920506
0.9546894796
0.9154228528
0.6295734279
0.2105749276
0.2127993874
0.2506701903
0.2267211375
0.4532363891
0.4021641431
0.5977440258
0.4926736652
0.5571903153
0.1304469953
0.06727372517
0.06742459668
0.06752441721
0.06762745031
0.06773283433
0.06783756532
0.06793893021
0.0680359625
0.06812968201
0.06822149921
0.06831525289
0.06841745676
0.06852117562
0.06862465619
0.06868432556
0.06868020199
0.06850489583
0.06803226566
0.06766813597
0.09134058613
0.8878300413
0.873756099
0.1008335212
0.09135423324
0.4386528662
0.9401061396
0.9560224677
0.9541139743
0.9111739941
0.4228570899
0.2803913707
0.1639549295
0.1713547284
0.8743020691
0.9265424271
0.1093614409
0.06806675287
0.06783619263
0.06769437933
0.06724525208
0.06762645773
0.07951075397
0.1232920528
0.5519814987
0.8711249407
0.9290893006
0.933479135
0.8642704117
0.2490444018
0.09517889849
0.08678711926
0.08342214663
0.0794200618
0.07814716265
0.07416270146
0.07261862689
0.07027637373
0.07058662384
0.07480795403
0.09392914064
0.1950528166
0.6740089174
0.9020574944
0.9389773899
0.950020213
0.9481177469
0.9297612579
0.8549834386
0.7486567196
0.6515703705
0.41904767
0.3722454433
0.4074721436
0.2509279846
0.1497110901
0.1263456778
0.1165881931
0.1103712751
0.1071041427
0.1036694654
0.10122959
0.09887956069
0.09657582497
0.09454345404
0.09234042461
0.09010241103
0.08745757653
0.08518225186
0.08249683762
0.08000090905
0.07783477041
0.07590568474
0.07440887208
0.07306066466
0.07171640739
0.07037361078
0.07364329487
0.08339124746
0.1287301021
0.7947039631
0.9404005576
0.9518098327
0.9459224172
0.9350592455
0.931461654
0.9283533532
0.9164188603
0.9236750791
0.9308695677
0.9094524396
0.8228367028
0.2918644229
0.1792647168
0.2173388351
0.2193871283
0.3341215309
0.4369744099
0.6492242237
0.5323172575
0.5463655798
0.1304444701
0.06726714369
0.06741514444
0.06752256717
0.0676353167
0.06775246251
0.06787136818
0.0679895327
0.06810575872
0.06822012423
0.0683297264
0.06843538482
0.06853506967
0.06860590457
0.0685974367
0.06851044926
0.06827945237
0.0682622575
0.06848067582
0.06837817054
0.06835684046
0.09387070486
0.8794548514
0.8246331782
0.7860403054
0.9357621524
0.9567244376
0.9539557138
0.904753968
0.19593402
0.1128226458
0.139273574
0.1990183286
0.134498858
0.2421633007
0.9280566395
0.8659680346
0.09096870985
0.06915573955
0.06734777272
0.06632358103
0.07706494016
0.1178575717
0.6238788554
0.8489856931
0.8723422668
0.8947571232
0.904263721
0.8623219624
0.443110434
0.103993934
0.08829869413
0.08517569022
0.08150022862
0.07865788881
0.07468496067
0.07267662722
0.07021966053
0.07306641594
0.0917596158
0.1926051798
0.7780316356
0.8935363894
0.9206784031
0.9374582122
0.943273194
0.9348213081
0.8807013672
0.7848979725
0.7057389879
0.6734896111
0.583659399
0.3613596462
0.3163142425
0.3515631062
0.2078307714
0.146128146
0.1247831188
0.1146742954
0.1081364996
0.1041355122
0.1016720843
0.09914165656
0.097334852
0.09465543
0.09220680889
0.08970275117
0.08690797644
0.08417989277
0.08158456931
0.07907266025
0.07693679935
0.07531339094
0.07352529787
0.07165873143
0.07438417321
0.08312458473
0.1276883528
0.7678115404
0.9439443976
0.9621717255
0.9662914153
0.962032
0.9561750795
0.9538247289
0.9347694475
0.8622759893
0.5089268579
0.3353066345
0.836171407
0.9030060353
0.8990526673
0.8022695047
0.2522058964
0.1705124048
0.2156550871
0.3856896236
0.4517493352
0.6748596255
0.5089854376
0.5197262962
0.1304456112
0.06726445467
0.06741241355
0.06752732236
0.06764931112
0.06777662562
0.06790713676
0.06803853014
0.06816979537
0.06830109809
0.06842342233
0.06852799669
0.06860408719
0.06856053222
0.06842519907
0.06808345605
0.06802038576
0.06842431086
0.06869352863
0.0685604323
0.06988354599
0.08358088483
0.2241810805
0.9266010803
0.9458767701
0.9549996508
0.9501508717
0.8800744658
0.1540603653
0.0986990265
0.09106311021
0.1004199691
0.2294041152
0.17028291
0.1461533699
0.4411630203
0.9407949795
0.7643114226
0.08609113408
0.07033661884
0.0827563906
0.138247902
0.7675681499
0.89408383
0.8989719704
0.8569528141
0.7639830427
0.7392067627
0.8380515329
0.7468747406
0.1959586086
0.09740621849
0.08836979434
0.08227572953
0.07817173688
0.07450428672
0.07136877496
0.07411824243
0.0973183484
0.2732366396
0.8966885116
0.92953513
0.9334312224
0.9313414478
0.9293567506
0.9153806789
0.8594275157
0.7994456543
0.6717826484
0.5763582028
0.6767998198
0.6807805269
0.5595510588
0.3163201795
0.3014572374
0.3021673402
0.2001850296
0.144473914
0.1236427225
0.1122359437
0.1045191363
0.1013824741
0.09946526464
0.09721292381
0.09502078881
0.09166289474
0.08860251084
0.08545831744
0.08258641034
0.08006777913
0.07859526481
0.0762645561
0.07350168065
0.07592725493
0.08431328948
0.1323956698
0.7728711993
0.9475622106
0.9675127128
0.9719495625
0.9708162792
0.9701602071
0.9601710583
0.9066926381
0.7117774527
0.2435392193
0.1334782479
0.1053428652
0.09627812062
0.2124225963
0.8747728666
0.9159964541
0.9069462743
0.7804977427
0.2591048534
0.2010518261
0.4062259501
0.5362650205
0.6543244085
0.5102193407
0.526356203
0.1304514061
0.06726650931
0.06741769066
0.0675398361
0.06767016983
0.0678052576
0.06794393429
0.06808360465
0.06822366062
0.06836657743
0.06849246032
0.06857872158
0.06854597099
0.06834097407
0.06790669902
0.06806671483
0.06808326058
0.06824347034
0.06826867607
0.07223863818
0.09057632387
0.2268791092
0.9281543042
0.9519056155
0.9614315737
0.9576390437
0.9223402878
0.2002786651
0.1203863732
0.09945318365
0.09390486399
0.08963678409
0.1162248478
0.2043026143
0.1374497812
0.2063593097
0.8604252491
0.9397360238
0.2752587478
0.1142932631
0.2529151395
0.8730508853
0.9225015985
0.9209048904
0.842353385
0.4579952184
0.2626065143
0.3819591426
0.7458623055
0.8329442733
0.5144206952
0.1180869578
0.09074769674
0.08284927976
0.07831187169
0.07440578622
0.07929292509
0.1108315714
0.608947537
0.9330998346
0.9507629964
0.9512609273
0.9451378256
0.9361012648
0.8788177442
0.6379547779
0.6686784941
0.7012209457
0.673861292
0.5814898959
0.554671328
0.7306905236
0.6931874868
0.4841720379
0.3097800233
0.2802051161
0.2700341352
0.1907802446
0.1394160647
0.1203947842
0.1100076117
0.1028592116
0.09933406902
0.09653671798
0.09296438178
0.08975718925
0.08624548854
0.08331171111
0.08230706278
0.07961257746
0.07596191483
0.07838026051
0.08665189971
0.1400082063
0.7949299627
0.9494383941
0.9698084379
0.9737123639
0.9725287274
0.9717356235
0.9606775929
0.9088136463
0.243044193
0.1113579441
0.08664156937
0.08535262583
0.08519135774
0.08898494031
0.09138409918
0.09979929075
0.316274711
0.8812698205
0.9162038381
0.8989213663
0.7911575321
0.4197270335
0.4274534101
0.5051239515
0.6229593598
0.4541940857
0.5587829892
0.130462231
0.06727468165
0.06743326096
0.06756255607
0.06770013711
0.06783985326
0.06798279955
0.0681246794
0.06826451209
0.06840828757
0.0685193273
0.06851977757
0.068377025
0.06776069365
0.06801633849
0.06835051513
0.06823441301
0.06938097373
0.07922121218
0.1120218056
0.8187109495
0.9546014157
0.9623427346
0.9628328326
0.9585177214
0.9181203006
0.5472856937
0.2596367619
0.140202598
0.1177180588
0.09757680043
0.0906060198
0.1002243101
0.2481390963
0.2625162285
0.1332091976
0.2575404249
0.8300944373
0.8622289246
0.8105412208
0.9036226107
0.9339080067
0.926389025
0.6930123528
0.1980041132
0.1343977002
0.1492357066
0.2357549311
0.6776371935
0.8330464869
0.7219188041
0.1814185646
0.1036233091
0.08850493229
0.08218742643
0.09359317136
0.1649121178
0.8799538868
0.949669283
0.9595093327
0.9589513522
0.9521389896
0.9227413454
0.7081262304
0.3240526061
0.2428234941
0.3026095837
0.6026881305
0.6975536639
0.6422294511
0.4915236406
0.5692106669
0.7687009912
0.6513294627
0.3888625968
0.2663265434
0.2445886481
0.2333114914
0.1848978812
0.1340230742
0.1168421867
0.1056848512
0.09783979289
0.09389467934
0.09123319736
0.08766259047
0.08785347169
0.08409657476
0.07882735856
0.08114806718
0.0897860844
0.1501674588
0.8161941284
0.9498223159
0.9701730024
0.9738441417
0.9725720069
0.9714732468
0.9593258079
0.9077371832
0.1936936176
0.09812036777
0.0821128876
0.07707317379
0.07810823976
0.08171483203
0.08618280683
0.09002116485
0.09266849967
0.09484375408
0.1101195677
0.3786178419
0.8589366882
0.9030150267
0.885893965
0.8178114463
0.7025576831
0.4964131005
0.4765638948
0.3836402876
0.5734918743
0.1304793772
0.06729096913
0.06746278327
0.06759987533
0.06774395263
0.06788487377
0.06802905717
0.06816743299
0.06829683516
0.06842917565
0.06844600072
0.06834179131
0.06787415067
0.06800085905
0.06820639041
0.06845625292
0.07330515741
0.09452993161
0.2973467803
0.9420959559
0.9631525103
0.9693914563
0.9659939839
0.9391459602
0.6794960199
0.2839139708
0.5235484174
0.6957277385
0.2140494089
0.1256966522
0.1033357503
0.08804772877
0.08525821446
0.109718577
0.1744702365
0.1592158788
0.310337714
0.8857899043
0.9284613527
0.9343530817
0.9303222605
0.9067170225
0.3419963378
0.1342886702
0.1077736129
0.1111140284
0.131264704
0.1956555995
0.4263801486
0.6774735354
0.750678868
0.5642966526
0.1320250042
0.102429037
0.1226614814
0.4674688394
0.9429012935
0.9591885353
0.9635169772
0.9610406364
0.9508000283
0.8419955838
0.2780704496
0.1558174704
0.1430495454
0.1478193677
0.2065930042
0.4410145881
0.7092771583
0.7490102665
0.53996906
0.3925781769
0.552028008
0.7445297391
0.5450787659
0.408349229
0.305002187
0.2288884093
0.2060386089
0.1558831523
0.1183173535
0.1081486746
0.1012227421
0.09386247327
0.09615319262
0.09230485163
0.08349398789
0.08483906019
0.09361696558
0.1608909394
0.8313861852
0.949384147
0.9693017984
0.973008324
0.9717477407
0.970444264
0.957783153
0.9019309276
0.1743122253
0.0952137094
0.08105528162
0.07642137205
0.07871901731
0.08044519524
0.08298416798
0.08566214367
0.08715956537
0.08757188327
0.08800505321
0.09292510054
0.09838580998
0.1600184538
0.5791052253
0.8469676708
0.8819060245
0.8721314464
0.8657601191
0.7824379337
0.5899750562
0.3543696478
0.5317665665
0.1305048353
0.06731800698
0.06751127056
0.06765835335
0.06780841374
0.06794697346
0.06809248772
0.06822140422
0.06833019718
0.06841073136
0.06830432936
0.06782693529
0.0684195206
0.06852914195
0.07091532972
0.08568360973
0.1340421344
0.881077283
0.9645325602
0.9698529304
0.9672131311
0.9603640017
0.8562869705
0.1457038087
0.09954319076
0.1159903001
0.5750713343
0.8059161636
0.3371582392
0.1480321412
0.1004418372
0.08470095852
0.08481478602
0.1155863659
0.3297792601
0.7456974393
0.8885940303
0.9297588137
0.9434954207
0.9446680469
0.8990861094
0.2503551757
0.1322234119
0.107474199
0.1108518051
0.12657203
0.1377334715
0.1389467058
0.275223736
0.7218643872
0.858093332
0.723763963
0.2126057067
0.2220242606
0.8464272026
0.9523540253
0.9641633139
0.9647621332
0.9573164737
0.9354720169
0.4434557974
0.1354024241
0.1090640004
0.1060960911
0.1120590289
0.1254349791
0.1610923901
0.2778058708
0.5221057691
0.6937951009
0.7122240565
0.4375102017
0.3753286789
0.7149674933
0.8048086298
0.4768224429
0.3671278066
0.2436719732
0.1688460311
0.1581982228
0.1348452679
0.1103229455
0.1244782369
0.1124915362
0.09217052104
0.09094085724
0.09953646715
0.1720327535
0.8417692248
0.9490186363
0.9679100673
0.9717350295
0.9706393857
0.969214556
0.9563472636
0.8964513402
0.1663550007
0.09351674498
0.0797931028
0.07538946382
0.0782473842
0.08042991742
0.08183890083
0.08314398306
0.08271539665
0.08403769056
0.08404781546
0.08096463986
0.08821792144
0.08901891634
0.09509571148
0.1286186066
0.229134534
0.5104305809
0.7511057746
0.8322829366
0.8774294518
0.8802182353
0.8243812769
0.5064307685
0.465019081
0.1305395882
0.06735967963
0.06758470405
0.06774750023
0.06790243732
0.06802993061
0.06818448442
0.06829273862
0.06830941814
0.06832903283
0.06777850957
0.06823850004
0.06907154721
0.07602687591
0.109500642
0.6598996635
0.9593550705
0.9669514992
0.9714199924
0.9669847861
0.9161512058
0.1698305426
0.09416775833
0.08154473304
0.08307834935
0.1038080149
0.3894727434
0.9450800642
0.2973390207
0.1437001597
0.1113088584
0.1390032097
0.343263814
0.8145172894
0.9104788572
0.9288977088
0.9293916473
0.9325613689
0.9261720784
0.9285517094
0.473541068
0.1632311418
0.130204829
0.1428416355
0.1604573146
0.1476056679
0.1503816565
0.1465567799
0.6284759191
0.73932738
0.6808373288
0.6394054791
0.7255311731
0.9252121045
0.9545243823
0.9637509107
0.9640659713
0.9536136601
0.8386761741
0.163243885
0.1052582239
0.09541104929
0.09836746869
0.1018895108
0.1079446604
0.1174567866
0.1409805724
0.2132062209
0.4392910005
0.5796512168
0.7607834086
0.7145886289
0.3010037658
0.344707964
0.8393014106
0.7997080057
0.3634059431
0.2823098262
0.1651367064
0.1336125818
0.2310594644
0.1909470922
0.1200777454
0.1078561562
0.1086664921
0.186516983
0.845124735
0.9484613734
0.9664940845
0.9705435555
0.9696878712
0.9681517327
0.9553481124
0.8917598806
0.1665553722
0.09355048504
0.07942532199
0.07468103558
0.07682014227
0.07837009949
0.07923723826
0.0811799799
0.08165551211
0.08194305807
0.08142564973
0.07913813855
0.07943288369
0.0876982528
0.08621598563
0.08542503338
0.08832030939
0.09804054005
0.1359986992
0.2902615553
0.5107035223
0.691171622
0.8364272692
0.8779419149
0.8842853517
0.7741442571
0.4725030947
0.1305914494
0.06742512697
0.06769060044
0.06788121803
0.06804993944
0.06815051212
0.06833255887
0.06843704823
0.0683304214
0.06808379857
0.0684705821
0.07397267235
0.09405133294
0.1761010173
0.9307026915
0.9695898071
0.9724458372
0.9655498713
0.9517852676
0.4750395674
0.1061589222
0.07923846747
0.07361966143
0.07571078178
0.08030975583
0.0883059933
0.1302185975
0.4018287523
0.4124750317
0.3736175391
0.7035593178
0.8829803715
0.9423523047
0.9457387196
0.9422461702
0.9384178519
0.9095635188
0.8537520838
0.5465670907
0.6502218897
0.531163855
0.293758503
0.220951782
0.1851145345
0.1608967512
0.1420845319
0.1721421615
0.1713863913
0.220003275
0.5547327744
0.7752808208
0.9066452034
0.9402432198
0.9592076648
0.9639652611
0.9600047268
0.9415343527
0.4245864084
0.1176184713
0.0947165658
0.09215035669
0.0990632182
0.1015585754
0.1023964022
0.1074978709
0.115265324
0.1348759499
0.1775515417
0.3509686252
0.5156779508
0.6536371417
0.8789268197
0.6044685267
0.2271195467
0.3405613108
0.6922545743
0.3280589701
0.2182543598
0.5911785568
0.2669793284
0.1636865842
0.1589918769
0.1364251796
0.2211345929
0.8440351394
0.9453677197
0.9652036941
0.9695906202
0.9689712437
0.9673814148
0.9548292658
0.8892467275
0.1740932801
0.09563894253
0.08069220071
0.07524272217
0.07667812374
0.0774243558
0.07711668474
0.07811381465
0.07869293323
0.07920340991
0.07926905359
0.07836852024
0.07580398751
0.08465405889
0.08668392718
0.08403393526
0.0792736238
0.08203687983
0.08678094507
0.1005348257
0.1658575394
0.4003949735
0.665243747
0.7610136704
0.8099497358
0.8270882791
0.8638790734
0.8636806073
0.5629381013
0.1306824315
0.06753478406
0.06783962139
0.06804614054
0.0682317213
0.06828387203
0.06839823376
0.06838688742
0.06828960554
0.07110689497
0.08198029292
0.1393415654
0.8969258721
0.9652411353
0.9688761846
0.9701832048
0.9616118112
0.8506998958
0.1297536204
0.08606922982
0.07400924461
0.07367187801
0.0736727181
0.07487866665
0.08086686042
0.09091190211
0.1429253994
0.7161903249
0.9118087554
0.9311385842
0.9469757313
0.9453573693
0.9468523373
0.9387547926
0.8770267601
0.7097941222
0.3108677102
0.1954092612
0.2345853692
0.5813859605
0.9253229408
0.3740152987
0.2225436633
0.1704380334
0.127787775
0.1146271283
0.139754954
0.3798763395
0.8271972594
0.9317484975
0.9456007638
0.9586894258
0.9643497552
0.9681391245
0.9633255802
0.8894799225
0.159045524
0.1007778211
0.0918470522
0.1008272763
0.1057406995
0.1011532115
0.1014478031
0.1020016845
0.1099591185
0.1172339915
0.13089155
0.1585603273
0.2502103652
0.3930279286
0.4169840064
0.5139380215
0.6454675323
0.262296241
0.1688324696
0.7127302228
0.9836845142
0.542427654
0.2727416498
0.2120801468
0.164544258
0.3196122668
0.8600983372
0.9421517346
0.9630740911
0.968057834
0.96829923
0.9669641239
0.9548153228
0.8926960888
0.2011578188
0.1034946322
0.08540976541
0.07791512051
0.07882802996
0.07880671575
0.07706806603
0.07716013833
0.077038022
0.07673725347
0.0763895322
0.0758053724
0.07401815978
0.07731397688
0.08213679325
0.08163172531
0.0831505677
0.08799959283
0.09468026577
0.140594844
0.3994910594
0.7320243822
0.8447072325
0.8875169106
0.8931319273
0.8981017828
0.9105503259
0.7437701021
0.7470991805
0.8735326023
0.7037840002
0.1309720819
0.06771999784
0.06808854611
0.06826962759
0.06835121121
0.06857086215
0.06969972885
0.07453336242
0.08284546844
0.1384427137
0.7214145383
0.9466268496
0.9683658737
0.9699845163
0.9625117669
0.9454484454
0.2255509127
0.09247619983
0.08023023662
0.07812751921
0.0807510912
0.08397763605
0.0891989178
0.1177031143
0.234801173
0.8359729999
0.9157396254
0.9511132733
0.9564346779
0.9512912818
0.9478813008
0.9246433509
0.8154654646
0.3990189105
0.1633728332
0.14772933
0.1898828366
0.3256658307
0.7602055929
0.8810406426
0.8504649171
0.2742635572
0.1400780143
0.1308414314
0.1922384356
0.6196705446
0.8961974465
0.9442856052
0.9618043727
0.9660230407
0.9654249337
0.9699525405
0.9701552434
0.9559538887
0.6491619358
0.1321490546
0.0959811762
0.09294728219
0.1011659391
0.1057192084
0.1014085836
0.09913033043
0.09990737985
0.1059941388
0.1110873739
0.1203117151
0.1281430312
0.1390568472
0.1745831509
0.2663296486
0.446726605
0.6718185035
0.8338278092
0.891457024
0.3120532598
0.2241926128
0.3895116677
0.3543052092
0.2874838675
0.7404464696
0.8444881228
0.9391927801
0.9604795403
0.9664045229
0.9678088346
0.9669742745
0.9564107046
0.9006300206
0.2456476654
0.1257021856
0.104018478
0.08746704747
0.08571858634
0.08430041377
0.07983399573
0.07848678919
0.07721294659
0.07645559396
0.0756436539
0.07435388427
0.07241689522
0.0712113002
0.07945609334
0.08589027514
0.09219716646
0.1124131863
0.2468336098
0.767594527
0.8902508951
0.9204430137
0.9439566761
0.9396319515
0.9366842019
0.9355874224
0.9119547847
0.8647695396
0.8990266085
0.4341000439
0.4685420488
0.8472330121
0.7677115258
0.1355180708
0.06811340077
0.06845571683
0.06986673577
0.07464127714
0.08201760647
0.1135849091
0.3007080305
0.9303050184
0.9571488656
0.971978637
0.9700889139
0.9599412442
0.9438408147
0.893642585
0.2435650779
0.1565801934
0.1429506867
0.1779640445
0.28444243
0.8076274466
0.927862298
0.9436605565
0.9493180872
0.9652287557
0.9677513503
0.9592761722
0.9494362813
0.9437358114
0.9235643979
0.8689916653
0.2594743145
0.1455807026
0.1116253336
0.1120014798
0.1360031783
0.1647246931
0.2403965361
0.370953043
0.411797098
0.4068081089
0.3862715028
0.6654382448
0.8972765555
0.9354837506
0.9625225509
0.966349572
0.9639413155
0.9624502329
0.9667177027
0.9646359493
0.950874922
0.9089660994
0.2099419915
0.116063651
0.09584227398
0.09591042337
0.09753923114
0.09449885677
0.09756336764
0.1030551184
0.1154559453
0.1313802766
0.143605585
0.1714024637
0.1903893009
0.2219065632
0.2505474165
0.3503897287
0.5523466712
0.6560882707
0.5136745477
0.4169775438
0.3656974875
0.2157016955
0.1849848474
0.7382459559
0.894819038
0.913545917
0.9398982987
0.9542948663
0.9630369174
0.9669462364
0.9676032841
0.9575866618
0.914944301
0.2465539203
0.1198945786
0.1086486428
0.107225444
0.1201309689
0.1085245159
0.08564505723
0.08275168637
0.08033624864
0.07754254051
0.07521635639
0.07354926421
0.07405051454
0.07462718192
0.08365185795
0.1085243032
0.2029995816
0.6468991255
0.8640648624
0.9210844877
0.9476774662
0.962337997
0.9585678161
0.9514792015
0.9382037542
0.8637439689
0.6866325486
0.3725925028
0.2124476308
0.1588587847
0.2189200444
0.1748933005
0.2177324313
0.8108217611
0.7684079395
0.1701442928
0.07653798046
0.08608778346
0.1347991398
0.4473380624
0.9711603782
0.9685652763
0.9795039208
0.9819494051
0.9799709792
0.9776810329
0.9747728736
0.967340982
0.9589550198
0.9588545343
0.9670466018
0.9742474784
0.9778841631
0.9799588398
0.9819382507
0.9821464793
0.9840756131
0.9819126531
0.9760320641
0.9722606737
0.968018301
0.9582570788
0.9400106823
0.9174398082
0.8321842686
0.5183326268
0.3924263882
0.4148979735
0.569233585
0.7692107087
0.8975274242
0.9071369745
0.9269205744
0.931907057
0.9429775872
0.9547204283
0.9619963584
0.967578282
0.9672654026
0.9623639811
0.9596488235
0.9619319816
0.959090713
0.9410352152
0.9441738581
0.9010028955
0.3159386358
0.1848752582
0.1301918776
0.1136549023
0.1135129134
0.1045816607
0.0998277839
0.1035767227
0.1169977496
0.1345260397
0.1588723998
0.1579127153
0.1704601606
0.1614002295
0.1504382585
0.1398751467
0.1451881157
0.1707843675
0.2263088203
0.3417610163
0.5267705676
0.7591170636
0.8788234083
0.8739604932
0.892306461
0.9320110817
0.9505990602
0.9570373406
0.9613667048
0.9633111912
0.9658678146
0.9586177616
0.9282312484
0.5198422097
0.1822123415
0.1226441337
0.1074957636
0.1237001845
0.1249826551
0.1118706587
0.1033070739
0.08631012549
0.07941835481
0.07865529984
0.07948704548
0.08041328139
0.09025409869
0.1410164638
0.448055464
0.787595878
0.897694665
0.9404806737
0.9522356582
0.9534959939
0.9520482365
0.9452652599
0.9099723423
0.7978150589
0.4500407112
0.1589380439
0.09986490224
0.08345365827
0.08738751503
0.09622353648
0.1016957419
0.1028092702
0.09476792265
0.1080600701
0.7478087167
0.7097447348
0.9303179334
0.9081548618
0.9695843306
0.9778015966
0.9862812668
0.987295082
0.9864668056
0.9861225216
0.9861722533
0.9849323021
0.9829361107
0.9805143186
0.9782602597
0.9774021043
0.9782020552
0.9800554925
0.9827783948
0.984210762
0.9848534878
0.9852257851
0.9852143844
0.9843817921
0.9835219151
0.9805512992
0.9770934832
0.9732381805
0.9697768332
0.9677277835
0.9680904289
0.972724648
0.9770400519
0.9783832883
0.980011501
0.9797638756
0.9786482604
0.9803549611
0.9824403597
0.9803473707
0.9765667742
0.9753821735
0.9746982399
0.9723029667
0.9689353601
0.9644204389
0.9533837241
0.9305203818
0.8948049689
0.7189675158
0.2361125957
0.1583315239
0.1457419048
0.137012493
0.1770905982
0.1907301193
0.1502649406
0.1338947916
0.1363001609
0.1492703346
0.1778186422
0.2322867118
0.2910190024
0.3254103718
0.3701746134
0.4687814363
0.6218189021
0.7638056527
0.8294461268
0.8583252654
0.8800671244
0.9015109235
0.9186801535
0.9321912824
0.943686449
0.9504650237
0.9541122542
0.9590532041
0.9602838297
0.9631043477
0.9640025567
0.963060351
0.9536544401
0.9286508282
0.5499526118
0.1864195949
0.2257615061
0.3169573177
0.1901600447
0.1408143824
0.1146797913
0.107194619
0.09601041883
0.09481113671
0.09180114444
0.09741796387
0.1330306724
0.3055749312
0.7518800223
0.8709352402
0.9344544167
0.9500775432
0.9504919182
0.9502198842
0.9500685393
0.9339950851
0.8624892733
0.6506268936
0.2417390949
0.1057758871
0.08081770482
0.07678488983
0.08172667184
0.08424521729
0.08251245884
0.08136689714
0.08383059027
0.08811221353
0.09084252196
0.08509200088
0.08852458797
0.6115591239
0.6597713046
0.9791681457
0.9896423702
0.9899646669
0.9900622513
0.9907708109
0.991004895
0.9904740698
0.989695933
0.9888029928
0.9878317714
0.9867834239
0.9855792159
0.9846537737
0.9843544026
0.9846664636
0.9851186736
0.9853852078
0.9855812238
0.9855612743
0.9853789878
0.9849731334
0.9842922417
0.9833527443
0.9823542228
0.9809512528
0.97940526
0.9785800119
0.9787685257
0.9796629304
0.9809728084
0.9828441019
0.9838201435
0.984162956
0.9843057592
0.9842227509
0.9838067425
0.9836315694
0.9832359113
0.9818439643
0.9803856361
0.9789174723
0.9763596142
0.9719725775
0.9659273796
0.9579085431
0.9469260866
0.9330443901
0.9321614536
0.9416331593
0.9457512832
0.9426988348
0.932390217
0.930720349
0.9364892023
0.9422788977
0.9476464138
0.9524209328
0.956425631
0.9595938634
0.9618084786
0.9632985887
0.9648819511
0.9665669975
0.968057298
0.9686974071
0.9691890348
0.9682927614
0.9650548782
0.9608326036
0.9579229406
0.9567411848
0.9567622278
0.9573382104
0.9592954591
0.9632376925
0.9700714256
0.9713203021
0.9644937507
0.9582596588
0.9327727193
0.8365585341
0.5148754936
0.2359095709
0.1721787954
0.3059116868
0.4583937934
0.149172999
0.1103909956
0.1061523333
0.1169464388
0.1637443799
0.3600861632
0.7670976052
0.8655070296
0.9299448736
0.9542763374
0.9528307653
0.9495779664
0.9525761615
0.9438364905
0.8992517306
0.7883481901
0.4737864417
0.1506950055
0.08713165177
0.07442082834
0.07318925204
0.07567331431
0.07750791446
0.0787770743
0.08104978098
0.08532103415
0.08742074424
0.08497937006
0.08209369742
0.08052003781
0.08011882849
0.08139767312
0.08839618925
0.402874012
0.6658700861
0.986730085
0.9929150683
0.993873378
0.9936714385
0.9933673734
0.9929040965
0.9924025927
0.9918109947
0.9910413563
0.9902270429
0.9894630966
0.9887121251
0.9880971575
0.9877397999
0.9875978026
0.987528045
0.987322728
0.9869696007
0.9865818995
0.9861575849
0.9856625934
0.985113343
0.9845677203
0.9840887789
0.9835884239
0.9830619962
0.9828437874
0.9830304695
0.9834454236
0.9838779578
0.9842322108
0.9844954609
0.9845579073
0.9845176891
0.9844265465
0.9841203098
0.9836538908
0.9832901677
0.9829656318
0.9823013379
0.9811724525
0.979480763
0.9770315074
0.9741146542
0.9715121814
0.9697917661
0.969292522
0.9698519024
0.9718395624
0.9735285304
0.9739000284
0.973165324
0.9723355013
0.9723694272
0.9728331686
0.9734482431
0.9740646738
0.9746116172
0.9750435509
0.9753517604
0.9755233617
0.9756428268
0.9757476965
0.9756752077
0.9752442446
0.9743432809
0.9728917331
0.9707352203
0.967839075
0.9646511642
0.9611362604
0.9567050064
0.9502309454
0.9407725802
0.9287016184
0.9292545176
0.8853250298
0.5843732372
0.2309277547
0.1660020103
0.1545738564
0.1587065034
0.2240052596
0.2077319305
0.2310029032
0.4208142694
0.6085536918
0.7503006151
0.8408478598
0.9020776513
0.9405722808
0.9574934228
0.9559999099
0.9489170246
0.9487966039
0.9444516686
0.915797163
0.8384841558
0.6546670989
0.2043775502
0.1014380719
0.0821807112
0.07820037745
0.07838798849
0.07737515288
0.0764934256
0.07620643523
0.07736448232
0.07978938705
0.08095565303
0.08055156026
0.08047411278
0.08134986772
0.08121394456
0.07929860697
0.07653861204
0.07388428951
0.07496238198
0.08404881181
0.2124508375
0.7426197594
0.9917684754
0.9950736876
0.9953760239
0.9952766076
0.9949101102
0.9943809899
0.993829861
0.9932611731
0.9926184409
0.9919450511
0.9913037401
0.9907036081
0.9901799348
0.9897621517
0.9894282861
0.9891046817
0.9886965099
0.9881850667
0.987637834
0.9871072405
0.9866064407
0.9861663867
0.9858281948
0.9856042828
0.9854342068
0.9853009111
0.9852844287
0.9853971336
0.9855552989
0.9856542537
0.9856373951
0.9855215801
0.9853521049
0.9851737985
0.9850007745
0.9847687779
0.9844955811
0.9842995213
0.9841812001
0.9839199539
0.9833373126
0.9824409786
0.9813198229
0.9802104522
0.9794624276
0.9792519406
0.9795153425
0.9800319183
0.9805557324
0.9810898115
0.9813969352
0.9811866355
0.9806697552
0.9802094038
0.9798443467
0.9795202935
0.9792005237
0.9788595376
0.9784906662
0.9781044274
0.9777131491
0.9772915615
0.9767823948
0.9761471149
0.9753539459
0.9743702011
0.9731714739
0.9718352479
0.9703345874
0.9684723651
0.9659777226
0.9623699005
0.9568729186
0.9482821441
0.9348913352
0.9124979175
0.907251867
0.924711714
0.91251186
0.9212812879
0.9015851114
0.8587899923
0.8616945452
0.8901944101
0.9235192144
0.9449726685
0.9551355602
0.9589822898
0.9541356215
0.9532054291
0.9575816387
0.9509168102
0.923569988
0.8585351174
0.7367949779
0.3551332694
0.1416537684
0.1167061767
0.1046116702
0.1015612151
0.09287251397
0.08490733836
0.08052089326
0.07931624874
0.07938662153
0.07912763429
0.07798115973
0.0767131227
0.07596440211
0.07574265967
0.07531435574
0.07488794649
0.07497509011
0.07529558668
0.07513034548
0.07356592211
0.06915457569
0.06432729397
0.08035316125
0.1349489975
0.7044247472
0.9954475094
0.99667499
0.9965267791
0.9962645053
0.9958749702
0.995374166
0.9948339263
0.9942771054
0.9936936038
0.9931021904
0.9925341702
0.992006737
0.9915331982
0.9911086019
0.9907006085
0.9902564238
0.9897255934
0.9891076732
0.9884563433
0.9878390501
0.9873134758
0.9869279837
0.9867096067
0.9866434061
0.9866716459
0.986754933
0.9868831657
0.9870151144
0.9870829614
0.9870266408
0.9868273097
0.9865211053
0.9861770853
0.9858667846
0.9856231376
0.9854400302
0.9853388111
0.9853505797
0.9854194339
0.9853914762
0.9851535473
0.9847209507
0.9842122086
0.9838132207
0.983696617
0.9839134779
0.984375714
0.9849179439
0.9853916339
0.985731409
0.985857886
0.9856661498
0.9852073274
0.9846220443
0.9839623614
0.9832475184
0.9824844334
0.9816770572
0.9808350904
0.9799753126
0.9791080216
0.9782207197
0.9772923473
0.9763360472
0.9754095804
0.974578176
0.9739016736
0.973431586
0.9731070126
0.9727554334
0.9722160278
0.9714163673
0.9704322914
0.9694994437
0.968812903
0.9683891254
0.9675487963
0.967498253
0.9676775346
0.967312303
0.964079424
0.9605590603
0.9558343931
0.9487344183
0.9430590263
0.9408387032
0.9389801101
0.9268904134
0.8867735777
0.8038845178
0.6885647425
0.2230854087
0.1096786716
0.08043287204
0.08533826689
0.1046454505
0.1370069915
0.1331476397
0.1329713659
0.1269640963
0.1179817334
0.1080420018
0.09758000603
0.09022253367
0.0863628794
0.08443459207
0.08295692605
0.08158929542
0.08052137769
0.07991834142
0.07959579437
0.07949367101
0.07981089053
0.08060029038
0.08162471387
0.08198335779
0.07964344587
0.07420206994
0.08290680108
0.1066921425
0.4478403753
0.9915515735
0.9956986841
0.9944215498
0.9936163265
0.992799652
0.9918494462
0.9908122208
0.989727806
0.988598714
0.9874591263
0.9863618385
0.9853446746
0.9844336515
0.983608626
0.9827882432
0.9818528026
0.9806935292
0.9792995388
0.9777782753
0.9762973978
0.9750381064
0.9741652124
0.9737631318
0.9737868641
0.9740852255
0.9745270394
0.9750349603
0.9754836107
0.9757102954
0.9755829954
0.9750610931
0.9742293772
0.9732659169
0.9723727292
0.9716874607
0.9712568123
0.9711434821
0.9713865784
0.9718366539
0.9721477636
0.9720406325
0.9714991326
0.9707563209
0.9702128376
0.9702377514
0.9709419915
0.9721368197
0.9734723396
0.9746324664
0.9754513469
0.9757836437
0.9754695281
0.9745595115
0.9732629236
0.9716824251
0.9698755491
0.9678789698
0.9657186097
0.963429919
0.961059245
0.9586329986
0.9561263931
0.9535101464
0.950870625
0.9484611499
0.9466285671
0.9456865602
0.9457904145
0.9467067766
0.9479067249
0.9489475159
0.9497041059
0.9504147743
0.951518596
0.9531969522
0.9550489482
0.9562807613
0.9563844929
0.956210928
0.9564988996
0.9531823193
0.9450354828
0.9314154193
0.9053424042
0.8603723259
0.7846331826
0.6521369428
0.3999271814
0.2536698127
0.1943314636
0.1687170711
0.1747538332
0.1643611445
0.1563294595
0.1732458196
0.2236732564
0.4196481779
0.3481645722
0.5009433981
0.4659108084
0.3779502155
0.3485933392
0.3302307574
0.3059787754
0.2939209819
0.291189914
0.29213892
0.292046062
0.2916450687
0.2908220002
0.2893914768
0.2869939922
0.2837676964
0.2789177676
0.270755774
0.2582914447
0.2412861875
0.2140724261
0.1850449067
0.2205951463
0.3308065323
