0.9919473672
0.994052062
0.9917081081
0.9903535973
0.9891434314
0.9878580209
0.9864276141
0.9848689844
0.9832330346
0.9815506915
0.979815675
0.977993024
0.9760419935
0.9739621678
0.9718410443
0.9698186354
0.9679759636
0.966304774
0.9648040228
0.9635673024
0.9627395543
0.9623787466
0.962373022
0.9625097132
0.9626405081
0.9627387272
0.962856283
0.9630744986
0.9634486408
0.9639910475
0.9646889595
0.965512359
0.9664020868
0.9672553674
0.9679560666
0.9684382509
0.9687189879
0.9688547795
0.9688556623
0.9686401205
0.9680658032
0.9670777069
0.9657405489
0.9640892709
0.9621496891
0.9600059417
0.9578703532
0.9561720182
0.9554323132
0.9558104313
0.9569025981
0.9581482096
0.9591177764
0.9595023216
0.9591315982
0.9581889151
0.9569778822
0.9556764719
0.9543346813
0.9529385219
0.951448497
0.9498236082
0.9480376217
0.9460773435
0.9439290791
0.9415819915
0.9390281306
0.9362637444
0.9333307274
0.9303850222
0.9277317698
0.9257985158
0.9251210416
0.9263458208
0.930027332
0.9360394453
0.9424252208
0.9467567866
0.9481657834
0.9454896084
0.938675697
0.9230762247
0.8955314374
0.8432311561
0.7285378677
0.5221897981
0.3288286733
0.2582277678
0.2599368318
0.3055370521
0.4232816577
0.4369021777
0.3554682135
0.3423058498
0.3164866542
0.2682337057
0.2495907652
0.245738799
0.2550113767
0.2902105285
0.3348728964
0.3900578052
0.4468775831
0.5578909369
0.5514263688
0.5620656652
0.5811163552
0.6105839364
0.6090428651
0.6161837135
0.6297442369
0.6416251973
0.6505223007
0.6570279094
0.6638422405
0.678859402
0.6983579927
0.7164996365
0.5979508036
0.252139633
0.439662305
0.9897855618
0.9961586078
0.9954590608
0.9947316901
0.9940504603
0.9933510796
0.9925961182
0.9917861577
0.9909448549
0.9900940095
0.9892420017
0.9883812978
0.9874863678
0.9865420373
0.9855754197
0.9846423089
0.9837733443
0.9829479959
0.9821522249
0.9814320415
0.9808769441
0.9805528932
0.9804440117
0.9804573461
0.9805031313
0.9805493452
0.9806019281
0.9806833378
0.9808104561
0.9809870925
0.9812147656
0.9814923008
0.981799724
0.9820862371
0.9822877359
0.9823651555
0.982328128
0.9822198974
0.9820819111
0.9819217401
0.9816867386
0.9813334296
0.9808578258
0.9802639601
0.9795483635
0.9787097143
0.9777523464
0.9767923271
0.9761311687
0.9759913673
0.9763288795
0.9768679382
0.9773441631
0.9775985938
0.9775053485
0.9771286433
0.9766173078
0.9760484121
0.9754455025
0.9748111451
0.9741390723
0.9734170926
0.972633209
0.9717829232
0.9708628049
0.9698676257
0.9687739574
0.9675291661
0.9660702114
0.9643666739
0.9624056874
0.960149847
0.9575959991
0.9550216149
0.9533256801
0.9538104602
0.9566874266
0.9602696311
0.9617993824
0.9613036314
0.9598965638
0.9571345987
0.9524231743
0.9471239238
0.9378416996
0.9160990645
0.897284045
0.8527916534
0.6738122019
0.3250617601
0.2694714392
0.3891346063
0.503863627
0.5775831539
0.6203804707
0.6373412924
0.6212588457
0.5873163656
0.484168075
0.3358520029
0.2199184447
0.1632369571
0.1415589926
0.127771854
0.1256951547
0.126014224
0.1229326391
0.1138670241
0.1111398957
0.1116252577
0.1141132838
0.1192919166
0.1287986131
0.1452157617
0.1702331807
0.2037189782
0.2460240746
0.2560712589
0.2188093053
0.3096960134
0.5951700494
0.9825672048
0.9928270513
0.9936743633
0.9932650566
0.9926010043
0.9918619026
0.9910456184
0.9901686478
0.9892678887
0.9883757209
0.9875344103
0.9867526799
0.9859951071
0.9851908047
0.9843419317
0.9835286505
0.9827647839
0.9819766579
0.9810971106
0.9801844882
0.9793934031
0.9788686576
0.9786527829
0.9786556394
0.9787525642
0.978857192
0.978947736
0.9790383562
0.9791273108
0.9791968856
0.9792529891
0.9793281307
0.9794298469
0.9794859436
0.979379784
0.9790398784
0.9784941082
0.9778521171
0.977232023
0.9767877925
0.9765834528
0.97647318
0.9763827627
0.9762139811
0.9759336154
0.9755243136
0.9748304901
0.9736674789
0.9722848082
0.9714790442
0.9716707453
0.9725101697
0.9732826058
0.9737618053
0.9738469971
0.9734815628
0.9730033465
0.972466427
0.9718812306
0.9712620126
0.9706176855
0.9699571465
0.9692643769
0.9685147572
0.9677202693
0.9668726586
0.9659547498
0.9648287847
0.9632620887
0.9610499577
0.9580345957
0.9538106583
0.9474204661
0.9371336363
0.9201937735
0.8924709389
0.8507399341
0.820360259
0.7996601823
0.7845991479
0.8143688212
0.7953406183
0.8613726408
0.9066983327
0.9371940178
0.9264274672
0.9249438904
0.9349384345
0.9342217642
0.9159301389
0.8337884997
0.3905204435
0.1316493786
0.12367364
0.1544521916
0.1944955621
0.2023368037
0.2392412378
0.3359394003
0.5017964384
0.6119494562
0.6595324201
0.6235298607
0.3807289773
0.1516447219
0.1001250218
0.08577440955
0.0812872423
0.08116748738
0.08318101579
0.08660706226
0.09170826115
0.09954534507
0.1123322268
0.1334041132
0.1676368911
0.2202499822
0.3351543118
0.236676636
0.6327434781
0.8351267024
0.9724759794
0.9887943399
0.990083448
0.990201143
0.989862597
0.9893943506
0.9886902556
0.9878145193
0.9868528023
0.9858307682
0.9848823524
0.9842513112
0.9837971677
0.9833630219
0.9827631001
0.9820630575
0.9814113642
0.9806592907
0.9796334651
0.9783304674
0.9769973832
0.9759582715
0.975463206
0.9755552296
0.9760043746
0.9764629559
0.9767665166
0.9769419329
0.9770229846
0.9769668184
0.9767772607
0.976546275
0.9763830427
0.9761968683
0.9757279114
0.9747554484
0.9732552867
0.9713226372
0.969112166
0.9669309587
0.9660372975
0.9675351918
0.9687516382
0.9697532563
0.970523904
0.9711536558
0.9714602054
0.9707926229
0.9679033496
0.9623956744
0.959433193
0.960482921
0.9637050167
0.9649232736
0.9652971283
0.9651460747
0.9647214399
0.9643548399
0.9639605796
0.9635835866
0.9632724481
0.9630131958
0.9628391395
0.9626328768
0.9622989121
0.9618577679
0.9613237035
0.960663641
0.9596142774
0.9575160889
0.9541243772
0.949806174
0.944462449
0.9373145327
0.9273203963
0.9130616589
0.8890034292
0.83281951
0.3250223512
0.2011074056
0.1941288206
0.1870178463
0.2202368198
0.1813890502
0.1939740899
0.2455788827
0.8304067199
0.7808357731
0.8940088739
0.9341032407
0.9404717306
0.9306530845
0.8800086692
0.3389793765
0.1076265697
0.09836307687
0.1066932484
0.1127213187
0.1127091882
0.1061034758
0.1120171247
0.1318989745
0.1981304017
0.4153753303
0.738751012
0.7199009203
0.1946795642
0.1008519272
0.08535921168
0.08461569113
0.09138006585
0.1009179205
0.1112301297
0.1249866917
0.1430221517
0.1590749646
0.1790157362
0.2032985236
0.2218335871
0.54715801
0.7373789689
0.9184463712
0.9790276789
0.9838851792
0.9836412981
0.9827937088
0.9842683897
0.9852238369
0.984546244
0.9836931089
0.9823455521
0.9806190617
0.9794188136
0.9802700926
0.9808682713
0.9814748285
0.9810663256
0.9800282377
0.9793538075
0.9783024382
0.9765920116
0.9742177841
0.9716381434
0.969487013
0.9689592234
0.9710410984
0.973432559
0.9744817896
0.9748689584
0.9749008166
0.9746510592
0.9740494669
0.9732240155
0.9723988863
0.9719996595
0.9713411329
0.9699297585
0.9675067759
0.9641123384
0.9583171839
0.9490665047
0.9349181266
0.9295887528
0.9340698285
0.9414476988
0.9462632643
0.9509376884
0.9555773369
0.9599791794
0.9611862347
0.9515729854
0.9306810044
0.8989680553
0.8858186789
0.8939888254
0.8941788253
0.884355635
0.8885096333
0.8951541019
0.9027279842
0.9098830692
0.9163877572
0.9220734749
0.9270356937
0.931517669
0.9353187144
0.9376525658
0.9392046203
0.9401281874
0.9413639546
0.9416898841
0.9392774419
0.9356818334
0.9340009502
0.9346780057
0.9367313323
0.9402358501
0.9447412532
0.9491622484
0.9515924599
0.9507406448
0.9107213884
0.3109724972
0.2286612839
0.2476672253
0.4084622754
0.2703756039
0.3954852267
0.1507629159
0.1542399869
0.1920356136
0.6564474448
0.9225188417
0.9512122091
0.9514927634
0.9338794671
0.6354679147
0.1242237095
0.09693878655
0.1016414148
0.1131956081
0.1176345058
0.1037715979
0.1116689319
0.138842865
0.1659394013
0.6222359323
0.7604467868
0.7196050397
0.2632761984
0.1122578264
0.09547922474
0.1012679505
0.1162797081
0.1281428092
0.1374440762
0.138847417
0.1388646629
0.148850483
0.1900920025
0.6753558775
0.7001059903
0.1555677264
0.1161065523
0.3724355118
0.9613985349
0.9585360384
0.9596295423
0.9758802977
0.9778273153
0.9780914784
0.9779713677
0.9758010645
0.9700294425
0.968936131
0.9717151036
0.9769940566
0.9789871409
0.9776154646
0.9766954212
0.9768051673
0.9761457784
0.9733299364
0.96795128
0.9602452974
0.9503865063
0.9486835931
0.9573426494
0.9649855514
0.9647943854
0.9639094311
0.9630699386
0.9620393559
0.9606774377
0.9583179833
0.956033761
0.9554599058
0.9551380044
0.9538049535
0.9534711939
0.9507774159
0.9440192045
0.9323261684
0.8948610911
0.4401797776
0.1701144902
0.1314219895
0.1338027599
0.1439138719
0.155361334
0.2095715042
0.5195242293
0.8766517424
0.8806474878
0.8027576604
0.1920587246
0.124597129
0.1142972529
0.1222846446
0.1203503928
0.1235318892
0.1319673856
0.1449222981
0.1582499091
0.1752480518
0.1897916167
0.2040744171
0.2267448387
0.2557712597
0.2892365731
0.325136535
0.3581269819
0.4615549318
0.6240633835
0.7354272515
0.8136075835
0.866437292
0.9023702976
0.9272830892
0.9428166659
0.9521228085
0.9576355993
0.9595487572
0.9552779994
0.9213056552
0.2757772059
0.2376473368
0.8979176297
0.7659138248
0.7865367478
0.2794525818
0.1881461549
0.1582212699
0.1482510455
0.2221804023
0.8694744532
0.953017089
0.9588965565
0.9465989938
0.8527961784
0.1493027774
0.1145298279
0.1436388441
0.2125127479
0.2312097709
0.1840807563
0.181782768
0.3576101925
0.2225679995
0.6598392966
0.7738868217
0.7404097851
0.2904768232
0.1284764789
0.1125550034
0.1257484115
0.1378595306
0.1417538559
0.1413946393
0.1382957361
0.2278010821
0.742675367
0.628116068
0.1310724642
0.07176713829
0.07327376008
0.09690924989
0.7412216721
0.8723199637
0.2071383167
0.2481074936
0.970636862
0.9531182399
0.9673145413
0.9658962374
0.9584705446
0.9117967436
0.9999983647
0.9257737627
0.9817953093
0.954309495
0.9630839356
0.9698375773
0.9708762517
0.9671772318
0.9596639682
0.9458179017
0.9072772522
0.6855148009
0.2577556991
0.1890189604
0.1760984051
0.185894956
0.1839398511
0.2081241881
0.2608972363
0.3913696696
0.4360620772
0.5722034955
0.7239874791
0.8687885751
0.87518369
0.9065058308
0.9389576588
0.9507968303
0.9524220099
0.9376018041
0.3263185403
0.1123670613
0.08855559392
0.08705592149
0.09154782172
0.1067639499
0.1380881361
0.3305131114
0.895175493
0.9136023436
0.8400107369
0.1601364513
0.1129352437
0.1180079301
0.124472719
0.1259877125
0.1346995382
0.1447715118
0.1556840195
0.1713992266
0.1900675445
0.1994081693
0.2347587562
0.2582026811
0.2995139666
0.3130761171
0.3106349104
0.3001926044
0.3106243974
0.2954663016
0.2923040445
0.4331189803
0.6640929715
0.8163251712
0.900649145
0.9360414421
0.9506604272
0.9592677596
0.9623210908
0.9573169937
0.9245949992
0.3241128879
0.1983422668
0.1915607191
0.2940104334
0.4149061936
0.3314907635
0.2402795511
0.1793423305
0.1470168434
0.160639101
0.392754898
0.9408847609
0.9538327839
0.9513372984
0.9233235745
0.2827144912
0.1895499243
0.7775113703
0.7488873701
0.6739999056
0.7619051184
0.2263906469
0.4039906902
0.6357436419
0.6434457841
0.8623728716
0.8538098826
0.4301227495
0.1845740948
0.1492145533
0.1510331957
0.1464500475
0.140461472
0.3130316852
0.79425791
0.5577484472
0.1303023202
0.07069844677
0.07165434216
0.0720416276
0.08847784661
0.8122445205
0.8721423279
0.1048426901
0.081133829
0.09173383413
0.1353199141
0.6764720627
0.9511226942
0.9587604013
0.9391081811
0.2041908172
0.1101332679
0.1001973877
0.1010945063
0.1268101678
0.2192301414
0.8163820067
0.9284582355
0.9507012506
0.95398831
0.9452870167
0.9134839717
0.2593673786
0.1079729214
0.09428558594
0.09913428276
0.1232875499
0.1344811007
0.2111315778
0.5343915393
0.6727806048
0.4555781305
0.3452583779
0.6268100166
0.7628752843
0.6490894045
0.8380556683
0.9437075728
0.9605777437
0.9628483054
0.9464582221
0.5980264735
0.1233677201
0.09302414426
0.1024698366
0.1613040304
0.199570405
0.2511999189
0.3681035403
0.8820160541
0.915748349
0.7513345698
0.1472865435
0.1168847069
0.136100375
0.1406528428
0.1428867627
0.1507627868
0.1548848777
0.165593066
0.183547575
0.1956456145
0.219505811
0.247392022
0.2809098855
0.3674303969
0.4729483111
0.6142593005
0.7007557849
0.6782912289
0.5607966647
0.4046917832
0.3527246461
0.3418473286
0.5677289627
0.8202183724
0.9237182272
0.9514405714
0.9622339662
0.9633250201
0.9540321781
0.9147331439
0.1868787685
0.1335196953
0.1581406585
0.2235007263
0.2429080463
0.2353394864
0.2305733801
0.1779088754
0.1391238623
0.133425031
0.1886915569
0.9014594915
0.9469948391
0.9496615915
0.9264815219
0.3991037064
0.2901683905
0.7976492062
0.5480423594
0.4719818997
0.8110795899
0.3149501717
0.2871983003
0.1872440197
0.4078985873
0.8455468993
0.8888402581
0.7521911798
0.4989769271
0.3037956026
0.1921569002
0.5053495871
0.8083848018
0.5190978201
0.1301580116
0.07042667104
0.07116202493
0.07117292388
0.07137562743
0.08364681933
0.6764921452
0.8706560931
0.09895900675
0.07588076201
0.07707701071
0.08038432784
0.1042556078
0.518993284
0.9530051835
0.9579420768
0.9030253207
0.1099481256
0.07586145731
0.0737389347
0.07545162495
0.08023350584
0.09045858014
0.1300618621
0.7379815095
0.9420012575
0.9563599905
0.9561890853
0.9383558417
0.7258650186
0.1593904489
0.1614155602
0.3245853177
0.7123708786
0.6149877416
0.4569049133
0.3352533898
0.4956050551
0.7118967556
0.7913932264
0.6880588141
0.5623378
0.2641881886
0.381931576
0.945913975
0.9627960128
0.9625916222
0.9483039362
0.7922067164
0.1480336246
0.1423219362
0.3540897822
0.593016041
0.3341510604
0.2641010814
0.2914420268
0.8996862146
0.9270242713
0.4520027521
0.1392836582
0.1432807058
0.1549083327
0.1517904172
0.1607721271
0.1716411958
0.1811070662
0.2049451977
0.2209767829
0.2540537431
0.2993139503
0.367178157
0.4529547919
0.5382086698
0.5835563191
0.7219305021
0.792176198
0.8000852026
0.6594799484
0.5107888104
0.4709998367
0.3100967122
0.361514743
0.6860449777
0.9257149298
0.9552199504
0.9625455689
0.9618463079
0.9526903292
0.9050098246
0.1787697244
0.1199352093
0.1398120316
0.2012792467
0.2027369453
0.1777881664
0.1731049173
0.1629569695
0.1244875898
0.1136469379
0.1457647526
0.8655302574
0.9416101905
0.9286333326
0.7495007882
0.1387558285
0.1780433788
0.261531573
0.2549424656
0.1474125146
0.1541649961
0.1174103082
0.1018984542
0.1051201968
0.1556257151
0.7164958115
0.8462397303
0.7876500378
0.6319762221
0.728183184
0.7968038779
0.5475591096
0.1301460735
0.07038326931
0.07102323351
0.07108167519
0.07113304705
0.07131484657
0.08445309808
0.7166982641
0.8751908578
0.09921129179
0.07619925151
0.07847107887
0.07776203117
0.07965630976
0.1146531402
0.8906730333
0.9582698621
0.9530206257
0.5043301255
0.08829043932
0.07409648578
0.07493446087
0.07702274866
0.07822668054
0.08464017069
0.1073232628
0.2593601572
0.9159726758
0.9492305185
0.9524969443
0.9432498505
0.8902164902
0.5017096889
0.6053170573
0.836923418
0.8357179204
0.4525669363
0.5198799383
0.695515397
0.5312973659
0.2128257842
0.2135347428
0.2765970568
0.1632531561
0.1457062786
0.2270909809
0.9366542924
0.9581711768
0.9598673233
0.9483707258
0.8737452901
0.2495288614
0.2418022686
0.4944979627
0.5147455882
0.2627033318
0.1667472824
0.3823902346
0.9223224592
0.8755373889
0.2337743149
0.161529743
0.1793949417
0.1791736546
0.1930426903
0.199142915
0.2066468633
0.2265208893
0.2544513709
0.2921572618
0.3450531161
0.379161353
0.415709049
0.4603804986
0.521850766
0.6687228013
0.8017788098
0.8323296836
0.7526471764
0.6518937595
0.6396385162
0.6077652939
0.2599617921
0.2104973733
0.3817223893
0.926104079
0.955779525
0.9635271562
0.963090932
0.9520826905
0.8920858666
0.1519170459
0.1135245753
0.1316796064
0.1601189974
0.1535331404
0.1447039372
0.141104971
0.1409259762
0.1128458132
0.1061139667
0.1565786097
0.893726581
0.9380260488
0.913909108
0.3883721563
0.1475503361
0.7168266196
0.3565860207
0.1883463528
0.1321355135
0.1111352816
0.09544008652
0.08897636703
0.1029403602
0.1752200589
0.4582844226
0.7239218262
0.7915521845
0.7772161854
0.5537374094
0.1301657605
0.07040918108
0.07101842265
0.07105471032
0.07112763165
0.0711098223
0.0712620812
0.083539318
0.6867620078
0.8858452858
0.1021551167
0.07674894217
0.07959297473
0.0798125256
0.07805005172
0.08395541527
0.1612284582
0.9418642867
0.9632068592
0.9377328703
0.1464819849
0.08157100708
0.07657834693
0.08069581119
0.08397593262
0.08845035139
0.09069384314
0.1019125019
0.1678170354
0.8276679326
0.9290367726
0.9425346856
0.9343779239
0.8976594243
0.7743352708
0.6875442226
0.7924316262
0.7672800696
0.7982583643
0.4236264684
0.1971511173
0.147456447
0.130580661
0.1351477638
0.1539508858
0.1217817917
0.1234876422
0.215065963
0.9128098739
0.9502743055
0.9558221736
0.9500318087
0.9063089008
0.2798922152
0.2657229959
0.241758067
0.223316098
0.1350270673
0.1651154705
0.8057342394
0.9164257292
0.6243983213
0.2057348972
0.2076892909
0.2016037342
0.2060474611
0.2162905323
0.2316115182
0.2713177775
0.3076281625
0.3599054641
0.4297079087
0.492100419
0.5187179749
0.588619094
0.6046955613
0.6181339475
0.7026334472
0.7602025326
0.7409501275
0.6396357569
0.503665294
0.4487544314
0.2996384993
0.1764245027
0.1551535298
0.2696987159
0.9279525223
0.9585686897
0.9656510692
0.9637542694
0.950723833
0.8655045793
0.1339425184
0.1049914118
0.1203558607
0.1436477639
0.135033247
0.1324725627
0.1309677695
0.1280310687
0.1103814068
0.1094604829
0.2035540938
0.9161254698
0.9415455211
0.9056595254
0.3071522494
0.1418989402
0.1548035746
0.1544420772
0.1223122811
0.1094005155
0.09992700108
0.1003055781
0.121846693
0.2059736414
0.6549878243
0.7988868306
0.740272428
0.5228080461
0.1301857745
0.070454847
0.07106680017
0.07106553903
0.07114282446
0.0711631731
0.07112022309
0.07123486152
0.08274106515
0.661922387
0.8976464198
0.1063762664
0.07752234353
0.08061583149
0.08082667813
0.07958384712
0.0777612341
0.09333743794
0.5605457012
0.954879875
0.9543321828
0.8666702051
0.1111788916
0.08227501328
0.08420938215
0.09118810975
0.09905742129
0.104723917
0.1038527631
0.1073589013
0.1478397743
0.7078672829
0.9062626891
0.9295547663
0.926590859
0.866976333
0.6661223594
0.8114486628
0.7342848294
0.3276924487
0.1648680189
0.139481562
0.1364262315
0.1220057564
0.1183197573
0.1268188054
0.1365875579
0.1219697951
0.1388279249
0.3127783013
0.8907070646
0.9451124751
0.956085266
0.9471252146
0.8548001869
0.2068010137
0.1702173758
0.1733139004
0.1469861898
0.131971051
0.3408402218
0.9003773232
0.8335910901
0.3420667853
0.2798661186
0.2364511127
0.2472845381
0.2666428891
0.2980849355
0.3191547576
0.3631871771
0.4471730892
0.5524454364
0.6401582586
0.6830861824
0.6851438302
0.6791187171
0.6375356243
0.647086177
0.6469614769
0.5380462508
0.3727675842
0.2752070639
0.2378121659
0.2220993729
0.1873984052
0.1465502763
0.1433957852
0.2645694323
0.935914302
0.961918034
0.9675425517
0.964272898
0.9492824302
0.8101781349
0.1213552915
0.1030097106
0.1211606804
0.1422462176
0.1296572391
0.1286227519
0.1298535712
0.1398939595
0.1194884974
0.1176719333
0.3241819516
0.9338925107
0.9448459287
0.8958346517
0.2679333953
0.1590152532
0.1513045916
0.1246541404
0.1082727818
0.1165401135
0.1764258249
0.5449304009
0.7295157822
0.7813548236
0.6662490498
0.4752763875
0.1302042257
0.07050031532
0.07112965173
0.07109296684
0.07116201055
0.07120292301
0.0711975779
0.07113357171
0.07122529794
0.0818984801
0.6309132073
0.9104002774
0.1122043409
0.078242661
0.08132316961
0.08100821066
0.08033614359
0.07877223357
0.08077297405
0.1229642563
0.899520142
0.9553223934
0.9432087704
0.482434688
0.1042694005
0.09156517557
0.09939618034
0.1031406856
0.1206116613
0.1397255223
0.1382216565
0.1281584414
0.1849946371
0.8081429484
0.9166783676
0.9352719004
0.9144607929
0.7308411875
0.3586496511
0.2764633536
0.1778152484
0.1411476125
0.1204182002
0.1299287834
0.133740405
0.1213613381
0.1260356543
0.1447295204
0.1803001745
0.1894761217
0.2338303808
0.5523743784
0.9048979127
0.9475294737
0.9526964845
0.9242800742
0.3121537681
0.165216241
0.1483444882
0.1521497229
0.1275041831
0.1882492486
0.793547863
0.8549683152
0.5439120103
0.3554579096
0.2952853566
0.3103448436
0.3303415304
0.3426675711
0.4023952656
0.4987620802
0.5969442293
0.6752798163
0.7148548728
0.7134996921
0.6664444614
0.5999086876
0.5261088044
0.4371750511
0.3636917881
0.2930705649
0.2289442332
0.1946201767
0.1810053554
0.1830339974
0.1822413042
0.172240641
0.144054224
0.1416027124
0.269429498
0.9446209758
0.965072825
0.9692224937
0.9651879832
0.9495174123
0.6767169154
0.1164235642
0.1057142864
0.1277522544
0.1340285989
0.1244108027
0.1274682231
0.1637892843
0.1605701237
0.1249146117
0.1271416029
0.4799417845
0.9249241106
0.9435507697
0.9071190132
0.3011616357
0.1736440877
0.1288907507
0.1493982413
0.3668054948
0.7643405148
0.7542134929
0.7192706535
0.5399791228
0.4378142119
0.1302185508
0.07053744908
0.071187453
0.07112459489
0.0711826972
0.07122900275
0.07125115083
0.07123122267
0.07117778127
0.0712661862
0.08114688012
0.5871910178
0.9234948775
0.1202279847
0.07892926799
0.08159952549
0.08107129264
0.08023889592
0.08025230802
0.07876125342
0.08801859071
0.2390988165
0.9338853821
0.9517590295
0.9219455488
0.2201598324
0.1121927891
0.1122338241
0.114863966
0.1346371029
0.2007237221
0.1985413022
0.2681638199
0.6939504755
0.7994562233
0.8952521707
0.9284013769
0.9198920121
0.6366916403
0.1609150846
0.1414688127
0.1383325868
0.1245515453
0.1106609283
0.1182006928
0.1345975705
0.1342886946
0.1448096255
0.1871777495
0.2486579869
0.2840424189
0.3739679676
0.479469584
0.7274235177
0.9226011159
0.9497196142
0.936266294
0.7045453321
0.2002158892
0.1474092077
0.160746098
0.1364533938
0.1662624117
0.5725249221
0.8532672934
0.6313117991
0.4393688251
0.3626487457
0.3741297143
0.3785358376
0.4635035382
0.586605521
0.6586484498
0.714752288
0.7241245835
0.706084035
0.6382004338
0.5136950855
0.3915647718
0.2922815671
0.2426416073
0.2221912842
0.2005377728
0.1783289021
0.1648942977
0.1583098739
0.16033272
0.1664148319
0.1628629797
0.1537855845
0.1258938719
0.1279894733
0.2602126801
0.9509309918
0.9675293744
0.9710648391
0.9670559611
0.9515707889
0.4296613815
0.1166096721
0.1070063151
0.1265207931
0.1245181371
0.1303736567
0.1451839168
0.1839585668
0.1618109197
0.1119186765
0.1148140585
0.7190582492
0.9282899678
0.9311319667
0.914893852
0.3423620903
0.3560574623
0.6610197145
0.7461626121
0.6680274106
0.630260927
0.4023862463
0.4259260915
0.1302296924
0.07056360019
0.07123143475
0.0711522599
0.07120159092
0.07124594068
0.07128100985
0.07129435395
0.07128726006
0.07128151022
0.07139178473
0.08054867647
0.5361081847
0.9347294904
0.1332822541
0.07977920285
0.0817668119
0.08121028712
0.08085310529
0.08073524205
0.08012969179
0.08047589135
0.1071153043
0.7861493394
0.9425119452
0.9486002312
0.8355254141
0.1908753703
0.1535675462
0.1448632415
0.1883100159
0.1882569423
0.5867863137
0.8508118607
0.8316220441
0.7301946037
0.8032523212
0.9098662075
0.9192037055
0.7172810917
0.1384699361
0.1161203343
0.1229449763
0.1185047972
0.1099814265
0.1149238139
0.1348675714
0.1529110442
0.1757897055
0.2193596469
0.3247320705
0.5619430632
0.5910259706
0.4933361069
0.4877235053
0.8634402873
0.9425485934
0.9339809379
0.7726001365
0.2750982306
0.1703484072
0.168530561
0.1571286811
0.1693366473
0.3716266117
0.7858620677
0.7063744793
0.4772963195
0.4735400591
0.4953742848
0.5863010757
0.6551318143
0.7180151915
0.726025476
0.7080511687
0.6345678534
0.519769309
0.4089022594
0.2918819387
0.2308083181
0.2029806999
0.185597692
0.1746876944
0.1673651978
0.1609837652
0.1575905498
0.1538759162
0.1505803277
0.1434372289
0.1364164561
0.1285433928
0.1237362756
0.1072646064
0.1173603518
0.2597717442
0.955101935
0.9695051255
0.9728089703
0.9687053313
0.9520949044
0.30492943
0.1216064117
0.1157634624
0.1378405244
0.1318262594
0.144327797
0.1714827773
0.1650496887
0.1170397496
0.1035712887
0.23236736
0.8128601431
0.8915373298
0.8733493784
0.8531028997
0.7625946013
0.7203769543
0.6262549588
0.5137324429
0.3245331373
0.4689347119
0.1302366596
0.07057897708
0.07125902739
0.07117206096
0.07121616782
0.07125618457
0.0712949729
0.07132579846
0.07135003704
0.07138305173
0.07145342563
0.07160940952
0.079994006
0.4738115975
0.9425471203
0.1564966505
0.08139311141
0.08191429814
0.08169892955
0.08123787476
0.08122504978
0.08148494461
0.07983936753
0.08867986071
0.1473184146
0.903104837
0.9491516414
0.923136902
0.5467845135
0.3407658895
0.2177279715
0.2527344492
0.7687381789
0.8500730892
0.8008778579
0.6667751467
0.2256988672
0.5396158753
0.8906752333
0.9241482107
0.8440815762
0.1755126845
0.114983108
0.1156454041
0.1182111866
0.1203705682
0.1312697476
0.1523445122
0.1779251609
0.232289099
0.4273645148
0.5949424188
0.5709777394
0.4331023089
0.3219166081
0.3233407402
0.7713117162
0.9339018238
0.9338912929
0.8013391306
0.4693592913
0.208240529
0.1860514977
0.1821338728
0.2078906407
0.3008113095
0.7106845573
0.6811129438
0.6146141661
0.5799576989
0.6912125978
0.735075995
0.7369565486
0.7214215779
0.6377350508
0.5078443666
0.3913782687
0.2931455316
0.240011645
0.2045858718
0.1824678421
0.1734822079
0.1630115221
0.1590245909
0.1551279968
0.1541863575
0.1493851217
0.1425096759
0.1343924566
0.1253181869
0.1181806143
0.1123577598
0.1087105058
0.1057619854
0.09601545533
0.1109596347
0.2767493852
0.9580687072
0.9707645718
0.9727754506
0.9681849564
0.9523085693
0.3199198212
0.1574337639
0.1377445603
0.1585105764
0.1456371679
0.135510792
0.1371699299
0.1399484558
0.1466367067
0.3616723466
0.7321119251
0.8504150175
0.8630923302
0.7831742985
0.7463089087
0.5852214866
0.4294475501
0.3139938105
0.5640432022
0.1302398653
0.07058519438
0.07127120213
0.07118284937
0.07122530988
0.07126156126
0.07129976376
0.0713378763
0.07137868061
0.07143350782
0.07152589527
0.07169257526
0.07191136158
0.07943133868
0.406484172
0.9458243142
0.2050188573
0.0846978826
0.08229793947
0.08218669502
0.08177553642
0.08167845795
0.08171232497
0.08088293159
0.08463819143
0.1180254588
0.4967300988
0.9264096172
0.9261180364
0.8502357328
0.5860857899
0.6478485318
0.8650034717
0.8342042169
0.7173969551
0.4043619272
0.1496056256
0.1299981849
0.2609377068
0.8574572546
0.9233977345
0.8966442747
0.3885984031
0.1381606438
0.120709494
0.1335882289
0.1530033595
0.1647314715
0.190490352
0.2993474893
0.510039063
0.592171733
0.4981817946
0.3793126536
0.2647243722
0.216650716
0.3195741056
0.6557780934
0.923071164
0.9273115749
0.8066084337
0.5416710606
0.3265629462
0.2346787515
0.2354636009
0.2747475309
0.3591193048
0.6358225923
0.7255991409
0.7361129094
0.7784171926
0.758181607
0.7393945064
0.661221339
0.5208509958
0.3824725944
0.2847857774
0.2381345834
0.2073017997
0.190584911
0.1745780104
0.1658306206
0.1620023993
0.1562486629
0.1534681352
0.1491542573
0.1435824345
0.135786961
0.1266863453
0.1196123487
0.1127503239
0.107553945
0.102808947
0.09978994169
0.09708234287
0.09470802414
0.0885078111
0.1084707431
0.347137033
0.9572151823
0.9678967549
0.970146425
0.9657548569
0.9512474501
0.522976899
0.2218901356
0.1930247159
0.1332633376
0.1365524156
0.181061552
0.3543146167
0.5344468563
0.7014529176
0.8052409103
0.8451155002
0.7858704618
0.7241405063
0.5028015818
0.4436009539
0.3502404653
0.6153696238
0.1302409478
0.07058429815
0.07127076044
0.07118517181
0.07122880167
0.0712631764
0.07130004153
0.07134079479
0.07138963512
0.07145604115
0.07155749479
0.07172427504
0.07199661165
0.07228636346
0.07885645234
0.3249575353
0.9444373273
0.297347319
0.09056577152
0.08259062297
0.08278526587
0.08237149718
0.08231407556
0.082409108
0.08206937292
0.08676682857
0.1154744648
0.2137596753
0.8155870891
0.8991029196
0.8732653484
0.8847631345
0.8755556227
0.7944619496
0.5757432951
0.1915918573
0.1414695546
0.1112811229
0.1118945841
0.1685260207
0.7771936074
0.9154519967
0.9100647047
0.6757499011
0.1955163013
0.1585786289
0.1643909899
0.1818664601
0.2425433669
0.4253560475
0.6661067688
0.5711029431
0.3861087109
0.2773972094
0.2203550922
0.1859369118
0.1882117725
0.3271701146
0.6307331842
0.9064061846
0.9132138196
0.8003681358
0.6375653607
0.4870464954
0.4050268848
0.3376131582
0.4641637055
0.5334499359
0.7485339276
0.7921261672
0.8058539331
0.7628311801
0.6834230684
0.5385968558
0.3957087713
0.2839684794
0.2369149357
0.2091163267
0.1926321209
0.1794953091
0.1708169828
0.1628540839
0.1578841496
0.1566379328
0.1487588717
0.1453121507
0.1350017728
0.1292680884
0.1210863719
0.1149792183
0.1094977203
0.104568819
0.1005784312
0.09728173313
0.09403295873
0.09139130263
0.08913216675
0.08698589699
0.08548590923
0.1153656213
0.6806709273
0.9514571812
0.960617855
0.9633777525
0.9609976698
0.9456155931
0.8265174142
0.3549571041
0.1957589267
0.3765892567
0.6671389858
0.7851939951
0.802942618
0.7713957638
0.7641528198
0.70654011
0.6237534511
0.4324446852
0.4856349916
0.3979198112
0.6265582265
0.1302394795
0.07057839101
0.07126092215
0.07118048331
0.07122718556
0.07126180671
0.07129871763
0.07134148476
0.07139544585
0.07146924145
0.07157674781
0.07174171504
0.07200199225
0.07239737532
0.07278415788
0.07838427096
0.2571706721
0.9364753788
0.5002712598
0.09879209427
0.08410110568
0.08389428014
0.08394485321
0.0837921183
0.08396644366
0.08445650959
0.09284655305
0.1232238754
0.3017458519
0.8000900016
0.9001920088
0.9162362861
0.8838788537
0.6968243922
0.2954463008
0.1531258947
0.1277503655
0.121092817
0.1023166346
0.1066035594
0.1506373579
0.669105589
0.8967243979
0.8995797118
0.7675775808
0.4634612912
0.2461775626
0.2127173602
0.3283988589
0.6930924693
0.6244675142
0.4484536342
0.2731417762
0.2023356841
0.1896248816
0.1763598066
0.1655646415
0.1916746522
0.3201624176
0.560947715
0.8790030334
0.8750066399
0.7976309726
0.6643983138
0.6212988188
0.5084125
0.544690535
0.6900797756
0.7643508996
0.8196801703
0.8056334589
0.6963687441
0.5818765789
0.4025314308
0.2908789067
0.2362079056
0.2108014172
0.1972716952
0.1839113327
0.1754284498
0.1668594395
0.1628456841
0.1571479833
0.1523156643
0.1503128085
0.139738005
0.1333327539
0.123954317
0.1174464878
0.1122675708
0.107032251
0.1029058808
0.0992997179
0.09601327391
0.09296148436
0.09028266505
0.08757372806
0.08587423358
0.08494944605
0.08496734162
0.09196494282
0.1555533235
0.8334806648
0.9328133662
0.9443997525
0.9515079645
0.9468820295
0.9134428941
0.7531866246
0.7597519383
0.7951353622
0.8561092876
0.7650213324
0.6573983769
0.602103248
0.5690320651
0.5731242826
0.3947184502
0.522766616
0.4499322176
0.6298768364
0.1302366938
0.07056947735
0.07124493274
0.07117031129
0.07122104772
0.07125809714
0.07129739358
0.07134396295
0.07140374244
0.07148453641
0.07159752391
0.07176206497
0.07200933118
0.07238233115
0.07293174574
0.07351453756
0.07869376649
0.2047977851
0.9248217304
0.5658717956
0.1086741499
0.08722045234
0.08609133232
0.08611455874
0.08515228712
0.08640325487
0.09580069026
0.1437095053
0.4938747093
0.852242029
0.9022512885
0.9134316661
0.863797323
0.7355376872
0.2266098158
0.1479708947
0.1305225087
0.1175696778
0.1095772504
0.0973286752
0.1115950103
0.1559954028
0.5535641281
0.8441281759
0.8640664696
0.7936748858
0.6090834389
0.4199455724
0.6648577425
0.676617725
0.6134272005
0.3351534005
0.2203875421
0.1829694734
0.1772832187
0.1749447027
0.1656090224
0.1610356638
0.2196124461
0.325272243
0.5688792674
0.8440841085
0.8485950124
0.7955365682
0.7579450829
0.7130071883
0.7614205883
0.7771418744
0.8175150486
0.7682081094
0.7210005025
0.5936392295
0.4447277112
0.294835642
0.2405068026
0.2161027466
0.2044287468
0.1930354566
0.1846616578
0.1754459847
0.1685886365
0.1616238934
0.1574247211
0.1508178182
0.1434969149
0.139460521
0.1284335483
0.1233912213
0.1150454603
0.1108147632
0.1058151816
0.1023379786
0.09852658508
0.09547242252
0.09227625503
0.08970399538
0.0872335083
0.08568476215
0.08460918489
0.08531863628
0.08889647318
0.09875248814
0.155015512
0.5520895446
0.8680308812
0.9155655897
0.9382852539
0.9452614101
0.9258215767
0.8756776582
0.8209161854
0.7273025849
0.5483657943
0.4178118985
0.4354986224
0.4498112806
0.5098634523
0.3795055113
0.5214435905
0.5002489848
0.6151803644
0.1302325293
0.07055911148
0.07122570215
0.07115640829
0.07121140888
0.07125262922
0.0712972075
0.07135095948
0.07142000643
0.07151127376
0.0716333592
0.07180315272
0.07204334732
0.07238664381
0.07287990745
0.07362609499
0.07466561706
0.08031508371
0.1852299995
0.9087953806
0.7053577396
0.1317497452
0.09595202569
0.0890859467
0.08763742487
0.09149171346
0.1294121909
0.4083921088
0.8705889619
0.900039563
0.8905378533
0.8374485164
0.7597971114
0.7370044598
0.4514031123
0.1736817753
0.1294894398
0.1181146603
0.1098290503
0.1036328504
0.09810390416
0.1264649248
0.1706250238
0.5182048185
0.7745715179
0.8291821737
0.7924471414
0.7489800894
0.6899269628
0.6842755651
0.4434531101
0.259126354
0.1906510356
0.1728363738
0.1770268868
0.1716143773
0.1678666347
0.1597991729
0.1662167746
0.2432385689
0.3084512155
0.5798303551
0.8153753932
0.8312839073
0.8337186178
0.8158009696
0.8362949121
0.8362605917
0.7924083921
0.7221308484
0.5896215724
0.4940112987
0.430502729
0.2698873211
0.232645275
0.2160239366
0.2039735756
0.1952454262
0.1829294261
0.1775853873
0.1697134882
0.1634772019
0.1571995675
0.150516587
0.144300862
0.1352086994
0.1326089789
0.1229623301
0.1175225984
0.1110146853
0.1062316572
0.1022801949
0.09854016711
0.09501752779
0.09187366774
0.0892120293
0.0868408292
0.08568419514
0.08461010206
0.0863646922
0.09222735394
0.1139142944
0.1694405107
0.5386378111
0.8119927388
0.8826059525
0.9213877507
0.9425059748
0.9433535473
0.9144626863
0.8138885
0.6228678609
0.4115223635
0.3726633492
0.374723284
0.4196891998
0.4985461984
0.4022454518
0.575183008
0.51928998
0.5992395387
0.1302278223
0.07054861156
0.07120551454
0.07114003805
0.07119914952
0.07124636435
0.07129955669
0.07136497045
0.0714486686
0.07155677341
0.0716958275
0.07188218018
0.0721322477
0.07246149191
0.07289924502
0.07349666008
0.0744293557
0.07628523171
0.08375888971
0.1680488877
0.8895067209
0.6788694787
0.1630377822
0.1037297608
0.09518185836
0.1254594711
0.3704002503
0.9027214933
0.9165391433
0.8871032993
0.7752791433
0.6191897968
0.5174332365
0.5727148
0.7600654895
0.3939312231
0.1503521601
0.1240824625
0.1145358561
0.1073105489
0.1025720659
0.1056544353
0.1287877304
0.2705287325
0.5892907695
0.7802339577
0.8401047529
0.8293590435
0.761800542
0.567050749
0.3337838727
0.2212545915
0.1904835038
0.180502002
0.1798441095
0.1738538843
0.1653652316
0.158472918
0.1613909042
0.1799846221
0.3286893133
0.5119460804
0.7096328765
0.8449587428
0.8819088846
0.8962746572
0.8939774353
0.845895535
0.7771042963
0.5861499968
0.5323542563
0.412737729
0.4055981259
0.3252638771
0.2668348528
0.2307788018
0.2139760478
0.2008677893
0.1888979267
0.1799185712
0.1734694188
0.1670182146
0.1595411259
0.1503995683
0.1437736322
0.1368882178
0.130238557
0.125856814
0.1186403271
0.113107902
0.1069893265
0.1030860599
0.09848995564
0.09527433901
0.09166924054
0.08952388896
0.08672007836
0.08528053597
0.08472474046
0.09232598455
0.1158784246
0.2010254521
0.6935979333
0.851565119
0.8725639048
0.897386599
0.9156146691
0.9271301206
0.9334447486
0.9207567965
0.8399347345
0.6430318875
0.3770247885
0.3512422498
0.3487412319
0.3517440496
0.4696012076
0.410869704
0.5721575649
0.5199424016
0.5721460853
0.1302220627
0.070538722
0.0711859122
0.07112216013
0.07118502763
0.07124013803
0.07130572501
0.0713877653
0.07149198697
0.07162392299
0.07178687494
0.07200163351
0.07226959583
0.07260906242
0.07306397114
0.07368374691
0.07458097918
0.07585918192
0.07904488631
0.08853257449
0.1503059773
0.8670257881
0.831280299
0.1942794445
0.1563775525
0.378433982
0.9186709264
0.9294777792
0.9001157498
0.7267014866
0.4509138896
0.4574359155
0.3909302707
0.4003621682
0.5854640844
0.8213016813
0.2364386376
0.1370610062
0.1194187962
0.1097374749
0.1072239382
0.1160884319
0.1431880134
0.264465728
0.6214626364
0.7762716102
0.8516642819
0.8528346967
0.7743567301
0.5635724858
0.2609143139
0.2012674142
0.1912506426
0.1821782292
0.1805382566
0.168121196
0.1652856331
0.1564404354
0.1692965043
0.1909459531
0.320462495
0.5654970864
0.7019907244
0.873936435
0.9135140639
0.9212744106
0.8974893191
0.812337259
0.6509165523
0.5594867468
0.5194749982
0.4156295346
0.3916770036
0.3836836904
0.3290759366
0.2682096356
0.2348459277
0.2142050475
0.1950817287
0.186362112
0.177307614
0.1709411801
0.162711193
0.1541215444
0.147523578
0.1406868553
0.1354915415
0.1276001378
0.1232105413
0.1159088927
0.1100384232
0.1043308965
0.09980805986
0.09651770256
0.09275812842
0.08930257612
0.08557227698
0.0870156745
0.0981825966
0.1452436603
0.5565071648
0.8961674916
0.9278083246
0.9293594736
0.9247173081
0.9208063008
0.9050082667
0.8731692297
0.8678995815
0.8927590251
0.8591243375
0.7283066385
0.4219841362
0.3417432055
0.3125736591
0.3149577473
0.4077908952
0.4351958676
0.5937216695
0.5206820931
0.562152415
0.1302166059
0.07052984608
0.071167761
0.07110320639
0.07116955975
0.0712349695
0.07131745984
0.07142166868
0.07155298268
0.07171572828
0.07191145759
0.07216554997
0.07247475273
0.07287135845
0.07354188304
0.07435263477
0.07536816168
0.07641821365
0.07744815029
0.0818201186
0.09387720695
0.1492683293
0.7634927189
0.6494184217
0.7152897911
0.9140488569
0.9346182103
0.9068494403
0.7103989474
0.2821348898
0.208039861
0.3115333826
0.3843745382
0.3329212891
0.3893853466
0.7120120674
0.6761792133
0.1977588401
0.129726877
0.1165859357
0.1197529472
0.1415430981
0.2364098773
0.6002799703
0.7854238975
0.8286155829
0.8310532264
0.8172733105
0.7399902106
0.5894591839
0.2848395542
0.1989153135
0.1943540946
0.187661976
0.1809488503
0.1696119126
0.1661237475
0.1614086384
0.1782068624
0.2330003504
0.4343426706
0.716071219
0.8765353524
0.912245989
0.9228848205
0.9101316857
0.8605028965
0.7319155055
0.6767702271
0.5896719911
0.520270047
0.4611959422
0.3880886255
0.3744138486
0.3849804873
0.3187909759
0.2686858806
0.2370618368
0.212664084
0.1963198156
0.1859620329
0.1779397636
0.1676090212
0.1620222797
0.1523697319
0.1457370956
0.1382221811
0.1310608741
0.1248058592
0.1185931519
0.1129497972
0.1080102732
0.1034189706
0.09825972319
0.09138961293
0.08875801214
0.095295119
0.1325687696
0.4338997967
0.9105293005
0.9460944247
0.9536339972
0.9515170539
0.9437220053
0.9201581076
0.8822666722
0.7663065338
0.6502830854
0.6310478225
0.8006722905
0.8646749437
0.831808391
0.650105516
0.4314525092
0.3060117675
0.2963587852
0.4115953368
0.43036345
0.6089453163
0.4945980536
0.5415743219
0.1302103727
0.07052182039
0.07115110966
0.0710834663
0.07115369581
0.07123277876
0.07133748093
0.0714702078
0.07163548754
0.07183770598
0.07207376085
0.07240823585
0.07280739994
0.07349829592
0.0744539768
0.0752904718
0.07590055858
0.0763443938
0.07678706803
0.07887919726
0.08459230729
0.111634809
0.232041552
0.8833117539
0.9245167478
0.9370869129
0.9193737329
0.7232251811
0.260986611
0.176208559
0.1812621449
0.2166401828
0.4843302207
0.3846777475
0.3797679062
0.4216527973
0.773695806
0.5728909226
0.1725488831
0.1399318724
0.1428870602
0.3241614278
0.7780042624
0.8629172906
0.8670199711
0.8194201182
0.7457333213
0.6620100999
0.7086961347
0.6110743954
0.3964671437
0.2298015462
0.1980158609
0.1898234246
0.177425375
0.1630731371
0.1630349696
0.1591373834
0.2240768062
0.4059211747
0.8045636923
0.9024196559
0.9196386672
0.920310658
0.8893508907
0.8371614775
0.7054106785
0.692982645
0.618827439
0.5352304632
0.5180849098
0.4609179093
0.4381477605
0.3837872672
0.3789312287
0.3729085623
0.3116330269
0.265917759
0.2379003896
0.2160597313
0.1970397957
0.1875332845
0.1801762124
0.1717272604
0.1636817944
0.1523602985
0.1450855487
0.1369680703
0.1293013322
0.1253564752
0.1214859129
0.1151488349
0.103138459
0.09540701349
0.09886988491
0.1322199553
0.380011474
0.912818059
0.9525501154
0.9603838199
0.958235378
0.9506980623
0.9266271335
0.8260407403
0.4546402582
0.2632084323
0.2355051933
0.2528463422
0.2840397942
0.4924011017
0.7730065678
0.8613385841
0.8412258476
0.6871932814
0.486291824
0.3498342453
0.4180522102
0.4398497893
0.5584568542
0.4685849617
0.5221511751
0.1302040248
0.07051394707
0.07113537925
0.0710633962
0.07113932469
0.07123705475
0.07137058461
0.07153865571
0.07174803371
0.07200119476
0.07232083742
0.07283000874
0.07362314549
0.07463412032
0.07579509408
0.07581566206
0.07572863238
0.0756537874
0.07618158867
0.08159172111
0.1016956037
0.1994824019
0.8777913076
0.929618765
0.9414728567
0.9324654866
0.8026725112
0.2770149206
0.235390579
0.2023710282
0.176081754
0.1800486121
0.2868934934
0.4818125511
0.3344686356
0.3625803242
0.5081102459
0.6857642817
0.3364251322
0.2593819869
0.5877139876
0.8737118511
0.9043994207
0.8905796029
0.7892143614
0.5740849982
0.4536773019
0.5057237537
0.6005746317
0.6414044728
0.4999772509
0.2941017395
0.2163111624
0.1951999021
0.1767101837
0.1634665138
0.1665008321
0.2323816213
0.5733607586
0.8811265912
0.9291895273
0.931352779
0.9204470848
0.8523741662
0.7346602406
0.5727744714
0.6660034064
0.6486365143
0.5918145961
0.5457094373
0.4969389285
0.5047347524
0.4632804939
0.4385049203
0.3957388998
0.3709590822
0.3570243043
0.3090515896
0.265698941
0.2455784102
0.2251969652
0.2063000791
0.1943725002
0.1852524842
0.1716535178
0.1634537314
0.1494853107
0.1462869834
0.1439246965
0.1339104396
0.1192288131
0.107164198
0.107755189
0.1395005679
0.3808855873
0.9120174584
0.9543673407
0.9625638611
0.9617565727
0.9556855438
0.922140009
0.7707918439
0.185540288
0.1344483703
0.1329945304
0.1444333788
0.1696462238
0.2002640735
0.2006088933
0.2141888243
0.4518435582
0.763492274
0.8771600778
0.8405776176
0.7162965242
0.5821936898
0.5492978608
0.4826546603
0.5469862712
0.4084896544
0.5022380425
0.1301967835
0.07050473861
0.07111938781
0.0710440246
0.07112991943
0.07125336499
0.07142288922
0.07163417836
0.07189928168
0.07224412842
0.07272609727
0.07382655637
0.07490513243
0.07609026313
0.07613282922
0.07537264782
0.07526073416
0.07583502766
0.08473024762
0.124916665
0.6298282494
0.9341771999
0.9463414139
0.9458702222
0.9257044152
0.8237937536
0.3225301929
0.269429021
0.2506140455
0.2434677895
0.1863386254
0.1734036335
0.2311945144
0.5393278076
0.4555678328
0.2641530702
0.3264919798
0.487895899
0.6960738991
0.8349303698
0.9038004437
0.9127269798
0.8773796532
0.631398077
0.3334872679
0.2728732285
0.330506574
0.4051453663
0.5654903796
0.647973508
0.591909207
0.3990686415
0.2700571792
0.223891662
0.183448985
0.1784467076
0.26772661
0.7911627026
0.9094345697
0.9396162322
0.9398542289
0.9140194636
0.7913822368
0.5109971805
0.4397589717
0.4928958241
0.5272346426
0.5824934432
0.5506642589
0.5358596592
0.512674718
0.4896988566
0.508277198
0.4678900152
0.4211627859
0.3838397624
0.3675477613
0.3478784326
0.3205897403
0.2739525042
0.2571348144
0.2330333144
0.212222041
0.2022814653
0.1913034722
0.1813547458
0.1777029814
0.1592723085
0.1366373825
0.1202533461
0.1179104506
0.154434747
0.4245347468
0.908557142
0.9535966398
0.9625299002
0.9625571167
0.9571359045
0.924362879
0.6362404928
0.1488558747
0.1054277151
0.1002622066
0.1051315347
0.1177150638
0.1378765648
0.1535527045
0.1513051199
0.1557962942
0.1761506302
0.256927833
0.5255989761
0.7475737638
0.8562166127
0.8236513179
0.7445086396
0.7207366279
0.5972217293
0.5783975668
0.3995107021
0.4903680534
0.1301884738
0.07049176309
0.07110178016
0.07102807382
0.07113312011
0.07129357
0.07150938012
0.07178071822
0.07215469402
0.07268754099
0.07382732959
0.07548746481
0.07680531792
0.07626424838
0.07543047664
0.07479398729
0.07913775031
0.09731780265
0.1989121934
0.9080514137
0.9514029595
0.9577613884
0.9477394234
0.8764381157
0.3166272866
0.2297727831
0.2743311567
0.3906737963
0.3249411205
0.2867456165
0.2270552497
0.1655608637
0.161480538
0.2253682693
0.3341626578
0.2801443737
0.4336208443
0.8237228324
0.9060353803
0.9223031041
0.9084945348
0.8275815783
0.3865152292
0.2348068923
0.2094107122
0.2334667439
0.2816652127
0.3814106816
0.5051569667
0.5842510493
0.648203125
0.5291141785
0.3691377506
0.2398577317
0.2127171947
0.3726561404
0.8755559882
0.9342694218
0.9455589243
0.9432941875
0.9072402016
0.5912608548
0.3402313026
0.3047741463
0.3618898012
0.3845715424
0.4290365017
0.4942928722
0.5479437573
0.5588970659
0.505066489
0.4743476151
0.4724372213
0.5138762545
0.4754445057
0.4617794468
0.4068453511
0.3590149094
0.3486091162
0.3192312163
0.2854157057
0.288183534
0.2666084828
0.2345861883
0.2184700343
0.193356037
0.1554359437
0.1326875965
0.1266076023
0.1694860734
0.4953512872
0.9032678152
0.9509117886
0.9610479941
0.9618740597
0.9566408698
0.9252132417
0.5944706822
0.1373049535
0.09755402509
0.09165659365
0.09351132458
0.1021669356
0.1129603581
0.1202240028
0.1169845772
0.1172859946
0.1190168551
0.1419733893
0.1320034205
0.2406362973
0.3871249275
0.5377664183
0.675939893
0.8165435301
0.8031906318
0.8145063171
0.7482446429
0.6836874088
0.4664680354
0.5018149503
0.1301789394
0.0704714398
0.071078341
0.07101493823
0.07114902542
0.07135294726
0.07161239333
0.07196267947
0.07252877975
0.07368320671
0.07535601341
0.07739677834
0.07625521352
0.07550849552
0.0754917605
0.0848119145
0.1317337614
0.7984953697
0.9471093755
0.958767531
0.9548641275
0.9284841969
0.4208781006
0.1369129447
0.1139988506
0.1658999936
0.3774244908
0.4369039228
0.4480351995
0.254764278
0.1942077167
0.1469836219
0.1481555487
0.2071901086
0.5048476539
0.7829492924
0.8844740123
0.9210052189
0.9255099891
0.8998600153
0.7347399045
0.3288873012
0.2107993165
0.1859303322
0.2027428166
0.2427847476
0.3039126357
0.3413984077
0.4825648966
0.6440264123
0.8274072821
0.5641803599
0.3594457768
0.3128211921
0.6787544629
0.9168077785
0.9478127089
0.9494700019
0.936098114
0.8423455533
0.3575490916
0.227981543
0.2376669282
0.2501231403
0.2726677838
0.2985933904
0.3481990539
0.4259855381
0.5056205167
0.5489226638
0.5487412868
0.4916516032
0.4802471398
0.5342726793
0.532771608
0.4398712025
0.4018801507
0.370974267
0.370416353
0.4246094774
0.3962107541
0.3210970635
0.3111627585
0.2415579572
0.1797471524
0.1464876235
0.1404690939
0.1823917189
0.5655261283
0.8980607595
0.9471109249
0.9586255573
0.9601997039
0.9549367467
0.9253138284
0.6156641695
0.1369815788
0.09574625176
0.08875815474
0.08845601996
0.09490233799
0.1018706745
0.1058528291
0.1041454545
0.09931219293
0.1010829856
0.1039066593
0.1216838403
0.1050484609
0.174114041
0.2448992879
0.2859565122
0.3082509946
0.4231960802
0.6366520832
0.7915536303
0.8292611271
0.8151316466
0.781868193
0.575928978
0.5274254945
0.1301638647
0.07044205837
0.07105693183
0.07102594064
0.07121754228
0.07149207565
0.07182844595
0.07236048984
0.07359027694
0.07544887212
0.0773481514
0.07689489622
0.07526583595
0.08012174254
0.1029002768
0.243472765
0.9280911852
0.9569053643
0.9608112506
0.9493496519
0.801523632
0.1348959319
0.09381181732
0.08958253718
0.09982062786
0.1554376392
0.3412160735
0.4744572169
0.2559088587
0.207610272
0.1915751527
0.2327314572
0.4630586481
0.7959905331
0.8884388393
0.9191489135
0.923455285
0.909526146
0.8564793943
0.6873151321
0.3144270806
0.2132879347
0.2073801291
0.2483505588
0.2767862791
0.2520488423
0.2899682662
0.3425221684
0.6084559311
0.6507170265
0.4940666204
0.4388636629
0.5277843049
0.8728598107
0.9360216273
0.9504700054
0.9495868833
0.9203797248
0.6699588414
0.2403932234
0.1927603327
0.1971659279
0.2185185692
0.2268902175
0.2467083617
0.2693539084
0.3256380981
0.4139127983
0.4917634751
0.5139326505
0.5517304615
0.5323371732
0.4212906816
0.4194684698
0.4864887748
0.5106282039
0.5025093588
0.5813112613
0.5135471993
0.4305250082
0.4806828613
0.3215541741
0.2176035728
0.1702095333
0.1541685068
0.1988189532
0.5964725496
0.8967894564
0.9436904496
0.9559186408
0.9579883276
0.9526905292
0.9246904567
0.6646566338
0.1427437152
0.09768541293
0.09010129681
0.0882521578
0.09247766274
0.09721302944
0.09888123239
0.09783311914
0.09450946975
0.09437050597
0.09555519431
0.1021947046
0.1207996702
0.1019101343
0.1381280253
0.1793527607
0.1948828696
0.2170266767
0.2969925314
0.5030615551
0.6523471808
0.7511327698
0.8290496937
0.8049546194
0.8310723115
0.6959264333
0.5619682285
0.130140488
0.07039647936
0.07102244518
0.07103855675
0.07129401101
0.07161469821
0.07198334948
0.07287057649
0.07476207656
0.07704646453
0.07736745662
0.07804393987
0.087552175
0.1428148792
0.8584717564
0.9551400082
0.9624419999
0.9556862877
0.9167662205
0.1976269104
0.09774831913
0.08123728288
0.07926311932
0.08402206289
0.09338284646
0.1126044327
0.1510971498
0.2334326799
0.2561874666
0.3995336894
0.7037746549
0.8548736643
0.9094079619
0.9270488584
0.9275285221
0.9138051963
0.861221995
0.6741316323
0.3324353852
0.2707250415
0.2936014578
0.3590477803
0.3630610562
0.3166267387
0.2481853097
0.2299650011
0.3239411439
0.3417950608
0.333426245
0.3999080358
0.5479253013
0.869401215
0.9304508792
0.9493341121
0.9520330988
0.9424977876
0.8898376258
0.3304197112
0.1677467552
0.1633515823
0.1734365276
0.1967158107
0.2045212922
0.2106268829
0.2257215487
0.2464616447
0.3048556127
0.358575147
0.4214324846
0.4401667767
0.4730372075
0.5337835763
0.51160718
0.46208032
0.5633533076
0.6734255592
0.6172667665
0.5903515671
0.6246653611
0.3677553294
0.2470159545
0.2012131772
0.1716422428
0.2228799062
0.6450844644
0.8956603458
0.9422945998
0.9543055546
0.9562663644
0.9508398904
0.9233212402
0.7089616255
0.152839203
0.1021011415
0.09445509313
0.09198465059
0.09518594538
0.09888880646
0.09757453798
0.09490250174
0.09116826147
0.08950714813
0.09155695091
0.1007357352
0.1174106358
0.1059024129
0.1147857195
0.1445652866
0.1437858346
0.1410316896
0.1681302478
0.2670889558
0.4570486125
0.6963290388
0.8130728393
0.8308695439
0.8024577773
0.7893682167
0.7868269763
0.7750502655
0.5831254391
0.1301203712
0.0703473422
0.07101916648
0.07111636487
0.0714709952
0.07184625535
0.07228131433
0.07377995614
0.0762476892
0.07982322455
0.08703455522
0.1162340159
0.3273983245
0.9342953284
0.9592812193
0.961579169
0.9457422264
0.6534776386
0.1168392104
0.08254269103
0.0757437877
0.0759055344
0.07750428522
0.08058189911
0.08745975406
0.1029167834
0.1513373452
0.3785461782
0.8146358965
0.8971205709
0.9251957285
0.9320620398
0.9276216392
0.9045315897
0.8221517028
0.5497736098
0.2743084397
0.2162720538
0.2382594095
0.3790926618
0.6593744771
0.4648453073
0.3382341644
0.2738184886
0.2229707039
0.1921851915
0.2174395595
0.2872770178
0.4566400779
0.8712204528
0.9286016206
0.9498178897
0.957652845
0.9560405319
0.9298181006
0.7866969769
0.2030811498
0.1447285755
0.1549261283
0.1877693039
0.1994462569
0.1972541937
0.2023352172
0.2045909346
0.2215658397
0.2355692592
0.2701662508
0.3202784173
0.397762941
0.4624682428
0.491446343
0.525806685
0.6121043277
0.5588219924
0.5300806844
0.7070246616
0.7676843696
0.4781485011
0.2946280455
0.2155758734
0.1877489547
0.2846081341
0.7410392738
0.9000168271
0.941920964
0.9533301532
0.9554328821
0.9504099337
0.9223091068
0.7357496212
0.1719865198
0.1103205519
0.1023979147
0.09923244836
0.1028023434
0.1076828383
0.1034415005
0.09770831066
0.09170221395
0.08805477234
0.08831722658
0.0938244088
0.1098461833
0.1313542445
0.1239588455
0.1481582522
0.1438260924
0.1249853922
0.1324563775
0.1825482848
0.4445623631
0.8328144552
0.8912138894
0.9137139758
0.9069456518
0.8763983247
0.7965754478
0.6751401267
0.7302356727
0.7720239918
0.6284712055
0.130191485
0.07028718452
0.07100107401
0.07114067213
0.07149306456
0.07187914384
0.07333838243
0.07838040784
0.0912882662
0.1156548271
0.2676659873
0.8945380373
0.9516942981
0.9600877035
0.952491534
0.9084996216
0.154156772
0.08962737298
0.07769761306
0.07554919021
0.07780029078
0.08242073931
0.08721144287
0.1003752854
0.1525592444
0.5059694221
0.8424747584
0.9147223917
0.9363373198
0.9387903421
0.9302047459
0.893972181
0.7381522963
0.3544866338
0.2061033984
0.1891476114
0.1860068695
0.234649863
0.3985984586
0.6037791799
0.7196314153
0.3508656106
0.203207805
0.172376775
0.179165676
0.253111747
0.5414122796
0.9096857067
0.9404915756
0.9547411027
0.9585049561
0.958437491
0.9472444022
0.8861981074
0.2828061472
0.1452345269
0.1295501624
0.1449109475
0.1660051386
0.1840598232
0.179091875
0.1915038768
0.2139070365
0.239159218
0.2481067697
0.2664600914
0.2938449389
0.346151234
0.4288783196
0.5175481576
0.581191966
0.6351536688
0.6783791147
0.7443701658
0.4665051965
0.3492768161
0.3079924705
0.2608907031
0.2518405772
0.5843013527
0.8188735037
0.9112277678
0.9429684693
0.9525879599
0.9551155554
0.9506183549
0.9232217892
0.7375961245
0.1853479476
0.1256062551
0.1202244737
0.1162228492
0.1202893962
0.1271347248
0.1188678826
0.1079582368
0.09676759753
0.0898092075
0.08706628527
0.0894223614
0.09938202599
0.1248440211
0.145872823
0.1756519059
0.1727235041
0.1546260397
0.172926599
0.2724259819
0.8262695506
0.9045807595
0.929535322
0.9379063931
0.9352643521
0.9187103429
0.8636557076
0.7246275275
0.4321626445
0.3096454248
0.6267629462
0.7413526078
0.6388138189
0.1317673
0.07031665455
0.07078877292
0.07123470043
0.07357679523
0.07900083812
0.09033113691
0.1479710714
0.5005351499
0.9032913356
0.9449633865
0.9535945506
0.9471573005
0.9333290233
0.731691625
0.1563939369
0.1056545378
0.0991205233
0.1052257422
0.1195469674
0.1643846993
0.30124943
0.8170197048
0.8708770923
0.9199856524
0.9378806089
0.936476402
0.9297144354
0.9169396197
0.8779521401
0.7350673722
0.2813238454
0.2030772958
0.1578240658
0.1397561272
0.1447773064
0.169267643
0.2201604651
0.2783132308
0.2715783101
0.2395492003
0.2064026867
0.2421952446
0.4723973043
0.8392919951
0.9184170045
0.9493836123
0.9581786376
0.9589884358
0.9563584899
0.9391865216
0.8883913214
0.3387796637
0.162552588
0.1261956395
0.1199571555
0.1317140332
0.1407703507
0.148086686
0.1699967329
0.1984790566
0.2444958914
0.2934720926
0.3050748219
0.3333249079
0.3398517186
0.3843758239
0.4388445715
0.5375684136
0.5979672227
0.5416950756
0.4088572609
0.3520870618
0.3243287683
0.2608106255
0.2592237622
0.6368228335
0.8229551155
0.8925104637
0.9273208654
0.9446861367
0.9516510133
0.9542012454
0.9491489159
0.9232233435
0.7376492187
0.1746475255
0.1211697989
0.1310202551
0.1597597405
0.2029662085
0.2064138406
0.1665015327
0.1344952085
0.1086802094
0.09620238414
0.0904106044
0.09040966694
0.09648771046
0.1095701923
0.1354015748
0.163198251
0.2665820207
0.4268239342
0.626843146
0.8508423312
0.9237935072
0.9462421038
0.9498567704
0.9482063852
0.9303913246
0.890728551
0.8107523914
0.3889869501
0.2598970358
0.2120452282
0.2201163341
0.1951260402
0.4900926151
0.7459066837
0.6203778857
0.1370291342
0.07252246912
0.07680200786
0.08539544219
0.127246311
0.3863116011
0.9126156987
0.9465368896
0.9628215761
0.9649185428
0.9597612623
0.9497792861
0.9320292416
0.9092003141
0.8951788347
0.9324377704
0.9406624785
0.9467576642
0.9537352196
0.9595710505
0.9648175958
0.9690833464
0.9661819035
0.9594264778
0.9505520619
0.9388356531
0.9157909889
0.8679684132
0.7502341032
0.3758388455
0.2347569257
0.1987813792
0.1922190527
0.2091206691
0.2389007108
0.2822912744
0.3158750031
0.4261032327
0.5750741161
0.8047726492
0.8901559993
0.8989030691
0.9247148795
0.9404299907
0.9496537827
0.9529666272
0.953070033
0.9449931441
0.9223170044
0.8766297575
0.3168872733
0.1614271096
0.1340720098
0.1222953556
0.130156462
0.1440759214
0.1548982361
0.1688575322
0.2011065119
0.2582479279
0.3115498443
0.3655705421
0.3167103663
0.3197692539
0.2817071483
0.2470634078
0.2196642451
0.2142659333
0.2313762602
0.26324688
0.3016007194
0.3438332934
0.4638835268
0.678997302
0.801615544
0.8780771796
0.9188620007
0.939081424
0.9464641596
0.9511366821
0.9531429062
0.9470227028
0.9146475071
0.7544572663
0.2163351788
0.1551631897
0.1597453923
0.1845773014
0.2277395886
0.2693300597
0.2981928218
0.2194809829
0.1361585214
0.1112161352
0.1018784874
0.10033574
0.1060447936
0.1302228468
0.1981686825
0.4945271234
0.6970749818
0.8245448797
0.8832112614
0.9109368812
0.9253932955
0.9394990021
0.9421761847
0.9231181999
0.8817345864
0.7341865683
0.2281888751
0.1404483899
0.1339044397
0.1394580003
0.1428586835
0.1421937614
0.1347270375
0.1353910262
0.2557693311
0.7565289606
0.5697668585
0.3520718011
0.1710288655
0.6212737911
0.9453871903
0.9631643719
0.9754543464
0.9774770607
0.9767142196
0.9759327768
0.9740336871
0.9698753304
0.9645429947
0.960547499
0.9638549477
0.969450775
0.9735929953
0.9744707313
0.9738012843
0.9736072961
0.9738140367
0.9737185838
0.9729902571
0.9710996814
0.9665442896
0.9601746753
0.9523283813
0.9444834476
0.9394756903
0.9396204534
0.944227219
0.9477936931
0.9488003749
0.950514609
0.9521059669
0.9536479988
0.9552976753
0.9576264942
0.9594163318
0.9597833967
0.9581766343
0.9575446133
0.9584521178
0.9546168263
0.9452312717
0.9315827066
0.9033928828
0.841490275
0.4433813335
0.1803345515
0.1367646653
0.126983007
0.1255453561
0.1428076635
0.1434592846
0.1398445811
0.1454468777
0.157587048
0.1766279065
0.2058092059
0.2540896891
0.2829319789
0.2812863536
0.2745756271
0.282927477
0.3002133821
0.3406441241
0.4342877409
0.5785317118
0.6872560058
0.7568029332
0.8190147753
0.8636974114
0.8985911403
0.9215148467
0.9351816061
0.9419430654
0.9448251704
0.9451559032
0.9378207701
0.9217568159
0.9036914796
0.6532042482
0.2323082251
0.1841666998
0.2507600975
0.3215680852
0.2219479425
0.1997407423
0.210320157
0.2357470551
0.1765944593
0.1462058766
0.129041431
0.129874989
0.1659087048
0.3162351446
0.7046120779
0.8392269786
0.8931489077
0.9129393301
0.9192377598
0.9250010109
0.9281875816
0.9099299403
0.8695228759
0.8128955572
0.5430498167
0.1792635502
0.1142014865
0.1026140462
0.1005135696
0.1025646265
0.1084440043
0.1162991092
0.1246915998
0.1272862414
0.1239192764
0.1215338345
0.1807385182
0.7321978979
0.601253821
0.9605994037
0.9787473285
0.9845289895
0.9855386389
0.9848469069
0.984894215
0.9847225089
0.9836139364
0.9821793101
0.980310589
0.9782994081
0.976656497
0.9760037594
0.9764197005
0.9780042524
0.9787881181
0.9789486389
0.9783989928
0.9775498781
0.9767130133
0.9756662494
0.9743121702
0.9726597234
0.9707389506
0.9684417246
0.9661437694
0.9647411518
0.9647703838
0.9657971698
0.9673900033
0.9691500523
0.9700886582
0.9704635226
0.970805372
0.9710530943
0.9710630186
0.9709484143
0.9707094386
0.9700975982
0.9690770519
0.9669563448
0.9635901608
0.9582205617
0.9482947364
0.9339846376
0.9141103759
0.8940789837
0.8872821443
0.8867571084
0.8800082505
0.8660397197
0.8515936538
0.8609483031
0.875452934
0.8876693902
0.8985895167
0.9071780701
0.9136722266
0.9185275684
0.9210543791
0.9218528553
0.9237199323
0.9264763573
0.9304003272
0.9338594181
0.9372184663
0.9390809937
0.9385413642
0.9369524096
0.9354204657
0.933922644
0.9328863459
0.9341184188
0.9372548468
0.9399219312
0.941343602
0.9357670193
0.908538752
0.8449719029
0.8802008738
0.332696269
0.2443030193
0.1942008616
0.1850621316
0.2556500089
0.3600480809
0.2426640477
0.1686329014
0.142773293
0.1422906573
0.1765380228
0.3032546453
0.6461532276
0.8282748773
0.8967665377
0.9260960389
0.9361735835
0.9379920063
0.9377875293
0.9144087441
0.8580949321
0.7705722149
0.5410143454
0.2194594212
0.1381679185
0.1028014194
0.09310781764
0.08743288182
0.08559082164
0.08774018601
0.09278984432
0.1014822974
0.1128289153
0.1187307922
0.1220890404
0.1238413791
0.1232746736
0.1225650279
0.1528120832
0.5954617129
0.6697662649
0.9795677438
0.9888402432
0.9904826028
0.9907760811
0.9900942058
0.9892671147
0.98830232
0.9873155993
0.9861861155
0.9848714538
0.9836118935
0.9826180981
0.981975658
0.9816427796
0.981379698
0.9811291559
0.9807990995
0.980365058
0.9797044025
0.978844612
0.9778440256
0.9767524714
0.9756992411
0.9748098803
0.9740220517
0.9733373312
0.973000286
0.9731369718
0.9735642168
0.9740486243
0.9745125957
0.9748922016
0.9750433157
0.975019964
0.9748929994
0.9746211901
0.9742080171
0.9736549529
0.972977074
0.9720783322
0.9706763611
0.9683873499
0.9651590958
0.9614951949
0.9580413509
0.9559489182
0.9558899006
0.9571440512
0.9592917383
0.9607786258
0.9610849357
0.9606420291
0.960566548
0.9607920254
0.960927616
0.9609487465
0.9608730609
0.9606868233
0.9603153324
0.9598875185
0.9596025616
0.9595388415
0.9595374036
0.9594000765
0.95894282
0.9580747171
0.9564780549
0.953880736
0.9498873809
0.944068983
0.9353338576
0.9213315646
0.9001441497
0.8685456831
0.8154019228
0.7001737375
0.3018111067
0.1721544073
0.132285353
0.1269394783
0.1400694182
0.1674494505
0.2034307397
0.1942028653
0.1892845883
0.2160353534
0.2838027061
0.4839032349
0.7532845394
0.8539570481
0.9053310275
0.9276912424
0.9369756222
0.9366033419
0.9320263982
0.9151270403
0.8777536293
0.7807519264
0.5055162002
0.196251446
0.1451698259
0.1077528718
0.09451415711
0.08770911033
0.08225134261
0.07913846238
0.07833149171
0.07940805615
0.08221719779
0.08672037056
0.09191380028
0.0993748068
0.10971397
0.1200535894
0.1296840841
0.1373954109
0.1447670287
0.146147355
0.1546442742
0.3942054231
0.7315922968
0.9880200246
0.9927733675
0.9932603681
0.9930540667
0.9925163512
0.9917677896
0.9908472934
0.9898908183
0.988910114
0.9878742757
0.9868735253
0.9859967175
0.9852607674
0.9846203016
0.9839930991
0.9833558321
0.9827564364
0.9821569428
0.9814858877
0.9807124842
0.9798774148
0.9790698079
0.9784013052
0.9779506757
0.9776854969
0.9775496446
0.9775677179
0.977745293
0.9779980442
0.9782247527
0.9783728655
0.9784288522
0.9783760909
0.9782106412
0.9779427753
0.9775789489
0.9771287978
0.9766033428
0.9760200803
0.97535
0.974484596
0.9733308236
0.9719934568
0.9707880268
0.9700207418
0.9698746251
0.9703432293
0.9710792505
0.971818942
0.9724751935
0.9727248086
0.9724534911
0.9720145388
0.9715788565
0.9711035355
0.9705478239
0.9699111496
0.9692201984
0.9684831071
0.9677266207
0.9670278354
0.9663856274
0.9656543847
0.9647390157
0.9635339205
0.9619714266
0.9598972253
0.9571996835
0.9535895137
0.9484469855
0.9406612835
0.9285104658
0.9097526797
0.8828692998
0.847703587
0.796685441
0.7241934912
0.6461205845
0.5857825785
0.6645832618
0.6553699451
0.5451674052
0.6665098365
0.7796441297
0.8508858948
0.8992336987
0.9257599346
0.9364479984
0.9377441074
0.9383899712
0.9427616275
0.930019696
0.8842397366
0.802892815
0.6081494012
0.2950910522
0.1854001693
0.1312066686
0.1078874972
0.09801533381
0.08965285504
0.08590443772
0.08308069933
0.08074071397
0.07929823773
0.07861777086
0.07817593754
0.07837441051
0.07953489195
0.08185848213
0.08547325434
0.09116657401
0.1001726192
0.1143228204
0.1383764763
0.182316651
0.2805048308
0.4259553068
0.4107328233
0.3938701915
0.7796716973
0.9935768237
0.9952880178
0.9950851556
0.9946553627
0.9940625437
0.9933495119
0.9925183903
0.9916312931
0.9907239536
0.9898076998
0.9889192503
0.9880906305
0.9873201876
0.9865762497
0.9858202257
0.9850525225
0.984302984
0.9835710195
0.9828224622
0.9820487968
0.9812890823
0.9806296391
0.9801690425
0.9799585259
0.9799675957
0.9801322688
0.9804019851
0.9807163719
0.9809965858
0.9811782621
0.9812347457
0.9811685187
0.9809927843
0.9807236892
0.9803735653
0.9799562569
0.9794928712
0.9790047576
0.978508896
0.9779948381
0.9774261638
0.9767995787
0.97621737
0.9758536448
0.9758267103
0.9761568139
0.9767379051
0.977375665
0.9779109967
0.97824227
0.9782675389
0.9779470449
0.9773967399
0.9767458707
0.976030885
0.9752529533
0.9744135594
0.9735242114
0.9726035064
0.9716719985
0.9707289413
0.9697280069
0.9685964654
0.967272061
0.9657279292
0.9639637237
0.9620051432
0.9599211041
0.957725355
0.9553128574
0.9525885507
0.9497122498
0.9472812616
0.9462021297
0.9470439319
0.949428588
0.9524209367
0.9555982626
0.9568598772
0.9546691291
0.9512909253
0.9498042344
0.9468296819
0.9389078537
0.9287573887
0.9175517434
0.9040767138
0.8786652536
0.8235211149
0.7014661383
0.4241312121
0.09497144939
0.1174878935
0.1153165719
0.09963262279
0.1102891037
0.0834664226
0.08743124028
0.1310195108
0.1343113833
0.1286424799
0.127090547
0.1233942221
0.1152763945
0.1092463618
0.1056568304
0.10338714
0.1021230158
0.1021699099
0.1035630486
0.1064867151
0.1112520125
0.1189461933
0.1312763066
0.1520723518
0.1860345241
0.2464424827
0.3693202431
0.4610448474
0.2468229745
0.6986973655
0.9882445006
0.9939995969
0.9922636534
0.9910428647
0.9898069897
0.9884511256
0.9869077522
0.9852310526
0.983488422
0.9817276534
0.9800182832
0.9784040905
0.9768655078
0.9753322153
0.9737322823
0.972071488
0.9704205354
0.968805557
0.9671886645
0.9655534083
0.9639776719
0.9626481878
0.9617890851
0.9615273087
0.9618094001
0.9624790914
0.9633722259
0.9643019659
0.9650730906
0.96554944
0.9656863545
0.9655094893
0.965069959
0.9644205397
0.963601721
0.962652185
0.961627835
0.9605915488
0.9595962817
0.9586381483
0.9576561328
0.956648587
0.9558149158
0.9554960573
0.9559105448
0.9570233476
0.9585616528
0.960119175
0.9613675091
0.9620910625
0.9621338904
0.9614724591
0.9602984397
0.9588393967
0.9572037022
0.9554230681
0.9535106174
0.9514921982
0.949413218
0.9473295473
0.9452391835
0.9430045449
0.9404105039
0.9373013638
0.9336311795
0.9294826951
0.9250602025
0.9207418447
0.9168741056
0.9136060996
0.9110604576
0.909718335
0.9104138254
0.9137772057
0.9195259861
0.926319434
0.9327609146
0.9380585927
0.9413995743
0.941685584
0.9368708849
0.9271500982
0.9115837807
0.882064285
0.8297674884
0.7354342067
0.5535995408
0.3020734253
0.184414838
0.1696069948
0.1699540894
0.1781024663
0.1702665401
0.1628793153
0.1733171175
0.2040858839
0.2745331896
0.4177149663
0.3981606802
0.4157339726
0.4480499373
0.458093798
0.478547117
0.5054281308
0.5292447595
0.5465677333
0.5600025141
0.5732384419
0.581891913
0.5864923684
0.5877248059
0.5878350599
0.5865349541
0.5857434229
0.5860299329
0.5866326877
0.5875161725
0.5879248605
0.6146171467
0.4881326401
0.4273250638
