0.9996639025
0.9997455458
0.9996354956
0.9995781726
0.9995355765
0.9994968805
0.99945774
0.9994161862
0.9993710653
0.999321581
0.9992678093
0.9992111925
0.9991540187
0.999098102
0.9990439928
0.9989911928
0.9989384697
0.9988841262
0.998826846
0.9987667332
0.9987058655
0.9986483749
0.9985999292
0.9985662749
0.9985504579
0.9985508762
0.9985626528
0.9985806309
0.9986009135
0.9986207766
0.9986398937
0.9986602693
0.9986847166
0.9987156365
0.9987531176
0.9987934522
0.9988280004
0.9988452126
0.9988365231
0.9988001535
0.998740267
0.9986632717
0.998574074
0.9984741412
0.9983684739
0.9982667024
0.9981780917
0.9981091722
0.9980696024
0.9980770714
0.9981482919
0.9982723157
0.9984113364
0.9985290613
0.9986021695
0.9986244234
0.9986021161
0.9985473262
0.9984711083
0.9983802269
0.9982775948
0.9981636785
0.998037509
0.9978971854
0.9977400087
0.9975624022
0.9973599212
0.9971284593
0.9968704258
0.9966116399
0.9964186595
0.9963824969
0.9965252524
0.9967674701
0.9970227964
0.9972480279
0.9974187886
0.9975132537
0.9975326028
0.9975268252
0.997509076
0.9972117864
0.9964521013
0.9954070945
0.9931936832
0.9888333632
0.01802108005
0.01012245932
0.008045227123
0.008043011965
0.008042983194
0.008043107735
0.008043214513
0.008043331513
0.008043474927
0.008043657055
0.008043836656
0.008044044957
0.008044270094
0.008044478991
0.008044698383
0.008044959031
0.008045259101
0.008045575051
0.008045885335
0.008046179475
0.008046468525
0.008046777418
0.00804713984
0.008047605157
0.008048299022
0.008049355533
0.008050895875
0.008053085673
0.008056304126
0.008061558199
0.008071782308
0.008094588513
0.008056646042
0.01266551238
0.7033086109
0.9995914211
0.9998419616
0.9998100496
0.9997807076
0.9997559716
0.9997331469
0.9997107481
0.9996878919
0.9996639112
0.9996382109
0.9996105937
0.9995815932
0.99955226
0.9995235104
0.9994957197
0.9994688297
0.999442441
0.9994158167
0.999388232
0.9993594853
0.9993301732
0.9993017951
0.9992766639
0.9992574072
0.9992457517
0.9992414807
0.9992428962
0.9992480352
0.9992551859
0.9992627348
0.9992699903
0.9992774525
0.9992861924
0.9992975488
0.9993121896
0.9993289871
0.9993439538
0.9993510231
0.9993454769
0.9993263237
0.9992961861
0.9992597134
0.9992205427
0.9991792553
0.9991372616
0.9990983274
0.9990649958
0.9990369713
0.9990138436
0.9990015863
0.999012145
0.9990486634
0.9990992657
0.9991475807
0.9991797077
0.9991897795
0.9991797498
0.9991552623
0.9991217318
0.9990823519
0.999038613
0.9989910251
0.9989395775
0.9988839798
0.9988237442
0.9987581262
0.9986858861
0.9986048697
0.9985120827
0.9984078061
0.9983084391
0.9982505343
0.9982548962
0.9983008093
0.9983595478
0.9984159393
0.998454459
0.99845045
0.9983819434
0.9982581848
0.9982106143
0.9983515843
0.9981839524
0.9976106312
0.9972884105
0.99688201
0.9967773494
0.996016735
0.01051816555
0.005288623048
0.004344794608
0.00403767132
0.004037546232
0.00403759974
0.004037651409
0.004037699371
0.004037740865
0.004037790625
0.004037850328
0.004037895619
0.004037942003
0.00403800091
0.004038064838
0.004038128257
0.004038192005
0.004038259409
0.004038339549
0.00403844509
0.004038586596
0.004038778043
0.004039067752
0.004039494242
0.004040072993
0.004040817697
0.004041745559
0.004042816821
0.004043789482
0.004043999271
0.004044532233
0.005720016349
0.424918163
0.999342256
0.9997251534
0.9997551014
0.99974204
0.9997191616
0.9996939818
0.9996683946
0.9996427445
0.9996165735
0.9995888641
0.999559052
0.999527832
0.9994966963
0.9994667627
0.9994383553
0.9994115116
0.9993859719
0.9993607956
0.9993348259
0.9993074138
0.9992786531
0.9992496125
0.9992225318
0.9992004465
0.9991853913
0.9991769813
0.9991736921
0.9991744075
0.9991779444
0.9991818863
0.9991848276
0.9991869787
0.9991891445
0.9991936261
0.999203111
0.9992180814
0.9992330192
0.9992375272
0.999224292
0.9991931403
0.9991499303
0.999105456
0.9990713136
0.9990452626
0.9990237177
0.9990083114
0.9989980735
0.9989868347
0.9989654996
0.998930532
0.9989026169
0.9989005645
0.9989209045
0.9989511856
0.9989683752
0.998961364
0.9989364854
0.9989058409
0.998876811
0.9988500198
0.9988242027
0.998798422
0.9987722301
0.9987454618
0.9987180115
0.9986895476
0.9986589854
0.9986234134
0.9985760707
0.9985042479
0.9983988744
0.9982965763
0.9982341528
0.9981917889
0.9981442896
0.9980957483
0.9980376119
0.9979134542
0.9976324755
0.9970348401
0.9958976676
0.9963806493
0.9973734523
0.9968845933
0.996665531
0.997102405
0.9976767925
0.9983259145
0.9982835209
0.9977119084
0.9946950456
0.009552991471
0.005249946687
0.004344486886
0.004037593165
0.004037478312
0.004037539248
0.004037599262
0.004037652804
0.004037681893
0.004037693126
0.004037721982
0.004037754762
0.004037781235
0.004037802925
0.004037823704
0.004037859638
0.004037934942
0.004038066837
0.004038249983
0.004038552843
0.004039002141
0.004039565722
0.004040204263
0.004040890644
0.004041558977
0.004041989639
0.004041205971
0.00403919978
0.005364450606
0.994370253
0.9990326397
0.9995931014
0.9996524647
0.9996688993
0.9996563649
0.999632792
0.9996062525
0.9995797202
0.9995532646
0.9995247489
0.9994926161
0.9994580697
0.999423951
0.9993920767
0.9993627509
0.9993363381
0.9993129489
0.9992910495
0.9992683937
0.9992434111
0.9992151775
0.9991839796
0.9991523758
0.9991250035
0.9991048876
0.9990907342
0.9990808302
0.9990765361
0.9990781892
0.9990807778
0.9990807564
0.9990776621
0.999071206
0.9990648353
0.9990665772
0.9990833309
0.999106957
0.9991154085
0.9990933225
0.9990391305
0.9989609596
0.9988774123
0.9988265781
0.9988358929
0.9988626126
0.9988911471
0.9989180733
0.9989352047
0.9989308454
0.9988855124
0.9987854536
0.9986945654
0.9986420074
0.9986351202
0.9986510627
0.9986268279
0.9985719729
0.9985246324
0.9985048398
0.9985062192
0.9985181805
0.9985344927
0.9985523283
0.9985705816
0.9985888021
0.9986065556
0.998622861
0.9986353262
0.998638316
0.9986179821
0.9985407838
0.9983725573
0.9982112177
0.9980683563
0.9978936096
0.9977170768
0.9975835933
0.9974314126
0.9971439393
0.9965855892
0.9951458796
0.9926188877
0.01173089956
0.009522708728
0.988967363
0.990851167
0.9950944509
0.9980404381
0.9984217538
0.9984855954
0.9984791794
0.9983245643
0.9977518575
0.9948440262
0.00970144133
0.005267449626
0.004345617817
0.004037660783
0.004037574114
0.0040376601
0.004037729307
0.004037720703
0.00403770596
0.004037699698
0.004037700147
0.004037695966
0.004037702818
0.004037759808
0.004037907428
0.004038140738
0.004038507434
0.004038970184
0.004039446431
0.004039874356
0.004040211431
0.004040392522
0.004040441465
0.004039595462
0.00403884993
0.007818011894
0.9947277666
0.9986259552
0.9994189891
0.9995160796
0.999556251
0.9995564053
0.9995360381
0.9995099609
0.99948557
0.9994638009
0.9994388068
0.9994058985
0.9993673973
0.9993291687
0.9992940302
0.9992617205
0.9992342652
0.9992139616
0.9991983399
0.9991828822
0.9991646346
0.9991408409
0.9991089824
0.9990711315
0.9990354722
0.9990073238
0.9989821488
0.9989561035
0.9989379264
0.9989392667
0.9989481028
0.998952629
0.9989500725
0.9989369546
0.9989157178
0.9988990124
0.9989152274
0.9989585667
0.9989806711
0.9989490516
0.9988580096
0.9987114722
0.9985177384
0.9983305591
0.9983407726
0.9986578563
0.9987768955
0.9988577505
0.998908707
0.9989373701
0.9989384157
0.9988527636
0.9984587277
0.9981539368
0.9979259472
0.9978655695
0.9980033382
0.9978923399
0.9978220279
0.997851317
0.9979392751
0.9980448801
0.998150611
0.9982504691
0.9983429852
0.9984282363
0.9985067023
0.9985788496
0.9986449337
0.9987046973
0.9987560895
0.9987851324
0.9987136799
0.9982545854
0.9979464654
0.9976408241
0.9972713804
0.9970780073
0.9970883573
0.9971256477
0.9970868567
0.9968381064
0.996276849
0.9952940591
0.9864010106
0.9538881681
0.006127716245
0.004850233907
0.006242620993
0.01469439171
0.9961973018
0.9981460293
0.9985126079
0.9985329982
0.9985008122
0.9983378846
0.9977722802
0.9948884582
0.009628823803
0.005283325414
0.004404192555
0.004038208391
0.004037840713
0.004037682947
0.004037610301
0.00403758068
0.00403753877
0.004037505057
0.004037537403
0.004037703517
0.004038069702
0.004038736146
0.004039112475
0.004039413928
0.004039596651
0.004039679811
0.004039578002
0.004039538322
0.004038814414
0.004168220436
0.01710422161
0.9975904369
0.9982884071
0.9991686447
0.9993245591
0.9993949111
0.9994017702
0.9993779594
0.9993484698
0.9993300602
0.9993262464
0.9993195033
0.9992930613
0.9992514628
0.9992084518
0.9991680943
0.9991262693
0.99908854
0.9990689298
0.9990650391
0.9990655461
0.9990645069
0.9990570044
0.9990350749
0.9989925124
0.9989434063
0.9989020395
0.9988568394
0.9987924378
0.9987251071
0.9987076347
0.9987523759
0.9987920512
0.9988096832
0.9988011254
0.9987715697
0.9987269382
0.9987045988
0.9987668146
0.9988180957
0.998779876
0.998640357
0.9984018615
0.9980121279
0.9973491529
0.9964611121
0.9973770029
0.9981811992
0.9984155631
0.9984442868
0.9985063781
0.9986056948
0.9987726558
0.9983341717
0.9972515611
0.9959445454
0.9942436029
0.9939324995
0.9943546503
0.9934442173
0.9939978984
0.9948199424
0.9955338522
0.9961132489
0.9965813671
0.9969632735
0.9972789356
0.997543559
0.997769176
0.9979665076
0.9981472621
0.998327578
0.9985342952
0.998793062
0.9984043663
0.9975496027
0.997237179
0.9970197647
0.9963212942
0.9965692438
0.9969991591
0.9973591083
0.997455139
0.9970021809
0.9965034066
0.9954560466
0.9816177888
0.005861297629
0.004037968506
0.004038199106
0.004038690631
0.004457279941
0.005755644255
0.0144131166
0.9963039787
0.9981630202
0.9985136195
0.9985332687
0.9985040119
0.9983265291
0.9976487273
0.9949478379
0.01390141026
0.006980494991
0.005540734117
0.005427113205
0.00548073923
0.005263603424
0.004868050187
0.004561799864
0.004359724439
0.004211643263
0.004132151118
0.00403887697
0.004038940047
0.004038982244
0.004039031442
0.004039009293
0.004039662425
0.004038380432
0.004381674052
0.4985722027
0.9977958248
0.9972054147
0.9986883254
0.9989100182
0.9991503664
0.999161388
0.9991135583
0.9990448601
0.9990248199
0.999077752
0.9991379671
0.9991550729
0.9991161584
0.9990659913
0.999018024
0.9989529127
0.998873333
0.9988231086
0.9988429383
0.998886299
0.9989282086
0.9989619042
0.9989781074
0.9989580276
0.9988825866
0.9988081246
0.9987326733
0.9986004565
0.99839798
0.9982254541
0.9982970265
0.9986192047
0.9986874033
0.998695905
0.9986792956
0.9986521268
0.9985860254
0.9984326195
0.9985537846
0.9985337327
0.9983382107
0.9980569204
0.9976842688
0.9968629328
0.9946250888
0.9906661248
0.01168699751
0.008919700849
0.007456567897
0.00713502164
0.007447927979
0.009454771459
0.01314605366
0.9876169293
0.9818304546
0.9893741384
0.9794939851
0.006288518448
0.004748178362
0.004741996949
0.00483420309
0.004934282562
0.00504368103
0.005164866013
0.005299363732
0.005448525682
0.005614125468
0.005799384856
0.006011842383
0.006272113325
0.006643103854
0.007357177519
0.01028925313
0.01671195747
0.9903653187
0.9925126216
0.9953722096
0.9955558779
0.9953006582
0.9961983956
0.9969188684
0.9976689828
0.9974163826
0.9970143145
0.9967902801
0.9961693995
0.9956164256
0.00757902089
0.004486690741
0.004038398522
0.004038903333
0.004038705248
0.004038706768
0.004458909494
0.005769373474
0.0143766097
0.9962661116
0.9981461598
0.9985045062
0.9984489713
0.9979673417
0.9979948509
0.9977398119
0.9948110701
0.9942278515
0.9945419371
0.9943939239
0.9922987204
0.9875417783
0.9786201027
0.9562049909
0.9310993417
0.00643711644
0.005725201861
0.005080072275
0.004697326824
0.004452080481
0.004437247585
0.004674113304
0.004746986267
0.8678070012
0.9966670011
0.0113590268
0.009294907836
0.9944258924
0.9980025064
0.9986659157
0.998706646
0.998487865
0.998173413
0.9984624118
0.9987872003
0.9989829042
0.9990661456
0.9989276623
0.998865009
0.9987639002
0.998578953
0.9983564073
0.9982864103
0.9985773107
0.9987337908
0.9988521139
0.9989433797
0.9990096834
0.999001234
0.9987487464
0.9986129787
0.9984411562
0.9980307758
0.9972786829
0.996436484
0.9974042253
0.9980798671
0.9981124095
0.9980174664
0.9980795667
0.9982262411
0.9976736703
0.9976371391
0.9979276293
0.9976176512
0.9974213097
0.9976551132
0.9979235594
0.9973334705
0.9967800051
0.9963179721
0.9949369687
0.006784223234
0.004613304832
0.004038064355
0.004037988491
0.004038362304
0.004308329961
0.005870359361
0.9909637159
0.9923036624
0.9952776843
0.00686520554
0.004245027921
0.004037278499
0.004037304472
0.004037333933
0.004037383762
0.004037424196
0.004037464109
0.004037505675
0.004037542859
0.004037577598
0.004037614056
0.004037659458
0.004037736298
0.004037911783
0.004038522991
0.004321934281
0.004647500177
0.006400039761
0.01353647447
0.9927759709
0.9934351536
0.994941646
0.996360904
0.9970356488
0.9970628287
0.9968343979
0.9966534636
0.9971225088
0.9973046495
0.9946401193
0.006006448683
0.004274787943
0.004038788419
0.004039033669
0.004038661136
0.004038335999
0.004038397912
0.004453595161
0.005730487987
0.01407294216
0.9963815344
0.9967793874
0.9968842381
0.996739709
0.9916653058
0.9663941821
0.9799776231
0.9880065164
0.9859297409
0.9907467053
0.9942297533
0.9963041002
0.9976291731
0.9970613534
0.9963210716
0.9942093335
0.9903038736
0.97504746
0.9896652414
0.0117029375
0.9060727252
0.9428530909
0.9952837108
0.008041856018
0.004037646665
0.004213089408
0.004901685275
0.009207075889
0.9965304021
0.9977317908
0.9965850207
0.9938883191
0.9968773288
0.9981164483
0.9988397487
0.9988156702
0.9986158596
0.9986529779
0.9983236379
0.9977248955
0.9965270265
0.9967221849
0.9976921491
0.998176126
0.9984248196
0.99868324
0.9989649191
0.9987397087
0.9982974428
0.9982696931
0.9981876187
0.9971990774
0.994746072
0.9899687905
0.01131544467
0.008663889402
0.006417711012
0.006346647301
0.007025113975
0.01284565528
0.992613002
0.9950007643
0.9933965762
0.9911053706
0.9957407607
0.9981826448
0.998353861
0.998131073
0.9978826687
0.9980263771
0.9978767391
0.9969833705
0.01110031765
0.00522032988
0.004337305708
0.004038156674
0.005985978658
0.9969097598
0.01405908067
0.9929999004
0.9968492645
0.9863222136
0.004744684497
0.004037336471
0.004037311814
0.004037381712
0.0040374311
0.004037477607
0.004037528507
0.004037568077
0.00403759666
0.004037617575
0.004037633552
0.004037653639
0.004037685206
0.004037728931
0.00403774616
0.00403836154
0.005876877197
0.9919492261
0.9946570036
0.9934663598
0.991093595
0.9878017628
0.008892708134
0.9944440447
0.9963560406
0.9969302747
0.9969943558
0.9973626589
0.9975648378
0.9967591273
0.9900488938
0.00533927162
0.004038931998
0.004038654167
0.004038573565
0.00403843012
0.00403818416
0.004037919092
0.004038060434
0.004516633525
0.005664068905
0.9799809313
0.993706477
0.9945190429
0.9858222934
0.006446635041
0.005496589579
0.004631690634
0.004705692845
0.005128308278
0.005889976455
0.007908453325
0.0099863539
0.982558263
0.9750993383
0.9879796535
0.9932293325
0.9932043873
0.9947433853
0.9904354541
0.9804359644
0.9936164733
0.008041319265
0.004037226768
0.004037260141
0.004037233352
0.004037395499
0.004506054379
0.008124321852
0.9969749656
0.9948672575
0.006310930233
0.005540041162
0.008237216135
0.02664074205
0.9959693075
0.9977675736
0.9981751956
0.9978520583
0.9967735404
0.9944650828
0.009725748218
0.006699784776
0.006771812324
0.007551673054
0.01160630215
0.02972907497
0.9941391001
0.995769492
0.998044477
0.9981174317
0.9975799741
0.9965291787
0.995286362
0.9945723854
0.00992284039
0.00616484863
0.004833266659
0.007464756651
0.9952928589
0.985920769
0.006239084164
0.004681808772
0.004932886241
0.007015939926
0.025569004
0.9971996255
0.9975988229
0.9979136742
0.9984204456
0.9984738604
0.9983102251
0.9973680371
0.9919684962
0.009177813917
0.009425362656
0.9962129664
0.009229181668
0.004440847639
0.00760192879
0.9951626784
0.9944775703
0.006868610594
0.004254100735
0.004037339246
0.004037398933
0.004037448237
0.004037509246
0.004037550792
0.004037577692
0.004037595475
0.004037608177
0.004037633295
0.004037674373
0.004037691402
0.004037605624
0.004497573534
0.01112370487
0.9968643993
0.9955452239
0.9931715134
0.9843813284
0.005745062139
0.004486883279
0.004560700731
0.006354766541
0.9929371146
0.996359966
0.9973770978
0.9975817248
0.9977297847
0.9977313943
0.9978242549
0.01929676254
0.004969669933
0.004038273998
0.004038325483
0.004038173929
0.004037978407
0.004037866532
0.004037731841
0.004037589995
0.004285523952
0.005585330791
0.9936187613
0.9973218439
0.9960739058
0.9810554175
0.004911296321
0.004039765912
0.00404008283
0.004039596049
0.004038939954
0.004038587298
0.004229230909
0.004332592774
0.004597802424
0.005149382782
0.00771325861
0.01182913598
0.9937634966
0.9910948761
0.9883129333
0.008041235407
0.004037136173
0.004037200282
0.004037228708
0.004037270752
0.004037349272
0.004037570554
0.006169080161
0.996894281
0.9964761855
0.005503793975
0.004037876596
0.004038976595
0.004404432891
0.005292067649
0.01033037864
0.9964674647
0.9975161049
0.9979117367
0.997227982
0.9892679255
0.004973401274
0.004038009245
0.004038111673
0.004039595203
0.004339863302
0.004651002656
0.00626705675
0.0150360421
0.9966135834
0.9969423459
0.9967979703
0.9965126917
0.9967606768
0.9966750082
0.9867963155
0.9888049527
0.9962613195
0.9771879686
0.004755051427
0.004037648489
0.004037597139
0.004037727795
0.00403905217
0.004728981529
0.006745492992
0.9917158366
0.9976479693
0.998422072
0.9984802427
0.9982602578
0.997540429
0.9977048902
0.9975385262
0.9946231786
0.006153062402
0.004039652358
0.004038897414
0.004924791838
0.9898947611
0.9968933963
0.9873097591
0.004786276195
0.004037408947
0.004037415959
0.00403749357
0.004037536265
0.004037564621
0.004037581701
0.004037583726
0.004037587713
0.004037589996
0.004037624298
0.004144505313
0.005392338789
0.9948434936
0.9977521428
0.9967551895
0.9914354857
0.005943408728
0.00445919093
0.004037531767
0.004037509919
0.004037390481
0.004423040435
0.006039803464
0.9934595647
0.9968924831
0.9977079845
0.9979247188
0.9983980517
0.9986204233
0.9979584438
0.01057206383
0.00474805037
0.004037935586
0.004037924211
0.004037827446
0.004037741537
0.004037693277
0.004037718303
0.004037696683
0.004566740977
0.009733471859
0.9967721413
0.9953730765
0.995186724
0.008948622585
0.004726881436
0.004039280015
0.004039341232
0.00403884812
0.004038482781
0.004038069524
0.004038003922
0.004262706781
0.006263452259
0.9937839965
0.9949341329
0.9924559206
0.967966207
0.008041210977
0.004037106337
0.00403716075
0.004037195643
0.004037235123
0.004037285461
0.004037360339
0.004037451772
0.005438502291
0.9961784988
0.997072116
0.006474804034
0.004038029318
0.004037692131
0.004037498555
0.004037648945
0.004630066912
0.007634399255
0.9970515919
0.9982785029
0.9979988945
0.9973853091
0.01212709065
0.004690843689
0.004037546183
0.004037642816
0.004037593633
0.004037659388
0.004038181075
0.004672673119
0.006490181562
0.9887321995
0.9926046937
0.9934529857
0.9960658682
0.9965042136
0.9959668069
0.9969780563
0.009640825024
0.004331334777
0.004037731755
0.004037715882
0.004037664828
0.004037640509
0.004037559372
0.004037452539
0.004282603787
0.005319391569
0.01326155823
0.9974268374
0.9980452938
0.997728327
0.9978212259
0.9982164823
0.9972683357
0.9885635776
0.00493699162
0.004039378878
0.004039511924
0.004300611747
0.007406946047
0.9950115075
0.9946708317
0.007041618492
0.004269104945
0.004037447838
0.004037519501
0.004037559051
0.004037585758
0.004037580783
0.004037561239
0.00403749256
0.004037799468
0.005149816662
0.9745654731
0.9969381403
0.9980093123
0.9962821384
0.006388373762
0.004435277843
0.004037482338
0.004037535026
0.004037499954
0.004037436813
0.004037365415
0.004037322674
0.0044119708
0.006163429013
0.9935382661
0.9968272529
0.9978711097
0.9983412192
0.9986087051
0.998402183
0.9974325075
0.008414169027
0.004593356455
0.004037693771
0.004037722465
0.004037696173
0.00403773369
0.004037790948
0.00403795056
0.004038040106
0.005163475697
0.9421196773
0.9952234414
0.9973806982
0.9963734754
0.007440695028
0.004558124503
0.004038374693
0.004038336973
0.004037940508
0.004037944421
0.00515722047
0.8445034183
0.9912781996
0.9925224138
0.9830794185
0.01527612221
0.008041201714
0.004037092714
0.004037135994
0.004037166998
0.004037201473
0.00403723897
0.004037281754
0.004037320079
0.004037320468
0.004919159411
0.9949952274
0.9977627356
0.008828726282
0.004038349775
0.00403755682
0.004037426136
0.00403741858
0.004037438904
0.004780385303
0.01327072236
0.9974889344
0.9980012602
0.9982766854
0.9968042364
0.006315340843
0.00424222792
0.004037677527
0.004037722532
0.004037748843
0.0040377395
0.004037659686
0.004332839841
0.005243079385
0.9707530253
0.9946365786
0.9975997323
0.9977688291
0.996086899
0.007105878841
0.004038167745
0.004037822772
0.004037785723
0.004037700291
0.004037645102
0.004037609807
0.00403756293
0.004037512499
0.004037517726
0.004037928544
0.00477502334
0.008964544383
0.9963588006
0.9973424978
0.9980816385
0.9978793182
0.9969552177
0.9955765784
0.005505524276
0.004039168352
0.004039435159
0.004038479157
0.004872931145
0.9890941006
0.9968908589
0.9883124799
0.004830871485
0.004037506465
0.00403756018
0.004037622169
0.004037617543
0.004037593542
0.004037452654
0.004567797922
0.0115437171
0.9972488797
0.9971979442
0.9974511196
0.01421683414
0.004734107997
0.004037489992
0.004037511373
0.004037519044
0.004037494501
0.004037448711
0.004037400533
0.004037359513
0.004037332016
0.004037312153
0.004382233267
0.005851665426
0.9928534775
0.9972426142
0.9981902672
0.9984174106
0.9985069899
0.9981545616
0.9967045268
0.007100214155
0.004462864648
0.004037595132
0.004037702227
0.004037767068
0.004037909255
0.004038044524
0.004038051179
0.004177583955
0.005028209652
0.9817436534
0.9964498966
0.9971006343
0.9950419287
0.006471717586
0.004531060639
0.004037869506
0.004528896425
0.008228394022
0.9949132503
0.9898510676
0.9865008707
0.008463638649
0.8836997074
0.008041197861
0.004037086153
0.00403712144
0.00403714818
0.004037176601
0.004037203857
0.004037226961
0.004037237731
0.004037224982
0.004037192582
0.004583545337
0.9936563259
0.9981083173
0.01167961068
0.004322814329
0.004037325569
0.00403731213
0.004037337582
0.00403739701
0.004037701461
0.005078106849
0.9875776398
0.9973924928
0.9982432608
0.9974009415
0.9878153137
0.005092931718
0.004037959011
0.004037822684
0.004037859851
0.004037793191
0.004037750412
0.004376855622
0.007132967574
0.9925414501
0.9969269872
0.9976826077
0.996753013
0.9914113621
0.004956817492
0.004037662833
0.004037726206
0.004037661285
0.00403761447
0.004037600773
0.004037579918
0.00403754173
0.004037518045
0.004037565981
0.004037705745
0.004277560804
0.00690216321
0.9942572555
0.9965991848
0.9971560213
0.9968343079
0.9972721985
0.9970916369
0.006162522999
0.004038837881
0.0040389755
0.004038474723
0.004283434079
0.007204918229
0.9948319612
0.9948527235
0.007220083608
0.004286491127
0.004037641055
0.004037656404
0.004037638156
0.00417458002
0.005656980435
0.995723402
0.9980011118
0.9970822591
0.9824347885
0.005323615955
0.004038002101
0.004037503946
0.004037486082
0.004037488171
0.004037473613
0.004037447397
0.004037414857
0.004037383672
0.004037359258
0.004037339732
0.004037322337
0.004037303374
0.004345530315
0.006032442801
0.9949742895
0.9977144193
0.9983415152
0.9984140857
0.9983840503
0.9978364837
0.9955269146
0.006258981332
0.004378248491
0.004037643731
0.004037863565
0.004038007817
0.00403809687
0.004038000807
0.004037650313
0.004225243967
0.005354335064
0.9904196359
0.9965891154
0.9959681136
0.991913062
0.006641421725
0.006097714883
0.9915852848
0.9955316885
0.9845333118
0.9847203703
0.00848255726
0.9917423992
0.008041197076
0.004037084194
0.004037115165
0.004037139067
0.004037163263
0.004037184286
0.004037197862
0.004037197593
0.004037178858
0.004037148706
0.004037121933
0.004396808996
0.9895453667
0.9969918335
0.9293127385
0.004272823589
0.004037264458
0.004037303003
0.004037329178
0.004037367599
0.004037373814
0.004240190371
0.006295975313
0.9967844957
0.9982695889
0.9979980115
0.9975095348
0.01374498865
0.004800230616
0.004037815625
0.004037863074
0.004038004952
0.005112824972
0.9771857461
0.9946170777
0.9950412692
0.9956294354
0.9962274885
0.9962118856
0.9949763845
0.005561902048
0.004037759203
0.004037652944
0.004037574008
0.004037572353
0.004037566928
0.004037536882
0.004037503511
0.00403747095
0.00403813609
0.005452670019
0.9751758733
0.9945395265
0.9931019751
0.9883687531
0.9956091041
0.9969925235
0.997991948
0.9981163068
0.008410139515
0.004038841047
0.004038572483
0.004038322604
0.004037911389
0.004825573063
0.9881974986
0.996889039
0.9889445347
0.004913752299
0.00403781593
0.004038284729
0.005452575493
0.9839683507
0.9970912759
0.9979865889
0.9956005973
0.00559687986
0.004163911439
0.004037523803
0.004037472454
0.004037460643
0.004037465213
0.004037461507
0.004037447136
0.004037426029
0.004037403134
0.00403738287
0.004037367049
0.004037358538
0.004037358238
0.004037368568
0.004037373557
0.004424243577
0.006774057548
0.996381423
0.9980588973
0.998467954
0.9984155213
0.9982372007
0.9974036458
0.9938273252
0.006059518767
0.004430325835
0.004037833951
0.004038059863
0.004038069257
0.004037851604
0.004037689932
0.004037551297
0.004310473855
0.005985451185
0.9913005378
0.9933299142
0.9945343498
0.9945463204
0.9951769068
0.9954556325
0.9714633235
0.005361416888
0.00635706224
0.01732874494
0.008041198693
0.004037085953
0.004037116145
0.004037138941
0.004037161782
0.00403718166
0.004037195076
0.004037198189
0.004037190301
0.004037179299
0.004037181324
0.004037216469
0.00442924624
0.9926729311
0.9967404643
0.9607588122
0.004385707788
0.004037317917
0.004037341873
0.004037349158
0.004037362215
0.00403736684
0.004037358245
0.004686575733
0.01207728597
0.9973577268
0.99798708
0.9982894111
0.9969689876
0.007662666971
0.004776499979
0.004720458296
0.0100186725
0.9964643429
0.9959629536
0.9926920109
0.006357322295
0.006906448225
0.9947792531
0.9970103998
0.9974633475
0.007643221535
0.004037927228
0.004037523038
0.004037527989
0.004037540243
0.004037527061
0.004037507844
0.004037411488
0.004635336365
0.01610298497
0.9967911205
0.9948640185
0.00896143181
0.004997956253
0.006015972042
0.9931792573
0.9972921792
0.9985288187
0.9986752121
0.01534518223
0.004415853803
0.00403812057
0.004038047097
0.004037864863
0.004267576075
0.007033237332
0.9948076888
0.9936990351
0.007788149471
0.005385697869
0.01830569406
0.997569846
0.9971759113
0.9972024249
0.01121639003
0.004549736444
0.004037425737
0.004037561405
0.004037523453
0.004037492256
0.004037479667
0.004037470136
0.004037457356
0.004037440967
0.004037423391
0.00403740753
0.004037395678
0.004037390701
0.004037395159
0.004037413447
0.004037442239
0.004037465727
0.00403747354
0.004546798686
0.007910916172
0.9972223583
0.9983258696
0.9985738112
0.9983399568
0.9979283337
0.9970198165
0.9945798656
0.006800265032
0.004609679045
0.004037961426
0.00403794712
0.004037768105
0.00403762437
0.004037560513
0.004457880106
0.006153738342
0.9829630132
0.9949330286
0.9958167822
0.9948464661
0.9919897551
0.007290695075
0.005242462596
0.005395169529
0.9912115702
0.008041202294
0.004037090731
0.004037123202
0.00403714626
0.004037170123
0.004037192704
0.004037211916
0.004037226345
0.004037237882
0.004037255089
0.004037293935
0.004037380477
0.004037520089
0.004604071329
0.02233884058
0.9963005504
0.9323545532
0.004486342256
0.004037337173
0.0040373687
0.004037378711
0.004037392534
0.00403739858
0.004037418065
0.004037628178
0.004989925299
0.9846839327
0.997294811
0.9977489025
0.9968588614
0.9959088329
0.01239482509
0.9954943382
0.9968934404
0.9959772564
0.008478920166
0.00463214468
0.00403748503
0.004892092912
0.9822571851
0.9975618454
0.9984319805
0.01090231617
0.004257745157
0.004037414327
0.004037479461
0.004037463361
0.00403747651
0.004151576422
0.005399218322
0.9956173779
0.9966824569
0.7761648587
0.005054044028
0.0040377964
0.004037406481
0.004616264709
0.9763296765
0.9979325384
0.9987640263
0.9984569112
0.9941173133
0.00502999715
0.004037816086
0.004037890941
0.004037773767
0.004037693202
0.004859703448
0.9614750625
0.9910314683
0.9896800803
0.9966350468
0.9981939744
0.9969221084
0.9733682593
0.005135481047
0.004037711411
0.004037474405
0.004037538004
0.004037536931
0.004037517985
0.004037501122
0.004037487223
0.00403747356
0.004037459108
0.004037444798
0.004037432468
0.004037424076
0.004037422009
0.00403742842
0.004037445631
0.00403747249
0.004037506707
0.004037543202
0.004037560047
0.004037575732
0.004692330763
0.009707748435
0.997813567
0.998559601
0.9983519703
0.9978675084
0.9976892185
0.9972074052
0.9961217836
0.008422710409
0.004784142405
0.004037751857
0.004037643508
0.00446436687
0.005505590619
0.9655114139
0.9876558275
0.9957694686
0.9962919546
0.9936117359
0.9898743931
0.0063580904
0.9879189344
0.006405608506
0.02496184962
0.008041207374
0.00403709768
0.004037134701
0.004037158701
0.004037184769
0.004037211673
0.004037238442
0.004037265036
0.004037293983
0.004037331981
0.004037389253
0.004037477744
0.004037607689
0.004037890627
0.004477968825
0.9889042561
0.9964816634
0.9919178817
0.004463109277
0.004037376162
0.004037425214
0.004037435897
0.004037435338
0.004037423437
0.004037413316
0.004037372409
0.004219096032
0.006361440011
0.9948516553
0.99565699
0.9971092038
0.9977911659
0.9973644892
0.9963641682
0.8759718934
0.004888467873
0.004037591252
0.00403739993
0.004037295405
0.004329153834
0.9028799969
0.9982869742
0.9983316085
0.9772408924
0.004414345572
0.004037489477
0.004037491953
0.004037729928
0.005185954685
0.9531517344
0.9959359032
0.9932255601
0.004957214567
0.004125693026
0.004037433423
0.004037340548
0.004037295755
0.004232647851
0.007815784513
0.9980984102
0.9983850817
0.9977691518
0.9962835997
0.007228901806
0.004449348418
0.004037641534
0.004037773611
0.00461956905
0.005867159318
0.9495121923
0.9942000907
0.9977469485
0.9980785409
0.9949649978
0.005413616132
0.004147874149
0.004037516118
0.004037500415
0.004037535228
0.004037544071
0.004037538058
0.004037524221
0.004037508789
0.004037493816
0.004037479673
0.004037466997
0.004037456965
0.004037450998
0.004037450871
0.004037458072
0.004037473899
0.004037497337
0.004037526824
0.004037560395
0.004037596981
0.004037627432
0.004037630514
0.004037685092
0.004897461537
0.01604175325
0.9976782221
0.9975042547
0.9972564649
0.9970455866
0.9974287516
0.9974129667
0.9963426039
0.007241652501
0.005059041854
0.006619246463
0.9838853896
0.9866849089
0.9909838153
0.9942053874
0.9947493042
0.989278469
0.005928506194
0.005995873962
0.005828181725
0.006077072043
0.9876145277
0.008041213345
0.004037105862
0.004037148811
0.004037173839
0.004037202358
0.004037233769
0.004037267829
0.004037305205
0.004037348483
0.004037403088
0.00403747695
0.00403757961
0.004037722461
0.004037949988
0.004038053937
0.004335740663
0.009141818069
0.9979117178
0.994104823
0.004691152336
0.004037451628
0.004037526756
0.0040375306
0.004037511266
0.004037502469
0.004037491532
0.004037472652
0.004037691929
0.00607712899
0.9913070476
0.9970692319
0.9983754435
0.9981888774
0.9951998098
0.0061176793
0.004231388132
0.004037462699
0.004037388223
0.004037336757
0.004037281668
0.004204274412
0.008874231999
0.9981832854
0.9974191582
0.9886771749
0.00519901495
0.004037718343
0.004511516466
0.01108953216
0.9961408483
0.9954148012
0.008675622972
0.004362765425
0.004037334637
0.004037409389
0.00403734469
0.004037315737
0.004037334741
0.004037507078
0.006237691334
0.9971730508
0.9976541126
0.9972657659
0.9963791676
0.9882801351
0.005535607511
0.005044710756
0.008171591422
0.99325325
0.9937602455
0.9973608983
0.9982859857
0.9980541843
0.009444973761
0.004504162497
0.004037496041
0.004037632819
0.004037608884
0.004037597237
0.004037583897
0.004037568814
0.004037551163
0.004037532862
0.004037515848
0.004037500996
0.004037488796
0.004037479987
0.004037475423
0.004037476344
0.004037483549
0.004037497881
0.004037518255
0.004037543965
0.004037572472
0.004037603476
0.00403763137
0.004037659408
0.004037670619
0.004037656664
0.004038012397
0.005295147745
0.9919828387
0.9963095104
0.995902634
0.9956364847
0.996448781
0.9970986531
0.9966488528
0.9928704603
0.9921468506
0.9935218158
0.9929085031
0.9926420761
0.9929095133
0.5412938213
0.9931308482
0.007182625846
0.004636999932
0.9836560623
0.006166833787
0.929969059
0.008041219596
0.004037114352
0.004037163767
0.004037189552
0.004037220217
0.004037255554
0.004037295692
0.004037341542
0.004037395353
0.004037461316
0.004037545406
0.004037654568
0.004037796161
0.004037981451
0.004038136647
0.004038141572
0.004038297824
0.007837041209
0.9975294472
0.9954729712
0.005101944288
0.004037595156
0.004037675934
0.004037632033
0.004037595951
0.00403756166
0.004037523793
0.004575451467
0.008412201417
0.9946323477
0.9963296201
0.9982142091
0.9981267254
0.9946002127
0.005325058323
0.004037412673
0.004037477466
0.004037420466
0.004037382753
0.004037354268
0.00403739333
0.004037695373
0.006757938871
0.9969044975
0.9967883493
0.9958815209
0.007745242005
0.005827769308
0.9949656187
0.9962546849
0.889051636
0.004976344683
0.004037477908
0.004037370423
0.004037392787
0.004037347514
0.004037313645
0.00403731574
0.00403738057
0.004037437748
0.005284870829
0.9950176305
0.9960908079
0.9945468674
0.9938286911
0.992019336
0.9870967614
0.9952446717
0.9964393242
0.9961546292
0.9974761466
0.9979804051
0.02409128175
0.005108107905
0.004037727513
0.004037658213
0.004037693521
0.004037679038
0.004037652959
0.004037623562
0.004037598134
0.004037575157
0.004037554209
0.004037535761
0.004037520384
0.004037508364
0.004037500235
0.004037496358
0.004037497693
0.004037504378
0.0040375173
0.004037534949
0.004037558194
0.004037583212
0.004037613132
0.004037641124
0.004037674644
0.004037701281
0.004037752995
0.004037793542
0.004037842086
0.004393100228
0.008531413805
0.993237646
0.9936202752
0.995571438
0.9968762873
0.9977898564
0.9978020986
0.9964027614
0.9942069804
0.9882136231
0.9832855253
0.006598723182
0.004919694733
0.006374035235
0.9962165788
0.005903160536
0.005440734822
0.007351891624
0.9733692527
0.008041225559
0.004037122335
0.004037178047
0.004037204189
0.004037236467
0.004037274807
0.004037319383
0.00403737095
0.004037430978
0.004037502139
0.004037588098
0.004037691893
0.004037813282
0.004037944724
0.004038035782
0.00403804165
0.004038119142
0.004038086533
0.006036118411
0.9967604306
0.9965526395
0.00582336696
0.004037844365
0.004037752932
0.004037632734
0.004037526614
0.004355239916
0.006158610782
0.9951682194
0.9961575143
0.9954876206
0.9969556679
0.9971525235
0.9956508562
0.9774060088
0.004372180185
0.00403742724
0.004037414531
0.004037409232
0.004037394581
0.004037399932
0.004037495257
0.004037611395
0.005319962642
0.9934794815
0.9960102922
0.9965889566
0.9951611612
0.9963753209
0.9946359647
0.005131867607
0.004127954894
0.004037354816
0.004037350823
0.004037365351
0.004037343257
0.00403732276
0.004037327529
0.004037373162
0.004037438287
0.004037429119
0.005150960045
0.9936610313
0.9939756999
0.9939680199
0.995995985
0.9968840646
0.9969638448
0.9967792397
0.9947199394
0.9953921181
0.0133827573
0.005421744944
0.00403877971
0.004037782299
0.00403774319
0.004037734611
0.004037707994
0.004037679925
0.004037647555
0.004037617956
0.004037592162
0.004037569932
0.004037551095
0.004037535869
0.0040375242
0.004037516608
0.004037512969
0.004037514327
0.00403751993
0.004037531593
0.00403754616
0.004037567346
0.004037588969
0.00403761808
0.004037642354
0.004037686234
0.004037698517
0.004037750463
0.004037759736
0.004038049436
0.004671456043
0.006551457657
0.9910712987
0.9925368733
0.995627804
0.9972354042
0.998336201
0.9986183749
0.9982602917
0.9965085868
0.9846847355
0.005565474937
0.004475071772
0.004037672328
0.004087911295
0.1861963612
0.9965360588
0.007640384203
0.9855486382
0.7870455918
0.00804123075
0.004037129151
0.00403719047
0.004037216653
0.00403725007
0.004037290528
0.004037338005
0.004037392873
0.004037455527
0.004037527203
0.004037609971
0.004037704382
0.00403780625
0.004037904479
0.00403796545
0.004037972813
0.004037991369
0.004038010802
0.004037803279
0.005228777364
0.9957373135
0.9973732503
0.007457002176
0.004038108017
0.00403769016
0.004405266922
0.005899689614
0.9934972216
0.9972312401
0.9967382812
0.9935807445
0.9927453921
0.009700339973
0.9950451184
0.9970851567
0.007928515948
0.00403751738
0.004037436124
0.004037456641
0.004037456097
0.004037449727
0.004037497074
0.004037639594
0.004037822388
0.006102902724
0.9941525582
0.9974676635
0.9974010685
0.9966751966
0.01003911757
0.004467765011
0.004037368072
0.004037431458
0.00403740694
0.004037388027
0.00403736306
0.004037344917
0.004037351005
0.004037378028
0.00403744842
0.004037485152
0.004037469706
0.006027790331
0.9933870573
0.9959169925
0.9973549963
0.997843698
0.9978094463
0.9973890223
0.9957216565
0.9900199401
0.00535583845
0.004038143063
0.004037807748
0.004037774983
0.004037733057
0.004037724275
0.004037703733
0.004037679694
0.004037652081
0.004037624747
0.004037599901
0.004037578526
0.00403756058
0.004037546358
0.004037535386
0.004037528445
0.004037524638
0.004037525933
0.004037529577
0.004037539715
0.004037550312
0.004037568126
0.004037580029
0.004037608909
0.004037601784
0.004037624346
0.004037589752
0.004037633298
0.004258319765
0.005212109739
0.009859497065
0.994450512
0.9939661242
0.9931618937
0.9952203173
0.9966271575
0.9980825251
0.9984611687
0.9981887374
0.9973942861
0.0098833411
0.004432540015
0.004037588041
0.004037666636
0.004037675
0.00412260876
0.009137186012
0.9943074558
0.01039635762
0.760204415
0.00804123479
0.004037134317
0.00403720023
0.004037226383
0.004037260714
0.004037302665
0.004037351909
0.004037408393
0.004037471131
0.004037540224
0.004037617298
0.004037702016
0.004037788943
0.004037869881
0.004037918096
0.004037925778
0.004037909466
0.004037868615
0.004037794051
0.004037628783
0.004773212532
0.9943370066
0.9977075715
0.00916425357
0.005027492281
0.007168560086
0.9954746329
0.9977776772
0.9982262897
0.9972985431
0.862930732
0.005659292568
0.004593170169
0.005612326724
0.9975314754
0.997645132
0.005540157717
0.004037420878
0.004037487722
0.004037494447
0.0040374786
0.004037481934
0.004037711221
0.004836818029
0.009830361551
0.9956938525
0.9976027833
0.9979137361
0.9954392882
0.005639173618
0.004037724877
0.004037472812
0.004037459099
0.00403743141
0.004037408848
0.00403738442
0.004037367727
0.004037390024
0.004037403406
0.00403747799
0.004037494257
0.004458601945
0.006078189136
0.991771581
0.99643818
0.9976915359
0.9978561208
0.9972685495
0.9965030017
0.9951135101
0.9951624999
0.00727971623
0.004037636175
0.004037609563
0.00403764347
0.004037664816
0.004037677929
0.004037674085
0.004037660893
0.004037641385
0.004037619672
0.004037598476
0.004037579868
0.004037564011
0.004037551666
0.004037541628
0.004037535743
0.004037531196
0.00403753235
0.004037533411
0.004037541452
0.004037543336
0.004037562284
0.004037545644
0.004037559216
0.004037517916
0.004037548004
0.004240638544
0.004967284642
0.007625063182
0.9878209867
0.9966477905
0.9970551152
0.9960250054
0.9947802853
0.995931986
0.9958323857
0.9968321441
0.9973559289
0.9970175406
0.9963526526
0.9959824686
0.00544610919
0.004037614917
0.00403761293
0.004037636785
0.004037802454
0.004856483709
0.7048541861
0.9838482346
0.9581114311
0.008041237411
0.004037137526
0.004037206883
0.004037233285
0.004037268635
0.004037311752
0.004037362075
0.004037419305
0.004037480477
0.004037544878
0.004037615062
0.00403769069
0.004037765736
0.004037839323
0.004037884481
0.004037900686
0.004037871925
0.004037817821
0.004037780139
0.004037713828
0.004037722198
0.004605072466
0.9933242866
0.9961600964
0.9923781904
0.9954778072
0.9978785232
0.9982067254
0.9979431516
0.02258944608
0.00531954083
0.004228711088
0.00403754551
0.004037577263
0.007517062855
0.9972150547
0.9933168855
0.00466550934
0.004037418042
0.004037444919
0.004037370829
0.004150389911
0.004844412485
0.009872964201
0.9971581276
0.9965879364
0.9963774893
0.9969095714
0.996144168
0.006202191422
0.004037442416
0.00403742528
0.004037422181
0.004037405132
0.004037405165
0.004037398252
0.004037383444
0.00403743992
0.0040374995
0.004038448779
0.00479689104
0.006638998544
0.9919956709
0.9945557714
0.9961829983
0.9974348659
0.9975729518
0.9962972808
0.9909647327
0.985443259
0.9943253564
0.9944840968
0.004939313733
0.004037472789
0.004037553108
0.004037594081
0.004037625627
0.004037635721
0.00403763303
0.004037621704
0.004037606164
0.004037589592
0.004037574955
0.00403756195
0.004037552453
0.004037543268
0.004037538786
0.004037533264
0.004037534207
0.004037528643
0.004037540712
0.00403751827
0.004037527958
0.00403748636
0.004037520787
0.004242654117
0.004965735569
0.007598711111
0.9875975988
0.99651132
0.9974528131
0.9973529739
0.9976264698
0.996491909
0.9956359571
0.9965488651
0.9964219272
0.9900997683
0.008992572115
0.9921814568
0.9940157751
0.9955132576
0.9932186274
0.00489339264
0.004037484471
0.00403750732
0.004519057895
0.00741270574
0.9858803578
0.980458563
0.0177494036
0.008041238441
0.004037138632
0.004037210337
0.004037237694
0.004037274452
0.004037318567
0.004037369626
0.004037427543
0.00403748608
0.004037544193
0.004037606892
0.004037673787
0.004037736238
0.004037804959
0.004037843867
0.004037873075
0.004037837962
0.00403776495
0.004037777421
0.004037750298
0.004038936908
0.004985431429
0.009923978103
0.9967254298
0.9977930261
0.9978933832
0.9981319235
0.9975908577
0.01191674279
0.00515272893
0.004038773212
0.004037686699
0.004037647753
0.004037517604
0.00428943045
0.9743918922
0.9952611713
0.9891745743
0.004437554663
0.004037544832
0.00433627579
0.005200034008
0.7674508102
0.9973554232
0.9981700749
0.9973656413
0.9814153328
0.009976539401
0.9952257073
0.9913352876
0.004458417347
0.004037411186
0.00403740253
0.004037368352
0.004037370903
0.004037374589
0.004037347597
0.004037417541
0.004272672293
0.005667036251
0.01933885103
0.9966546202
0.9967395597
0.996340031
0.9964485652
0.9964178545
0.996012289
0.9942266995
0.9656094857
0.005581996366
0.9860841998
0.9958700803
0.983687982
0.004292734279
0.00403746128
0.004037526039
0.0040375754
0.004037596078
0.004037601794
0.004037597328
0.004037587381
0.004037575298
0.004037565486
0.004037555562
0.004037549658
0.004037541402
0.004037538579
0.004037528278
0.004037535761
0.004037509026
0.004037515835
0.004037473569
0.004037511616
0.004246069922
0.004982792263
0.007687711628
0.9881369908
0.9965828828
0.997548818
0.9975998708
0.9980463328
0.9976699759
0.9977601494
0.9974842844
0.9906853119
0.9749291729
0.008699615927
0.005483233815
0.004406201038
0.004802274608
0.9843786158
0.9949580031
0.9956519053
0.9904308588
0.004825357644
0.004368198004
0.005726629741
0.9885594904
0.9936173613
0.009132779214
0.01710248168
0.008041237806
0.004037137649
0.004037210871
0.004037240432
0.004037279086
0.004037323823
0.004037375465
0.004037434941
0.004037489744
0.004037540371
0.0040375963
0.004037653896
0.004037698708
0.004037758339
0.004037759154
0.004037775673
0.004037696203
0.004037584846
0.004037700015
0.004342430598
0.00579056047
0.02026010637
0.99727971
0.9976710447
0.9983682469
0.9981462736
0.9974573753
0.01330941086
0.005076380685
0.004037998648
0.004037721002
0.004037646549
0.004037619847
0.004037549432
0.00403741028
0.004684096312
0.9913116843
0.9962250176
0.009885023803
0.005022828145
0.00673893056
0.9886097611
0.9960549005
0.9974271087
0.9976165987
0.01636812104
0.005469005168
0.004790403967
0.9855885085
0.9951481334
0.005965655078
0.004037371237
0.004037386876
0.004037329713
0.004037316326
0.0040372806
0.004142062009
0.004774901272
0.007411905384
0.9922551644
0.9978180894
0.9981268609
0.9979703672
0.9972980306
0.9974435481
0.99741424
0.98514461
0.9726422493
0.992671654
0.005186123893
0.005134064762
0.9964521506
0.9975520614
0.007751939066
0.004037538154
0.004037514646
0.004037552786
0.004037565476
0.004037572593
0.004037571808
0.004037566178
0.004037557766
0.004037553267
0.004037546725
0.004037544971
0.004037533803
0.00403753957
0.004037510271
0.004037515039
0.004037471443
0.004037511513
0.004249404518
0.004999027863
0.007770910079
0.9885495807
0.9966346613
0.9975718458
0.9976181672
0.9980681211
0.9977300144
0.9977967159
0.9971459847
0.9924088057
0.01082936204
0.006113303231
0.004517719338
0.004262562177
0.004037937024
0.004037736171
0.004037495747
0.004713600254
0.9895103616
0.9956197161
0.9952710085
0.9909226469
0.006531484929
0.9650741415
0.988313488
0.006481459046
0.007039222356
0.9871118121
0.008041235608
0.00403713477
0.004037209159
0.004037243011
0.004037283863
0.004037327814
0.004037379844
0.004037443556
0.004037492294
0.004037533915
0.004037589295
0.004037640443
0.004037655046
0.004037718954
0.004037641534
0.004037615273
0.004037470839
0.004193946852
0.00499080789
0.009252641166
0.9935084207
0.9977888748
0.9982339265
0.9977230038
0.9976544954
0.9967933981
0.9950879649
0.005740080228
0.004037978011
0.004037773013
0.004037653502
0.004037604342
0.004037568106
0.004037517111
0.004037453022
0.004037485626
0.006057443466
0.995191403
0.9952130645
0.9877808186
0.9923484413
0.9956987061
0.9958208413
0.9953667985
0.008567993903
0.004874945353
0.004038395187
0.004037716554
0.00544364523
0.9947222431
0.9907230488
0.00439994523
0.004037401468
0.004037363218
0.004037489351
0.004408702584
0.005263051151
0.8491220319
0.9962798049
0.9976868445
0.9979161856
0.9981097635
0.9978637288
0.9973367169
0.9930432985
0.0131687935
0.006082737508
0.005303743943
0.9975254123
0.02632146794
0.004038798481
0.006791651994
0.997438168
0.9970026579
0.005334640738
0.004037472654
0.004037520955
0.004037525997
0.004037539658
0.004037544652
0.004037543761
0.004037539238
0.004037540845
0.004037534112
0.004037543627
0.004037515151
0.004037519642
0.004037475029
0.004037516516
0.004252757959
0.005015251206
0.007854935164
0.9889271667
0.9966821786
0.9975909388
0.9976260756
0.9980666836
0.9977197629
0.9977797626
0.997108328
0.9917455042
0.008853651258
0.005201324287
0.004311390188
0.004038105414
0.004037980553
0.004038074076
0.00403798275
0.004037799669
0.004037622337
0.004037452002
0.004850297717
0.9929434886
0.9958902308
0.9951628846
0.9919492401
0.9785241062
0.007289983386
0.0045976163
0.005621857347
0.8643519018
0.008041232511
0.004037130594
0.004037206297
0.004037247838
0.004037290966
0.004037330419
0.004037381269
0.004037455944
0.004037494738
0.004037522258
0.004037591808
0.004037662965
0.004037637233
0.004037753939
0.004037667649
0.004038796551
0.004703876502
0.006169713845
0.9779612058
0.9970562142
0.9978675807
0.9979345367
0.9981868749
0.9975313697
0.9943431864
0.009635755884
0.9931243044
0.008851948122
0.004037845534
0.004037721572
0.004037597966
0.004037552316
0.004037501679
0.004037489199
0.004215934774
0.00473230382
0.006868552931
0.9945128298
0.9966114489
0.9959271811
0.9940303635
0.9931070145
0.9837490091
0.006067701869
0.004558533031
0.004037648225
0.004037615764
0.004037604699
0.00431235043
0.9821966581
0.9951986279
0.006105289925
0.00403741238
0.004199988427
0.005034023024
0.009103941085
0.9938356998
0.9966741124
0.9975700249
0.9980331096
0.9975470657
0.9967700588
0.9951115099
0.01166980896
0.00550719781
0.004400131767
0.004038138075
0.00403786257
0.01559634146
0.9977045661
0.005114151965
0.004217933822
0.9574980598
0.996915086
0.9944271603
0.004466668533
0.004037449653
0.004037472889
0.004037508287
0.004037522359
0.004037525012
0.00403752023
0.004037535221
0.004037514234
0.004037524517
0.004037480725
0.004037524133
0.004256202464
0.005031718945
0.007941348632
0.9892827701
0.9967285882
0.9976101893
0.9976348676
0.9980661049
0.9977098657
0.9977616744
0.9970719532
0.9915505541
0.008740826519
0.005170753267
0.004284128122
0.004037988022
0.004038037297
0.004038056882
0.004038072408
0.004038123358
0.004038017882
0.004037834402
0.004037698434
0.004037593044
0.004037526693
0.005073006235
0.9944546036
0.9955047957
0.9935613159
0.9910546137
0.9874014733
0.006682671884
0.007960156161
0.9880596948
0.008041230451
0.004037126894
0.00403720412
0.004037258081
0.004037303087
0.004037331779
0.004037372625
0.004037461679
0.004037476373
0.004037456931
0.004037518009
0.004037527043
0.004037602544
0.00403829851
0.004415707051
0.00602916347
0.02341673608
0.9970186025
0.9971157041
0.9976721869
0.9976513204
0.9967349442
0.995817353
0.01246991081
0.005737849759
0.004517304182
0.00687746713
0.9950038877
0.004674422469
0.004037647276
0.004037629879
0.004037902622
0.004306869629
0.004920710512
0.006752204372
0.8641650379
0.992837877
0.9957966784
0.997170857
0.9973630659
0.9950988798
0.9704670561
0.005380693138
0.004378805002
0.00403756599
0.004037580214
0.004037583809
0.004037510661
0.004037460293
0.005754782915
0.9922902423
0.9831503283
0.005331369972
0.006321941779
0.9810146369
0.9968775769
0.9977475735
0.9981224778
0.9980023801
0.9978286007
0.9965890511
0.9381913417
0.005392193956
0.00449352187
0.004037836653
0.004037577799
0.004037587798
0.004037582663
0.004674188676
0.994475406
0.9397637103
0.004158699852
0.004521321131
0.9941964915
0.9980664221
0.01114761736
0.004037638697
0.004037466304
0.004037511502
0.004037517676
0.004037520308
0.004037498264
0.004037516858
0.004037483231
0.004037535405
0.004260632163
0.005049726317
0.008032786327
0.989620211
0.9967740228
0.9976293353
0.9976438836
0.9980658657
0.9977005578
0.99774374
0.9970331455
0.9913263614
0.008640236928
0.005155940089
0.004281714832
0.004038068715
0.004038177511
0.004038209872
0.004038182835
0.004038136155
0.00403809965
0.004038106315
0.004038006225
0.004037849859
0.004037764843
0.004037697487
0.0040376178
0.004037678718
0.005452724524
0.9942915706
0.9922882161
0.9891957579
0.9915092933
0.9921711865
0.9946260646
0.02032443253
0.008041233255
0.004037127252
0.004037207189
0.004037277388
0.00403732031
0.004037333703
0.004037356772
0.004037442215
0.004037388783
0.004037424742
0.004037692281
0.004255944144
0.004521481953
0.006271700691
0.01515951551
0.9952819714
0.9980299204
0.9984009779
0.9979218042
0.997602446
0.9963307725
0.8912964079
0.005595711012
0.004498275978
0.004038421929
0.004038101908
0.00462723
0.9949196904
0.007458535212
0.004330311323
0.004541216751
0.006352762543
0.0114319813
0.9903529868
0.9957849031
0.9971563388
0.9960419897
0.9948602574
0.9942579011
0.995299897
0.9911001163
0.005364666898
0.004272741088
0.004037662719
0.004037586801
0.004037552707
0.004037542175
0.004037587399
0.004038180716
0.005059700517
0.9878433586
0.9900155501
0.9804581705
0.994422021
0.9970192623
0.997640877
0.9981755016
0.9983049105
0.9980383239
0.9936741207
0.008208065651
0.004859627654
0.004144063035
0.004037343441
0.004037411956
0.004037503468
0.004037562919
0.004037563165
0.004037563183
0.006556651697
0.9928662005
0.005089744041
0.004037248417
0.005631493058
0.9981578241
0.9982046672
0.005776864434
0.004037455845
0.004037538077
0.004037515225
0.004037503148
0.004037466883
0.004037521294
0.004263821098
0.005076865768
0.008154655439
0.9899698369
0.9968191019
0.9976481424
0.9976527863
0.9980656614
0.9976913152
0.9977256722
0.9969933251
0.9910844856
0.00853398483
0.005138266295
0.004278427135
0.004038169625
0.004038298879
0.004038338478
0.004038354658
0.004038334953
0.004038229927
0.004038142571
0.004038130052
0.004038127052
0.004038020733
0.004037871786
0.004037797415
0.004037753144
0.004037674737
0.004037685324
0.004302723623
0.006506881905
0.984961679
0.9734076857
0.9865221537
0.9925596128
0.9918766523
0.01928883086
0.008041261423
0.004037131507
0.004037220404
0.004037304131
0.004037301943
0.004037308081
0.004037410242
0.004038007953
0.00425917634
0.004494129069
0.005733588157
0.0105853463
0.9929047011
0.9951426882
0.9980518837
0.9980897087
0.9978249756
0.9980680878
0.9969544445
0.99118977
0.007332250378
0.004705520623
0.004159993502
0.00404145387
0.004285354287
0.004426264286
0.00512442891
0.01267360666
0.9939684229
0.009149661072
0.9843598788
0.9920451573
0.9976779884
0.9977926982
0.9971457999
0.9977727267
0.9976477508
0.9931914332
0.9404617458
0.9069283839
0.9900670162
0.005159341146
0.004037721226
0.004037680943
0.004037650759
0.004037890112
0.004255063273
0.004519314465
0.006522953361
0.01549113204
0.9959466354
0.9966366702
0.9966966145
0.9968424062
0.9977644831
0.9976053254
0.9974036827
0.9970799816
0.0319968431
0.005910815096
0.004308655212
0.004037473085
0.004037407874
0.004037464067
0.004037493474
0.004037532316
0.004037577944
0.004037589219
0.004037605684
0.004455936084
0.9905248741
0.980731359
0.004287364833
0.00403752981
0.01046511695
0.9979659916
0.9944645243
0.004694628957
0.004037551945
0.004037525321
0.004037467429
0.004227864623
0.005019974006
0.00814074989
0.9903752634
0.996874609
0.9976659441
0.9976595961
0.9980646038
0.9976815943
0.9977072691
0.9969526142
0.9908296899
0.008430115469
0.005120425391
0.00427487306
0.004038225715
0.004038441071
0.004038528724
0.004038492486
0.00403843238
0.004038411955
0.004038390449
0.004038276039
0.004038154322
0.004038111846
0.004038098656
0.004037958165
0.004037841384
0.004038084703
0.00427740091
0.004483290125
0.005263494873
0.006829897611
0.7640556447
0.97384582
0.8909408347
0.9754403128
0.9902483633
0.9942985699
0.9845621
0.008041488908
0.004037140766
0.004037230501
0.004037586227
0.004212541496
0.00439417728
0.005005075372
0.007524431956
0.01609948767
0.9925341958
0.9953555983
0.9980643449
0.9984063171
0.9981816462
0.9978326005
0.9974840323
0.9955566926
0.9940584692
0.01807121975
0.008453266817
0.006613751456
0.006544912658
0.007536889695
0.01352672831
0.02834557679
0.9891003377
0.9902062863
0.9967450563
0.9969811121
0.9966508986
0.9967985312
0.9955834859
0.9960265251
0.9969345748
0.9956140504
0.9918544198
0.01086136823
0.006480247414
0.004873321441
0.005507422742
0.9623904058
0.006373071336
0.004533264028
0.004553960168
0.005076585261
0.007042699639
0.01124555917
0.9833519476
0.9928465801
0.9978078651
0.9980399044
0.998070085
0.9981061988
0.9981658932
0.9982380993
0.9977692681
0.9896736813
0.006379380079
0.004799638762
0.004039740539
0.004037596796
0.004037523869
0.004037518855
0.004037576074
0.004037590704
0.004037606831
0.004037628825
0.004037630016
0.004037617956
0.004037565717
0.005598071689
0.9917491137
0.005688866311
0.004037469276
0.004536344123
0.9939209953
0.9962293426
0.9909129212
0.004506250643
0.004206327928
0.004814398671
0.007055571015
0.9876414491
0.9968526342
0.9977022141
0.9976752293
0.9980608188
0.9976687505
0.9976876171
0.996911249
0.9905620327
0.008329545697
0.005102819785
0.004271368752
0.004038326884
0.004038523787
0.004038590719
0.004038656062
0.004038675186
0.004038560656
0.004038444721
0.00403839149
0.004038357778
0.004038171403
0.004038021112
0.004038216988
0.004266508236
0.004443745857
0.004989391546
0.007158591561
0.01268200201
0.9841697811
0.9899968985
0.996917854
0.9966926651
0.9944288345
0.9879739214
0.9902038035
0.9743472817
0.9945587793
0.9925770562
0.01103319323
0.004646307205
0.004933081416
0.006742027104
0.01264786314
0.9916102728
0.9952171545
0.997684455
0.9987240374
0.9986754697
0.9984413825
0.9985016866
0.9986131339
0.998485964
0.9981769618
0.9975710762
0.9966661227
0.9957779776
0.9968891409
0.9978324129
0.9979402478
0.9982191281
0.9984150304
0.9986246451
0.9989063775
0.9985162876
0.997835992
0.9978242537
0.9980233769
0.9975108834
0.9971251074
0.9951055515
0.991271156
0.9862591604
0.01177946132
0.008069765587
0.006619472452
0.006266405713
0.007187767367
0.01046430453
0.993697593
0.9929292441
0.03292357101
0.9946548777
0.9929516543
0.9963996831
0.9980412185
0.9976295366
0.9967448326
0.9968620965
0.9973356713
0.997584887
0.9979321428
0.9977410509
0.9972977203
0.02507755819
0.005682771775
0.004226707094
0.004037523054
0.004037511389
0.004037524121
0.004037555903
0.004037581075
0.004037638408
0.004037669153
0.00403769279
0.004037718393
0.004037729952
0.004037696758
0.004037704152
0.004326709827
0.9800940205
0.9919331657
0.00456953641
0.004037794735
0.005919087541
0.9935201788
0.995894375
0.01159238028
0.006783960157
0.9696817027
0.9957339498
0.9974453724
0.9977410239
0.9981364774
0.997694483
0.9976742872
0.9968764647
0.990303379
0.008237809463
0.005086290603
0.004267888649
0.004038308336
0.004038632803
0.004038797326
0.004038768367
0.004038692199
0.004038645427
0.004038623229
0.004038405064
0.004038214772
0.004038362045
0.004264988348
0.004441350934
0.004981766506
0.00710737839
0.01248960542
0.9842991463
0.9906197206
0.9970435418
0.9982497282
0.9976876837
0.9963171069
0.9974645818
0.9981282465
0.9965563946
0.9940336016
0.9962406639
0.009237779817
0.9935302186
0.9953763166
0.9931795893
0.9948735287
0.996285845
0.9978774359
0.9987765874
0.9988184075
0.9987094161
0.9988333721
0.9989480703
0.9990206933
0.9989207577
0.9988618441
0.9987655825
0.9986759838
0.9985450011
0.9983251591
0.9981593537
0.9981723511
0.9983158786
0.9986385058
0.9987691851
0.9988325125
0.9988675858
0.9988839681
0.9988694933
0.9988301093
0.9985582932
0.9984048616
0.9982947226
0.9980824202
0.9975695248
0.9967684341
0.995929785
0.9952808871
0.9967665425
0.9976877199
0.9976342671
0.9978331757
0.9980006597
0.9983834507
0.9983192117
0.9976644562
0.9979870773
0.998221328
0.9975189901
0.9975367343
0.9976103649
0.9975500279
0.996571449
0.9956314857
0.994341659
0.9947986578
0.9957863837
0.9953632504
0.007553583797
0.004802697745
0.004039175539
0.004037740841
0.004037644471
0.004037551575
0.004037519235
0.004037532651
0.004037556458
0.00403759549
0.004037628848
0.004037665405
0.004037719303
0.004037810749
0.004038020032
0.004038624999
0.004364453411
0.005772850833
0.9900886838
0.007034882065
0.005381958292
0.007861295398
0.9935182073
0.9960228361
0.996507502
0.9967395232
0.9968890324
0.9970691748
0.9979975134
0.9979506718
0.9979555895
0.9970002339
0.9902654614
0.008186327413
0.005075285063
0.004265065106
0.004038407975
0.004038661304
0.004038737805
0.00403878567
0.004038813995
0.004038582092
0.004038375362
0.004038493095
0.004263525444
0.004439130351
0.004975080257
0.007069679054
0.01233686996
0.9839809164
0.9905246722
0.9970328219
0.9982441407
0.9977025455
0.9964353235
0.9975711644
0.9980353073
0.9966823225
0.9874483988
0.9739609624
0.01166784637
0.008228669114
0.006260857481
0.007164747509
0.007102349896
0.9872145932
0.9956419082
0.9970419653
0.9984849205
0.9988250918
0.9990395676
0.9991632767
0.9992396935
0.9992008962
0.999190187
0.9991670137
0.9991397019
0.9991216964
0.9990846681
0.9990065297
0.9989207527
0.9988456908
0.9987721984
0.9987357373
0.998753354
0.9987990274
0.998845851
0.9988947494
0.9989189385
0.99890955
0.998881038
0.9988347261
0.9987915535
0.9987652373
0.9987028645
0.9986016938
0.9984555331
0.9982301115
0.9979800681
0.9978590606
0.9978906657
0.998058617
0.9984360551
0.9985431387
0.9985639219
0.9985870742
0.9986565838
0.9987806184
0.9986421113
0.998361199
0.9984051612
0.9980627672
0.9977997139
0.9974327007
0.9968723386
0.9960185705
0.9943014691
0.9892074406
0.9716933399
0.9662835127
0.007864416909
0.005880571867
0.004853406558
0.004933566364
0.00499513344
0.005063262944
0.005139819573
0.005224330156
0.005316278566
0.005415515527
0.005522586365
0.005639616766
0.005773169146
0.005942897205
0.006212377811
0.006844718147
0.00994867384
0.0132702932
0.9862968201
0.9916637857
0.9923019065
0.9893086466
0.9958552632
0.9965649806
0.9972236875
0.9975613106
0.9976664042
0.9975697428
0.9976398863
0.9980184067
0.9977959371
0.9967634902
0.01087733582
0.005064644197
0.004264156872
0.004038274471
0.004038587281
0.004038779656
0.00403863621
0.004038458599
0.004038561626
0.004262032845
0.004436900132
0.004968425122
0.007032511359
0.01218850485
0.9836514331
0.9904249698
0.9970204906
0.998236196
0.9976962382
0.9964308445
0.9975746675
0.9980433045
0.9966949177
0.9875262876
0.9703548966
0.009652298573
0.006284522933
0.004819792278
0.004391846729
0.004247659944
0.004039661308
0.004039605345
0.004039853532
0.004122887274
0.7255768469
0.9954831446
0.9982244709
0.9990782007
0.9992668805
0.9993555928
0.9993860858
0.9993902548
0.999389578
0.9993755311
0.9993401432
0.9993020983
0.999272727
0.9992405674
0.9991867823
0.9991260089
0.9990724864
0.9990347946
0.9990192399
0.999021469
0.9990289699
0.9990299425
0.9990258719
0.9990182945
0.9989950513
0.9989602596
0.998922574
0.9988992799
0.998895292
0.9988783265
0.9988239284
0.9987406978
0.9986366966
0.9985443807
0.9985043003
0.9985156122
0.9985547521
0.998600286
0.9986539801
0.9986745223
0.9986792959
0.9987123867
0.9987738896
0.9987895922
0.9986587393
0.9984291508
0.9982530486
0.9980533996
0.9977015859
0.9972296938
0.9966616767
0.9958934193
0.9947536274
0.9937662406
0.9929830358
0.9944162984
0.9951415141
0.9948181291
0.9949804515
0.9954441004
0.9958403611
0.9961909514
0.9965010699
0.9967744746
0.9970153921
0.9972282138
0.9974172012
0.9975865401
0.9977407593
0.9978856655
0.9980310217
0.9982030392
0.9985279759
0.9978736438
0.9971358224
0.9967033679
0.9959916513
0.9953884698
0.9962574126
0.9971655391
0.9977946185
0.998009799
0.9974588012
0.9968208098
0.9962496858
0.01311093446
0.01309827119
0.007506444816
0.00403834201
0.004038342513
0.0040383273
0.004038514904
0.004260942387
0.004434853906
0.004961957164
0.006995961506
0.01204476692
0.9833146655
0.9903258452
0.9970082839
0.9982282766
0.9976900327
0.9964268816
0.9975785123
0.9980514084
0.9967070183
0.9876455731
0.9712178688
0.009725266379
0.00630613865
0.004816549885
0.00438289103
0.004226470087
0.004038728317
0.00403873983
0.004038825021
0.004039007447
0.004039310018
0.004039556585
0.004039716901
0.004038672373
0.01411979867
0.9972772158
0.998845853
0.9993889192
0.9994845976
0.9995271504
0.999534612
0.9995250159
0.9995114517
0.9994928954
0.9994619203
0.9994267643
0.999394131
0.9993605322
0.9993192185
0.9992748863
0.9992351139
0.9992059288
0.9991896165
0.9991812385
0.999173288
0.9991601168
0.9991421057
0.9991210919
0.9990946458
0.9990649448
0.9990382489
0.9990236807
0.9990207507
0.9990126517
0.9989859876
0.9989425047
0.9988910747
0.9988476964
0.9988246819
0.99881903
0.9988196712
0.9988163909
0.9988146174
0.9988161235
0.9988166266
0.9988305521
0.9988561948
0.9988565355
0.9987817837
0.9986311048
0.9984736916
0.998325459
0.9981128755
0.9978660593
0.9976380161
0.9974495216
0.9973352924
0.9973712621
0.9975095664
0.9975859214
0.9978248184
0.997833565
0.9978341454
0.9979099216
0.9979943228
0.9980737785
0.9981480233
0.9982175867
0.9982827866
0.9983435716
0.9983993206
0.9984484521
0.9984877621
0.9985114349
0.9985098297
0.9984694393
0.9983885683
0.9983103718
0.99795598
0.9976870512
0.9970807911
0.9960324141
0.9954510747
0.9962900046
0.9973242221
0.997805043
0.9971371368
0.9945727039
0.006729893891
0.004604969511
0.005450765614
0.9936622958
0.00516980008
0.004500936872
0.00500749478
0.007006687664
0.01196160529
0.9830096797
0.9902290933
0.9969962032
0.9982203944
0.997683978
0.9964235166
0.9975826208
0.9980595672
0.9967192488
0.9877668084
0.9720569003
0.009803143172
0.006332688478
0.004822116911
0.004384522263
0.004227275635
0.004038226161
0.00403815631
0.004038213627
0.004038415915
0.004038849576
0.004039285882
0.004039416297
0.004039371251
0.004039299422
0.004039330569
0.004039519198
0.004038967326
0.007519927353
0.9974341844
0.9992364212
0.9995781558
0.9996230248
0.9996385043
0.9996343487
0.9996193479
0.9996000564
0.999577309
0.9995489943
0.9995176231
0.9994860101
0.9994535321
0.9994184985
0.9993831397
0.9993509141
0.9993247991
0.9993056136
0.9992906961
0.9992758319
0.9992579082
0.9992368885
0.99921395
0.9991894714
0.9991658138
0.9991467173
0.9991360648
0.9991322428
0.9991267172
0.9991127189
0.9990902309
0.9990634335
0.9990394366
0.9990226326
0.9990112454
0.999000436
0.9989863739
0.9989720534
0.9989610023
0.9989540569
0.9989540744
0.9989567145
0.9989430298
0.9988900786
0.9987984222
0.9986947719
0.9985914159
0.9984770758
0.9983681633
0.9982900322
0.9982536435
0.9982631739
0.9983167198
0.9983836859
0.9984175821
0.9984062449
0.9983907923
0.9983804604
0.9983874513
0.998403827
0.9984213825
0.9984376987
0.9984527143
0.9984665913
0.9984790965
0.9984892339
0.998494755
0.9984914322
0.998472217
0.998427116
0.998347332
0.9982457492
0.9981782708
0.99815359
0.9979811478
0.997523941
0.9966797219
0.995522453
0.9941548643
0.9923814251
0.9920584484
0.01290224837
0.008105258299
0.006177838653
0.005699233958
0.007097057964
0.9518187739
0.01092762119
0.9882804838
0.9902887765
0.9969824831
0.9982133209
0.9976765014
0.9964186792
0.9975865364
0.9980677023
0.9967315637
0.9878893108
0.972863466
0.009883254181
0.006359656354
0.004827807138
0.00438629423
0.004228278488
0.004037908348
0.004037756755
0.004037745602
0.004037836001
0.004038104445
0.004038418234
0.004038574043
0.00403868133
0.004038867004
0.004039222043
0.004039491179
0.004039604833
0.00403962491
0.004039610626
0.004039433222
0.004039720607
0.005363129788
0.9947676056
0.9995136359
0.9997057936
0.9997180988
0.9997158128
0.999703532
0.999685197
0.9996637327
0.9996398526
0.9996131281
0.9995844985
0.9995549964
0.9995247355
0.999493732
0.9994633834
0.999435385
0.999410995
0.9993903567
0.9993720693
0.9993539624
0.9993343821
0.9993132891
0.9992916066
0.9992704488
0.9992518287
0.9992379645
0.9992302527
0.9992270568
0.9992237672
0.9992166954
0.9992052106
0.9991907921
0.9991761795
0.9991629822
0.9991504747
0.9991368494
0.9991210371
0.9991048334
0.9990904312
0.9990787814
0.999070115
0.9990604547
0.9990401286
0.998999269
0.9989395445
0.9988732761
0.9988084588
0.9987484903
0.9987046583
0.9986861507
0.9986937291
0.9987221809
0.998761943
0.9987971124
0.9988101049
0.9987939213
0.9987629009
0.9987364767
0.9987150714
0.9986959645
0.9986776237
0.9986586918
0.998638738
0.9986177265
0.9985955472
0.9985717347
0.9985451977
0.9985139244
0.9984749102
0.9984252571
0.9983667979
0.9983163854
0.9983022933
0.9983065675
0.9982286268
0.9979833376
0.9975640712
0.9969988997
0.9962175744
0.9947969783
0.9914302604
0.9912253493
0.9939092365
0.9942545622
0.9947349405
0.996661368
0.9959531888
0.996878304
0.9972084974
0.9959917406
0.9975238439
0.9980706263
0.9967351158
0.9879766652
0.9735997958
0.009965639058
0.00638712328
0.004833588757
0.004388162647
0.004229424885
0.004037744714
0.004037542287
0.004037491333
0.004037517555
0.004037673528
0.004037856351
0.004037944039
0.004038006907
0.004038113101
0.004038342971
0.00403856686
0.004038749821
0.004038948567
0.004039245323
0.004039589863
0.004039902329
0.004040188497
0.004040473659
0.004040448049
0.004040852358
0.004616542078
0.9784103268
0.9997251822
0.9997961928
0.999783301
0.9997684524
0.9997506937
0.9997307382
0.9997092066
0.9996860544
0.9996610676
0.9996346084
0.9996071507
0.999579038
0.999550834
0.9995236101
0.9994983468
0.9994755318
0.9994549153
0.9994354984
0.999415998
0.9993955711
0.9993744118
0.9993535696
0.9993346199
0.9993195541
0.9993099567
0.9993060656
0.9993059627
0.9993063184
0.9993045304
0.999299702
0.9992921695
0.9992828533
0.9992721971
0.9992598744
0.9992454738
0.9992293761
0.9992132971
0.9991989277
0.9991867909
0.9991757081
0.9991617197
0.9991389669
0.9991034912
0.9990578337
0.9990095906
0.9989658035
0.9989332564
0.9989201827
0.9989301349
0.9989594761
0.9989995138
0.999038897
0.9990658824
0.9990718537
0.9990552674
0.9990236924
0.9989873334
0.9989502218
0.9989122144
0.9988730345
0.9988322133
0.9987892623
0.9987438689
0.9986958908
0.9986453846
0.9985927949
0.998539411
0.9984882742
0.9984457052
0.9984228561
0.9984333664
0.9984781098
0.9985229451
0.9985140314
0.9984277721
0.9982862419
0.9981324938
0.9979892322
0.9978470732
0.9977017566
0.9975034907
0.9974782099
0.9972583646
0.9967678715
0.9960162047
0.9957592439
0.9961297446
0.9968329913
0.9880546981
0.9756011114
0.01029545096
0.006469107856
0.004843693946
0.004390864014
0.004230922487
0.004037753255
0.004037545618
0.0040374849
0.004037490742
0.00403759307
0.00403770824
0.004037769873
0.004037824282
0.004037898724
0.004038045206
0.004038202122
0.00403834243
0.004038488945
0.004038694333
0.004038954247
0.004039233699
0.00403954054
0.004039921051
0.004040390534
0.004040944241
0.004041602039
0.004042428403
0.004043395385
0.004045173343
0.004386816638
0.7480434858
0.9994886147
0.9997358323
0.9996454451
0.9995929105
0.9995508217
0.9995111517
0.9994708415
0.9994279585
0.9993814129
0.999331579
0.999279282
0.9992253909
0.9991712804
0.9991191025
0.9990706513
0.9990266507
0.9989864445
0.9989480867
0.9989091487
0.9988679957
0.9988249433
0.9987822668
0.9987436951
0.9987140217
0.9986971022
0.9986935702
0.9986993428
0.9987073604
0.9987117656
0.9987100337
0.9987021265
0.998689165
0.9986716148
0.9986487607
0.9986201461
0.9985871432
0.9985538145
0.9985245499
0.9985012774
0.9984817702
0.9984575969
0.9984169293
0.9983521995
0.998267952
0.9981781969
0.9980978555
0.9980424984
0.998029508
0.9980658409
0.9981428608
0.998240673
0.9983345052
0.9984001396
0.9984209388
0.9983936446
0.9983305747
0.9982502147
0.998163023
0.9980718718
0.997976899
0.9978771675
0.9977712953
0.9976579211
0.9975360711
0.9974055517
0.9972678422
0.997128036
0.9969983471
0.9969027113
0.9968778725
0.9969579402
0.9971316258
0.9973133644
0.9974001987
0.9973598716
0.9972436901
0.9971325768
0.9970764511
0.9970697409
0.9970663597
0.9969486819
0.9965674741
0.9958462114
0.994362459
0.9907752185
0.9819194708
0.9796827063
0.02352952385
0.01414930224
0.009812400867
0.008915665597
0.008044841847
0.008043061234
0.008042381974
0.008042086422
0.00804251787
0.00804288426
0.008043034479
0.008043063212
0.008043152824
0.008043425017
0.008043818663
0.008044113948
0.008044380076
0.008044743582
0.008045294724
0.008045870346
0.008046448352
0.0080471167
0.00804797434
0.00804897341
0.008050107577
0.008051458974
0.008053156434
0.008055286677
0.00805802735
0.008061734281
0.008067032252
0.00807746286
0.008073471158
0.01529307651
