0.9996642344
0.9997458271
0.9996359146
0.9995786305
0.999536051
0.9994973617
0.9994582229
0.9994166675
0.9993715428
0.999322053
0.9992682748
0.9992116491
0.9991544625
0.999098528
0.999044394
0.9989915602
0.9989387914
0.9988843888
0.9988270367
0.9987668404
0.9987058785
0.9986482822
0.9985997173
0.998565932
0.9985499781
0.9985502602
0.9985619032
0.998579749
0.9985998974
0.9986196231
0.9986386029
0.9986588506
0.9986831894
0.9987140249
0.9987514434
0.9987917291
0.9988262274
0.9988433672
0.9988345681
0.9987980477
0.9987379755
0.9986607741
0.998571367
0.9984712163
0.9983653454
0.9982634382
0.9981748126
0.9981060244
0.9980667391
0.9980746511
0.9981464558
0.9982710963
0.9984106409
0.998528737
0.9986020661
0.9986244322
0.9986021756
0.9985474095
0.9984712097
0.9983803528
0.9982777601
0.9981639055
0.9980378278
0.9978976352
0.9977406388
0.9975632704
0.9973610835
0.9971299448
0.9968722036
0.9966136274
0.9964207822
0.9963846506
0.9965272545
0.9967692025
0.9970242768
0.9972493616
0.9974201425
0.9975148554
0.9975347186
0.9975296516
0.9975126894
0.9972175418
0.9964640751
0.9954301175
0.9932433902
0.9889784188
0.01819749622
0.01014832081
0.008045479793
0.00803809443
0.008038097258
0.008038203394
0.008038290341
0.008038381679
0.008038493567
0.008038638664
0.008038779319
0.008038942814
0.008039117748
0.008039273428
0.008039432663
0.008039621861
0.008039839057
0.008040063471
0.008040276144
0.008040467755
0.00804064789
0.008040838324
0.008041066915
0.008041370341
0.008041833595
0.008042542967
0.008043558563
0.008044940704
0.008046821972
0.008049522385
0.008053876606
0.008061505447
0.008067258068
0.009640455985
0.6599125989
0.999591691
0.9998420987
0.9998102237
0.9997808937
0.999756167
0.9997333511
0.9997109593
0.9996881076
0.9996641283
0.9996384273
0.9996108077
0.9995818034
0.9995524643
0.9995237066
0.9994959048
0.9994689992
0.9994425891
0.999415936
0.9993883151
0.9993595256
0.9993301657
0.999301735
0.9992765456
0.9992572245
0.9992455
0.9992411583
0.9992425036
0.9992475735
0.9992546558
0.9992621365
0.9992693244
0.9992767235
0.9992854096
0.9992967246
0.9993113367
0.9993281149
0.9993430648
0.9993501078
0.9993445175
0.9993252999
0.9992950793
0.9992585118
0.9992192464
0.9991778684
0.9991358016
0.9990968352
0.9990635258
0.9990355774
0.9990125705
0.9990004777
0.9990112511
0.9990480114
0.99909884
0.9991473367
0.9991795857
0.9991897271
0.9991797324
0.9991552605
0.9991217365
0.9990823617
0.9990386321
0.9989910616
0.9989396433
0.9988840903
0.9988239191
0.9987583898
0.9986862657
0.9986053888
0.998512743
0.9984085722
0.9983092554
0.9982513602
0.9982556867
0.9983015243
0.9983601873
0.9984165398
0.9984550901
0.998451229
0.9983830652
0.9982599293
0.9982129266
0.9983538438
0.9981871077
0.9976178353
0.9972999874
0.9969022527
0.996813833
0.9960922674
0.01048030471
0.00530229712
0.004344093561
0.004035218623
0.004035087176
0.004035131641
0.004035171025
0.004035208966
0.004035240652
0.004035278804
0.004035325468
0.004035358445
0.004035390551
0.004035431953
0.004035476148
0.004035518109
0.004035557972
0.004035597745
0.004035644069
0.004035706573
0.00403579266
0.004035910448
0.00403608852
0.004036348154
0.004036689714
0.004037109016
0.004037610348
0.004038188674
0.004038791652
0.004039135341
0.004038830366
0.00545487621
0.4376037693
0.9993423617
0.999725266
0.9997552324
0.9997421665
0.9997192884
0.999694115
0.9996685369
0.9996428937
0.9996167255
0.9995890153
0.9995592002
0.9995279755
0.9994968334
0.9994668922
0.9994384762
0.9994116218
0.9993860667
0.9993608684
0.9993348688
0.9993074196
0.9992786178
0.9992495343
0.9992224077
0.9992002715
0.999185161
0.9991766934
0.9991733463
0.9991740051
0.9991774876
0.9991813763
0.9991842652
0.999186368
0.999188495
0.999192952
0.9992024275
0.9992174025
0.9992323492
0.999236855
0.9992236012
0.9991924186
0.9991491676
0.9991046427
0.9990704426
0.9990443139
0.9990227163
0.9990073142
0.9989971318
0.9989859773
0.9989647327
0.9989298561
0.9989020569
0.9989001323
0.9989205953
0.9989509789
0.9989682284
0.9989612322
0.9989363445
0.9989056817
0.9988766292
0.9988498153
0.9988239799
0.9987981887
0.9987719967
0.9987452411
0.9987178192
0.9986894031
0.998658913
0.9986234407
0.9985762174
0.998504496
0.9983991411
0.9982967748
0.9982342734
0.998191835
0.9981442455
0.9980956153
0.9980374102
0.997913187
0.9976321077
0.9970343291
0.9958972733
0.9963801662
0.9973719736
0.9968821891
0.9966666601
0.9971060424
0.9976868498
0.9983417956
0.9983072385
0.9977462054
0.9947667838
0.009578606142
0.005248081784
0.004341521999
0.004035134706
0.004035011658
0.004035062403
0.004035108214
0.004035151419
0.004035173821
0.004035178009
0.004035195746
0.004035216004
0.004035229307
0.004035235983
0.004035238262
0.004035248006
0.004035284068
0.004035360005
0.004035470315
0.004035654123
0.004035927921
0.004036261513
0.00403661714
0.004036975346
0.0040373313
0.004037710693
0.004037764108
0.004036668432
0.005413317097
0.9924200825
0.9990321355
0.9995930204
0.9996524599
0.9996689122
0.9996563801
0.9996328133
0.9996062857
0.9995797647
0.9995533145
0.9995247986
0.9994926626
0.9994581113
0.9994239861
0.9993921052
0.9993627745
0.9993363585
0.999312965
0.9992910569
0.9992683848
0.999243377
0.9992151125
0.9991838845
0.9991522524
0.9991248499
0.9991047021
0.9990905166
0.9990805811
0.9990762571
0.9990778837
0.9990804478
0.9990804015
0.9990772854
0.9990708175
0.999064449
0.999066209
0.9990829943
0.9991066518
0.9991151153
0.9990930276
0.9990388449
0.9989607146
0.9988772447
0.9988264947
0.9988357758
0.9988624091
0.9988909335
0.9989179074
0.9989350808
0.9989307437
0.9988854176
0.9987853893
0.998694544
0.9986420096
0.9986351383
0.9986510178
0.9986266547
0.9985716497
0.9985241739
0.9985042781
0.9985055848
0.9985174986
0.9985337845
0.9985516125
0.9985698756
0.9985881227
0.9986059197
0.9986222869
0.9986348355
0.998637933
0.998617714
0.9985405454
0.9983721438
0.9982105294
0.998067443
0.9978924041
0.9977154432
0.9975814728
0.9974286063
0.997139785
0.9965784601
0.995129884
0.9925772485
0.01166927213
0.00949413228
0.9889652577
0.990835044
0.9950744179
0.9980456547
0.9984343857
0.9985016003
0.9984903658
0.9983307696
0.9977543728
0.9948369716
0.009664118623
0.005258149281
0.004340951022
0.004035185157
0.004035088479
0.004035164726
0.004035220569
0.004035204867
0.004035185803
0.004035171834
0.004035159548
0.004035138962
0.004035120816
0.004035135548
0.004035215454
0.004035361178
0.004035591862
0.004035888586
0.004036192054
0.00403645778
0.004036665352
0.004036797482
0.004037034811
0.004037021068
0.004036685425
0.007821686297
0.9948313748
0.9986238592
0.9994183724
0.9995157128
0.9995559861
0.9995561802
0.999535833
0.9995097812
0.9994854204
0.9994636754
0.9994386928
0.9994057861
0.9993672823
0.9993290496
0.9992939068
0.9992615957
0.9992341454
0.999213854
0.9991982467
0.9991827973
0.9991645468
0.9991407396
0.9991088637
0.9990710015
0.999035337
0.9990071883
0.9989820202
0.9989559865
0.9989378228
0.9989391798
0.9989480337
0.9989525783
0.9989500456
0.9989369682
0.998915785
0.9988991374
0.9989154049
0.9989587584
0.9989808384
0.9989491898
0.9988581743
0.9987117717
0.998518375
0.9983318589
0.9983426166
0.99865947
0.9987781278
0.9988587989
0.998909605
0.9989380813
0.9989389353
0.9988531234
0.9984590419
0.9981543331
0.99792637
0.9978658921
0.9980030557
0.9978915312
0.9978208079
0.9978498491
0.9979377031
0.9980432907
0.9981490537
0.9982489737
0.9983415708
0.9984269153
0.9985054825
0.9985777354
0.9986439288
0.9987038102
0.9987553375
0.9987844817
0.9987129039
0.9982531192
0.9979443305
0.9976380215
0.9972675257
0.9970732007
0.9970830864
0.9971199294
0.9970802851
0.9968296616
0.9962633515
0.9952701854
0.9862747479
0.9559937334
0.006143573936
0.004844281323
0.00622833651
0.01475454039
0.9962380756
0.9981575861
0.9985174647
0.9985343551
0.998501215
0.9983364414
0.997765738
0.9948478332
0.009544778019
0.005267589418
0.004397894496
0.004035696738
0.00403534072
0.004035189861
0.004035119667
0.004035083726
0.004035031839
0.004034977485
0.004034965208
0.004035045836
0.004035274749
0.004035722065
0.004035980753
0.004036187943
0.004036316723
0.004036401595
0.004036382993
0.004036515891
0.004036302115
0.004174082907
0.01733668584
0.9976101523
0.9982829947
0.999166693
0.9993233454
0.9993940396
0.9994010352
0.9993772725
0.9993478256
0.9993294957
0.9993257789
0.9993191091
0.9992926952
0.9992511005
0.999208093
0.9991677391
0.9991259137
0.9990881867
0.9990686034
0.9990647662
0.9990653271
0.9990643273
0.9990568497
0.9990349278
0.9989923608
0.9989432698
0.9989019398
0.9988567975
0.9987924736
0.9987252359
0.9987078584
0.9987526794
0.9987924252
0.9988101447
0.998801717
0.9987723145
0.9987278336
0.9987055966
0.9987677351
0.9988188399
0.9987804736
0.9986409572
0.998402611
0.9980132273
0.9973516128
0.9964692826
0.997385809
0.9981870595
0.9984198158
0.9984473566
0.9985086066
0.9986071022
0.9987732702
0.9983342963
0.9972510542
0.9959441864
0.9942451152
0.9939310927
0.9943484993
0.9934330091
0.9939868594
0.9948105122
0.9955259825
0.9961066734
0.9965758349
0.996958585
0.9972749367
0.9975401298
0.9977662213
0.9979639519
0.9981450536
0.9983257082
0.9985327924
0.9987918368
0.9984023982
0.9975454412
0.9972320016
0.9970139057
0.996312883
0.9965617228
0.9969934694
0.9973548788
0.9974516391
0.9969970065
0.9964943384
0.9954382171
0.9813953228
0.00586052491
0.004035532627
0.004035768194
0.004036243977
0.004455989592
0.005760071975
0.01449162965
0.9963079643
0.998165723
0.9985160595
0.9985342133
0.9985034312
0.9983213816
0.9976335294
0.9948862
0.01365294254
0.006936227766
0.005523295783
0.005409622946
0.005461373273
0.005246544568
0.004856153334
0.004553973195
0.004354785415
0.004209006127
0.004129289957
0.004035890964
0.004035918639
0.004035932192
0.004035980618
0.004036065819
0.004036815551
0.004035831247
0.004378051956
0.5240262943
0.9977250299
0.9971899681
0.9986826039
0.9989064194
0.9991481687
0.9991595947
0.9991118536
0.9990431343
0.9990232215
0.999076506
0.9991370394
0.9991543131
0.9991154256
0.9990652648
0.9990173257
0.9989522135
0.9988725943
0.9988223592
0.9988422963
0.9988858102
0.9989278457
0.9989616425
0.9989779198
0.9989578674
0.9988824276
0.9988080228
0.998732674
0.9986006004
0.9983983435
0.9982261272
0.9982979445
0.9986201563
0.9986884778
0.9986972087
0.99868086
0.9986539205
0.9985881149
0.9984348339
0.9985553904
0.9985348703
0.9983394467
0.9980585061
0.9976856764
0.9968629262
0.9946195838
0.9906498549
0.01169848724
0.008942368036
0.007466813537
0.007138079083
0.007447882209
0.009450126313
0.01312309883
0.9875703688
0.9817501576
0.9893633419
0.9794307519
0.006282416252
0.004744597804
0.004738291397
0.004830226166
0.004930005385
0.005039075033
0.005159896136
0.005293989131
0.005442699613
0.005607792708
0.005792473419
0.006004240641
0.006263606153
0.006633174043
0.007344190862
0.01025995771
0.01662545764
0.9903168679
0.9924808284
0.9953586836
0.9955434899
0.9952886817
0.996191846
0.9969157569
0.9976682118
0.9974156679
0.9970114993
0.9967835216
0.996151782
0.9955769886
0.007540347725
0.004481589743
0.004035980368
0.004036499651
0.004036319048
0.004036324116
0.004456526747
0.005769082536
0.01444616725
0.9962839579
0.9981544455
0.998509662
0.9984507853
0.9979645799
0.9979857229
0.997722653
0.9947562389
0.9941715352
0.9944788569
0.994323579
0.992183672
0.9872996791
0.9781273528
0.9552502086
0.9288574003
0.006426175757
0.005716396473
0.005075164329
0.00469479172
0.004450022224
0.004434400188
0.004679118577
0.004745893767
0.8690744327
0.9964090376
0.01132328549
0.009228943976
0.994378298
0.9979939193
0.9986615563
0.9987029122
0.9984836246
0.9981682062
0.9984587559
0.9987850356
0.9989814737
0.9990650855
0.9989264477
0.9988638209
0.9987627253
0.9985776168
0.9983547875
0.9982847426
0.9985761912
0.9987330489
0.9988516384
0.9989430915
0.9990095089
0.9990011887
0.9987486303
0.9986129437
0.9984412527
0.9980310839
0.997279581
0.996439032
0.997406931
0.9980821776
0.9981152092
0.9980208799
0.9980831014
0.9982297299
0.997678558
0.9976407031
0.997929278
0.997620855
0.997426846
0.9976598186
0.9979263581
0.9973340997
0.9967754454
0.9963064884
0.9949198316
0.006769750447
0.004609301329
0.004035631457
0.00403555528
0.004035926322
0.004305176743
0.005872114075
0.990993181
0.9922951114
0.9952699117
0.006855408354
0.004242183199
0.004034848241
0.004034874126
0.00403490349
0.004034953081
0.004034993313
0.004035033015
0.004035074311
0.004035111185
0.004035145537
0.004035181455
0.004035226006
0.004035301262
0.004035473296
0.004036072175
0.004318732307
0.004643390866
0.006388937994
0.01347751297
0.9927549781
0.9934261757
0.9949412189
0.9963629173
0.9970379728
0.9970647269
0.9968331026
0.9966466508
0.9971104393
0.997289718
0.9945968627
0.005992076717
0.004271328389
0.004036393145
0.004036678897
0.004036297624
0.004035962983
0.004036015306
0.004452775142
0.00573946171
0.01425427573
0.9964190249
0.996807012
0.9969023158
0.996743461
0.9916455642
0.9660391861
0.9798756458
0.9879155605
0.985877283
0.990725849
0.9942182332
0.9963032748
0.9976376552
0.9970675419
0.9963019459
0.9941838632
0.9902578116
0.9749213637
0.9896576968
0.01182329922
0.9100017334
0.9440255585
0.9951177269
0.008037046301
0.0040352025
0.004209543702
0.004894364848
0.00916101234
0.9965129779
0.9977230041
0.9965694642
0.9938513729
0.9968670643
0.9981120861
0.9988378896
0.9988139736
0.9986138573
0.9986512502
0.9983215453
0.9977218323
0.9965212291
0.9967170022
0.9976894691
0.9981746864
0.9984240074
0.9986827475
0.9989647825
0.9987396399
0.9982972678
0.9982695522
0.9981874895
0.9971986165
0.9947443108
0.9899642844
0.01130877234
0.008662514384
0.006417748116
0.006346636503
0.007026286596
0.01282687487
0.99259291
0.9949776449
0.9933794813
0.9911662808
0.9957619617
0.9981879281
0.9983574361
0.9981337604
0.9978834641
0.9980250807
0.9978741165
0.9969791876
0.01108220523
0.005217312983
0.00433510351
0.004035734009
0.005990939984
0.9969226304
0.01407048176
0.9929886186
0.9968454929
0.9862668269
0.004740871345
0.004034905614
0.004034881424
0.00403495093
0.004035000014
0.004035046265
0.00403509684
0.004035136113
0.004035164446
0.004035185125
0.004035200861
0.004035220643
0.004035251761
0.004035295205
0.004035312537
0.004035913093
0.005866972254
0.9919144276
0.9946482279
0.9934682843
0.9911089171
0.9878287842
0.008894844337
0.9944600071
0.996364029
0.9969333322
0.9969922125
0.9973566867
0.9975566137
0.9967448317
0.9899665315
0.005332502894
0.004036529761
0.004036293177
0.004036221245
0.00403607643
0.00403582019
0.004035540781
0.004035679894
0.004518988126
0.005683042018
0.9808060687
0.9938048381
0.9945709763
0.9859463355
0.006441199163
0.005483500125
0.004628631926
0.004705166905
0.005126969564
0.005886226342
0.007903984661
0.01000384255
0.982333036
0.9745879046
0.9878046887
0.9931530689
0.9931477789
0.994722435
0.9906185573
0.9806617759
0.9935512931
0.008036534134
0.004034793864
0.004034830101
0.00403480316
0.004034960476
0.00450151402
0.008094247209
0.9969616916
0.9948341426
0.006295704716
0.005531921519
0.008213296939
0.02630776194
0.9959576561
0.9977632639
0.9981722707
0.9978486113
0.9967679689
0.9944543387
0.009706285878
0.006690490033
0.006763103024
0.0075410965
0.01157896855
0.02948290787
0.9941334769
0.9957665157
0.9980438022
0.9981167199
0.9975786614
0.9965266034
0.9952816171
0.9945658544
0.009903541345
0.006159117676
0.004830020703
0.007437254565
0.9952576478
0.9855422435
0.006209198312
0.004678419582
0.004934135924
0.007023478816
0.02570582833
0.9972077829
0.9976039066
0.9979162809
0.9984211939
0.9984738017
0.9983103506
0.9973694461
0.9919871449
0.009187295147
0.009441742625
0.9962335776
0.009245600902
0.004438037464
0.007592074828
0.9951562252
0.9944674588
0.006859566684
0.004251323932
0.004034908833
0.004034968055
0.004035017112
0.004035077744
0.004035118993
0.004035145698
0.004035163325
0.004035175874
0.004035200751
0.004035241501
0.004035258168
0.004035172888
0.004493712825
0.01108137539
0.9968585027
0.9955444205
0.9931813099
0.984431534
0.005744028176
0.004484612341
0.004559064624
0.006358431749
0.9929693566
0.9963676058
0.9973784324
0.9975795312
0.9977253786
0.9977261688
0.9978206236
0.01922519154
0.004966311031
0.00403588949
0.004035964941
0.004035816464
0.004035617408
0.004035499845
0.004035355436
0.004035199122
0.004286360169
0.005601180719
0.9937071323
0.9973374239
0.99609657
0.9810281713
0.004908813227
0.004037314003
0.004037622196
0.004037135238
0.004036480609
0.004036135182
0.00422652792
0.00432884269
0.004591522022
0.005134817395
0.007673881367
0.01168962985
0.9937325415
0.991120034
0.9882696882
0.008036452719
0.004034705996
0.004034770011
0.004034798575
0.00403484024
0.004034917815
0.004035134447
0.006156793295
0.9968811458
0.9964542762
0.005491026058
0.004035439374
0.004036482693
0.004400850921
0.005285691584
0.01029621735
0.9964586035
0.9975111916
0.9979086566
0.9972248107
0.9892390265
0.004969407638
0.004035567981
0.004035667403
0.004037077396
0.00433689598
0.004647597866
0.006260590551
0.01499177739
0.9966100601
0.9969394249
0.9967951475
0.9965102788
0.9967580476
0.9966714796
0.9867338687
0.9886751086
0.9962344056
0.9765947649
0.004745150338
0.004035209431
0.004035163892
0.004035297244
0.004036594951
0.004727624978
0.006748716266
0.9917459271
0.9976511061
0.9984230319
0.998480519
0.9982608217
0.997542421
0.9977077792
0.9975432234
0.9946436751
0.006158627136
0.004037222287
0.004036462174
0.004920919813
0.9898661576
0.9968898092
0.987267054
0.004782659422
0.00403497785
0.004034985112
0.004035062212
0.004035104592
0.004035132791
0.004035149753
0.004035151677
0.004035155512
0.004035157754
0.004035191676
0.004141896534
0.005386432646
0.9948277629
0.9977502146
0.9967559947
0.9914491558
0.005942446586
0.004457061799
0.004035101541
0.004035079952
0.004034961507
0.004421501451
0.006041726752
0.9934789037
0.9968954001
0.9977075055
0.9979228524
0.9983966085
0.9986197169
0.9979587531
0.01057088042
0.004746155662
0.004035551695
0.004035556146
0.004035459466
0.004035371647
0.004035321608
0.004035342648
0.004035308207
0.004567547811
0.009776396528
0.996792362
0.9954185599
0.9952237598
0.008965005949
0.004724202243
0.004036819169
0.00403687583
0.00403638282
0.004036017919
0.00403560889
0.004035548918
0.004251175489
0.006203584036
0.9937429621
0.9948945703
0.992413794
0.9677333363
0.008036428877
0.004034676804
0.00403473096
0.004034765806
0.004034805155
0.004034855174
0.004034929313
0.004035019216
0.005431417065
0.9961599623
0.9970541171
0.006453603766
0.004035592043
0.004035260392
0.004035066333
0.004035211809
0.004625995021
0.007617071373
0.997044404
0.9982757457
0.9979963529
0.9973821709
0.01209043439
0.004686953162
0.00403511256
0.004035209257
0.004035159895
0.004035224989
0.004035738281
0.004669083967
0.006482162119
0.988693185
0.9925946397
0.9934466462
0.996059007
0.996492744
0.9959436338
0.9969598496
0.00958739818
0.004327501141
0.00403529699
0.004035280805
0.004035230519
0.004035207905
0.004035128646
0.004035022301
0.004280461235
0.005317545053
0.01325602666
0.9974263673
0.9980442198
0.9977278445
0.9978222465
0.998217947
0.9972712521
0.9885586438
0.004933308219
0.004036936103
0.00403707346
0.004297745377
0.007396166563
0.9950031644
0.9946626
0.007033233196
0.00426640316
0.004035016999
0.004035087911
0.004035127304
0.004035153946
0.004035148927
0.004035129367
0.004035061169
0.00403536371
0.005145028042
0.9743958952
0.996935216
0.9980084933
0.9962835341
0.006386296857
0.004433025883
0.004035052144
0.004035104458
0.004035069689
0.004035006585
0.004034935135
0.004034893053
0.004409995681
0.006162393653
0.9935425369
0.9968263073
0.9978697621
0.9983402911
0.9986084887
0.9984029403
0.9974366887
0.008422908818
0.004592302505
0.004035305619
0.00403534744
0.004035323789
0.00403536248
0.004035421311
0.004035578464
0.004035652655
0.005165179029
0.9437001664
0.9952692969
0.9973944369
0.9963848271
0.007435949644
0.00455390276
0.00403592231
0.004035881585
0.004035478028
0.004035486213
0.005135937946
0.8521623987
0.9907505967
0.9924891278
0.9830590857
0.01523146803
0.008036419806
0.004034663437
0.004034706545
0.004034737551
0.004034772016
0.00403480946
0.004034852012
0.004034889785
0.00403488985
0.00491415829
0.9949648048
0.9977506146
0.008777308819
0.004035904809
0.004035123459
0.004034992492
0.004034984813
0.004035004669
0.004775702779
0.01320571384
0.9974838825
0.9979984864
0.9982745952
0.9967982527
0.00630575725
0.004239244772
0.004035243741
0.004035287131
0.004035313298
0.004035304855
0.004035224838
0.004329833548
0.005238460329
0.9705533396
0.9946225454
0.9975928629
0.9977610395
0.9960653341
0.007082474363
0.004035719543
0.004035385642
0.004035349513
0.004035265214
0.004035211841
0.00403517851
0.004035132294
0.004035082027
0.004035087594
0.00403549554
0.004771533674
0.008945695436
0.9963557599
0.9973427917
0.9980824235
0.9978802498
0.9969551813
0.9955743592
0.005501269659
0.004036729157
0.004036994762
0.004036043538
0.004868816323
0.9890555624
0.9968872316
0.9882817424
0.004827481499
0.004035074888
0.004035128415
0.004035190163
0.004035185739
0.004035161528
0.004035021561
0.004564514306
0.01151458319
0.9972467066
0.9971975464
0.997450905
0.01419254106
0.004731444793
0.004035060219
0.004035080865
0.004035088554
0.004035063972
0.004035018157
0.004034969933
0.004034928885
0.004034901296
0.004034881719
0.004379710339
0.005846990933
0.9928382603
0.997238714
0.9981881566
0.9984163281
0.9985073204
0.9981573065
0.9967165643
0.007111875829
0.004462311275
0.004035205159
0.004035325908
0.004035396873
0.004035543316
0.004035682063
0.004035676973
0.0041759118
0.005031858889
0.9820940626
0.9964748522
0.9971133928
0.9950431308
0.006459210662
0.004525247828
0.004035413074
0.004521304532
0.008203336966
0.9947876013
0.9893018159
0.9865958537
0.008484307066
0.8818511939
0.008036416031
0.004034656998
0.004034692206
0.004034718999
0.004034747514
0.00403477488
0.004034798019
0.004034808632
0.004034795533
0.004034762899
0.004579450979
0.9936087723
0.9980991302
0.01161091005
0.004319604391
0.004034891949
0.004034878289
0.004034903206
0.004034962047
0.004035260641
0.005072606199
0.9875074155
0.9973882326
0.9982409428
0.9973962405
0.987736711
0.005086893749
0.004035516515
0.004035386372
0.004035422128
0.004035357095
0.004035310479
0.004373647476
0.007122781959
0.9925030403
0.9969152636
0.9976762992
0.996743195
0.9913403709
0.004949293065
0.004035229128
0.00403528987
0.004035226751
0.004035181854
0.004035169807
0.004035149798
0.00403511197
0.004035088405
0.004035137057
0.004035277725
0.004276472496
0.006908901386
0.9942678995
0.9965999091
0.9971553428
0.9968327825
0.9972712652
0.9970909754
0.006157451163
0.004036399578
0.004036534913
0.004036040001
0.004280490786
0.007193472054
0.9948217447
0.9948463042
0.007212560849
0.004283866208
0.004035208685
0.004035223619
0.004035205549
0.004172086414
0.005652597134
0.9957193262
0.9979999874
0.9970814502
0.9823944728
0.00532006072
0.004035564247
0.004035073197
0.004035055635
0.004035057557
0.004035042825
0.00403501647
0.00403498381
0.004034952549
0.004034928081
0.004034908503
0.004034891013
0.004034872185
0.004342438576
0.006023450452
0.9949550793
0.9977086848
0.9983384803
0.9984129037
0.998385451
0.9978428181
0.9955570755
0.006270848424
0.004377948284
0.004035254435
0.004035491129
0.00403564512
0.004035735058
0.004035631679
0.004035259814
0.004224127532
0.005362646666
0.9905864492
0.9966150643
0.9959814579
0.9918565154
0.006587915459
0.006055825043
0.9914148056
0.9955030942
0.9844938548
0.9855446784
0.008525084752
0.9917406173
0.008036415268
0.004034655077
0.004034686022
0.004034710004
0.004034734358
0.004034755595
0.004034769369
0.00403476918
0.004034750358
0.004034719976
0.004034693014
0.00439317209
0.9894356397
0.9969855258
0.9283910188
0.004270177311
0.004034829646
0.004034867915
0.004034894052
0.00403493259
0.004034940164
0.004237300196
0.006287399907
0.9967794245
0.9982676793
0.9979951496
0.9975037745
0.01366412144
0.004794982679
0.00403537847
0.004035426628
0.004035555102
0.005104607415
0.9769820277
0.9945784566
0.9949955822
0.9956110909
0.9962281414
0.9962073218
0.9949530441
0.005551703919
0.004035320986
0.00403521765
0.004035141872
0.004035142022
0.004035137557
0.004035107826
0.004035074486
0.004035042322
0.004035716768
0.005460016603
0.9756591154
0.9945592465
0.9931024418
0.9883387033
0.9956026443
0.9969901236
0.997991403
0.9981161968
0.008401983697
0.00403639689
0.004036136109
0.004035888004
0.004035478257
0.004821256248
0.9881468836
0.9968850952
0.9889224391
0.004910536946
0.004035381458
0.004035838176
0.005449058302
0.983934568
0.9970902999
0.9979854104
0.9955960906
0.005592686019
0.004161447273
0.00403509279
0.0040350412
0.004035029811
0.004035034278
0.004035030381
0.004035015814
0.004034994534
0.004034971506
0.004034951136
0.004034935226
0.004034926588
0.004034926132
0.004034936369
0.004034941422
0.004420365688
0.006756517082
0.9963636918
0.9980523918
0.9984645817
0.9984147421
0.9982404694
0.9974158198
0.993892436
0.006072486542
0.004430455217
0.004035446977
0.00403568957
0.004035703122
0.004035474748
0.004035303664
0.004035149728
0.004310729726
0.006007688955
0.991603384
0.9934782576
0.9944415764
0.9943800013
0.9951191859
0.9954549849
0.9723649036
0.005389769935
0.00640063935
0.01729328953
0.008036416865
0.004034656806
0.004034686974
0.004034709851
0.004034732876
0.004034753022
0.004034766725
0.004034770056
0.004034762249
0.004034751175
0.004034753028
0.004034787961
0.004424325555
0.9926201438
0.9967339574
0.9605972544
0.004383135785
0.004034882566
0.00403490643
0.004034914397
0.004034928156
0.004034933509
0.004034926164
0.004682905623
0.01204544196
0.9973551683
0.9979847198
0.9982863872
0.9969595533
0.007641190216
0.004771305512
0.004711801875
0.009930382126
0.9964449419
0.9959265832
0.9925632271
0.00633297998
0.006906836122
0.9947871722
0.9970103123
0.9974579304
0.007613801439
0.004035482111
0.004035090828
0.004035098389
0.004035111872
0.004035098829
0.004035079108
0.004034983495
0.004635016882
0.01624786466
0.9968050792
0.994865211
0.008951528844
0.004993635979
0.006008880464
0.9931644619
0.997290367
0.9985285521
0.9986754596
0.01532803207
0.004413272948
0.004035686971
0.004035612859
0.004035432701
0.004264566724
0.007021254909
0.9947989854
0.9937021961
0.007781920646
0.00538138056
0.0182705986
0.9975701186
0.9971756629
0.9972002642
0.0111877344
0.004546455533
0.004034994919
0.004035129797
0.004035091962
0.004035060835
0.004035048247
0.00403503857
0.004035025592
0.004035009004
0.004034991247
0.00403497522
0.004034963205
0.004034958023
0.004034962221
0.004034980172
0.00403500865
0.004035032318
0.004035039857
0.004541777207
0.007876692376
0.9972069134
0.99831943
0.9985705838
0.9983398649
0.997934135
0.9970369622
0.9946338057
0.006819292918
0.004610347717
0.004035571366
0.004035563165
0.004035380313
0.00403522395
0.004035172036
0.004483471207
0.006295338115
0.9851055143
0.9948917696
0.9957023279
0.9947802396
0.9919983115
0.007314175568
0.005259294918
0.005413697909
0.9914010772
0.008036420411
0.004034661499
0.004034693897
0.004034717021
0.004034741062
0.004034763923
0.004034783464
0.004034798187
0.004034809901
0.004034827095
0.004034865656
0.004034951404
0.004035089875
0.004598443473
0.02203687317
0.9962921646
0.9315115438
0.004483582765
0.004034902317
0.004034933871
0.004034944763
0.004034959247
0.004034966122
0.004034986248
0.004035193798
0.004986300482
0.9846511083
0.9972929276
0.9977455137
0.9968502729
0.9958933322
0.0123066445
0.9954609776
0.9968907866
0.9959577787
0.008404825098
0.004623798881
0.004035053226
0.004890411761
0.9824925201
0.9975763531
0.9984317876
0.01086156249
0.004255491633
0.004034985411
0.004035052475
0.004035036059
0.004035047667
0.004149503826
0.005401967275
0.9956399087
0.9966897095
0.7840259631
0.005048122573
0.004035360299
0.004034973478
0.004612674281
0.9761750099
0.9979308459
0.9987637568
0.9984572965
0.9941204378
0.005027226882
0.004035383575
0.004035458196
0.004035341583
0.00403526162
0.004856036434
0.9614881931
0.9910571719
0.9896702728
0.9966356672
0.9981935202
0.9969197413
0.9732016028
0.005130816602
0.004035276396
0.004035043101
0.004035106394
0.004035105124
0.004035086159
0.00403506922
0.004035055187
0.004035041334
0.004035026667
0.00403501214
0.00403499959
0.004034990961
0.004034988612
0.004034994675
0.00403501145
0.004035037799
0.004035071407
0.004035107491
0.004035124911
0.004035138868
0.004685747097
0.009638264522
0.9978003726
0.9985531537
0.9983475408
0.9978674644
0.9976957854
0.9972222717
0.9961510526
0.008457165479
0.004786682669
0.004035350209
0.004035230625
0.004472858745
0.005577994331
0.9728197164
0.9890224977
0.9957013418
0.9962138198
0.9935593687
0.9891872646
0.006278641831
0.988116071
0.006438813358
0.02522380811
0.008036425414
0.00403466833
0.004034705191
0.004034729229
0.004034755442
0.004034782603
0.004034809707
0.004034836642
0.004034865839
0.004034903867
0.004034960783
0.004035048267
0.004035176182
0.004035454663
0.004473004616
0.9887833341
0.9964709452
0.9918704433
0.004458731058
0.004034942498
0.004034991084
0.004035002591
0.004035002901
0.00403499175
0.004034982131
0.004034941744
0.00421661704
0.006357461887
0.9948505622
0.9956517708
0.9971036745
0.9977850638
0.9973524542
0.9963657734
0.8757901052
0.004882751555
0.004035151238
0.004034969697
0.004034865598
0.004328992657
0.9024418513
0.9982932145
0.9983313593
0.9774460618
0.004413876555
0.004035062465
0.00403506594
0.004035298462
0.005180864017
0.9538735402
0.9959509825
0.9932442366
0.004951712899
0.004122551851
0.004035000822
0.004034908571
0.004034865156
0.004229781527
0.007800995453
0.9980963155
0.9983843801
0.9977692271
0.9962853567
0.007225210132
0.004446731757
0.004035210276
0.004035342238
0.004616957034
0.005867635514
0.9495714536
0.9942097755
0.9977466817
0.9980770701
0.9949512056
0.00540788535
0.004145283106
0.004035084604
0.004035068627
0.004035103318
0.004035111968
0.004035105831
0.004035091876
0.004035076296
0.004035061134
0.00403504677
0.004035033851
0.004035023557
0.004035017298
0.004035016826
0.004035023614
0.004035038938
0.004035061788
0.004035090592
0.004035123401
0.004035159041
0.004035189064
0.004035192853
0.00403524147
0.004888287806
0.01576938468
0.9976599626
0.9974886509
0.9972473069
0.9970462418
0.9974365189
0.99742616
0.9963765634
0.007287609912
0.005054249077
0.006594204129
0.9842420551
0.9866469885
0.9906325965
0.9932427538
0.9941121462
0.9878695093
0.005886842925
0.005844313663
0.005782926923
0.006123162577
0.9877334715
0.008036431303
0.004034676387
0.00403471907
0.004034744097
0.004034772698
0.004034804305
0.004034838671
0.004034876411
0.004034920001
0.00403497467
0.004035048042
0.00403514926
0.004035289171
0.004035511233
0.004035609902
0.004331446453
0.009095915784
0.9979023394
0.994056724
0.004685854438
0.004035018955
0.004035092832
0.004035097353
0.004035078789
0.004035070374
0.004035059574
0.004035041334
0.004035255964
0.006072336921
0.9912983854
0.9970654711
0.9983719222
0.9981822133
0.9951520854
0.006113893865
0.004230300017
0.004035030972
0.00403495788
0.004034906575
0.004034851268
0.004202247612
0.008859925587
0.9981774671
0.9974197134
0.9887911326
0.005203445023
0.004035296856
0.004508545272
0.01109855613
0.9961673465
0.9954475936
0.008676771039
0.004359959731
0.004034903257
0.0040349778
0.004034913091
0.004034884997
0.004034904079
0.004035074038
0.006228959855
0.9971690616
0.9976523628
0.9972654067
0.9963803589
0.9882840003
0.00553220567
0.005041445673
0.00816490392
0.9932555857
0.9937740055
0.9973628937
0.9982852595
0.9980518982
0.009418985899
0.004500454654
0.004035064775
0.004035200546
0.004035176407
0.004035164711
0.004035151322
0.004035136157
0.004035118395
0.00403509995
0.004035082753
0.004035067679
0.004035055224
0.004035046127
0.004035041232
0.004035041765
0.004035048514
0.004035062302
0.004035082045
0.004035107019
0.004035134712
0.004035164742
0.004035191661
0.004035218508
0.004035229408
0.004035216058
0.0040355454
0.005279000402
0.9917990084
0.9962649051
0.9958687359
0.995617702
0.9964457963
0.9971052194
0.996667116
0.9929176499
0.9920064651
0.9934329479
0.9927448741
0.9924911026
0.99150423
0.7006745772
0.9925046273
0.006758655209
0.004585467809
0.9796956017
0.006203621325
0.9318290065
0.008036437494
0.004034684786
0.00403473383
0.004034759557
0.0040347902
0.004034825619
0.004034865987
0.004034912197
0.004034966395
0.00403503249
0.00403511597
0.004035223201
0.004035360799
0.004035539384
0.004035686932
0.004035689535
0.004035847352
0.007806989349
0.9975171411
0.9954437057
0.005094779337
0.004035161606
0.004035240768
0.004035197874
0.004035162635
0.004035129434
0.004035091953
0.004572331876
0.008393317502
0.9946184129
0.9963205387
0.9982104832
0.9981213815
0.9945489474
0.00530865812
0.004034982347
0.004035045397
0.004034989638
0.00403495244
0.004034924088
0.004034962272
0.004035258668
0.006729891422
0.9968872881
0.996786012
0.9959069133
0.007768125822
0.005827495667
0.9949735102
0.9962834225
0.8928993335
0.004977722032
0.004035049576
0.004034939868
0.00403496126
0.004034916022
0.004034882804
0.004034885014
0.004034949423
0.004035005915
0.005279244119
0.9950062162
0.9960859503
0.9945430307
0.9938272046
0.99201745
0.9870865402
0.9952443215
0.9964392022
0.9961537254
0.9974740638
0.9979770402
0.02386361857
0.005102090595
0.00403529274
0.004035225698
0.004035260492
0.004035246045
0.004035219963
0.004035190573
0.004035165112
0.004035142049
0.004035120969
0.004035102344
0.004035086746
0.004035074464
0.004035066031
0.004035061802
0.004035062727
0.004035068934
0.00403508129
0.004035098296
0.004035120761
0.00403514493
0.004035173781
0.004035200587
0.004035232509
0.004035257708
0.004035305877
0.004035344226
0.004035389132
0.004386299111
0.008436480127
0.9931013947
0.9935283551
0.9955304844
0.9968572945
0.9977822587
0.9977975232
0.9963916976
0.9941881648
0.9881359645
0.9831778332
0.006622391431
0.004917055588
0.006913068633
0.9945329022
0.005306691081
0.005416106747
0.007576177487
0.977046841
0.008036443451
0.004034692755
0.004034748017
0.004034774017
0.004034806113
0.004034844344
0.004034888994
0.004034940877
0.004035001403
0.004035072861
0.004035158192
0.00403525967
0.004035376106
0.004035499608
0.004035582572
0.004035584304
0.004035659931
0.004035634673
0.00602187706
0.9967419922
0.996534316
0.005812501135
0.004035406063
0.004035315856
0.004035199077
0.004035094902
0.004352933712
0.006152041805
0.9951513089
0.9961429937
0.9954594976
0.9969407532
0.9971494356
0.995639981
0.9765784939
0.004365892703
0.004034996822
0.004034984181
0.004034979385
0.004034964615
0.004034969783
0.004035064511
0.004035178179
0.005305355448
0.9934005657
0.9960064472
0.99660047
0.9951800135
0.9963851716
0.9946596836
0.005138699614
0.004126849966
0.004034924452
0.004034920437
0.004034934259
0.004034912018
0.004034891884
0.004034896776
0.004034942157
0.004035006906
0.004034997781
0.005145648819
0.9936433606
0.9939650801
0.9939613582
0.9959939895
0.996883349
0.9969635219
0.996778591
0.9947157819
0.9953820725
0.01331431857
0.005414392065
0.004036306377
0.00403534883
0.004035309777
0.00403530117
0.004035274669
0.004035246667
0.004035214328
0.004035184713
0.004035158847
0.004035136493
0.004035117482
0.004035102036
0.004035090102
0.0040350822
0.004035078202
0.004035079143
0.004035084274
0.00403509537
0.004035109325
0.004035129757
0.004035150559
0.004035178617
0.004035202092
0.004035243934
0.004035256411
0.00403530736
0.004035315712
0.004035577016
0.004661152351
0.006512708689
0.990850791
0.9924048732
0.9955827794
0.9972172168
0.9983306026
0.9986160845
0.9982580274
0.9965066357
0.9848687864
0.005568422073
0.004476106288
0.004035186288
0.004183591455
0.579104859
0.9947423366
0.007292241852
0.9872080084
0.767713784
0.008036448727
0.004034699683
0.004034760529
0.004034786446
0.004034819445
0.004034859497
0.004034906773
0.004034961831
0.004035025124
0.004035097407
0.004035179692
0.004035271573
0.004035367472
0.004035455966
0.004035507927
0.004035510949
0.004035528876
0.004035550087
0.004035353542
0.005219880416
0.9957093852
0.9973617234
0.007435276618
0.004035661555
0.004035253663
0.004403365873
0.005896991304
0.9934866428
0.9972221128
0.9967255652
0.9935252893
0.9926138301
0.009663621354
0.9950843801
0.9970782697
0.007880908199
0.004035081553
0.004035005781
0.004035027025
0.004035025869
0.004035018859
0.004035065831
0.004035207934
0.004035398321
0.006092405994
0.9941216456
0.9974684672
0.9974047709
0.9966851544
0.01006376011
0.004466665976
0.004034938766
0.004035000795
0.004034976692
0.004034957232
0.004034932072
0.004034914123
0.004034920264
0.004034947122
0.004035017154
0.004035053657
0.004035038201
0.006020490151
0.9933723765
0.9959128826
0.9973534768
0.9978428216
0.9978088348
0.9973881577
0.9957191466
0.9900090028
0.005350151441
0.004035697913
0.004035373276
0.004035341733
0.004035299829
0.004035291006
0.004035270484
0.004035246464
0.004035218847
0.004035191476
0.004035166548
0.004035145044
0.004035126921
0.004035112477
0.004035101239
0.004035093988
0.004035089828
0.004035090714
0.004035093919
0.004035103538
0.004035113591
0.004035130764
0.004035142286
0.004035170052
0.004035163577
0.004035186444
0.00403515323
0.004035191029
0.004253298788
0.005194354093
0.009730669592
0.9943568981
0.9938887191
0.99309094
0.9951920579
0.996616362
0.9980804821
0.9984603899
0.9981860737
0.997371906
0.009759196876
0.004433245976
0.004035141971
0.004035201199
0.004035166682
0.004272514203
0.010287479
0.9930470995
0.01000380816
0.7487559684
0.00803645298
0.004034705135
0.004034770637
0.004034796352
0.004034829953
0.00403487108
0.004034919672
0.004034976044
0.004035039545
0.004035109697
0.004035186633
0.004035268898
0.004035348677
0.004035417049
0.004035454859
0.004035458619
0.004035443715
0.004035407571
0.004035337369
0.004035180943
0.004766929685
0.9942945259
0.9976988513
0.009129217445
0.005023160256
0.007161976442
0.9954663111
0.9977702462
0.9982176347
0.9972806721
0.8626087626
0.005643642693
0.004584204251
0.005623861309
0.9975404431
0.9976401644
0.005531613604
0.004034990295
0.004035058834
0.004035064679
0.004035048299
0.004035052074
0.004035284721
0.004837452218
0.009870379409
0.995706309
0.9976029217
0.997914263
0.9954384791
0.005638246967
0.004035299337
0.004035043161
0.004035028967
0.00403500104
0.004034978212
0.004034953616
0.004034937114
0.004034959339
0.004034972423
0.004035046734
0.004035063129
0.00445573612
0.006073323019
0.9917583009
0.9964353726
0.9976902584
0.9978549134
0.9972669525
0.9965003147
0.9951090862
0.9951622189
0.007275932618
0.00403520451
0.004035177445
0.004035211196
0.004035232363
0.004035245185
0.004035241196
0.004035227917
0.004035208341
0.004035186552
0.00403516525
0.004035146501
0.004035130459
0.00403511789
0.004035107585
0.004035101393
0.004035096512
0.004035097284
0.004035097949
0.004035105553
0.004035107186
0.004035125416
0.004035109337
0.004035123307
0.004035083294
0.004035109326
0.004236211355
0.004954510366
0.007566912018
0.9875073479
0.9966112949
0.997034641
0.9960133245
0.9947839135
0.9959459429
0.995855388
0.9968535388
0.9973607011
0.9970103338
0.9963004257
0.9958383799
0.005394484171
0.004035162758
0.004035168932
0.004035170837
0.004035302231
0.004862942544
0.8282111003
0.9765008507
0.9618293779
0.008036455965
0.004034708832
0.004034777959
0.004034803712
0.004034837973
0.004034879752
0.004034928757
0.004034985259
0.004035047143
0.004035113072
0.004035183617
0.004035257441
0.004035323992
0.004035380537
0.004035413789
0.004035427305
0.004035402745
0.004035356528
0.004035322095
0.004035261142
0.004035271985
0.004599372301
0.9932690176
0.996144961
0.9923384276
0.9954618424
0.9978700774
0.9981976537
0.9979287639
0.02194112345
0.005305860295
0.004225553899
0.004035113911
0.004035152596
0.007527166787
0.9972191434
0.9933228059
0.00466474957
0.004034990206
0.004035016198
0.004034941417
0.004148012639
0.004844001015
0.009899638688
0.9971687917
0.9965957502
0.9963765213
0.9969077013
0.996137025
0.006191366061
0.004035011538
0.004034995127
0.004034992103
0.004034975036
0.004034974824
0.004034967681
0.0040349531
0.004035009339
0.004035068089
0.004035991332
0.004793114345
0.006632597565
0.9919895427
0.9945533582
0.9961810994
0.9974337024
0.9975720425
0.9962956599
0.9909530314
0.9853837954
0.9943213225
0.9944868631
0.004936657252
0.004035041558
0.004035121478
0.004035162124
0.004035193353
0.004035203237
0.004035200406
0.004035188972
0.004035173331
0.004035156635
0.00403514185
0.004035128648
0.004035118926
0.004035109475
0.004035104696
0.004035098851
0.004035099464
0.004035093658
0.004035105224
0.004035083146
0.004035093072
0.004035052455
0.004035083662
0.004238622518
0.00495485253
0.007550677209
0.9873310375
0.9964785286
0.9974383239
0.9973457573
0.9976283434
0.9965106786
0.9956733054
0.9965816011
0.9964651724
0.990382818
0.009057894674
0.9921786711
0.9939563184
0.9953784976
0.9927445554
0.004854899056
0.004035054041
0.004035069723
0.004504965197
0.007232176556
0.9830186653
0.9794434874
0.01792467581
0.008036457508
0.004034710628
0.004034782422
0.004034808914
0.004034844262
0.004034886534
0.004034935445
0.004034991584
0.004035050298
0.004035109923
0.004035173304
0.004035240194
0.004035292873
0.00403533769
0.004035364609
0.004035394853
0.004035367824
0.004035308735
0.004035322262
0.004035298475
0.004036398145
0.004973361622
0.009850616915
0.9967102228
0.9977867495
0.9978843051
0.9981213429
0.9975744181
0.01177968097
0.005139715324
0.004036259356
0.004035249998
0.004035213606
0.004035085464
0.004286947371
0.9742519064
0.9952658358
0.9893275425
0.004438114445
0.004035116733
0.004332508449
0.005196769482
0.7747759519
0.9973635486
0.998172537
0.9973636566
0.981256992
0.009956275846
0.995218278
0.9912949429
0.00445476189
0.004034981382
0.004034972675
0.004034938648
0.004034941096
0.004034944375
0.00403491766
0.00403498649
0.00426942074
0.00565923875
0.01922971482
0.9966523249
0.9967385569
0.9963389758
0.9964470046
0.9964159184
0.9960104603
0.9942261023
0.9654033637
0.005576839314
0.9860182089
0.9958690945
0.9836887991
0.004290199531
0.004035030065
0.004035094476
0.004035143514
0.004035163998
0.004035169572
0.00403516499
0.004035154941
0.004035142727
0.004035132767
0.00403512264
0.004035116508
0.004035107981
0.004035104895
0.004035094318
0.004035101451
0.004035074871
0.004035081715
0.004035040144
0.004035075924
0.004242440738
0.004973740864
0.007648491817
0.9879459013
0.9965578693
0.9975381213
0.9975951961
0.998047763
0.997678836
0.997775507
0.9975093128
0.9908671631
0.9758555134
0.008769971196
0.00549776949
0.004409466751
0.004802248395
0.984648091
0.9949193809
0.9954977092
0.9893163729
0.004778059947
0.004386954347
0.00575327657
0.9882624912
0.9940181795
0.009858616924
0.01817731355
0.008036457486
0.004034710475
0.004034784244
0.004034812794
0.004034849924
0.004034892523
0.004034941223
0.004034997608
0.004035051363
0.004035101617
0.004035156865
0.004035218507
0.0040352531
0.00403527862
0.004035273209
0.004035300554
0.004035236751
0.004035141742
0.004035239371
0.004332439923
0.005752515847
0.01956814916
0.9972550575
0.9976585834
0.9983639199
0.9981407156
0.9974404341
0.01316473038
0.005066621052
0.004035548365
0.004035283163
0.004035210698
0.004035185046
0.004035116658
0.004034978605
0.00467757845
0.9912248862
0.9962401535
0.009970211787
0.005019433537
0.006719169787
0.9885642535
0.99606575
0.9974342798
0.997618743
0.01628315814
0.005459333281
0.004786319281
0.9855612481
0.9951402258
0.005958734957
0.00403494104
0.004034957043
0.004034900243
0.004034887029
0.004034851533
0.004140532218
0.004772699348
0.007391855692
0.9922197102
0.9978160364
0.9981262838
0.997969826
0.9972967667
0.9974418609
0.9974119825
0.9851015726
0.9725363267
0.9926623634
0.005180973396
0.005128327901
0.9964466117
0.9975515787
0.007743924151
0.004035106332
0.004035083221
0.004035121174
0.004035133772
0.00403514079
0.004035139911
0.004035134209
0.004035125676
0.004035121039
0.004035114289
0.004035112345
0.00403510086
0.004035106419
0.004035077065
0.004035081656
0.004035038485
0.004035077352
0.004246188829
0.004991876931
0.007741235074
0.9884213333
0.9966167499
0.997564115
0.997614968
0.9980696286
0.9977374701
0.9978097401
0.9971725741
0.9925453522
0.01097016611
0.006135800207
0.004519366205
0.004261933012
0.004035531699
0.004035318254
0.004035070834
0.00472118596
0.9898202772
0.9956061272
0.9950959967
0.9899994521
0.006530573338
0.9682795447
0.9879605936
0.006532292549
0.007231984983
0.9882250367
0.008036455901
0.004034708444
0.004034783917
0.004034816779
0.0040348565
0.004034898592
0.004034947167
0.004035006917
0.004035053939
0.004035089173
0.004035135352
0.004035196993
0.004035204225
0.004035214838
0.004035146566
0.004035147819
0.004035020424
0.004186225955
0.004958767327
0.009026095166
0.9932772278
0.9977600672
0.998221506
0.9977109589
0.9976438374
0.996791785
0.9950204306
0.005709729727
0.00403552811
0.004035333909
0.004035217905
0.004035170213
0.004035134943
0.004035085091
0.004035021623
0.00403505104
0.006032873037
0.9951676372
0.995237951
0.9879010616
0.992313337
0.9957010343
0.9958350956
0.9953864121
0.008570203366
0.004870927464
0.004035940531
0.004035280084
0.005438839619
0.9947143734
0.9907132711
0.004397371083
0.004034971528
0.004034933252
0.004035056705
0.004404755619
0.005263681666
0.8516356851
0.9962864521
0.9976844805
0.9979162986
0.9981094926
0.9978626991
0.9973344227
0.993029586
0.01312829608
0.006075557285
0.00530039071
0.9975232351
0.02605034125
0.004036314586
0.006783126799
0.9974385369
0.9970020017
0.005329745919
0.004035041618
0.004035089726
0.004035094731
0.004035108309
0.004035113231
0.004035112308
0.004035107706
0.004035109247
0.004035102198
0.004035111681
0.004035082956
0.004035087053
0.004035042594
0.004035084027
0.00424996546
0.005010056738
0.007835407327
0.9888538633
0.9966709506
0.997586048
0.9976242641
0.9980682512
0.9977261204
0.9977907134
0.9971308334
0.9918776077
0.008925274657
0.005211007439
0.004311851456
0.004035714457
0.004035574117
0.004035665756
0.004035577467
0.004035394513
0.004035209505
0.004035030334
0.004865891944
0.9931593118
0.9958948122
0.9950358817
0.991609125
0.9774536268
0.007160022413
0.004580352608
0.005637771846
0.8771149439
0.008036453225
0.004034704937
0.004034782233
0.004034823041
0.004034866325
0.004034905443
0.004034953011
0.004035023836
0.004035065001
0.004035078345
0.004035110594
0.004035192203
0.00403516675
0.004035191495
0.004035142451
0.004036064885
0.004670060953
0.006080749884
0.9751254733
0.9969807744
0.9978382966
0.9979220759
0.9981829664
0.9975279545
0.9942829799
0.009595578383
0.9932157751
0.008785261449
0.004035394555
0.004035285762
0.004035164818
0.004035122029
0.0040350718
0.00403505966
0.004215354198
0.00473245307
0.006851651622
0.9944744147
0.9966091643
0.9959346409
0.9940504721
0.9931499096
0.9839972709
0.006073763983
0.004556886806
0.004035217274
0.004035184558
0.004035172823
0.004309033834
0.9820440309
0.9951974665
0.006104654167
0.004034982747
0.004197121384
0.00502849365
0.009076244426
0.9938145609
0.9966887175
0.9975802451
0.9980349172
0.9975523637
0.9967755954
0.9951028407
0.0116377163
0.00550151216
0.004397002824
0.004035695621
0.004035426494
0.01557869212
0.9977051992
0.005111075378
0.004215331854
0.9572570421
0.9969171643
0.9944219891
0.004463603463
0.004035018982
0.004035042055
0.004035077324
0.004035091393
0.004035094137
0.004035089194
0.004035104451
0.004035083091
0.004035092819
0.004035048904
0.004035093483
0.004253843375
0.005028537462
0.007932589783
0.9892578257
0.9967236853
0.997608049
0.9976344163
0.9980677152
0.9977150822
0.9977704812
0.997090157
0.9916611126
0.008795396519
0.005177812089
0.004283931808
0.004035587658
0.004035633258
0.004035657732
0.004035681287
0.004035731684
0.004035619438
0.004035430708
0.004035290742
0.004035183555
0.004035110274
0.005094345309
0.9945754368
0.9954972445
0.9934398114
0.9907848042
0.9870151626
0.00667367317
0.007880527587
0.9879819998
0.008036451063
0.004034701459
0.004034780702
0.004034834527
0.004034882327
0.004034914844
0.004034956522
0.004035048059
0.004035084669
0.004035075919
0.004035082762
0.004035156756
0.004035087733
0.004035343268
0.004364239113
0.005861342923
0.02026544225
0.9968962652
0.9970495676
0.9976510077
0.9976511012
0.99676044
0.9958476492
0.01251551797
0.005733274291
0.004510738398
0.006946312885
0.9951047948
0.004676040662
0.004035216449
0.004035196628
0.004035458022
0.004303235906
0.004912979027
0.006759242647
0.8667373643
0.9928950928
0.9957948445
0.9971728038
0.9973674865
0.9951211799
0.9711810933
0.005386385229
0.004378027693
0.004035134703
0.004035148539
0.004035151904
0.004035078386
0.004035027803
0.005743470577
0.9922653203
0.9832089946
0.005327863169
0.006311585397
0.9808855312
0.9968728103
0.9977459186
0.9981229289
0.998003413
0.9978255916
0.9965874977
0.93809436
0.005389776505
0.004489904156
0.004035399545
0.004035145736
0.004035155999
0.004035150287
0.004671649143
0.9945031174
0.939736529
0.00415653409
0.004518603426
0.9941944896
0.9980659226
0.01112776031
0.004035204875
0.004035035555
0.004035080721
0.004035086923
0.004035090111
0.00403506783
0.004035085972
0.004035052105
0.004035106848
0.00425872521
0.005048628145
0.008035490764
0.9896379149
0.9967751079
0.9976298568
0.9976447645
0.9980675068
0.9977046008
0.9977503227
0.9970468355
0.9914136007
0.00867913732
0.00516062832
0.004281028592
0.004035667983
0.004035777461
0.00403581847
0.004035798947
0.004035749012
0.004035709881
0.004035716322
0.004035611161
0.004035446982
0.004035358317
0.004035293439
0.00403521421
0.004035274339
0.005473917369
0.9943537901
0.9922283833
0.9890004013
0.9914224299
0.9921620089
0.9944912624
0.01970412757
0.008036452652
0.004034701241
0.004034783469
0.00403485468
0.004034904266
0.004034927912
0.004034960016
0.004035064816
0.004035056709
0.004035057844
0.004035212927
0.004056258515
0.00443079984
0.005580912871
0.01176115417
0.9945726521
0.9979386836
0.9983724539
0.9979154865
0.9976204134
0.996399701
0.8983067599
0.005621161449
0.004499887031
0.004035965593
0.004035648417
0.004626731093
0.9950184623
0.007558027706
0.004326255156
0.004537117996
0.006341398439
0.01138433036
0.9903119535
0.9957746135
0.9971764109
0.9960818236
0.9948862756
0.9942974244
0.995318605
0.991136798
0.005367168468
0.004271842598
0.004035230443
0.004035155181
0.004035121719
0.004035110856
0.004035154424
0.004035736616
0.00505290798
0.9877306826
0.9899948095
0.9804178443
0.9944083599
0.9970166807
0.9976402892
0.9981754382
0.9983052124
0.9980368368
0.9936419036
0.008182050294
0.004855783181
0.004142031049
0.00403491387
0.004034982142
0.004035072816
0.004035131794
0.004035131946
0.00403513187
0.006555958817
0.9928921891
0.005087473777
0.004034819036
0.005626359088
0.9981571121
0.9982039683
0.005771242506
0.004035024784
0.004035107497
0.004035084734
0.004035072364
0.004035036148
0.004035094246
0.004262374258
0.005078020002
0.00816992621
0.9900251215
0.9968258622
0.9976512389
0.9976549697
0.9980673215
0.9976941545
0.9977299512
0.9970022514
0.9911457452
0.008558056431
0.00514063298
0.004277260127
0.004035766684
0.004035899428
0.004035949094
0.004035974799
0.004035955716
0.004035848569
0.004035757507
0.004035742156
0.004035738076
0.00403562984
0.004035472202
0.004035386261
0.004035334775
0.004035258214
0.004035273786
0.004304444806
0.006500941644
0.9847094948
0.9727924824
0.9862747885
0.9925138398
0.9918323607
0.01891088104
0.008036476953
0.004034703822
0.004034794745
0.004034879755
0.004034886252
0.004034892292
0.004034964492
0.004035399888
0.004232316051
0.004412886078
0.005109371611
0.008989313063
0.3068919416
0.9955304896
0.9977422328
0.9980130329
0.9978415669
0.9981068155
0.9970577307
0.9917793717
0.007467285281
0.004723357698
0.004161234987
0.004038781601
0.004282725873
0.004424286024
0.005124762215
0.01266891896
0.9940848747
0.009150585161
0.9841908308
0.9920206616
0.9976753803
0.9977928093
0.9971496599
0.9977755024
0.9976506996
0.9931852836
0.9414028988
0.9078167352
0.9901437821
0.005156816383
0.004035290148
0.004035249746
0.004035218495
0.004035452255
0.004252261373
0.004516082088
0.006515452361
0.01543580428
0.995937618
0.9966319154
0.9966946518
0.9968407762
0.9977639252
0.9976052541
0.9974034045
0.9970791671
0.03159224533
0.005900158009
0.004305119757
0.004035040626
0.004034977168
0.004035033327
0.004035062768
0.004035101308
0.004035146673
0.004035157791
0.004035173927
0.004453160083
0.9905148004
0.9805972151
0.004284092589
0.004035097993
0.0104505012
0.9979654435
0.9944570922
0.004691034935
0.004035120027
0.004035094079
0.00403503891
0.00422639044
0.005022567455
0.008167123474
0.9904621492
0.9968867146
0.9976715133
0.9976630403
0.9980662666
0.9976831972
0.9977091625
0.9969565126
0.990861817
0.008440252703
0.005120527787
0.004273230411
0.004035817354
0.004036039291
0.004036138273
0.00403611121
0.00403605212
0.00403603287
0.0040360128
0.004035898596
0.004035771804
0.004035720304
0.004035699652
0.004035552337
0.004035438275
0.004035711366
0.004279428346
0.004489471937
0.005302924329
0.006846949546
0.7879590308
0.9710482679
0.889776333
0.97448388
0.9901078701
0.9942755627
0.9845239768
0.008036698005
0.004034711935
0.004034796584
0.004035110465
0.004206528538
0.004382755196
0.004964679874
0.007222621722
0.01393099727
0.9909277436
0.9945884989
0.9975406448
0.9986894302
0.9985156285
0.9979723918
0.9976349718
0.995902578
0.9945112961
0.01953139352
0.00856890439
0.006601957883
0.006496812694
0.007503192102
0.01345908044
0.02814006425
0.9891018844
0.9902122803
0.9967429384
0.9969837467
0.9966560202
0.9967946918
0.9955839222
0.9960313149
0.9969409384
0.9956268116
0.9918687891
0.01084372741
0.006468459388
0.004868870311
0.005502528583
0.9630849955
0.00637697789
0.004529033309
0.004549966179
0.005071250336
0.007031021345
0.01121589363
0.9832826115
0.9928335457
0.9978062942
0.9980381284
0.9980684674
0.9981054115
0.9981655677
0.9982381194
0.9977694072
0.9896619575
0.006373443109
0.00479573065
0.004037187025
0.004035164038
0.00403509236
0.004035087647
0.004035144833
0.004035159456
0.004035175417
0.004035197375
0.004035198599
0.004035186664
0.004035134215
0.005595307111
0.9917401472
0.005681812155
0.00403503837
0.004533470117
0.9939183712
0.9962269638
0.9908899057
0.004502960621
0.004204573298
0.00481520436
0.007071262991
0.9877977046
0.9968695101
0.9977100108
0.9976798612
0.9980624278
0.9976690584
0.997687036
0.9969098493
0.9905614915
0.008326601851
0.005100719453
0.00426925888
0.004035909673
0.004036112608
0.004036191378
0.004036268437
0.004036291453
0.004036179584
0.004036064475
0.00403600868
0.004035970702
0.004035776479
0.004035624097
0.004035831031
0.004266414942
0.004444926944
0.004998595449
0.007228591602
0.01298423341
0.9847289163
0.9902084678
0.9969587193
0.9966126943
0.99416783
0.987465664
0.9899341562
0.9734850922
0.9945384363
0.9925734474
0.01096145931
0.004631801763
0.004911858975
0.006664956057
0.01223119177
0.9911895904
0.9950161717
0.9976040445
0.9986750899
0.9986379085
0.9984269544
0.9985407351
0.9986384543
0.9986148725
0.9981937634
0.9976687244
0.9967741932
0.9958534933
0.9968887849
0.9978244278
0.9979315841
0.9982071003
0.9984092378
0.9986223679
0.9989060191
0.998516222
0.9978349957
0.997822199
0.9980228429
0.9975133373
0.9971246967
0.9951019634
0.9912620531
0.9862383584
0.01175836382
0.008051088598
0.006602782782
0.00625423154
0.007174405334
0.01042537728
0.9936708133
0.9929173537
0.0323719801
0.9946358927
0.9929250441
0.9963926643
0.9980390806
0.9976276675
0.9967426673
0.9968600524
0.9973339882
0.9975833221
0.9979311933
0.9977404467
0.9972974242
0.02497757337
0.005678324034
0.004224059726
0.004035091476
0.004035080045
0.004035092543
0.004035124396
0.004035149585
0.004035206836
0.004035237522
0.004035261036
0.00403528665
0.004035298351
0.004035265686
0.004035273215
0.004324418104
0.9800751918
0.9919093266
0.004565631842
0.00403536444
0.005915244575
0.9935165362
0.9958901197
0.01157374154
0.0067907244
0.9701457423
0.9957586833
0.9974552277
0.9977467574
0.9981384055
0.9976936994
0.9976711649
0.9968695444
0.9902665426
0.008222612745
0.005082049881
0.004265315653
0.004035880008
0.004036212746
0.004036385306
0.004036363341
0.004036293188
0.004036254109
0.004036234854
0.004036011365
0.004035817102
0.004035961828
0.004263456938
0.004440389233
0.004984893163
0.007144564375
0.01265610962
0.984641153
0.9907527702
0.9970632277
0.9982618358
0.9976923196
0.9963048782
0.9974398509
0.9981111387
0.9965128247
0.9939652389
0.9962198204
0.0091782528
0.9935165344
0.995372436
0.9930096502
0.9947132957
0.9961957426
0.9978408536
0.9987590429
0.998802974
0.9986929327
0.9988206771
0.9989427555
0.999024129
0.9989373208
0.9988908551
0.9988034983
0.9986706633
0.9985199367
0.9983462599
0.998183539
0.9981924751
0.9983281389
0.9986423094
0.9987709392
0.9988330209
0.9988673687
0.9988837355
0.9988692874
0.9988298319
0.9985574462
0.9984036113
0.9982939625
0.998082715
0.9975686598
0.9967632141
0.9959180614
0.9952599931
0.9967535094
0.9976801206
0.997626956
0.9978275307
0.997996555
0.9983808634
0.9983162144
0.9976608779
0.9979841281
0.9982189917
0.9975156527
0.997533813
0.9976080492
0.9975479772
0.9965687053
0.9956285015
0.9943401556
0.9947992973
0.9957851064
0.9953611649
0.007546463063
0.004799434949
0.004036699626
0.004035308114
0.004035212712
0.004035120238
0.00403508796
0.004035101395
0.004035125149
0.004035164075
0.004035197309
0.004035233685
0.004035287398
0.004035378557
0.004035586841
0.004036186735
0.004361868142
0.005769941975
0.9900709035
0.007025159061
0.00537962433
0.007859225815
0.9935218808
0.9960226325
0.9965082151
0.9967463617
0.9968986003
0.9970765239
0.9979995197
0.9979506376
0.9979528898
0.9969895364
0.9901920551
0.008159451752
0.005068973828
0.004262047163
0.004035965571
0.004036216667
0.004036301553
0.004036368094
0.004036407414
0.004036175721
0.004035965773
0.004036071217
0.004260570033
0.004436046225
0.00497226879
0.007076589523
0.01238398744
0.9841070581
0.9905799209
0.9970419465
0.9982507089
0.9977042845
0.9964275864
0.9975565567
0.9980121453
0.9966318722
0.986924756
0.9718691504
0.0113993002
0.008177499579
0.006251766855
0.0071509168
0.007084850138
0.9870649904
0.9956442397
0.9970037581
0.9984650979
0.9988129067
0.9990315545
0.9991582296
0.999236498
0.9991991602
0.9991902968
0.9991707416
0.9991485428
0.9991341314
0.9990977033
0.9990144094
0.9989136871
0.9988309437
0.9987742575
0.9987409134
0.9987603523
0.9988062824
0.9988516961
0.9988988855
0.99892191
0.9989116341
0.998882387
0.9988354496
0.9987916727
0.9987648989
0.998702287
0.9986011634
0.9984551494
0.9982290035
0.9979775141
0.9978552035
0.9978862284
0.9980544454
0.9984329028
0.9985405104
0.9985616455
0.9985850062
0.998654691
0.9987790279
0.9986406711
0.9983596941
0.9984037817
0.9980609713
0.9977978173
0.9974304642
0.996869196
0.9960133702
0.9942911722
0.9891775283
0.9715346228
0.9660363814
0.007854931787
0.005875138391
0.004849291755
0.00492959629
0.004991271124
0.005059466428
0.005136064758
0.005220607417
0.005312586253
0.00541185685
0.005518967835
0.005636046915
0.005769656225
0.005939443276
0.006208958234
0.006841184708
0.00994352965
0.01326468939
0.9863117386
0.991665827
0.9923013803
0.9893230081
0.9958610281
0.9965684346
0.9972253164
0.9975627117
0.9976685902
0.9975716711
0.9976398434
0.99801608
0.9977930376
0.9967774172
0.01085397629
0.005055911005
0.004260665193
0.004035815914
0.00403614308
0.004036345603
0.004036204525
0.004036025234
0.004036109546
0.004257663718
0.004431703698
0.004959742683
0.00701031247
0.01212533571
0.9835372943
0.9903980947
0.9970187268
0.9982371236
0.9976943697
0.9964216741
0.9975634834
0.9980273269
0.9966583304
0.9871442932
0.9682987325
0.009467272174
0.006216789884
0.004799711956
0.004382745524
0.004241466113
0.00403734431
0.004037195652
0.004037352415
0.004121242494
0.7400687679
0.9954403791
0.9982125865
0.999072083
0.999263525
0.9993537067
0.9993853178
0.9993907126
0.9993911225
0.9993782474
0.9993444594
0.9993078057
0.9992786327
0.9992447941
0.9991869114
0.9991207763
0.9990678856
0.9990350947
0.9990198756
0.9990229665
0.9990313111
0.9990325987
0.9990285088
0.9990206606
0.9989970034
0.9989617686
0.9989235797
0.998899765
0.9988953704
0.9988781674
0.9988236663
0.9987403424
0.99863599
0.9985431888
0.998502739
0.9985138994
0.9985530698
0.9985987117
0.9986525636
0.9986732486
0.9986780657
0.9987111776
0.9987728023
0.9987887188
0.9986579169
0.9984281112
0.9982518463
0.9980521351
0.9976999734
0.997227323
0.9966580305
0.9958876851
0.9947439806
0.9937543936
0.9929716994
0.9944080025
0.9951334959
0.9948096166
0.9949739197
0.9954398981
0.9958377046
0.9961893896
0.9965002963
0.9967742753
0.9970156153
0.9972287502
0.9974179707
0.9975874837
0.9977418325
0.9978868319
0.9980322397
0.9982042093
0.9985289623
0.997875336
0.9971380435
0.9967055498
0.9959953788
0.9953935077
0.9962602995
0.9971664282
0.9977947731
0.9980098649
0.9974578738
0.9968165082
0.9962392295
0.01302457185
0.01331879923
0.007581458455
0.004035923191
0.004035901651
0.00403587339
0.004036030239
0.004255216153
0.004427579881
0.004947493745
0.006945790213
0.01187966147
0.9829335283
0.9902124702
0.9969953492
0.9982234296
0.9976845394
0.9964166922
0.9975709096
0.9980424794
0.9966842095
0.9874016529
0.9699531487
0.009597251563
0.006258432609
0.004801083474
0.004375257959
0.004220678503
0.004036424364
0.004036469641
0.0040365854
0.004036827985
0.004037174909
0.004037317896
0.004037228908
0.004036141075
0.01413384772
0.9972627751
0.9988427883
0.9993873649
0.9994840524
0.9995272001
0.9995351885
0.9995261236
0.99951312
0.9994950943
0.9994645934
0.9994295215
0.9993963286
0.999361467
0.999318276
0.9992724777
0.9992338046
0.999206533
0.9991897954
0.9991811359
0.9991732689
0.9991603516
0.9991426506
0.9991218744
0.9990954971
0.9990657409
0.9990388922
0.9990241029
0.9990209585
0.9990127031
0.99898594
0.9989423643
0.9988907762
0.9988472258
0.9988240884
0.9988183862
0.9988190274
0.9988157621
0.9988140315
0.9988155864
0.998816089
0.9988299979
0.998855665
0.9988560828
0.9987813557
0.9986305756
0.9984730622
0.9983247857
0.9981120611
0.9978649815
0.9976366098
0.9974478065
0.9973333583
0.9973692993
0.9975079017
0.9975845593
0.9978234852
0.9978323841
0.9978331502
0.9979091722
0.997993797
0.9980734492
0.9981478637
0.9982175714
0.9982828928
0.998343779
0.9983996116
0.9984488119
0.9984881797
0.9985119045
0.9985103533
0.9984700248
0.9983891869
0.9983110454
0.9979567495
0.9976878499
0.9970817721
0.9960336611
0.9954515902
0.9962894101
0.9973229062
0.9978034446
0.9971333833
0.9945549637
0.006717337792
0.004600402715
0.005467570436
0.9938694027
0.005183982413
0.00449759608
0.004992363303
0.006933141316
0.01170481633
0.9823387681
0.9900248684
0.9969718213
0.998209639
0.9976748478
0.9964126734
0.9975787063
0.9980575324
0.9967099187
0.9876551133
0.9714922081
0.009735991599
0.006305830914
0.004811667801
0.004378662888
0.004222565557
0.0040358266
0.004035779805
0.004035856455
0.004036101502
0.004036590918
0.004037066625
0.004037219114
0.004037213557
0.004037213612
0.004037303079
0.004037271464
0.004036308859
0.007510348646
0.9974377111
0.9992364633
0.9995782072
0.9996233903
0.9996390453
0.9996350564
0.9996202128
0.9996010505
0.9995784062
0.9995501014
0.999518541
0.9994865219
0.9994534771
0.9994178444
0.9993822757
0.9993507359
0.9993253125
0.9993057724
0.9992903
0.9992750275
0.9992569938
0.9992361287
0.9992134723
0.9991892674
0.9991658164
0.9991468428
0.9991362351
0.9991324064
0.9991268557
0.9991128322
0.9990903123
0.9990634621
0.9990394117
0.9990225707
0.9990111697
0.9990003616
0.9989863032
0.9989719911
0.9989609523
0.9989539963
0.9989539876
0.9989566129
0.9989429379
0.9988899887
0.998798295
0.9986946075
0.9985912327
0.9984768549
0.9983678759
0.9982896647
0.998253204
0.9982626799
0.998316192
0.998383141
0.9984170668
0.9984058009
0.9983904069
0.9983801207
0.9983871559
0.9984035745
0.9984211728
0.9984375301
0.9984525832
0.9984664921
0.9984790221
0.9984891761
0.9984947051
0.9984913808
0.9984721543
0.9984270322
0.998347218
0.9982455994
0.9981780828
0.9981534112
0.9979809143
0.9975234493
0.9966784667
0.9955193937
0.9941476134
0.9923632073
0.9920273848
0.01283804546
0.008075748193
0.006160205137
0.005683411494
0.007070440756
0.9548859695
0.01094364364
0.9881044729
0.9900315442
0.9969469151
0.9981966598
0.9976635595
0.9964072855
0.997586345
0.9980724064
0.9967354111
0.9879037063
0.9729140208
0.009880990744
0.006354415657
0.004822475704
0.004382279975
0.004224739735
0.004035481931
0.004035342581
0.004035337859
0.004035441832
0.004035727742
0.00403605586
0.004036221134
0.004036345895
0.00403656273
0.004036967807
0.004037295498
0.004037478002
0.004037607309
0.004037778769
0.00403784089
0.004036977114
0.005345298836
0.9947323775
0.9995145716
0.9997063255
0.9997187018
0.9997164089
0.9997041035
0.9996857116
0.9996641454
0.999640121
0.9996132117
0.9995843605
0.9995546383
0.9995242031
0.9994931123
0.9994628679
0.9994352349
0.9994110895
0.9993902332
0.9993715356
0.9993529965
0.9993331594
0.9993120584
0.9992905611
0.9992696819
0.9992513549
0.9992377471
0.9992302319
0.9992271709
0.9992239672
0.9992169488
0.999205493
0.9991910823
0.9991764674
0.9991632656
0.999150756
0.9991371303
0.9991213157
0.9991051082
0.9990907007
0.9990790359
0.9990703449
0.9990606614
0.9990403238
0.9989994575
0.9989397192
0.9988734382
0.9988086125
0.9987486301
0.9987047717
0.9986862249
0.9986937565
0.9987221594
0.9987618749
0.9987970041
0.9988099694
0.9987937767
0.9987627623
0.9987363402
0.9987149322
0.9986958117
0.998677448
0.9986584865
0.9986384975
0.9986174449
0.9985952175
0.9985713484
0.9985447449
0.9985133931
0.998474287
0.9984245283
0.9983659572
0.9983154533
0.9983013267
0.9983055913
0.9982275371
0.9979818682
0.9975618283
0.9969953202
0.9962113914
0.9947836901
0.9913875549
0.9911624176
0.9938603873
0.9941962187
0.9946691872
0.9966273426
0.9958926083
0.996760444
0.9971801731
0.9959460256
0.9975220332
0.998081769
0.9967514049
0.9881093955
0.9741885476
0.01003256472
0.006404313709
0.004833466676
0.004386043406
0.0042271101
0.004035317056
0.004035119094
0.004035070299
0.00403510064
0.004035262505
0.00403545063
0.00403554092
0.004035608279
0.004035721813
0.00403596325
0.004036200996
0.004036398972
0.004036619922
0.004036954074
0.004037353804
0.004037739815
0.004038128777
0.004038570396
0.004038916253
0.004038063977
0.004634815884
0.977545217
0.9997260227
0.9997968203
0.9997839747
0.9997690842
0.9997512388
0.9997311433
0.9997094146
0.9996860147
0.9996607419
0.999633981
0.9996062382
0.9995778931
0.9995495572
0.9995223715
0.9994973364
0.9994747774
0.9994542809
0.9994348448
0.9994151972
0.9993946078
0.999373377
0.9993525902
0.9993338022
0.9993189621
0.9993096096
0.9993059475
0.9993060374
0.9993065429
0.999304864
0.9993001078
0.9992926162
0.9992833182
0.9992726659
0.9992603399
0.9992459322
0.9992298246
0.9992137334
0.9991993496
0.9991871949
0.9991760928
0.9991620886
0.9991393279
0.9991038491
0.9990581864
0.9990099346
0.9989661342
0.9989335662
0.9989204612
0.9989303719
0.9989596656
0.9989996553
0.9990389957
0.9990659462
0.999071889
0.9990552749
0.99902367
0.9989872834
0.9989501441
0.9989120997
0.998872868
0.9988319802
0.9987889488
0.9987434616
0.9986953756
0.9986447463
0.9985920177
0.9985384801
0.9984871798
0.9984444513
0.9984214731
0.9984319188
0.998476669
0.9985215167
0.9985125142
0.998426005
0.9982840874
0.9981299086
0.9979862607
0.9978438227
0.9976984867
0.9975005863
0.9974757679
0.9972554993
0.9967622113
0.9960016047
0.9957063927
0.995909661
0.9966877323
0.9883943586
0.9765874538
0.01046489722
0.006515542054
0.004849303123
0.004390751553
0.004229889564
0.004035334264
0.004035123341
0.004035062506
0.004035069132
0.00403517332
0.004035291508
0.004035355341
0.00403541217
0.004035489991
0.004035641136
0.004035803171
0.004035948436
0.004036100518
0.004036313329
0.004036583002
0.004036874117
0.004037195904
0.004037599185
0.00403810395
0.004038708667
0.00403943905
0.004040371024
0.004041564477
0.004042289871
0.004474423958
0.7183212214
0.9994903304
0.9997367779
0.9996468863
0.9995943703
0.9995521353
0.9995121821
0.9994714711
0.999428089
0.9993809565
0.999330449
0.9992773896
0.9992226672
0.9991677914
0.9991152091
0.9990669764
0.9990237125
0.9989844112
0.9989468182
0.9989082046
0.9988669768
0.9988236773
0.9987807974
0.9987421862
0.9987126659
0.998696053
0.9986929108
0.9986990856
0.9987074664
0.9987121674
0.9987106507
0.9987028771
0.9986899816
0.9986724497
0.9986495873
0.9986209518
0.9985879228
0.9985545655
0.9985252703
0.9985019647
0.9984824276
0.9984582388
0.9984175758
0.9983528623
0.9982686256
0.9981788659
0.9980985
0.9980430984
0.9980300445
0.9980662985
0.9981432325
0.9982409615
0.9983347225
0.9984003043
0.9984210668
0.998393735
0.9983306094
0.998250182
0.9981629245
0.9980716983
0.9979766252
0.9978767604
0.99777072
0.9976571419
0.9975350501
0.9974042477
0.9972662118
0.9971260392
0.9969959617
0.9968999619
0.996874868
0.9969548797
0.9971287003
0.9973105971
0.9973974123
0.9973568151
0.9972402046
0.9971287078
0.9970724575
0.9970660644
0.9970636697
0.9969480135
0.9965710258
0.9958593079
0.9943995201
0.9909055357
0.9825545395
0.9791295618
2.226285917e-08
0.01428307706
0.009890073163
0.008935091131
0.008040222804
0.008038347312
0.008037638164
0.008037326949
0.008037752428
0.008038124462
0.008038281707
0.008038313315
0.008038406298
0.008038684867
0.008039087445
0.008039392106
0.008039668459
0.008040044784
0.008040611801
0.008041203937
0.008041796921
0.008042479745
0.008043352875
0.008044366655
0.00804551421
0.008046883539
0.00804861734
0.008050822298
0.008053719648
0.008057769622
0.008063791864
0.008073493078
0.00806328672
0.01637349334
