0.9996617532
0.9997441325
0.9996341832
0.9995772879
0.9995351497
0.9994968803
0.9994581243
0.9994169138
0.9993721119
0.9993229575
0.999269564
0.9992133885
0.9991567057
0.999101303
0.9990477091
0.9989954171
0.9989432014
0.9988893885
0.9988326938
0.9987732401
0.9987130932
0.9986563297
0.9986085177
0.9985752853
0.9985596069
0.9985599132
0.9985714445
0.9985891769
0.9986093185
0.9986292142
0.9986485452
0.9986692594
0.9986940693
0.9987252458
0.9987627622
0.9988028588
0.9988369472
0.9988535636
0.9988440731
0.9988063927
0.9987441672
0.9986630145
0.9985668617
0.9984563954
0.9983370928
0.9982213195
0.9981228002
0.9980501697
0.9980127163
0.9980276364
0.9981111767
0.9982504442
0.9984049791
0.9985368073
0.9986226121
0.9986554548
0.9986410461
0.9985918753
0.9985198938
0.9984326321
0.9983334969
0.9982232473
0.9981010937
0.9979652683
0.9978132025
0.9976414774
0.9974458412
0.9972223437
0.9969731287
0.996722252
0.9965319705
0.9964881458
0.9966138066
0.9968367324
0.9970759929
0.9972900384
0.9974546992
0.9975479933
0.997570504
0.9975704734
0.9975606161
0.9972910205
0.9966145681
0.9957266441
0.9938847444
0.990855185
0.02641706814
0.01105368751
0.008652658008
0.008081500833
0.008082170529
0.008082658736
0.00808286505
0.008083032384
0.008083198199
0.008083402553
0.008083589858
0.008083804372
0.008084035642
0.00808423854
0.008084447556
0.008084704523
0.008085007375
0.008085324112
0.008085624793
0.00808589386
0.008086144569
0.008086409075
0.008086729219
0.008087160573
0.008087831386
0.008088871789
0.008090373487
0.008092430404
0.008095248674
0.008099323307
0.00810595085
0.008117771503
0.008122082701
0.01049147356
0.4506932683
0.9995889586
0.9998410567
0.9998092577
0.9997800832
0.9997555443
0.9997329238
0.9997107226
0.9996880489
0.9996642372
0.9996387078
0.9996112822
0.9995825037
0.9995534179
0.9995249287
0.9994973999
0.9994707661
0.9994446271
0.9994182537
0.9993909353
0.9993624825
0.9993334938
0.9993054529
0.9992806353
0.9992616161
0.9992500814
0.9992458161
0.9992471626
0.9992522106
0.9992592969
0.9992668478
0.999274187
0.9992818011
0.9992907269
0.9993022499
0.999316982
0.9993337624
0.9993486264
0.9993555691
0.9993498788
0.999330467
0.9992997585
0.9992620539
0.9992205263
0.9991753946
0.9991282535
0.9990840708
0.9990472993
0.9990182203
0.9989956881
0.9989853368
0.9989993439
0.9990407963
0.9990972165
0.9991515063
0.9991895574
0.9992047859
0.9991984619
0.9991764073
0.9991445447
0.9991064408
0.9990638143
0.9990173022
0.9989669606
0.9989125354
0.9988535627
0.9987893248
0.9987186267
0.9986393978
0.9985487593
0.9984469294
0.9983493909
0.9982908045
0.9982913799
0.9983321728
0.9983861545
0.9984389097
0.9984754965
0.9984718626
0.9984066158
0.9982890249
0.9982448647
0.9983804937
0.9982211866
0.9976937553
0.9974021591
0.9969909191
0.9969725945
0.9951858579
0.8481036395
0.005514167164
0.004471573758
0.004057738421
0.004057437192
0.004057473113
0.004057528213
0.004057577935
0.004057619533
0.004057668536
0.004057732581
0.00405777704
0.004057819332
0.004057876034
0.00405793808
0.004057997535
0.004058054063
0.004058110254
0.004058175817
0.004058265163
0.004058389496
0.004058561355
0.004058824279
0.004059211155
0.004059723641
0.004060356659
0.004061117284
0.00406199548
0.004062901794
0.004063393711
0.004062949865
0.005078765043
0.4841677619
0.999338125
0.999723559
0.99975394
0.9997410993
0.9997184022
0.9996934109
0.9996680161
0.9996425429
0.9996165278
0.9995889754
0.9995593502
0.9995283587
0.9994974824
0.9994678201
0.9994396817
0.9994130935
0.9993877891
0.9993628348
0.9993370911
0.9993099279
0.999281453
0.9992527333
0.9992259773
0.9992041605
0.9991892655
0.9991809042
0.9991775845
0.9991782284
0.9991816983
0.9991856346
0.999188661
0.9991909847
0.9991933958
0.999198149
0.9992078681
0.9992229955
0.999238067
0.9992428393
0.9992301055
0.9991997239
0.9991574835
0.9991136627
0.9990788528
0.9990501049
0.9990242127
0.9990046777
0.9989931721
0.9989829644
0.9989628311
0.9989284237
0.9989009197
0.9989000909
0.9989232449
0.9989576616
0.998980403
0.9989780809
0.9989549392
0.9989240936
0.9988945203
0.9988673444
0.9988413055
0.998815396
0.9987891169
0.9987622777
0.998734765
0.9987062556
0.9986756985
0.9986402665
0.9985933843
0.9985226882
0.9984193102
0.9983184518
0.9982557053
0.9982123083
0.9981639906
0.9981148625
0.9980568931
0.9979347348
0.9976588062
0.9970725304
0.9959556872
0.9963935832
0.9973437522
0.9968253986
0.9966113805
0.9970266061
0.9975673028
0.9980972241
0.9974583784
0.9968661954
0.9958041284
0.01134364007
0.005460332397
0.004402218538
0.004057516372
0.004057257234
0.004057310617
0.004057375938
0.004057436361
0.004057470199
0.004057474511
0.004057498719
0.004057528288
0.004057548386
0.004057558523
0.004057561263
0.004057573972
0.004057625005
0.00405773506
0.004057896637
0.004058169212
0.0040585786
0.004059080957
0.004059621186
0.004060171381
0.004060721529
0.004061295701
0.004061351271
0.004059682168
0.00547179048
0.9889923324
0.9990258764
0.9995904346
0.9996505098
0.9996673604
0.9996550708
0.9996317178
0.9996053989
0.9995790479
0.9995527145
0.9995243073
0.9994923322
0.999458017
0.9994241805
0.9993926053
0.9993635738
0.9993374296
0.9993142648
0.999292551
0.9992700674
0.9992452723
0.9992172741
0.9991863838
0.9991551388
0.9991280912
0.9991081856
0.9990941274
0.9990842303
0.9990798498
0.9990813577
0.9990838576
0.9990838716
0.9990809437
0.999074798
0.9990688571
0.9990710646
0.9990882451
0.9991123837
0.9991216881
0.9991010328
0.9990492553
0.9989751213
0.9988967712
0.9988489062
0.99885559
0.9988761556
0.9988995786
0.9989270164
0.9989473273
0.9989450464
0.998900002
0.9987982741
0.9987036943
0.9986486422
0.99864323
0.9986659907
0.9986474443
0.9985898777
0.9985347718
0.9985087142
0.9985066796
0.9985171045
0.9985328369
0.9985505291
0.9985688334
0.998587199
0.9986051552
0.9986217132
0.9986344936
0.9986379038
0.9986182152
0.998542252
0.9983764246
0.998216949
0.9980751681
0.9979014548
0.9977254419
0.9975919381
0.9974397872
0.9971511594
0.9965867914
0.9951300064
0.9925203294
0.01160943745
0.009380916173
0.9890786741
0.9912542124
0.9952636812
0.9981263944
0.9983072044
0.9981494774
0.9984544727
0.9984138479
0.9979286432
0.9954377779
0.01082196503
0.005412963337
0.004388484744
0.004057519495
0.004057336161
0.004057439025
0.004057526327
0.0040575025
0.004057474823
0.004057455378
0.004057438508
0.004057408371
0.004057379808
0.004057398531
0.00405751352
0.004057727553
0.004058070377
0.004058513586
0.004058969312
0.004059371939
0.004059692271
0.00405990378
0.004060261687
0.004060221065
0.004059797068
0.007925316039
0.9948949712
0.9986153522
0.9994144187
0.9995126313
0.9995535216
0.9995540718
0.9995340542
0.9995083416
0.9994842153
0.9994625363
0.9994375603
0.9994047458
0.9993664696
0.9993285555
0.9992937621
0.9992618072
0.9992346797
0.999214621
0.9991991572
0.9991838095
0.9991656613
0.9991420014
0.999110385
0.9990729131
0.9990376475
0.9990097676
0.9989847649
0.9989588538
0.9989406521
0.9989416766
0.9989501588
0.9989545237
0.9989520062
0.9989391506
0.9989184024
0.9989024075
0.9989193745
0.9989637536
0.9989877268
0.9989586021
0.9988715463
0.9987335107
0.9985561996
0.9983878987
0.9983957724
0.9986906599
0.9988010273
0.998884943
0.9989401015
0.9989697671
0.9989695877
0.9988825258
0.9984869256
0.9981670464
0.997927485
0.9978846899
0.9980333282
0.9979021603
0.9977988977
0.9978089561
0.9978921181
0.9979995807
0.9981094341
0.998213854
0.9983107235
0.9983999358
0.9984819489
0.998557255
0.9986261448
0.9986883894
0.9987419317
0.9987726153
0.9987019697
0.9982448263
0.9979382146
0.9976325908
0.9972617984
0.9970668184
0.9970770673
0.9971148704
0.9970751936
0.9968249355
0.9962586934
0.9952664726
0.9862289493
0.9726843809
0.006437845816
0.004939533736
0.006681409777
0.01812625251
0.9959168191
0.9979494561
0.9984485283
0.9985317156
0.9985200347
0.9983974543
0.9978863286
0.9952480454
0.01021737105
0.00536427887
0.004433727281
0.004058278921
0.004057709457
0.004057480254
0.00405737606
0.004057324073
0.004057247257
0.004057164298
0.004057141729
0.004057256256
0.004057591316
0.004058257406
0.004058645229
0.004058954444
0.0040591499
0.004059282177
0.004059263157
0.004059466052
0.004059144884
0.004197845331
0.01783090408
0.9976057089
0.9982845013
0.9991595131
0.9993179577
0.9993897551
0.9993971991
0.9993739874
0.9993453338
0.999327581
0.9993239149
0.9993170536
0.9992905827
0.9992491804
0.9992065117
0.9991665365
0.9991251504
0.9990879091
0.9990686719
0.9990649537
0.9990655164
0.9990644741
0.9990569465
0.9990350586
0.9989927859
0.9989441423
0.9989031028
0.9988581436
0.9987941293
0.9987271833
0.9987093801
0.9987530245
0.9987919446
0.9988093023
0.9988007802
0.9987714016
0.9987271871
0.9987058326
0.9987694992
0.9988241079
0.998791333
0.9986558984
0.9984267374
0.9980691283
0.9974889282
0.9967177485
0.9975115157
0.9982471575
0.9984960802
0.9985269168
0.9985836354
0.9986727627
0.9988276047
0.9984046536
0.9973296621
0.995918474
0.9941427807
0.9942780285
0.9945207957
0.9930317903
0.9935006347
0.9944191324
0.9952288196
0.9958813517
0.9964030407
0.9968243054
0.9971693172
0.9974562271
0.997699101
0.9979100978
0.9981019948
0.9982917721
0.9985068041
0.9987723124
0.9983814212
0.9975236382
0.9972100196
0.9969875734
0.9962802986
0.9965357658
0.9969811287
0.9973544206
0.9974634107
0.9970242908
0.9965373363
0.9954925786
0.9819635409
0.005988517755
0.004058202371
0.004058601011
0.004059546815
0.004490735178
0.005619156225
0.01234790257
0.9959516246
0.9980775836
0.9984828156
0.9985359089
0.9985177724
0.9983594013
0.997706931
0.9950624791
0.01429337532
0.007021123248
0.005565145607
0.005444784817
0.005494814001
0.005279797688
0.004885727024
0.00458077224
0.004379311455
0.004232366409
0.004151927047
0.004058509358
0.004058555509
0.004058578793
0.004058655764
0.004058778898
0.004059874782
0.004058429866
0.004408522534
0.6300227917
0.9977498565
0.9972425208
0.9986745933
0.9988898588
0.9991402008
0.9991518336
0.9991044995
0.9990376166
0.99902005
0.9990737576
0.9991337706
0.9991506559
0.9991118264
0.999061986
0.9990143446
0.9989496319
0.9988707371
0.9988213582
0.9988415863
0.9988849804
0.9989268172
0.9989603673
0.9989763555
0.9989561018
0.9988810675
0.9988070998
0.9987318627
0.9986001125
0.9983988084
0.99822716
0.9982964938
0.9986155953
0.9986832365
0.9986916391
0.9986746616
0.9986466009
0.9985793985
0.9984271803
0.9985509003
0.9985405376
0.9983655794
0.9980724739
0.9977078571
0.9969647136
0.9951137202
0.9923213377
0.01344397646
0.009691817291
0.008005553465
0.007532379919
0.007859973144
0.01028174565
0.01543084002
0.9904968307
0.9850101333
0.9868121046
0.9810668927
0.006674382908
0.004773711684
0.004724864279
0.004815437553
0.004914571983
0.005022688916
0.005142583408
0.005275961396
0.005424260315
0.00558930815
0.005774363114
0.005986950617
0.006247491484
0.006618100233
0.007327587971
0.01020916629
0.01652981838
0.9901037766
0.9923836465
0.9952940176
0.9954639459
0.9952276093
0.9961775459
0.9969300019
0.9976932951
0.9974575855
0.997066901
0.9968293979
0.9961492359
0.9954279272
0.007458174832
0.004495658785
0.004058748
0.00405927493
0.004058837404
0.004058710012
0.004444458062
0.005663435109
0.01322464509
0.9960934759
0.998112136
0.9984978447
0.9984582409
0.9979855309
0.9980031567
0.9977320131
0.9947674137
0.9941600894
0.9944397363
0.9942808106
0.9921319532
0.9871894889
0.9777651128
0.9537070134
0.9322395215
0.006441351409
0.005729973122
0.005091774552
0.004715049667
0.004470341814
0.0044556466
0.004707900745
0.004782414613
0.8779359781
0.9965046298
0.01155969601
0.009461226958
0.9944678209
0.9979677461
0.9986473155
0.9986852588
0.9984653177
0.9981581714
0.9984559574
0.9987807316
0.9989763854
0.9990592597
0.9989206912
0.9988581277
0.9987568991
0.9985721175
0.9983508186
0.9982827506
0.9985739687
0.9987304971
0.9988488089
0.9989399677
0.9990058118
0.99899639
0.9987448998
0.9986095735
0.9984376204
0.9980282364
0.9972803199
0.9964405235
0.997393875
0.9980674834
0.9981002615
0.9980049079
0.9980650838
0.9982090048
0.997646452
0.9976049488
0.9979025235
0.9976554069
0.9974629641
0.9975915969
0.9978515503
0.9973141776
0.9970696073
0.9968096512
0.9953132599
0.006622503451
0.004614717813
0.004058689515
0.004058566402
0.00405913297
0.004385235464
0.005453090549
0.9448264376
0.9870860356
0.9951410952
0.007063006175
0.004268339691
0.00405695494
0.004056981955
0.00405701029
0.004057074305
0.004057131858
0.004057189714
0.00405725244
0.004057311081
0.004057367133
0.004057426097
0.004057497763
0.004057613637
0.004057872991
0.004058783772
0.004341458746
0.004669068979
0.006381603303
0.01316755191
0.9925867236
0.9934638518
0.9950540392
0.9964531639
0.9971059226
0.9971368511
0.9968991032
0.9966779102
0.9970772071
0.9972201411
0.9943571724
0.005976411405
0.004290186885
0.004058954841
0.00405920958
0.004058723597
0.004058294343
0.004058395531
0.004458138571
0.005709819375
0.01392026201
0.9963819722
0.9968238578
0.996940095
0.9967795604
0.991796066
0.9673155422
0.9796412724
0.9877595129
0.985602511
0.9905820716
0.9941469567
0.9962634978
0.9976177982
0.9970367381
0.9962358372
0.9940719581
0.9900654813
0.9741597925
0.9892996206
0.01172896685
0.9121176431
0.9468888476
0.9952191843
0.008080765577
0.004057528203
0.004235283798
0.004918934071
0.009207139271
0.9964280485
0.9976591185
0.9964668918
0.9938048575
0.9968685725
0.9981065396
0.9988304023
0.9988050686
0.9986040107
0.998641127
0.9983095588
0.9977079314
0.9965091101
0.9967120042
0.9976853582
0.9981700334
0.9984191379
0.998678026
0.9989586518
0.9987322551
0.9982908149
0.9982633769
0.9981804375
0.9971941574
0.9947607672
0.9900448952
0.01143527792
0.00869937156
0.006450809403
0.00637796367
0.007054421898
0.01283997955
0.9924681493
0.9948898419
0.9933617887
0.9907103089
0.99542005
0.9979723459
0.9981629321
0.9980326041
0.9982986927
0.9982787899
0.9979280404
0.9970144349
0.01256804636
0.00540585958
0.004392878115
0.004058487294
0.005602731219
0.9920343328
0.69070932
0.9910775241
0.9969143771
0.986852749
0.004767856602
0.00405702869
0.004056963438
0.004057052077
0.00405712479
0.004057192169
0.004057269049
0.004057332978
0.004057381986
0.004057420161
0.004057450227
0.004057483372
0.00405752825
0.004057584547
0.004057598457
0.004058365079
0.005774614764
0.99122364
0.9945382263
0.9936598838
0.9917403308
0.989120886
0.009230842731
0.9947097147
0.996497238
0.9970149419
0.9970294796
0.9973499533
0.9975233763
0.9966724232
0.9894468529
0.005341685249
0.004059266939
0.004058763117
0.004058618099
0.004058436884
0.004058144778
0.004057815907
0.004058104219
0.00454059494
0.005729396451
0.9821746631
0.9940345626
0.9947685585
0.9870350372
0.006546270803
0.005520539009
0.004655012694
0.004729083584
0.0051519108
0.005916300008
0.00795365939
0.01010057884
0.9820772288
0.9743719325
0.9877954764
0.9931803779
0.9930862662
0.9945822876
0.9903175041
0.9813028317
0.9936495892
0.008079977185
0.004056904814
0.004056981586
0.004056907143
0.004057086834
0.004520048261
0.007983717675
0.996807954
0.9944474714
0.006265992139
0.005577358194
0.008302860181
0.0276678735
0.9959227261
0.9977417279
0.9981534742
0.9978261048
0.9967326842
0.9943808168
0.009776133886
0.006747637296
0.006822243323
0.007617850588
0.01178949528
0.03212198992
0.9941202858
0.9957588588
0.9980344111
0.9981081569
0.9975735668
0.9965366542
0.9953114205
0.9945577122
0.009991738816
0.006191866536
0.004854424151
0.007490677178
0.9952421442
0.9861910588
0.006282003888
0.004706525811
0.004913209378
0.006576089579
0.01540807961
0.9961942505
0.9981274997
0.9985814328
0.9986206518
0.9985584519
0.9984178277
0.9976170963
0.9933044353
0.009938068298
0.009023009144
0.996820677
0.01035710602
0.004780419629
0.00794753775
0.9953633535
0.9945863315
0.006924406874
0.004273317561
0.004056987828
0.004057071987
0.004057143282
0.004057236094
0.004057305617
0.004057354265
0.004057389876
0.004057416954
0.004057458562
0.004057519278
0.004057542563
0.004057408894
0.004493300277
0.01046909115
0.9967074134
0.9956069109
0.9936360748
0.9868784206
0.005886233759
0.00453251679
0.00460145594
0.006517647166
0.9934621244
0.9965009167
0.997429141
0.9975966352
0.9977188118
0.9977004189
0.9977775958
0.01894445813
0.004985490216
0.004058302924
0.0040583383
0.004058150226
0.004057902611
0.004057771539
0.004057604653
0.004057414182
0.00431542688
0.005682232139
0.9939848044
0.9974068509
0.9962207008
0.982757458
0.004965483329
0.004060670115
0.004061346794
0.004060616567
0.004059576012
0.004059028806
0.004251664683
0.004355490217
0.004622280974
0.00517599387
0.007593122451
0.01160005666
0.9936353793
0.991220346
0.988512866
0.008079842992
0.004056761132
0.004056861312
0.00405689926
0.00405694835
0.004057051077
0.004057356129
0.006114579939
0.9967037634
0.996180819
0.005437035072
0.004057831712
0.004059438301
0.004426362418
0.005314098999
0.01033335963
0.9964103062
0.9974798098
0.9978807883
0.9971851978
0.9889973347
0.004993464656
0.00405806663
0.00405823127
0.004060688048
0.004363355814
0.004677019646
0.006307220076
0.01527856088
0.9965979797
0.9969400202
0.9968080458
0.9965232757
0.9967560876
0.996655665
0.9867244208
0.9886977634
0.9962374037
0.9775512933
0.004786718505
0.004057521784
0.00405743735
0.004057551762
0.004058148377
0.004542988423
0.006353808191
0.9999999427
0.9978455332
0.9983268547
0.9984575566
0.9982815569
0.9976145691
0.9977862929
0.9976119526
0.9949061292
0.007641458058
0.004060077551
0.004059124689
0.004994210688
0.990672915
0.9969676072
0.9876742572
0.0048081029
0.004057110824
0.00405709387
0.004057207705
0.004057281375
0.004057333732
0.004057370803
0.004057385228
0.004057399015
0.004057404468
0.004057451905
0.004160515553
0.005363165048
0.9945112201
0.9977269407
0.9968591606
0.9924242792
0.006124824056
0.004507393804
0.00405739186
0.004057352448
0.004057169546
0.004463794004
0.006182395577
0.9938623791
0.9969806607
0.997740383
0.9979311056
0.9983853119
0.9986011854
0.9979264371
0.01057075171
0.004769745342
0.00405786279
0.004057843631
0.004057730324
0.004057632586
0.004057585641
0.004057633227
0.004057611608
0.004606478109
0.0101302044
0.9968550412
0.9955265458
0.9954313903
0.00931225493
0.004766265559
0.004060061843
0.004060223311
0.004059474481
0.004058880547
0.004058217462
0.004058065474
0.004249596876
0.006255743395
0.9932654809
0.9949210053
0.9925712121
0.9691361486
0.008079802464
0.004056713102
0.004056794806
0.004056845912
0.004056900585
0.004056969186
0.004057075884
0.004057206453
0.005422840308
0.9959168029
0.9968353128
0.006338764638
0.004058017167
0.004057563754
0.004057274498
0.004057493308
0.004649971429
0.007640633258
0.9970005062
0.9982515384
0.997968684
0.9973420298
0.01208439843
0.004710796448
0.004057368238
0.004057501833
0.004057429603
0.004057534081
0.004058332713
0.004697670234
0.006537416747
0.9889256184
0.9927373805
0.9935447145
0.9960830186
0.9965136548
0.9959651015
0.9969558154
0.009714028501
0.004354052659
0.004057665402
0.004057656281
0.004057597552
0.00405758597
0.004057517268
0.004057436102
0.004144292115
0.005039965905
0.009334282067
0.9969664528
0.9978701858
0.9976229367
0.9978025603
0.9982379821
0.9973672083
0.9898400727
0.004975288138
0.004059649111
0.004059968859
0.004334743778
0.007654109971
0.9952352401
0.9947697215
0.007096797127
0.004288070058
0.004057143606
0.004057253039
0.004057322459
0.004057376607
0.00405738504
0.00405736884
0.004057274415
0.004057706571
0.005146702612
0.9721710425
0.9969117726
0.9980378302
0.9965133067
0.006650387915
0.00448937398
0.004057322643
0.004057400466
0.004057344997
0.004057241978
0.004057126982
0.004057060089
0.004449808612
0.006295885262
0.993876766
0.9969057635
0.9978926464
0.9983399042
0.998599181
0.99838881
0.9974110276
0.008474886452
0.004619220616
0.00405755452
0.00405760917
0.004057596018
0.004057669051
0.004057779513
0.004058030643
0.004058210496
0.005213283404
0.9535811789
0.9954191641
0.9974734661
0.9964869634
0.007562168967
0.004580975093
0.004058698324
0.004058660849
0.004058023408
0.004057880228
0.005116704686
0.7251625516
0.9931080067
0.9929464838
0.984512706
0.015520728
0.008079786926
0.004056691313
0.004056754932
0.004056801178
0.004056851418
0.004056905299
0.004056967614
0.00405702464
0.004057026599
0.004920976738
0.9945824317
0.9976011891
0.0084520117
0.00405840456
0.004057352311
0.004057158832
0.004057149171
0.004057184473
0.004799566856
0.01320753984
0.9974471681
0.9979713084
0.9982497825
0.9967491553
0.006338212142
0.004263640104
0.004057555425
0.004057622943
0.004057663487
0.004057648317
0.004057531811
0.004357466245
0.005290801488
0.9733305447
0.994724113
0.9976130771
0.9977736558
0.9960799665
0.007143208887
0.004058307703
0.004057808455
0.004057768751
0.004057646983
0.004057564961
0.004057510976
0.004057441748
0.004057407781
0.004057383791
0.004057490968
0.004666240959
0.008141197442
0.9959518019
0.9972516424
0.9980769641
0.9979105953
0.9969986996
0.9955881868
0.005545091879
0.004059585594
0.004060030187
0.004058738857
0.004937312288
0.9899949077
0.9969643241
0.9885984067
0.004852131776
0.004057255992
0.004057321464
0.004057428507
0.004057442561
0.004057427117
0.00405722131
0.004582264112
0.0113533874
0.9972045481
0.9972238443
0.9975342588
0.01617842968
0.004810966659
0.004057347837
0.004057370931
0.004057380983
0.004057337809
0.004057261801
0.004057182918
0.004057115924
0.004057069571
0.004057038037
0.004417246344
0.005957565698
0.9931967932
0.9972855999
0.9981984258
0.9984156114
0.9985016024
0.998149284
0.9967082328
0.007183527635
0.004491645765
0.004057442464
0.004057620076
0.004057745698
0.004057978639
0.004058211978
0.004058194546
0.004200509117
0.005086375448
0.9844568854
0.9966159664
0.9971959101
0.9951341322
0.006500708518
0.004547811532
0.004057876805
0.00449827301
0.007699703364
0.9949445778
0.9920067941
0.9882900685
0.008673272995
0.8799896439
0.008079780406
0.004056680817
0.004056731819
0.004056771962
0.004056814402
0.004056855072
0.004056890077
0.004056907426
0.004056890297
0.004056842678
0.004592154504
0.9930314897
0.9979870129
0.01110807227
0.004338613324
0.004057003075
0.004056984195
0.004057019213
0.004057106786
0.00405756041
0.0050976183
0.9872007987
0.9973486764
0.9982146432
0.9973637071
0.9876184066
0.005118952276
0.004057977142
0.004057772759
0.004057826848
0.004057730637
0.004057666102
0.004403232241
0.007230136701
0.9926856817
0.9969547316
0.997699805
0.9967758238
0.9914158121
0.004978720302
0.004057565385
0.004057673197
0.004057573504
0.004057494313
0.004057463922
0.004057430952
0.004057400026
0.004057380476
0.004057398836
0.004057556962
0.004303822051
0.006871282931
0.9941105511
0.9965755836
0.997162562
0.9968374242
0.9972618893
0.9970844155
0.006203595808
0.004059222082
0.004059486854
0.004058778597
0.00431689325
0.007437412795
0.9950710468
0.9949400826
0.007273787991
0.004305211615
0.004057460153
0.004057505153
0.004057500454
0.004195513722
0.005679216233
0.9956531241
0.9979931521
0.9971302357
0.9845314302
0.005430294189
0.004058367829
0.004057366382
0.004057333409
0.004057331555
0.004057304251
0.00405725895
0.004057204448
0.004057152591
0.00405711156
0.00405707828
0.004057047802
0.004057017104
0.004377521664
0.006127580667
0.9950904256
0.9977298518
0.998343107
0.9984125968
0.9983836617
0.997844887
0.9955949068
0.006350005972
0.004409261305
0.004057541599
0.004057900028
0.004058152992
0.004058291196
0.004058135436
0.004057577722
0.004256367418
0.005466671437
0.9915753225
0.9967671267
0.9960838852
0.9918863659
0.006594225271
0.005941346575
0.9898711826
0.9953857363
0.9864688319
0.9851890965
0.008462237831
0.9915372614
0.008079778786
0.004056677402
0.004056721525
0.004056757457
0.004056794075
0.004056826284
0.004056847857
0.004056849149
0.004056822829
0.004056778366
0.004056736889
0.004409152784
0.988209089
0.9968505637
0.9023480612
0.004298479796
0.004056901611
0.004056957068
0.004056997731
0.004057058447
0.004057079036
0.00426006912
0.00630373573
0.9967117612
0.9982384739
0.9979685953
0.9974780119
0.01379699517
0.004824210187
0.004057761931
0.004057832846
0.004058045781
0.005148079886
0.9781932919
0.9946546192
0.9950611982
0.9957019172
0.9963286475
0.9962782233
0.9949848273
0.005594557324
0.004057715501
0.004057552207
0.004057424769
0.004057416498
0.004057411224
0.004057385774
0.0040573516
0.004057281158
0.004058431654
0.005530903906
0.9775696726
0.9947134572
0.9933385337
0.9883226271
0.9955443008
0.9969580513
0.9979769227
0.9981013082
0.008450523184
0.004059324286
0.004058936278
0.004058597897
0.004057982496
0.00488823975
0.9892408508
0.99696179
0.9891572105
0.004934810031
0.00405775848
0.00405863129
0.005496654746
0.9842363368
0.9970950981
0.9979994501
0.9957496701
0.005701588529
0.004192037703
0.004057386236
0.004057310496
0.004057288779
0.004057292486
0.004057282946
0.004057256751
0.004057220267
0.004057181245
0.004057146452
0.004057118642
0.004057101992
0.004057097762
0.004057108885
0.004057115004
0.004454444441
0.006865802175
0.9964051327
0.9980584379
0.9984645708
0.9984143116
0.9982434417
0.9974353943
0.9940462894
0.006164113731
0.004465031034
0.004057854547
0.004058221608
0.004058255659
0.004057916149
0.004057660137
0.004057432397
0.004352751118
0.006206193176
0.9925119324
0.9937613808
0.9943031933
0.9940202271
0.9949187788
0.9956034107
0.9786164972
0.005445953258
0.006385276428
0.0168390754
0.008079780815
0.004056679527
0.004056722078
0.004056756267
0.004056790957
0.004056821634
0.004056842975
0.004056848955
0.004056837986
0.004056820935
0.004056820874
0.004056867346
0.00443370242
0.9919439351
0.9966240405
0.9595818518
0.004410481675
0.004056975614
0.004057011069
0.004057030594
0.004057058534
0.004057071042
0.004057071801
0.004702755212
0.01194723799
0.9973035422
0.9979569213
0.9982664877
0.9969331759
0.007702468274
0.00480103618
0.004744792472
0.01011135318
0.996451787
0.9959469816
0.992615701
0.006398419653
0.007075200039
0.9950246132
0.9970535219
0.9974703582
0.007753251448
0.004057993526
0.004057345357
0.004057352851
0.004057377026
0.004057369513
0.004057346492
0.004057193062
0.004663425257
0.0168230556
0.9967858789
0.9949399045
0.009320112159
0.005044862179
0.006020667136
0.993014206
0.9972652025
0.9985146698
0.9986599523
0.01535552601
0.004435628298
0.004058276284
0.004058199053
0.004057916511
0.004300430567
0.007252425656
0.995036804
0.9937500965
0.007832803131
0.005426372161
0.01933230503
0.9975777078
0.997195923
0.9972384503
0.0117163647
0.004592156324
0.004057225229
0.004057441656
0.004057385504
0.004057334376
0.004057311839
0.004057293789
0.00405727047
0.004057241517
0.004057210744
0.004057182635
0.004057160695
0.004057149178
0.004057151926
0.004057175382
0.004057214646
0.00405724637
0.004057258277
0.004574617603
0.007989974797
0.9972106221
0.9983159608
0.9985664391
0.9983396751
0.9979465677
0.9970808082
0.9947920197
0.006952029237
0.004650147557
0.00405806441
0.004058054032
0.004057785781
0.004057551136
0.004057477699
0.004526895392
0.006497994611
0.9872298114
0.9948181807
0.9955409298
0.9947684222
0.9926593717
0.007616156255
0.005285392902
0.005424805277
0.9916349743
0.008079785778
0.004056686086
0.004056731577
0.004056766016
0.004056802132
0.004056836707
0.004056866377
0.004056888607
0.004056905613
0.004056929287
0.004056982256
0.004057101359
0.004057295086
0.004603802141
0.01324617669
0.9961673819
0.9043445466
0.004500711532
0.004057008864
0.004057058908
0.004057083988
0.004057111226
0.004057126909
0.004057161767
0.004057476318
0.00500434186
0.9839208932
0.9972449381
0.9977149331
0.9968229108
0.9958610025
0.0124314686
0.995445038
0.9968642425
0.9959392321
0.008515759273
0.004651829018
0.004057299863
0.004950491901
0.9835765535
0.9975649553
0.9984370689
0.01124542125
0.004283206129
0.004057183634
0.004057291503
0.004057272555
0.00405729084
0.004172302183
0.005440878567
0.9957190681
0.9966703587
0.8189137274
0.005089052908
0.004057774848
0.004057159051
0.004634743762
0.9756316046
0.9979122003
0.9987502571
0.9984365245
0.9939771591
0.005043786302
0.004057811371
0.004057953971
0.004057784139
0.004057660957
0.004920737106
0.967890011
0.9911886919
0.9898399466
0.9966584444
0.9981942838
0.9969329195
0.9750640519
0.005187145521
0.004057687359
0.004057301265
0.004057403556
0.004057401171
0.004057370167
0.004057341729
0.00405731743
0.004057293149
0.004057267422
0.00405724177
0.004057219056
0.004057202285
0.004057195039
0.004057200543
0.004057222193
0.004057258301
0.004057305526
0.004057356476
0.00405737982
0.004057403803
0.004716557746
0.00974890524
0.9977868086
0.9985430331
0.9983412592
0.9978745504
0.9977192904
0.9972701444
0.9962446734
0.008681397013
0.004831682631
0.0040577455
0.004057550061
0.004502040942
0.005656871426
0.9773332701
0.9900940721
0.9956488588
0.9961580728
0.9937583758
0.9895926593
0.006339084355
0.9875181433
0.006575829818
0.03864394406
0.008079792918
0.004056695841
0.004056747625
0.004056783339
0.004056822588
0.004056863396
0.004056903997
0.00405694386
0.004056986179
0.004057040194
0.004057120274
0.004057243288
0.004057423461
0.004057814991
0.004482171698
0.9873725701
0.9962894751
0.9911147988
0.004470079381
0.004057078959
0.004057154176
0.00405717809
0.004057183823
0.004057171315
0.004057161612
0.004057107253
0.004237983108
0.006358254974
0.9947135754
0.9955887322
0.9970725527
0.9977603475
0.9973303716
0.996327822
0.8744840359
0.004912160896
0.004057434737
0.004057153315
0.004056999504
0.0043554452
0.923107333
0.9982884982
0.9983450867
0.9792051763
0.004445825942
0.004057309356
0.004057319285
0.004057676994
0.005230618547
0.9585353803
0.9960637762
0.9935977798
0.004984874381
0.004143708985
0.004057200444
0.004057060048
0.004056994973
0.004253258841
0.007850850386
0.9980812413
0.998369419
0.9977391077
0.9962000806
0.007211117354
0.004466179809
0.004057553699
0.0040578077
0.004676029857
0.00599838147
0.962369909
0.9943280954
0.9977482347
0.9980705594
0.9949549247
0.005453970782
0.004170119078
0.004057348866
0.004057335057
0.004057392423
0.004057406717
0.004057396705
0.004057373851
0.004057347806
0.00405732192
0.004057296929
0.004057273915
0.004057254753
0.004057241643
0.00405723727
0.004057243868
0.004057263344
0.004057294202
0.004057334155
0.004057380234
0.004057430961
0.004057473563
0.00405747783
0.004057556772
0.004916512515
0.01591763307
0.9976348181
0.997474014
0.9972507004
0.9970747052
0.9974723954
0.9974692782
0.9964633512
0.007461855416
0.005080943245
0.006576052858
0.9839726652
0.9864579183
0.990435632
0.9922791432
0.9935111155
0.9873289344
0.005985401783
0.005794999138
0.005754472994
0.006139636444
0.9900106234
0.008079801397
0.004056707467
0.004056767624
0.004056804792
0.00405684755
0.004056894872
0.004056946061
0.004057001629
0.004057064903
0.004057143216
0.004057247425
0.004057390812
0.004057589375
0.004057905461
0.004058048612
0.004344455199
0.008841751058
0.9977861756
0.9935094021
0.004690434179
0.004057204331
0.004057314126
0.004057325084
0.004057300895
0.004057292616
0.004057281589
0.004057260384
0.004057596591
0.006106674195
0.9911780078
0.9970407762
0.998355745
0.9981611594
0.9951369182
0.006161430535
0.004252937382
0.004057241103
0.00405713252
0.004057055144
0.004056968927
0.004226816046
0.009034203781
0.9981999598
0.9974574757
0.9893750575
0.005264393721
0.004057689113
0.004534736134
0.01131724
0.99616047
0.9955461671
0.009032849679
0.004396794853
0.004057050939
0.0040571696
0.004057070574
0.004057027083
0.004057056324
0.004057314215
0.006274870925
0.9971606526
0.997637714
0.9972293262
0.9963060623
0.9877505242
0.005539368421
0.005108553073
0.008578053242
0.993789194
0.9940449878
0.9973768812
0.9982772906
0.9980358611
0.009501201051
0.004527967527
0.004057309656
0.004057525074
0.004057495062
0.004057481807
0.004057463125
0.004057440147
0.004057412082
0.00405738213
0.004057353471
0.004057327633
0.004057305496
0.004057288278
0.004057277326
0.004057274541
0.004057281132
0.004057298357
0.00405732461
0.004057358873
0.004057397389
0.004057439759
0.0040574778
0.004057516279
0.004057531743
0.004057512135
0.004058037228
0.005301698
0.9915831583
0.9962183295
0.9958595248
0.9956522567
0.9964844737
0.9971410668
0.996718555
0.9930471848
0.9917436268
0.9933006181
0.9926685772
0.9925476458
0.9901759112
0.9338166338
0.9912280954
0.006475846428
0.004579417484
0.9745484526
0.00625915865
0.9380246121
0.008079810381
0.0040567197
0.004056789126
0.004056827402
0.004056873231
0.004056926205
0.004056986188
0.004057054069
0.00405713277
0.00405722768
0.004057346412
0.004057498167
0.004057692828
0.004057946108
0.00405815721
0.00405816618
0.004058382424
0.007630571722
0.9973622691
0.9950897142
0.005086400055
0.004057420394
0.004057536417
0.004057473935
0.004057425192
0.004057378931
0.004057330829
0.004605827048
0.008526862051
0.9946472294
0.9963086851
0.9981974343
0.9981017115
0.9944082375
0.005322642343
0.004057167103
0.004057262494
0.004057181523
0.004057126511
0.004057082272
0.004057133743
0.004057602819
0.006848880776
0.9969364416
0.9968476727
0.9960214867
0.007962844119
0.00589295474
0.9950804324
0.9963019141
0.9115317091
0.005028273111
0.004057296495
0.004057107419
0.00405714393
0.004057076392
0.004057025963
0.004057029809
0.004057128155
0.004057214538
0.00532179031
0.9950404096
0.9960836826
0.9945000826
0.9937501465
0.9919142427
0.9873372645
0.9954758383
0.9965606726
0.9962293115
0.9974645188
0.9979547132
0.0243612819
0.005129956555
0.004057646368
0.004057553489
0.004057615126
0.004057599055
0.004057563299
0.004057520488
0.004057482115
0.004057446269
0.004057412583
0.004057381993
0.004057355556
0.00405733384
0.00405731776
0.004057307922
0.004057305824
0.004057311689
0.004057326867
0.004057349121
0.004057379753
0.004057413152
0.004057453907
0.004057491959
0.00405753822
0.004057574924
0.004057646273
0.004057704028
0.004057773072
0.004406821697
0.008419392921
0.9929603538
0.9934792097
0.9955150026
0.9968510374
0.9977802637
0.9977986609
0.9963954788
0.9942230796
0.9884691941
0.9840668895
0.006723991622
0.004959853954
0.007216015503
0.9922336358
0.005043068132
0.005391057078
0.007525494271
0.9764832001
0.008079819119
0.004056731456
0.004056810079
0.004056848895
0.004056896986
0.004056954186
0.004057020434
0.004057096452
0.004057184262
0.004057286808
0.00405740774
0.0040575504
0.004057713677
0.004057887093
0.00405800432
0.004058008536
0.004058120235
0.004058084896
0.005958994278
0.996512734
0.9963025245
0.00577687395
0.004057769959
0.004057642407
0.004057473128
0.004057324684
0.004382247636
0.006222210643
0.9951811108
0.9961477711
0.9954440101
0.9969159637
0.997130581
0.995566719
0.9723830686
0.004378497812
0.004057188163
0.004057173813
0.00405716972
0.004057148107
0.00405715381
0.004057296971
0.004057481947
0.005355808547
0.9935559813
0.996092705
0.9966742787
0.9953153322
0.9964918649
0.9949129337
0.005190095054
0.004149497637
0.004057089971
0.004057081379
0.004057104024
0.004057071365
0.004057041175
0.004057049359
0.004057119589
0.004057219323
0.004057206064
0.005191776232
0.9937461007
0.9940286728
0.9940178315
0.996020107
0.9969065105
0.9969995719
0.996811096
0.9947405827
0.9953056692
0.01319799353
0.005433681437
0.004059291687
0.004057731988
0.004057682496
0.004057676112
0.004057641297
0.00405760231
0.004057554939
0.00405751032
0.004057470328
0.00405743486
0.004057403849
0.004057377805
0.004057356758
0.004057341613
0.004057332238
0.004057330286
0.004057334643
0.004057348072
0.004057365898
0.004057393663
0.004057422194
0.004057462
0.004057495164
0.004057556181
0.004057573864
0.004057648335
0.004057660235
0.004058050769
0.004684723701
0.006539803911
0.9906460417
0.9922824495
0.9955370073
0.9971960906
0.9983227418
0.9986139809
0.9982623985
0.9965442149
0.9857253258
0.005637137181
0.004511381588
0.004057435155
0.004260896255
0.9234111391
0.992087122
0.007018960213
0.9841788407
0.7150608232
0.008079827008
0.004056741913
0.004056828971
0.004056867824
0.004056917391
0.004056977361
0.004057047348
0.004057127642
0.004057219296
0.004057322782
0.004057438479
0.004057566108
0.004057698714
0.004057821056
0.004057893278
0.00405789854
0.004057927185
0.004057962383
0.004057686098
0.005196461671
0.9953643581
0.9972069227
0.007318762272
0.004058109987
0.004057552539
0.004431208464
0.005952192578
0.9935387564
0.9972109074
0.9967057724
0.9934418709
0.9924086873
0.009719784223
0.9950894046
0.9970062749
0.007779648441
0.004057310976
0.004057208584
0.004057244549
0.004057245105
0.00405723451
0.004057302309
0.004057528819
0.004057855453
0.006182216445
0.9942814311
0.9975127771
0.9974546862
0.9967919082
0.01061075961
0.004508930813
0.004057114273
0.004057211077
0.004057173077
0.004057142793
0.004057103997
0.004057076348
0.004057086661
0.004057129761
0.004057238676
0.004057294736
0.004057273722
0.006099409707
0.9935265153
0.9959701964
0.9973738615
0.9978537788
0.9978167746
0.9973868126
0.9957160924
0.990297376
0.005382070632
0.00405823226
0.004057760079
0.00405772694
0.004057669195
0.004057661691
0.004057634833
0.004057601232
0.00405756072
0.004057519386
0.004057480816
0.004057446713
0.004057417165
0.004057392774
0.004057372909
0.004057358882
0.004057349378
0.004057347485
0.004057349079
0.004057360462
0.004057372593
0.00405739575
0.004057410484
0.004057450023
0.004057438654
0.004057470871
0.004057420131
0.004057477027
0.004276571361
0.005218141042
0.009748498586
0.9942811841
0.9938386878
0.993056415
0.9951729879
0.9966041145
0.998073596
0.998457567
0.9981898689
0.9973861184
0.009969727859
0.004466957099
0.004057393303
0.004057452503
0.004057395529
0.004355902225
0.01066732642
0.9922019689
0.009766773419
0.7583021905
0.008079833615
0.004056750527
0.004056844874
0.004056883535
0.004056934112
0.004056995696
0.004057067267
0.004057148737
0.004057240519
0.00405734067
0.004057447392
0.00405755957
0.004057667741
0.004057760358
0.004057812071
0.004057818486
0.004057800967
0.004057755175
0.004057659491
0.004057441541
0.004762762759
0.9937588341
0.9975737922
0.008897961228
0.005040925224
0.007215502384
0.9954437983
0.9977536853
0.9981966146
0.9972345052
0.8496474541
0.005658742576
0.004601218535
0.00567548305
0.9975070466
0.9975795533
0.005539922926
0.00405718587
0.004057294399
0.004057305029
0.004057280866
0.004057279199
0.004057672211
0.004896572919
0.01030198946
0.9958384807
0.9976454606
0.9979471638
0.9955510141
0.005727357516
0.004057719924
0.004057277111
0.004057254014
0.004057211259
0.00405717653
0.004057138389
0.004057112039
0.004057147024
0.004057170181
0.004057286404
0.004057316001
0.004496007073
0.006188872256
0.9921189321
0.9964879602
0.9977050645
0.9978610329
0.9972698686
0.9964851718
0.9950973065
0.9952698341
0.007465198359
0.00405752542
0.004057473616
0.004057532426
0.004057570141
0.004057593611
0.004057590729
0.004057572645
0.00405754391
0.004057510859
0.004057477749
0.004057447885
0.004057421594
0.004057400182
0.004057381846
0.004057369565
0.004057359094
0.004057357188
0.004057355091
0.004057363724
0.004057363262
0.004057388273
0.00405736192
0.004057380427
0.004057318669
0.004057358375
0.004259924941
0.004980337974
0.007603316234
0.9874029378
0.9965792956
0.9970155633
0.9960157007
0.9948269487
0.9959835283
0.9959002981
0.9968796118
0.9973572139
0.9970054186
0.9963014678
0.9958165604
0.005419899939
0.0040574336
0.004057425003
0.00405740865
0.004057572775
0.004936959958
0.9576587169
0.9741131745
0.9616307143
0.00807983867
0.004056757025
0.004056857413
0.00405689607
0.004056947682
0.004057010129
0.004057081506
0.004057161746
0.004057251279
0.004057345277
0.004057440907
0.004057538881
0.004057626812
0.004057701635
0.004057746903
0.004057767679
0.004057737719
0.004057680041
0.004057635617
0.004057555302
0.004057580642
0.004601064168
0.992624311
0.9959194358
0.9919169226
0.9953936535
0.9978469705
0.998178724
0.9978977619
0.0217801886
0.005322478943
0.004247965869
0.004057363578
0.004057436515
0.007550683841
0.9971737
0.9932194176
0.00469698342
0.00405719225
0.004057228223
0.004057111592
0.004168126381
0.004881347766
0.0104217991
0.9972494096
0.9966826848
0.9964568399
0.996962811
0.9961986844
0.006259234391
0.004057226261
0.004057201225
0.00405719572
0.004057170396
0.004057171304
0.004057160952
0.0040571372
0.004057223266
0.004057317172
0.004059105305
0.004845456913
0.006788714796
0.9924421731
0.994730941
0.9962324913
0.997442904
0.9975708974
0.9962863066
0.9908440001
0.9852118311
0.9944319057
0.9946945936
0.00499219561
0.004057270965
0.004057396845
0.004057464023
0.00405751508
0.00405753272
0.004057530067
0.004057513426
0.004057489609
0.004057463505
0.004057439769
0.00405741791
0.004057400977
0.004057384061
0.004057374065
0.004057362247
0.004057360376
0.004057348514
0.004057363439
0.00405732762
0.004057339729
0.00405727625
0.004057324155
0.004263052727
0.004983961999
0.007603241897
0.9873219709
0.996457545
0.9974297825
0.9973457887
0.9976329542
0.9965461565
0.9957432488
0.9966356628
0.9965351215
0.9908801961
0.009254021556
0.9920883334
0.9939275687
0.9953310557
0.9925102373
0.004864192721
0.004057285782
0.004057302022
0.004530798433
0.007259285543
0.9835541809
0.9815216187
0.01867008949
0.008079842043
0.00405676138
0.004056866721
0.004056906056
0.004056959334
0.004057022211
0.004057091769
0.00405716883
0.004057254814
0.004057340175
0.004057422474
0.004057507911
0.004057575129
0.004057632574
0.004057669605
0.004057714758
0.004057682066
0.004057609591
0.004057633386
0.004057607821
0.004059223585
0.004988189079
0.009706982817
0.9965862234
0.9977264947
0.9978358165
0.9980919252
0.9975481922
0.01181696314
0.005160930353
0.004059106765
0.004057550143
0.004057503425
0.004057323451
0.004308208187
0.9718316746
0.9952020799
0.9896625959
0.004473663948
0.004057396102
0.004369380448
0.005224544433
0.8132935194
0.9973755625
0.9981958055
0.9973906382
0.9824288381
0.01024627223
0.9953051275
0.9915011101
0.004484441289
0.004057178767
0.004057165352
0.004057113314
0.004057117945
0.004057124386
0.004057082058
0.00405719401
0.00430013549
0.005743551649
0.02140579036
0.9967370498
0.9968036993
0.996388482
0.9964530463
0.9964108352
0.995994466
0.9941993112
0.965105817
0.005598898732
0.986230218
0.995952577
0.9850574309
0.004321248211
0.004057254703
0.004057358799
0.004057437357
0.004057471416
0.004057481591
0.004057475396
0.004057460174
0.004057441014
0.004057424821
0.00405740781
0.004057396515
0.004057381106
0.004057373954
0.004057354881
0.004057363229
0.004057320322
0.004057327559
0.004057261932
0.004057317266
0.004267670073
0.005006680957
0.007720707304
0.9880290029
0.9965488067
0.9975348395
0.9975974879
0.9980507508
0.9976918632
0.997794271
0.9975426514
0.9912158507
0.9779627258
0.00900220578
0.005568843617
0.004445977203
0.004826774554
0.984812357
0.9949223665
0.9954205116
0.9884531085
0.004772831183
0.004441026474
0.00586864961
0.9889590051
0.9946268273
0.01098356017
0.01969397678
0.008079843757
0.004056763807
0.004056873371
0.004056914632
0.004056970996
0.004057033892
0.004057099701
0.004057172053
0.004057254455
0.004057327765
0.004057393057
0.004057467968
0.004057509726
0.004057539818
0.004057533819
0.00405757647
0.004057492275
0.004057370093
0.0040575049
0.004346803231
0.005727838867
0.01860579078
0.9971804394
0.9976036712
0.9983288917
0.9980929568
0.9973766064
0.01328266253
0.005096847684
0.004058003338
0.004057601311
0.004057493755
0.00405746114
0.004057367882
0.004057160512
0.004684868839
0.9906364759
0.9962285302
0.01030690297
0.005083471639
0.006905420543
0.9895153775
0.9960380867
0.9974218561
0.9976370914
0.01683376957
0.005500859059
0.00482521083
0.9862499751
0.9952297046
0.006028287782
0.004057118048
0.004057140961
0.004057052632
0.004057031033
0.004056976358
0.004161058834
0.004806531721
0.007562327724
0.9925231991
0.9978446412
0.9981418351
0.997974739
0.9972879647
0.9974144074
0.9973740679
0.984839771
0.9719040008
0.9926888028
0.005222173583
0.005160970375
0.9964679528
0.9975858939
0.007932012944
0.004057376392
0.004057336796
0.004057399524
0.004057422528
0.004057435325
0.004057435062
0.004057426765
0.004057413499
0.004057405715
0.00405739404
0.004057389467
0.004057369413
0.00405737576
0.004057328558
0.004057332275
0.004057263643
0.004057324385
0.004272246476
0.005028813837
0.007834693599
0.988584924
0.9966189984
0.9975653842
0.9976193802
0.998072726
0.9977483621
0.9978244065
0.9972040082
0.992756955
0.01137404146
0.006229156251
0.004554858354
0.004290115036
0.004058043532
0.004057702479
0.004057321666
0.004758055057
0.9902049398
0.9956421845
0.9950055968
0.9892802598
0.006632340856
0.9749989267
0.9884696415
0.00673998688
0.007513014266
0.9889803871
0.008079844144
0.00405676492
0.004056878361
0.004056923293
0.004056985512
0.00405704764
0.004057106402
0.004057173171
0.004057255428
0.004057310558
0.004057352749
0.004057424341
0.004057430567
0.004057439257
0.004057350596
0.004057358927
0.004057185273
0.004202940813
0.004939872413
0.008729942296
0.9927555495
0.9976757684
0.9981743933
0.9976602858
0.9975903908
0.9966997901
0.9944577755
0.005640767869
0.004057966955
0.004057671156
0.004057502325
0.004057436025
0.004057389319
0.004057325759
0.004057233761
0.004057283066
0.005999278953
0.9950362439
0.9953064901
0.9887026465
0.9927979881
0.9958518157
0.9959222167
0.9954642791
0.008857057566
0.004915378551
0.004058722836
0.004057639392
0.00549378717
0.9948215933
0.991040197
0.004428339935
0.004057164456
0.00405710349
0.004057296589
0.004435055996
0.005288322695
0.8795625663
0.9962999516
0.9977054285
0.99792632
0.9981079442
0.9978459282
0.997295356
0.9928749154
0.01306010189
0.006091350734
0.005317358837
0.9974800686
0.0275208717
0.004059479418
0.0068431779
0.9974568189
0.9970539875
0.005390484346
0.004057270252
0.004057346988
0.004057359472
0.004057382681
0.004057391738
0.004057391203
0.004057384337
0.004057386555
0.004057374345
0.004057387663
0.004057341735
0.004057344802
0.004057273796
0.004057339473
0.004276876079
0.00505112462
0.007951582153
0.9890864299
0.9966838795
0.9975917058
0.997630646
0.9980713006
0.9977350642
0.9978016652
0.9971543641
0.9920768955
0.009133187632
0.005264739669
0.004342016303
0.004058339046
0.004058091751
0.004058231408
0.004058107033
0.004057833734
0.00405754523
0.004057267275
0.004918462263
0.9934747601
0.9959612009
0.995003826
0.9915023364
0.9780181385
0.007187984372
0.004606272554
0.005706059501
0.9034329831
0.008079844253
0.004056766219
0.004056883343
0.004056933522
0.004057006819
0.004057067217
0.004057112693
0.004057172197
0.004057267157
0.004057297565
0.004057302823
0.004057397601
0.004057365547
0.004057393318
0.00405733577
0.004058326672
0.004650092705
0.005981825359
0.9673578393
0.9968168147
0.9977511046
0.9978709209
0.9981487806
0.9974817161
0.9940327021
0.009463406622
0.9925030817
0.008257979635
0.004057696775
0.004057592783
0.004057423208
0.004057366886
0.004057291852
0.004057282242
0.004237296679
0.00478136592
0.007028840493
0.9944767069
0.9966266045
0.9960096588
0.9942421851
0.9933661333
0.9845884615
0.006137911402
0.004597665924
0.004057541643
0.004057483721
0.004057466983
0.004335899364
0.9828708023
0.9953006372
0.006195177552
0.004057185663
0.004222307108
0.005068078481
0.00923964273
0.993898704
0.996659072
0.9975602298
0.9980335163
0.997546498
0.9967554088
0.9950250823
0.01158024056
0.00551544341
0.004418647867
0.004058229865
0.004057806944
0.01527837689
0.9976688444
0.005148004169
0.004239002831
0.9603359255
0.9969546777
0.9945552764
0.004495862756
0.004057233801
0.004057275068
0.004057331661
0.004057355344
0.004057361254
0.004057354095
0.004057378098
0.004057344601
0.004057357057
0.004057286768
0.004057358735
0.004281634737
0.005073878915
0.008073097672
0.9895494397
0.9967467
0.9976179873
0.9976427723
0.9980707073
0.9977219978
0.9977775959
0.9971056299
0.9918215639
0.008966847608
0.005225660717
0.00431233341
0.004058107745
0.004058168453
0.004058219727
0.004058265467
0.004058342223
0.004058175064
0.004057890138
0.004057672374
0.004057505679
0.004057394084
0.005164185633
0.9948028798
0.9955794399
0.9934880262
0.9908113346
0.9872577859
0.006767912092
0.007952815314
0.9880468769
0.008079846741
0.00405677082
0.004056891759
0.004056946465
0.004057039268
0.004057097025
0.004057122231
0.004057165638
0.004057290378
0.004057293302
0.004057240236
0.004057342746
0.004057245736
0.004057527131
0.004361831424
0.005737528323
0.01676869045
0.9966200035
0.996884255
0.9975803418
0.997580996
0.9966966174
0.9958570076
0.01268702264
0.005753496738
0.004524420917
0.006860183473
0.9947455246
0.004685025636
0.00405751304
0.004057482516
0.004057904287
0.004331595296
0.004967054396
0.0068316629
0.891887185
0.9931542865
0.9958834804
0.9971808612
0.9973766682
0.9951774788
0.9728997306
0.005426811061
0.004404115786
0.004057412244
0.004057430225
0.004057434733
0.004057322431
0.004057241283
0.005796455244
0.992456654
0.9843662328
0.005381163367
0.006375910398
0.9815734332
0.9968883514
0.9977511025
0.9981275609
0.9980028686
0.9978286533
0.9965762521
0.9388039531
0.005412186635
0.004510735459
0.00405778562
0.00405740558
0.00405742129
0.004057415957
0.004691254664
0.9943941061
0.9420441504
0.004180574149
0.0045474785
0.9942850041
0.9980831633
0.01147509001
0.004057536484
0.004057261126
0.004057332906
0.004057345213
0.004057352972
0.00405732033
0.004057347744
0.004057293814
0.004057384077
0.004287482157
0.005098482632
0.008202330952
0.989980093
0.9968076481
0.9976439699
0.9976551126
0.9980704681
0.9977094892
0.9977534905
0.9970538489
0.9915321226
0.008818847764
0.005203744893
0.004308490286
0.004058212199
0.004058370903
0.004058448577
0.00405843142
0.0040583623
0.004058309096
0.004058320791
0.004058164002
0.004057915133
0.004057774198
0.004057671241
0.004057551496
0.004057653065
0.005557945409
0.9945668881
0.992438398
0.9892272737
0.9916113663
0.9923752839
0.9944300503
0.01953771434
0.008079863784
0.004056782597
0.004056910428
0.004056965431
0.004057084928
0.004057133356
0.004057139841
0.004057172914
0.004057314387
0.00405723045
0.004057270558
0.004058569584
0.00438830104
0.005391887605
0.01035709097
0.9937726758
0.9977798979
0.9982911756
0.9978517205
0.9976083815
0.9964318998
0.9156029376
0.005670540672
0.004536133801
0.004058556556
0.004058052781
0.004615563329
0.9945808189
0.007556617384
0.004350013675
0.004565081985
0.006402020107
0.01166438227
0.9906135884
0.9958673208
0.9971494402
0.9960341142
0.9949221125
0.994279916
0.9952839004
0.9910578183
0.005403567723
0.004295937756
0.004057552469
0.004057441407
0.004057389544
0.004057374625
0.004057442205
0.004058386183
0.005090328833
0.9880143276
0.9902868735
0.9814539996
0.994466801
0.9970339598
0.99765273
0.9981813704
0.9983124764
0.9980481207
0.9936903982
0.008259399447
0.004882453119
0.004164194468
0.004057058802
0.004057160775
0.004057297689
0.004057387286
0.00405739067
0.004057391435
0.006587714279
0.9928566481
0.005121591389
0.004056933568
0.00568292768
0.9981707167
0.9982170905
0.005832370075
0.004057244662
0.004057370751
0.004057339556
0.004057322824
0.004057268238
0.004057366258
0.004292017708
0.005133157311
0.008367839101
0.9904095233
0.996867413
0.9976694153
0.997667316
0.9980702756
0.9976970221
0.9977290654
0.997000337
0.991217069
0.008667981297
0.005179122966
0.004303820396
0.004058335984
0.004058529566
0.004058622055
0.004058674643
0.004058654757
0.004058506271
0.00405837771
0.004058357293
0.004058351764
0.004058192467
0.004057955298
0.004057811681
0.004057723211
0.004057607467
0.004057639765
0.004336723412
0.00658292532
0.9850357821
0.973177307
0.9865976639
0.9926680995
0.9919806839
0.01893691842
0.008079975097
0.004056812158
0.00405693582
0.004057005725
0.004057130522
0.004057094981
0.004057106621
0.00405733072
0.004056848806
0.004333152221
0.004654664639
0.007065992235
0.01988577755
0.9945769488
0.997467097
0.9978646422
0.9977549069
0.9980758491
0.9970789053
0.9922507922
0.007768258611
0.004785362052
0.004185956193
0.004061812013
0.004303544907
0.004446660258
0.005143263535
0.01185335338
0.993835288
0.009255149079
0.9842854723
0.9921127027
0.9976817768
0.9978042307
0.9971731464
0.9977815357
0.9976412782
0.9931620174
0.9379096002
0.9068337127
0.9899072534
0.005180276498
0.004057637076
0.004057580863
0.00405754036
0.004057917785
0.004278637648
0.00454746714
0.006586497328
0.015951163
0.9959542104
0.9966518413
0.9967193055
0.9968642149
0.9977698986
0.9976168822
0.9974146619
0.9970981036
0.03065674244
0.005956262405
0.004329693197
0.004057260394
0.004057155603
0.004057238229
0.004057283177
0.004057342069
0.00405741131
0.004057430334
0.004057455852
0.004478561125
0.990518251
0.9808201504
0.004308865564
0.004057365086
0.01074766918
0.9979843426
0.9945492656
0.004724485698
0.004057388095
0.004057350778
0.004057272326
0.004254526144
0.005077431055
0.008382997155
0.9908774986
0.9969368659
0.9976936255
0.9976773297
0.9980692024
0.9976840298
0.9977041083
0.9969451765
0.9908796716
0.008522525544
0.005154523453
0.004298882365
0.004058384161
0.004058703897
0.004058867016
0.004058846876
0.004058773219
0.004058756436
0.004058735879
0.004058579123
0.004058400835
0.004058321413
0.004058285184
0.004058065554
0.004057906287
0.004058479042
0.004312927108
0.004533507098
0.005411370325
0.006975997068
0.8401513209
0.9663459226
0.9045114705
0.9739414333
0.9902618043
0.9943453667
0.9847562278
0.008081337347
0.004056929276
0.004056926083
0.004057095131
0.004058543069
0.00428376274
0.004500713892
0.005274504193
0.009107163511
0.0360313545
0.9947945245
0.996580277
0.9984551161
0.9983702081
0.9978300132
0.9975047248
0.9957435195
0.9943929857
0.01971396463
0.008525154905
0.006505590266
0.006363049247
0.007355031024
0.01290817912
0.02628779526
0.9885975596
0.9898911586
0.9966309254
0.9968907864
0.9966325563
0.9967957219
0.995628835
0.9960806649
0.9969681459
0.9956754343
0.9919778045
0.01107079772
0.00652490023
0.004891028151
0.005522651869
0.9607641111
0.006413845667
0.004558558472
0.004580334741
0.00511180936
0.007118960437
0.01148951274
0.983905025
0.9929473187
0.9978104715
0.998039642
0.9980712101
0.9981093327
0.9981694483
0.9982385867
0.9977710204
0.9898749151
0.006434301112
0.004828213746
0.004057540061
0.004057441549
0.004057331312
0.004057321771
0.004057406361
0.004057429284
0.004057454387
0.004057488437
0.004057492172
0.00405747573
0.004057397163
0.005637073344
0.9917638717
0.005718752271
0.004057255937
0.004567871327
0.9940755176
0.9962846017
0.9910992033
0.00453350916
0.004229972935
0.004856477015
0.007202399664
0.9884355606
0.9969269965
0.9977360465
0.9976963285
0.9980652754
0.9976677374
0.9976776508
0.9968885858
0.9905187576
0.008383223171
0.005130356965
0.004294035032
0.004058487922
0.004058775531
0.004058905524
0.004059034765
0.004059082539
0.004058939488
0.004058789219
0.004058713394
0.004058659461
0.004058378531
0.004058163867
0.004058562923
0.004296018669
0.004480366544
0.00505766393
0.007445037988
0.01400172854
0.9861665041
0.9908088876
0.9970350953
0.9965451522
0.9939759854
0.9870451511
0.9896624381
0.9741608754
0.9945934757
0.9926327781
0.009677213369
0.004386551508
0.004494669
0.005155345532
0.008167827523
0.02531821511
0.9943861608
0.9963071677
0.9980745152
0.9989086435
0.9988364258
0.9985903205
0.9986009735
0.9985773555
0.9981421335
0.9976045627
0.9966506072
0.9956052315
0.9966635617
0.9976800518
0.997804491
0.9981065528
0.9983381885
0.9985730155
0.9988739424
0.9984824858
0.9977966552
0.9977827116
0.9979890706
0.997492938
0.9971184833
0.9951251983
0.9913938658
0.9865365545
0.01199843459
0.008132612028
0.00665117509
0.006303300658
0.007257284496
0.01056433046
0.99361219
0.992963121
0.03402336967
0.9946880507
0.9930264661
0.9964196615
0.9980453446
0.9976397834
0.9967701126
0.9968827239
0.9973456497
0.997593293
0.9979385089
0.9977513745
0.9973089792
0.02725158853
0.005732388652
0.00424991442
0.004057336588
0.004057316848
0.004057331887
0.004057379105
0.004057415297
0.004057500627
0.004057547317
0.004057583663
0.004057623326
0.00405764243
0.004057592776
0.004057602728
0.00435128472
0.9804522845
0.9918763773
0.004590996001
0.004057753292
0.005990201973
0.9936726056
0.9959412067
0.01189269515
0.006866737287
0.9721285327
0.9958259685
0.99748314
0.9977653304
0.9981434846
0.9976917679
0.9976575898
0.9968381775
0.99015633
0.008255748127
0.005107527601
0.004289210662
0.004058420087
0.004058882582
0.00405913943
0.004059127415
0.004059044315
0.004059001739
0.004058985965
0.004058676331
0.004058407995
0.004058689406
0.004290166714
0.004471443627
0.005031220974
0.007288280769
0.01329958773
0.9857036443
0.9911714089
0.997116487
0.9982889472
0.9977236694
0.996351333
0.9974323839
0.998091509
0.9964615162
0.9939637619
0.9962330162
0.009287432387
0.9936146437
0.9953959588
0.9938256836
0.111153402
0.9954626758
0.9966474783
0.9982118391
0.9989632921
0.9989649956
0.9988437316
0.9989385321
0.9990306545
0.9990814251
0.9989524651
0.9988522281
0.9986948496
0.9985202457
0.9983340001
0.9981541566
0.9981487227
0.9982777593
0.9985932261
0.9987281776
0.9987967067
0.9988359084
0.9988563957
0.9988450443
0.9988079564
0.998535811
0.9983827374
0.9982750205
0.9980696944
0.9975611
0.9967591989
0.9959151383
0.9952459141
0.9967329211
0.9976655898
0.9976173027
0.9978226055
0.9979957145
0.9983800858
0.9983119985
0.9976613576
0.9979917694
0.9982255703
0.9975293472
0.9975474673
0.9976192811
0.99755905
0.996596344
0.995676608
0.9944188894
0.9948604298
0.9958202521
0.9953941735
0.007654193032
0.004838108729
0.004060647759
0.004057665778
0.004057513104
0.00405737521
0.004057324735
0.00405734483
0.004057379794
0.004057437965
0.004057488534
0.004057544678
0.004057628302
0.004057771422
0.004058098772
0.004059049811
0.004388565583
0.005820463846
0.9900862927
0.007072608952
0.005417766837
0.007948992263
0.9936183412
0.9960574602
0.9965313875
0.9967601185
0.9969114279
0.9970918778
0.9980037192
0.9979529268
0.9979461553
0.9969561253
0.9900200911
0.008171755871
0.005090604895
0.004285146337
0.004058530611
0.004058866514
0.004058984667
0.004059088285
0.004059158457
0.004058848508
0.004058565621
0.004058771348
0.004284456558
0.004462848095
0.005006486059
0.007154759143
0.01273437024
0.9847923171
0.9908651704
0.9970755552
0.9982670097
0.99772836
0.996473554
0.9975627499
0.9980000761
0.9966146993
0.9868488799
0.9708248698
0.01134946263
0.008219117488
0.006307213247
0.007263965819
0.007175130686
0.9870395016
0.9956720509
0.9972601696
0.99880915
0.9990440528
0.9990144308
0.999135667
0.999230276
0.9992913291
0.9992445109
0.9992252725
0.9991920307
0.9991505027
0.9991131917
0.9990526061
0.9989475942
0.9988511326
0.9987835619
0.9987410141
0.9987533345
0.9987950259
0.9988372114
0.9988825196
0.9989062881
0.9988969821
0.9988684245
0.9988220926
0.9987786569
0.9987523664
0.9986909289
0.9985917607
0.9984487936
0.9982252043
0.9979752846
0.9978532736
0.9978840139
0.9980516676
0.9984285817
0.9985374076
0.9985601327
0.9985841745
0.9986534893
0.9987768761
0.9986396486
0.9983624267
0.9984080352
0.9980677916
0.9978071737
0.9974429615
0.9968876624
0.9960453794
0.9943646735
0.9894587448
0.9734347561
0.9685430037
0.007960283562
0.005926485213
0.004886194058
0.004967190845
0.005029310881
0.005098139875
0.005175541797
0.005261019136
0.005354049702
0.005454482775
0.005562888901
0.005681452175
0.005816901366
0.005989348243
0.006263807083
0.00690902248
0.01009079824
0.01355092415
0.9865251561
0.991725814
0.9923312329
0.9894376293
0.9958701122
0.9965802377
0.997235186
0.9975696454
0.9976746514
0.9975769939
0.9976423959
0.9980117782
0.9977905294
0.9968225609
0.01099992752
0.005073137645
0.004283006382
0.004058337285
0.004058767961
0.004059043048
0.004058848895
0.004058600954
0.004058752683
0.004278780473
0.004454340454
0.004982245347
0.007027777973
0.01222376762
0.9837697914
0.9905389367
0.9970321577
0.9982418468
0.9977102326
0.9964650921
0.9975771416
0.9980286946
0.9966652817
0.9873082544
0.9684943778
0.009471125495
0.006217615516
0.004818192513
0.004404356241
0.004263258009
0.004060747613
0.004060548068
0.004060805218
0.004147592118
0.7618944383
0.9953419984
0.9983814964
0.9991697204
0.9993848459
0.999408037
0.9994234835
0.9994203506
0.9994096574
0.9994020168
0.9993821831
0.9993388979
0.9992904798
0.9992499445
0.9992073977
0.9991462578
0.9990895949
0.9990509479
0.999030105
0.9990286829
0.9990339186
0.9990329911
0.9990272453
0.9990185619
0.9989945803
0.9989590654
0.9989204806
0.9988960079
0.9988910299
0.9988739951
0.9988205615
0.9987388383
0.9986357895
0.9985437683
0.9985035714
0.9985147665
0.998554074
0.9985995123
0.9986529896
0.9986738151
0.9986785384
0.9987110413
0.998771984
0.9987880966
0.9986587113
0.998430951
0.9982562358
0.9980581493
0.9977090048
0.9972413979
0.9966797496
0.9959231238
0.994807148
0.9938417272
0.9930670987
0.9944625814
0.9951772104
0.9948652173
0.995026274
0.9954797336
0.9958681416
0.9962126038
0.996517871
0.996787429
0.9970252911
0.9972356792
0.997422723
0.9975905056
0.997743473
0.9978873549
0.9980318151
0.9982025692
0.9985252502
0.9978746463
0.9971441518
0.9967138115
0.9960153088
0.995429777
0.9962844894
0.9971794919
0.9978004335
0.9980140706
0.9974669909
0.9968287758
0.9962438428
0.01324153664
0.01461937623
0.007932857894
0.004058650137
0.004058526098
0.004058428595
0.004058627521
0.004273897481
0.004446282529
0.004958784696
0.00690709645
0.01176072271
0.9826204106
0.9901965896
0.9969880893
0.9982162582
0.9976922393
0.9964586685
0.9975923871
0.9980570408
0.9967141526
0.9877912492
0.9716018724
0.009725803513
0.00629963747
0.004828463963
0.004399574775
0.004243192894
0.004059323553
0.00405941169
0.004059593981
0.004059966963
0.004060488017
0.004060707476
0.004060584301
0.004058931312
0.0143510291
0.9972104475
0.9989087732
0.9994280462
0.9995188698
0.9995590113
0.999566249
0.9995506565
0.9995282644
0.9995081947
0.9994852054
0.9994488376
0.9994073111
0.9993688621
0.9993314885
0.9992901761
0.9992520951
0.999222935
0.9992034605
0.9991922468
0.9991824537
0.9991681717
0.9991494705
0.9991279701
0.9991009971
0.9990705983
0.9990429023
0.9990269819
0.9990227367
0.9990139137
0.9989872565
0.9989441851
0.9988930299
0.9988496632
0.9988264838
0.9988206745
0.9988212855
0.9988179714
0.9988160038
0.9988172199
0.9988172747
0.9988305756
0.9988557093
0.9988560668
0.9987818892
0.9986321573
0.9984758287
0.9983287265
0.9981177684
0.9978731699
0.9976475005
0.9974612631
0.9973486403
0.9973841544
0.9975204043
0.9975954595
0.9978323005
0.9978416039
0.9978427853
0.9979177676
0.9980010982
0.998079581
0.9981529626
0.9982217573
0.9982862695
0.9983464372
0.9984016318
0.9984502679
0.998489144
0.9985124578
0.9985106033
0.9984701343
0.9983892184
0.9983112918
0.9979600454
0.9976929567
0.9970933736
0.996065325
0.9955013877
0.996321924
0.99733545
0.9978098362
0.9971448796
0.9945949313
0.006788608363
0.004630628616
0.005599641825
0.9945904564
0.005307196428
0.004548769804
0.005020966962
0.006863186835
0.01141874414
0.9813907763
0.989839514
0.9969433605
0.9981902684
0.9976744644
0.9964542112
0.9976082874
0.998084992
0.9967623009
0.9882519868
0.9742322432
0.01000507837
0.006390947539
0.004848869244
0.004406437837
0.004247188519
0.004058426366
0.004058360148
0.004058474022
0.004058843285
0.004059584234
0.004060311746
0.004060546289
0.004060541575
0.004060540272
0.004060669035
0.004060619142
0.004059150576
0.007608200329
0.9974336993
0.9992647198
0.999596157
0.9996398686
0.9996554501
0.9996537448
0.9996369459
0.999613325
0.9995887783
0.9995624405
0.9995306561
0.9994958581
0.9994617489
0.9994286736
0.9993958314
0.9993658699
0.9993406302
0.9993203596
0.9993038735
0.999287708
0.9992689978
0.9992475968
0.9992244407
0.999199649
0.9991754077
0.9991553693
0.9991434364
0.9991382742
0.9991317215
0.9991171385
0.9990943559
0.999067307
0.9990430059
0.9990258614
0.9990141755
0.9990031553
0.998988912
0.998974338
0.9989629179
0.998955469
0.9989549238
0.9989571162
0.9989432938
0.9988905391
0.9987993246
0.9986963095
0.9985936958
0.9984802341
0.9983722636
0.9982948678
0.9982588214
0.9982682194
0.9983211931
0.9983874765
0.998421038
0.9984097519
0.9983945536
0.9983845389
0.9983916093
0.9984078472
0.9984252
0.9984413117
0.9984561323
0.9984698222
0.9984821458
0.9984921083
0.9984974695
0.9984940249
0.9984747761
0.9984298253
0.9983505161
0.9982497204
0.9981827381
0.9981579736
0.9979867088
0.9975341311
0.9967026851
0.9955709337
0.9942380873
0.9924962986
0.9921335579
0.01317329226
0.008168755448
0.006202772391
0.005715597189
0.00712261913
0.9696367412
0.01167702873
0.9886020265
0.9898356631
0.9968959698
0.9981648356
0.9976540684
0.9964482007
0.9976240217
0.9981124418
0.9968096616
0.9886898329
0.9764674769
0.01030765697
0.006486622423
0.004869935366
0.004413741228
0.004251710613
0.004057930488
0.004057709239
0.004057694958
0.00405784401
0.004058268781
0.004058768495
0.004059020194
0.004059211682
0.004059543728
0.004060157126
0.004060655806
0.004060933839
0.00406112746
0.004061380285
0.004061472402
0.004060125981
0.0053948437
0.9947669577
0.9995269515
0.9997150132
0.9997275021
0.999725975
0.9997151215
0.9996965273
0.9996733114
0.9996482442
0.9996216204
0.9995925711
0.9995621652
0.9995319524
0.9995025663
0.9994743332
0.9994484318
0.9994254028
0.9994050337
0.9993864245
0.9993678128
0.9993478465
0.9993265412
0.9993046921
0.999283224
0.9992639968
0.9992491652
0.9992401803
0.9992356133
0.999231105
0.9992230805
0.9992108621
0.9991958273
0.9991806629
0.9991669697
0.9991540417
0.9991400745
0.9991239566
0.9991074191
0.9990926168
0.9990804951
0.9990713421
0.9990612886
0.9990407657
0.9989999252
0.9989403906
0.9988744509
0.998810047
0.9987505124
0.9987070302
0.998688669
0.9986961524
0.998724315
0.9987636991
0.9987985442
0.9988113786
0.998795251
0.9987644375
0.998738263
0.998717101
0.998698199
0.9986800252
0.9986612469
0.9986414482
0.9986205981
0.9985985874
0.9985749528
0.9985486105
0.9985175668
0.9984788528
0.9984296235
0.9983717398
0.9983218963
0.9983079411
0.9983119285
0.9982344829
0.9979917488
0.997578149
0.997022555
0.9962560549
0.9948657154
0.9915865441
0.991328427
0.9938975003
0.9941891693
0.9946091896
0.9965558853
0.9956598017
0.996139644
0.9970852071
0.995839988
0.9975429009
0.9981320591
0.9968445753
0.9890641907
0.9783496534
0.0106363627
0.006587095848
0.004891596871
0.00442136569
0.004256602049
0.004057714774
0.004057389223
0.004057305337
0.004057341191
0.004057575961
0.004057861953
0.004057998524
0.004058099097
0.004058268984
0.00405863003
0.00405898934
0.004059290217
0.004059626771
0.004060133043
0.004060738121
0.004061322311
0.004061907411
0.004062564541
0.00406307441
0.004061707694
0.004694244014
0.9797592143
0.9997309407
0.9998011992
0.9997891303
0.9997752247
0.9997583571
0.9997383699
0.9997160184
0.9996920382
0.9996665572
0.9996395831
0.9996118786
0.9995843777
0.999557747
0.9995325871
0.999509542
0.9994886554
0.9994693864
0.999450774
0.9994316549
0.9994113651
0.9993901939
0.9993691629
0.9993497476
0.9993338473
0.9993230326
0.9993176416
0.9993159586
0.9993148572
0.9993118342
0.9993059868
0.9992976063
0.9992875805
0.999276336
0.9992635348
0.9992487393
0.999232282
0.9992158242
0.9992010268
0.9991884199
0.9991768784
0.99916252
0.9991395461
0.999104007
0.9990584178
0.9990103456
0.9989667843
0.9989344463
0.9989214765
0.9989313678
0.9989604963
0.9990002382
0.9990393316
0.9990661077
0.9990719853
0.9990554244
0.9990239788
0.9989878263
0.9989509772
0.9989132674
0.9988744029
0.9988339142
0.9987913216
0.9987463216
0.9986987791
0.9986487566
0.9985967031
0.9985439059
0.9984933874
0.9984514087
0.9984289833
0.9984395337
0.9984838403
0.9985281382
0.9985192744
0.9984340856
0.9982946536
0.9981436474
0.9980033391
0.9978645968
0.9977240472
0.9975335243
0.9975110306
0.9972959311
0.9968088792
0.9960355157
0.9955072483
0.9938954909
0.9954218058
0.9896991836
0.9808042077
0.01142374033
0.006781388214
0.004920624714
0.004430446381
0.004262154789
0.004057780764
0.00405742162
0.00405731596
0.00405731529
0.004057463477
0.004057643033
0.004057737411
0.004057818985
0.004057931213
0.004058153014
0.004058393983
0.0040586099
0.004058835991
0.00405915259
0.004059555515
0.004059992531
0.004060476969
0.004061084268
0.004061844443
0.004062755124
0.004063853546
0.004065250568
0.004067036186
0.004068065568
0.004575900395
0.9653789816
0.9994978843
0.9997411547
0.9996536751
0.9996035883
0.9995634736
0.9995239695
0.9994823349
0.9994378146
0.9993898816
0.9993386055
0.9992855641
0.9992326691
0.9991814784
0.9991334314
0.9990898579
0.999050768
0.9990147985
0.9989796644
0.9989427946
0.998902729
0.9988600006
0.9988169574
0.9987772465
0.9987455397
0.9987257035
0.9987186227
0.9987206793
0.9987252715
0.9987267738
0.9987226627
0.9987128086
0.998698258
0.9986794298
0.9986555714
0.9986261571
0.998592447
0.9985583768
0.998528257
0.9985040212
0.99848355
0.9984585713
0.9984173742
0.9983524096
0.9982681747
0.9981786289
0.9980986132
0.9980435716
0.9980307238
0.9980669157
0.9981435359
0.9982408175
0.9983341417
0.9983994072
0.9984200224
0.9983927231
0.9983298086
0.9982497532
0.9981630134
0.9980724419
0.997978144
0.9978791678
0.997774141
0.9976617263
0.9975409782
0.9974117315
0.9972754857
0.9971373251
0.9970093727
0.9969153016
0.9968913428
0.9969710117
0.9971430142
0.9973228459
0.9974088403
0.9973692638
0.997255149
0.9971466709
0.99709306
0.9970890469
0.9970902845
0.9969833507
0.9966264834
0.9959572078
0.9946026664
0.9914951044
0.985127082
0.9723032949
0.7980996754
0.01393772251
0.0103475756
0.00909468432
0.00808645524
0.008083105813
0.008081839563
0.00808126599
0.008081845015
0.008082431356
0.008082671013
0.008082700612
0.008082817608
0.008083215523
0.008083808675
0.008084251773
0.008084648073
0.008085190412
0.008086017804
0.008086886232
0.008087757271
0.008088762011
0.008090050906
0.008091554185
0.008093263026
0.00809530769
0.008097900515
0.008101203993
0.008105553097
0.008111643608
0.008120705603
0.008135362102
0.008119480379
0.01763940075
