0.9968381057
0.9987982365
0.997391134
0.9955605349
0.9935108729
0.9914662915
0.9893658291
0.9869502852
0.9841902245
0.9810816268
0.9781025437
0.973416313
0.9685406197
0.9520931382
0.9571225705
0.952461773
0.9625053357
0.9577592862
0.9553781716
0.9530039422
0.9508025999
0.949071597
0.9474308761
0.9456029196
0.94431803
0.943097115
0.941634411
0.9400095457
0.9384153581
0.9369210573
0.9354450784
0.9328339665
0.9304790166
0.9288808025
0.9266458682
0.9231099589
0.9159412837
0.9072273821
0.8959119542
0.9040103761
0.9076150855
0.9110099281
0.9093519056
0.9078937383
0.9062789901
0.903796327
0.9012485084
0.8995122927
0.8975562723
0.8951923042
0.8924288324
0.8901268345
0.8869097366
0.8804351837
0.873262996
0.865125003
0.8627454227
0.8575084569
0.8499436253
0.8437180583
0.8372299525
0.8306568434
0.8246430559
0.8197829469
0.8171641445
0.8107057462
0.8012830551
0.798175269
0.7898797622
0.7885654815
0.7742292588
0.7726585329
0.7687431742
0.7587513295
0.7665560528
0.7655260586
0.7616933141
0.7631746656
0.7454288932
0.7399287024
0.7355683148
0.7340543398
0.7207764063
0.7087414657
0.7053380045
0.7117022515
0.6959746277
0.6987248723
0.6756519093
0.6684050638
0.6540423988
0.6386646799
0.6249938052
0.6193859695
0.61070483
0.5905736124
0.5830692558
0.5576835331
0.5478517773
0.5335019353
0.5248458958
0.5104488679
0.4981533327
0.4851526807
0.4790920053
0.4717339425
0.4651053162
0.4599734624
0.450705238
0.442504873
0.4362579604
0.4263639797
0.4157147957
0.4053155604
0.3980478247
0.3887326889
0.3733407317
0.344449237
0.3130697125
0.3029759443
0.4295497034
0.9936031606
0.9995899357
0.9996724098
0.9989472884
0.9978356874
0.9966665206
0.99559149
0.9945562823
0.9933939535
0.9920822069
0.9909070846
0.9901423608
0.9872941863
0.9865715358
0.9915692885
0.9834417488
0.9829971804
0.9838402616
0.9813301956
0.9799921089
0.978861758
0.9781244523
0.9775185452
0.9768431709
0.9763012196
0.9759825761
0.9757106887
0.9753377833
0.9749392846
0.9746146701
0.9742872231
0.9739127181
0.9733620569
0.9729003062
0.9731109111
0.9728392698
0.9717050152
0.9676846224
0.9656315362
0.9653431775
0.9669127669
0.9700811704
0.9705258909
0.9701742101
0.9699120232
0.9695229569
0.9689646125
0.9686137765
0.9687035794
0.9685437351
0.9682339042
0.967624081
0.9668758736
0.9656492495
0.9629267107
0.9605395457
0.9601174535
0.9602265384
0.9592500516
0.9572150924
0.9559501711
0.9549603342
0.9530471362
0.9516520141
0.9510824942
0.9497658692
0.9467468335
0.943843464
0.942586165
0.9395577461
0.9358695576
0.9334376175
0.9305476304
0.9301266132
0.9303441793
0.9326223969
0.9358452724
0.9323584973
0.9226701682
0.9148927587
0.9093555647
0.902459286
0.8947741688
0.8843097877
0.8799452316
0.8684957071
0.8614614785
0.8507387214
0.8369915412
0.8290609786
0.803074228
0.7914620499
0.7728263868
0.7635771436
0.7417990321
0.7259580131
0.6999123887
0.6709389425
0.6455196717
0.6148063838
0.5784719217
0.5520097318
0.5222221029
0.4893970244
0.4642680847
0.4392648368
0.421020052
0.4003139658
0.380494768
0.3644803932
0.3460921456
0.322388148
0.3068742508
0.2855395017
0.2626569192
0.2446289506
0.2234486264
0.1993528476
0.1879476712
0.2233628261
0.3618283352
0.9671349531
0.9950366903
0.9974349475
0.9977254785
0.9970063334
0.9955242565
0.9942751077
0.9932951052
0.9927949479
0.991155792
0.9896681072
0.988521716
0.9872928493
0.9828695946
0.9889828332
0.9890862047
0.9813510828
0.9803616275
0.9793582473
0.9774846463
0.9762440167
0.9752678298
0.9747015244
0.9738475975
0.9728051171
0.9721839256
0.9719746073
0.971759816
0.9714591471
0.9709925928
0.9704010331
0.9702163655
0.969955439
0.9694646141
0.9693855425
0.9699396575
0.9699703491
0.9674797383
0.963535646
0.9618538783
0.9630046956
0.9658763511
0.9670363324
0.9676617931
0.9668354791
0.9662698827
0.9653868383
0.9642156407
0.9637636373
0.9639776368
0.964119641
0.9635254122
0.9625826529
0.9610660427
0.958851372
0.9553573406
0.9539109052
0.9538097628
0.9536901048
0.9514159092
0.9494393773
0.9472736192
0.9450636844
0.941309225
0.9387505874
0.9374228502
0.933684749
0.9275265398
0.9232881822
0.920077732
0.9114713483
0.9067799198
0.8999445552
0.8969466368
0.892815061
0.8896879193
0.8927329515
0.8922846495
0.8776234163
0.8641931787
0.8442853981
0.8481022279
0.8362712167
0.8236383331
0.8013538553
0.7940087002
0.7865385115
0.7703702483
0.7516229273
0.7325449204
0.7127856875
0.6919283706
0.6595100588
0.6462908392
0.615800288
0.6158478173
0.60383384
0.6084493034
0.6023696097
0.5805053805
0.5680693595
0.5472195389
0.5284593742
0.5085453739
0.4751406638
0.4427315086
0.4148750853
0.3843704066
0.3578035581
0.3293371374
0.3099243937
0.2911993446
0.2759867782
0.2615717561
0.2515074432
0.2342865268
0.2153896087
0.200280213
0.2167196736
0.3011529319
0.4733667238
0.8394264679
0.9676172446
0.978944258
0.9860640818
0.989939435
0.9905164368
0.9888597206
0.9873906584
0.9889233764
0.9878600098
0.9865732422
0.9844637733
0.9840719391
0.9814241654
0.9823120839
0.9999875778
0.9900674137
0.9769364446
0.9755515703
0.9727317698
0.9707438885
0.9690524337
0.9679941807
0.9668651602
0.96517316
0.9632937058
0.9622098883
0.9616995108
0.9608308559
0.959618576
0.9576299066
0.9562049233
0.9555922099
0.953967715
0.9525418734
0.9508282039
0.9513666816
0.9486202022
0.9462894461
0.9414872801
0.937695411
0.9401956265
0.9429955708
0.9437439933
0.9435582402
0.9414433015
0.9399954981
0.9365794047
0.9328799864
0.9284902036
0.9282457599
0.9254932534
0.923941184
0.9223158358
0.9193981903
0.913942928
0.9060226984
0.9020015026
0.9032157263
0.9001931167
0.897233468
0.8919080917
0.8852507771
0.8766114993
0.8688088361
0.8633176534
0.8532760669
0.8423665334
0.8332145472
0.822058131
0.814998943
0.7960119298
0.7756968031
0.7644778041
0.7488322896
0.7427922128
0.7331963921
0.7188227762
0.7009082947
0.6683583031
0.6459037328
0.6134017535
0.5998028134
0.5909893233
0.5793493338
0.5778499069
0.5763275758
0.5776154708
0.5787197925
0.5823278151
0.5652278319
0.5556236047
0.5426206486
0.5271057587
0.5021249631
0.4752422498
0.4374467792
0.4238969111
0.4353058638
0.4635874349
0.4753631502
0.4743094269
0.4590823545
0.4477721811
0.4390066394
0.4290867922
0.4017766384
0.3756195236
0.3532955066
0.3306948933
0.3083702971
0.2860879393
0.2749793124
0.2606754393
0.2575671322
0.2531126168
0.241350118
0.2314134657
0.2796041356
0.3557638426
0.5183519178
0.5840097925
0.8265926474
0.8389265186
0.873019444
0.8767564181
0.9145057827
0.945659803
0.9454229188
0.9543957037
0.9520038164
0.9633511245
0.9634639147
0.9636198334
0.9656640118
0.9612118562
0.9703938861
0.9895870276
0.965972053
0.9597866439
0.9543054645
0.9503043204
0.9457044067
0.94232414
0.9383293228
0.9356004845
0.9316906168
0.9272136508
0.9238722209
0.9199919225
0.9150478706
0.9086149581
0.8997596496
0.8926505116
0.8914982718
0.881583956
0.8727194313
0.8691703261
0.8532685716
0.8361555796
0.8036711637
0.8035363649
0.7884937264
0.7759553012
0.8149784825
0.8254314713
0.8257377948
0.8280583762
0.8252754854
0.8229818206
0.8200755824
0.8062152379
0.770312956
0.7606301634
0.7633566932
0.7754432058
0.7770491254
0.775863899
0.763393238
0.7623251684
0.7581844449
0.7626577086
0.7621638734
0.7683554776
0.7602216049
0.7563324112
0.7440166885
0.7477581967
0.7375232324
0.7202534487
0.7091260869
0.7103658168
0.7061592707
0.6908776776
0.6836772215
0.6671088019
0.6671131284
0.6535058092
0.6483703495
0.6225431085
0.6013835906
0.5352550689
0.5009696308
0.4631305219
0.4381601991
0.4161243275
0.4126231641
0.4099685388
0.4276147576
0.4346495831
0.4454574203
0.4582025949
0.4770031352
0.4826859146
0.4874366326
0.4939667302
0.4859470953
0.4522401595
0.4000886328
0.3491025806
0.3314868326
0.3616545572
0.4017791977
0.4276332392
0.4293738609
0.4072472252
0.4152735325
0.4153821157
0.4083900692
0.3856964761
0.3649259184
0.3468903146
0.3312221658
0.3132469343
0.2925664154
0.2747276576
0.2491264036
0.2478416938
0.2634282815
0.3460250477
0.4073425834
0.50851056
0.4007522183
0.4263534105
0.541577638
0.6816900921
0.6713029392
0.5334803308
0.386991895
0.4560233723
0.5996081383
0.4747486243
0.5815631242
0.260399127
0.5275444109
0.5198971688
0.6468696253
0.7010387742
0.6565905762
0.7234354784
0.7874726943
0.8117134951
0.815534235
0.8097634838
0.8036474036
0.785850405
0.7729081088
0.7510483158
0.7366612219
0.7371905653
0.7391839772
0.7416035175
0.7289174154
0.7182049955
0.7161697984
0.7024797696
0.7022903959
0.7022986023
0.7154675693
0.7162796891
0.7360966322
0.7255038332
0.6962578484
0.6308117641
0.6250004914
0.609236711
0.6041183491
0.6310459102
0.6343222888
0.6391455711
0.6556958283
0.653359602
0.6754644762
0.6663901974
0.6557392306
0.5929562147
0.5695691429
0.5836906327
0.6060867406
0.6259255933
0.6246416514
0.6160994082
0.6262124213
0.6202660679
0.6324748905
0.6374090347
0.6419264082
0.6474313455
0.6503271799
0.6493271599
0.6471250726
0.6278200757
0.6135563395
0.6001580208
0.6043521466
0.5961643153
0.5859258816
0.5794298136
0.5787712663
0.5979490919
0.5976752643
0.5921610759
0.577060395
0.5534506796
0.5090940797
0.4590300611
0.4075707157
0.3757465941
0.3574240066
0.359137207
0.3755750474
0.3936372181
0.4019726628
0.4172906853
0.4267118431
0.455975943
0.4759877604
0.4999509527
0.52533098
0.5146898155
0.4703340428
0.3912212878
0.3230604876
0.3141282439
0.3483288825
0.3959183088
0.4242565484
0.4072255694
0.3905892557
0.3957490543
0.4030641461
0.3919941808
0.3715105822
0.3509471943
0.3342941363
0.3229390244
0.3053955604
0.280722619
0.2716600528
0.3038398161
0.4012473705
0.4300417239
0.5078224784
0.3526607242
0.274718191
0.368052965
0.5056283659
0.5803904546
0.6214095246
0.5506845087
0.3739001713
0.4326866126
0.4954938962
0.6560804137
0.4858635399
0.513010242
0.3576057789
0.3068040345
0.240509983
0.3534725903
0.3803444461
0.4078968082
0.5269781156
0.5849912762
0.6064132425
0.6344989775
0.6276878014
0.6400290524
0.6067146367
0.5997631555
0.5830746028
0.5860100931
0.5936933374
0.6072289655
0.6052316031
0.5983983422
0.6039024873
0.585927585
0.5809605268
0.5549256247
0.5520787407
0.589333007
0.5855075889
0.6137880889
0.6010849785
0.586194325
0.572932761
0.5392096292
0.5226740913
0.4976913615
0.4797806852
0.4709108906
0.4736032227
0.4820799286
0.5015171705
0.5517587053
0.5651782422
0.5274060319
0.4515717088
0.3986907646
0.4018224442
0.4330803599
0.475516062
0.4648271784
0.4659696747
0.4638450278
0.471143269
0.4939698656
0.4935126737
0.5180121172
0.5324347943
0.5502623295
0.5622983664
0.5672031261
0.5564834743
0.5531196141
0.5539427173
0.5679566894
0.5667033654
0.5504300678
0.5490272459
0.554442102
0.572152517
0.5683866797
0.5748227391
0.5708805708
0.5645862329
0.5280036853
0.4759847634
0.4175023095
0.3767355444
0.3509152676
0.3589427925
0.3794024218
0.3987916689
0.397967285
0.3959620486
0.4086871913
0.4308625377
0.4688164127
0.5103972787
0.5422816725
0.5268864786
0.4648272461
0.3678136589
0.3047718138
0.3022145733
0.336834194
0.3952214093
0.4044762127
0.3896251187
0.3674753194
0.3757355524
0.3803307579
0.3734909371
0.354819637
0.3309809127
0.3077530695
0.3033075541
0.3177407862
0.3691650567
0.4425001168
0.4337691239
0.5036354401
0.330822954
0.2335698301
0.2888437955
0.3914936565
0.4960671161
0.5375799786
0.543392442
0.4797888523
0.3307234631
0.3324029266
0.3711594851
0.3695677704
0.5698955231
0.399336301
0.5007212429
0.3540476599
0.2665504303
0.268337221
0.3030297188
0.3708712056
0.4233129822
0.5202909503
0.5642834605
0.5928933122
0.6031651355
0.5965671245
0.5879934763
0.5298142884
0.4968361159
0.4910869033
0.4894828099
0.5019520386
0.5019994875
0.4995962616
0.5065484658
0.5024183649
0.482841067
0.4439489698
0.3804254052
0.3468435588
0.4061983239
0.415071663
0.4635194962
0.477236034
0.4790250963
0.4872646078
0.4649295548
0.4376812315
0.418828867
0.3823371323
0.3701452725
0.3485235405
0.3841374687
0.3799350929
0.494242177
0.5009805805
0.4580239033
0.3727259858
0.3271457034
0.341051332
0.3759299286
0.3975850511
0.406920341
0.3997697456
0.3978943207
0.4146166106
0.4184011696
0.4345191184
0.453531574
0.4653505519
0.4989453549
0.5117859464
0.5216023965
0.5171424308
0.5217971914
0.5544378976
0.5765792369
0.5723563617
0.5575938015
0.5532012825
0.5510814141
0.5570769549
0.5584310415
0.5648816785
0.5712305188
0.5646695586
0.5315046018
0.4935882493
0.4303292097
0.3696705331
0.3365653524
0.3479150952
0.3775595152
0.4085761315
0.3899837259
0.3797876837
0.3800409154
0.4010136324
0.4604964424
0.5236398453
0.5581385484
0.5278574064
0.4441623865
0.3506710657
0.3006415272
0.2955929249
0.3434273829
0.3854077874
0.3972391394
0.375364605
0.3657944913
0.3657352711
0.3621703045
0.3499546631
0.3269233703
0.3307868841
0.3608144471
0.4225939834
0.4627160508
0.4301606073
0.496066915
0.3129834073
0.2006353629
0.2405408864
0.2658902972
0.3644583451
0.456333776
0.5112925467
0.511964713
0.438390835
0.3060125107
0.3369750834
0.3291463848
0.3154060694
0.3184566286
0.4671123408
0.4392903013
0.4206153562
0.3235087879
0.2776211008
0.2687055775
0.2657332295
0.2941462315
0.3518376797
0.4365684575
0.4989180022
0.5352366369
0.5570266204
0.5675139831
0.5542668159
0.48893479
0.4532871238
0.4352047836
0.4333309539
0.4400059349
0.4442060568
0.4561428818
0.4578196543
0.4750437859
0.4944603777
0.4528179688
0.3460609745
0.3238831059
0.3658106279
0.4048846753
0.4528413932
0.4842347165
0.4900418435
0.4732626731
0.4594160245
0.4523104877
0.4267106732
0.4160484194
0.3801900118
0.3777809471
0.379614154
0.4274091867
0.5106328836
0.4987614992
0.4437776113
0.3715707844
0.3548954882
0.3670639681
0.3741803252
0.3992009549
0.3959524226
0.3928565948
0.4118303709
0.4116686197
0.4148004398
0.4226545774
0.4282018338
0.4457820828
0.4734426291
0.4685258364
0.4772339394
0.4641577276
0.4982649328
0.5388120127
0.5549279048
0.5568841866
0.5499395
0.5395406323
0.537632631
0.545156649
0.5478171386
0.5540050662
0.5590331523
0.5556585369
0.5440634216
0.5144959274
0.4369825017
0.3603419171
0.3202731626
0.3332542512
0.3823902445
0.407319072
0.3859329858
0.3648877053
0.3555583957
0.3807691054
0.4636099003
0.5313667988
0.5543055576
0.5016372494
0.4140290031
0.3368268537
0.2961257175
0.3142578848
0.3489308608
0.382459858
0.3830846999
0.3776070252
0.366758635
0.3515160262
0.3569607611
0.3713593039
0.4063932819
0.4482692691
0.4593004946
0.422779649
0.4919277523
0.2996148432
0.178825996
0.2126119617
0.2143154019
0.2600728157
0.3540225947
0.4298959984
0.471822977
0.5104384497
0.4207331181
0.2986225865
0.3316377753
0.3729625217
0.3586950572
0.3756570794
0.3481795098
0.4594575603
0.4467336704
0.4160428352
0.3687428069
0.3319557448
0.287976277
0.261785128
0.2857822
0.3391134829
0.4112157978
0.4612445725
0.4796187647
0.517003046
0.5433771846
0.5340199372
0.4909790023
0.4567699579
0.4431117833
0.4369777951
0.4608602162
0.4477231679
0.4516570096
0.4431700973
0.4660746129
0.4982957871
0.4423235551
0.3801604846
0.3529145899
0.3975112466
0.4556567613
0.4770633646
0.4802292445
0.4726293593
0.4638937442
0.4625140377
0.4452844504
0.4380901348
0.4139466313
0.4083208347
0.3762248046
0.4005453815
0.4468100339
0.4806034739
0.4574677296
0.4016526438
0.3783751608
0.3765391433
0.3686236687
0.3890058721
0.3888554188
0.3791145579
0.390856879
0.398503017
0.4009437955
0.410004
0.4091342127
0.4248749863
0.4389836061
0.4412260874
0.4416432904
0.4228963181
0.441626938
0.4768278049
0.4985585555
0.5137253016
0.5227827075
0.5206314721
0.5154786897
0.5254527603
0.5316532732
0.532857564
0.5433757516
0.5398398263
0.5530117421
0.5556184758
0.5163825202
0.4310089626
0.3500638892
0.3022305796
0.3369106675
0.3941770969
0.4070736068
0.3762780269
0.3456588175
0.3366619494
0.3960402427
0.4893698644
0.5350213194
0.5316548275
0.4692713934
0.3894549389
0.3259003362
0.3182711562
0.3339510535
0.3609500516
0.3567541664
0.3616754195
0.3690592738
0.3823482597
0.4077467746
0.4432910037
0.4639930098
0.4541595574
0.422675214
0.4827267963
0.2858007152
0.1614079987
0.1964242444
0.202921877
0.1998091457
0.2484338375
0.3234328854
0.3856600666
0.4536483132
0.4860669473
0.4166912753
0.3166206457
0.3022485953
0.3445817671
0.3800073695
0.3517657999
0.3730573076
0.383181361
0.4448732757
0.4393195714
0.4367093477
0.3945456934
0.3500189212
0.2994479331
0.2889139327
0.313487791
0.3670576744
0.441430635
0.4602110752
0.47886494
0.5105109412
0.5346755084
0.5156586111
0.4861571371
0.4545749544
0.417841737
0.4521886925
0.4581757182
0.446936622
0.4650242029
0.4478827585
0.4835000348
0.4557624178
0.4113789176
0.3721024021
0.3869129831
0.4464862222
0.4699503039
0.4742563225
0.472085914
0.4555882843
0.4659793868
0.4483145163
0.4402362125
0.4197263873
0.3999307774
0.3768473132
0.3773368599
0.4175693275
0.4522883779
0.453971596
0.4043305764
0.3833090946
0.3870402608
0.3731756274
0.3809854543
0.3897140269
0.3807709671
0.3929378006
0.3881445539
0.3861940821
0.393585691
0.4020535104
0.404406551
0.4257230664
0.423636828
0.4382414449
0.4216764491
0.4207425904
0.4370521938
0.444802603
0.4599191013
0.4782515547
0.4934956611
0.4911873227
0.501863756
0.5122969877
0.5193359951
0.5313753985
0.5342888417
0.5319506036
0.5516320796
0.5517009457
0.5044550756
0.4151541683
0.3313898948
0.3056261714
0.3606097392
0.4119693839
0.4016509068
0.3617886728
0.3196268002
0.3548270898
0.437273239
0.5016836136
0.5103469132
0.4909454281
0.4230712497
0.3584992159
0.3407255971
0.3387294806
0.3541071477
0.3590334225
0.3742079398
0.4101334857
0.440930494
0.4626080212
0.457533514
0.445747768
0.4156628082
0.4704191114
0.2830905204
0.1538370644
0.1723072444
0.1938554199
0.2172096644
0.2167999998
0.2639772558
0.3274717872
0.3923336229
0.4214021583
0.4608391807
0.3886706014
0.3205493677
0.3026648348
0.3233720141
0.3736072017
0.3977134759
0.3435880397
0.352503431
0.4208621029
0.4353607066
0.4110172219
0.4398871961
0.3889287869
0.3496090756
0.3106435972
0.3020019023
0.3127935812
0.3724545392
0.4257234382
0.4509429545
0.4787365511
0.5028474279
0.5043847489
0.489455892
0.4835341063
0.4209959826
0.4180956929
0.4309814172
0.4388057805
0.4423832419
0.4527733012
0.4714305821
0.4565037636
0.4292223943
0.3898805041
0.3800625295
0.4216851285
0.4558187638
0.4645481084
0.4690655903
0.4557563583
0.4588109253
0.4584083495
0.4474677189
0.4384472514
0.4250504207
0.3910594775
0.3857413413
0.4022170345
0.4321192608
0.4375986994
0.4151794784
0.3936833149
0.3949408065
0.3850022779
0.3818945699
0.3848508529
0.3797777178
0.3967972036
0.385671027
0.3787380098
0.3806621092
0.3832846522
0.3933847671
0.3968421395
0.417922573
0.4304213113
0.4162706744
0.41579065
0.4260146946
0.4338341458
0.4386375186
0.440130108
0.4541177175
0.4626453839
0.4707223029
0.4883539985
0.4917099321
0.5117231251
0.5185961346
0.5195829512
0.5280079428
0.5475372591
0.5312968586
0.4794022304
0.3800793775
0.3135656117
0.3201059654
0.3900276743
0.4167677043
0.385481012
0.3254527777
0.335718057
0.4174669847
0.4724247521
0.5033870814
0.4904960852
0.4464335332
0.3691416274
0.3386864104
0.349748457
0.3809680473
0.4019275173
0.4231397004
0.4627399669
0.4695208807
0.4460483391
0.4415501087
0.4231040372
0.4582433167
0.2792550973
0.151248283
0.1730395795
0.1750123232
0.1995588784
0.2176184962
0.2300357499
0.2713472624
0.3437703671
0.4141575002
0.446411225
0.4447220915
0.3875077073
0.3178207742
0.3090723556
0.3176027105
0.3650716996
0.3771406278
0.3663354512
0.3531969232
0.4178076703
0.4303980686
0.4207949155
0.4292042228
0.4242697372
0.3904619209
0.3613510581
0.3304687564
0.316867073
0.3421051513
0.4021599825
0.4346028898
0.4597895591
0.4798041743
0.4791749868
0.4781171188
0.4799082003
0.4521303675
0.4214379189
0.4241082781
0.4325687512
0.4493705385
0.4448361876
0.4551555335
0.4501991154
0.4433017364
0.4108088159
0.3812952671
0.4120161515
0.4430244959
0.455434155
0.4556771502
0.4476892866
0.4492720699
0.4514882335
0.4338900016
0.4295107499
0.4215015207
0.4023264994
0.3906788097
0.407141312
0.422440899
0.4296824356
0.3991134654
0.3971938607
0.3960889211
0.3967770099
0.3842768318
0.3876874472
0.3834686313
0.3981695727
0.3917180063
0.3777454396
0.3775326625
0.3779604803
0.384756373
0.3947496824
0.4027636581
0.4174412268
0.4095784008
0.4013991075
0.4190894892
0.4239042014
0.4290156587
0.4272055761
0.4352621898
0.4365745455
0.4452656558
0.4608706122
0.4744602522
0.4842991311
0.4963777875
0.4966171513
0.5107822677
0.5305588868
0.5336558993
0.5065934134
0.4365193256
0.3502677537
0.3187791819
0.3514308839
0.4113628232
0.4210390202
0.3373278105
0.3274246739
0.4048105814
0.4474808097
0.4715295692
0.4860461347
0.457790554
0.3998724773
0.3671579649
0.3892929766
0.4288390022
0.4510246351
0.4666890493
0.4539099665
0.4317924814
0.4507120715
0.4202903252
0.4416401456
0.2779037772
0.149562062
0.1719574113
0.1794603557
0.1905339128
0.2072454006
0.2269817645
0.2491758659
0.2890613962
0.3452976493
0.41283772
0.4497435203
0.4356352473
0.3735928738
0.3403992738
0.3263193903
0.3086705883
0.3398546151
0.3863028972
0.3631827516
0.3574455132
0.4064807299
0.4335424283
0.4119512738
0.4334636654
0.4172749597
0.4038266062
0.3849995894
0.3669945234
0.3440560939
0.3439452818
0.3741401582
0.4247311789
0.4457431888
0.4682040564
0.4658142186
0.4576966348
0.4661788179
0.4573958793
0.4278170787
0.4253607583
0.4332398632
0.429930197
0.4337596799
0.448850013
0.4500549265
0.4468852667
0.4302754632
0.3983972748
0.4097093133
0.4404617515
0.449065146
0.4485424679
0.4435199186
0.4508367156
0.4461354577
0.4378681338
0.4313335786
0.4269087211
0.4166128932
0.4045630664
0.4049700973
0.4178989279
0.4240378222
0.4128397592
0.3981308938
0.4014519251
0.3927606604
0.3975536025
0.3751803373
0.3810316117
0.3968642898
0.3899435427
0.3830585403
0.372466353
0.3775888436
0.3885880156
0.3818178046
0.3952934621
0.4068390022
0.3961235386
0.3988124928
0.3972935216
0.4183723927
0.4174497268
0.4166598737
0.4177279696
0.4153009128
0.4246469418
0.4374385925
0.4503248998
0.4606324761
0.4717522011
0.4654388326
0.4812928525
0.5083976125
0.5252072507
0.5163265066
0.4657746884
0.3960272346
0.3358106489
0.3459321317
0.388155465
0.4332735361
0.3642989619
0.3216484953
0.4068318199
0.4489609273
0.4557169031
0.4564146507
0.4585893727
0.4404010387
0.4306641097
0.440494445
0.4590870035
0.4648444217
0.4315440258
0.4303545895
0.4595755872
0.4086990328
0.4293830479
0.2745560821
0.1471365588
0.1703170389
0.1773615881
0.1888130908
0.2008595771
0.2165877588
0.232565686
0.2641690518
0.2928459686
0.3618818149
0.414266086
0.4435825438
0.4162095396
0.3717877559
0.3465105715
0.3429009118
0.3219535113
0.3483669944
0.3845362779
0.390652778
0.3748261971
0.4130076267
0.4300758194
0.422155176
0.4310507394
0.4265975616
0.4049830295
0.3933977027
0.3805231011
0.3622634854
0.3495837551
0.3709378657
0.3944112213
0.4282735329
0.4504958329
0.4539404498
0.4440965413
0.4449255167
0.4534378261
0.4304022879
0.4271408855
0.4254140884
0.4270830774
0.4331885887
0.4392508684
0.4368689506
0.4403419359
0.4297352472
0.4110625297
0.4126318297
0.4344290853
0.449157476
0.4503070495
0.4431077868
0.4424915008
0.4399594513
0.4218250394
0.4251481158
0.417879622
0.4186493599
0.4043806831
0.4102580309
0.4098199727
0.4146475989
0.4055410518
0.4043662297
0.3936425819
0.3999315249
0.3980278941
0.3847520854
0.3708954645
0.3924166974
0.3884884824
0.3877535071
0.3814891459
0.3759635961
0.3808507862
0.3978601528
0.3914048568
0.406322465
0.3956253971
0.3905937214
0.3933507495
0.3990330907
0.4069711546
0.4070014933
0.4094400177
0.4066931609
0.4102679327
0.4119041054
0.4285569118
0.4366973708
0.4522879346
0.4459986883
0.4535282314
0.4850300837
0.512286248
0.5159784884
0.4820576203
0.4183375713
0.3715747247
0.3462005546
0.3824727571
0.4453372328
0.3844999391
0.3392838782
0.3930286378
0.454228145
0.4640373399
0.4714205826
0.477669426
0.4759189242
0.467820968
0.4599366605
0.4466451952
0.4256849344
0.4430494924
0.4538949054
0.3955284496
0.4232533585
0.2726157038
0.144660014
0.1670922138
0.1746707201
0.1855192085
0.1921337284
0.2081250192
0.2191104735
0.2444509767
0.2710901882
0.2996332644
0.3581204264
0.4140490882
0.4404231507
0.414045421
0.3633194514
0.3588157348
0.3596831126
0.3377167124
0.3561401985
0.3908457801
0.3896420665
0.3857203192
0.3983176023
0.4242478743
0.4089082204
0.4218848885
0.4227186341
0.4053585452
0.3975234411
0.3927424156
0.3861661175
0.365718141
0.3733520581
0.3962312704
0.404445254
0.4318683619
0.4417960654
0.4257394553
0.4373946603
0.440001752
0.4250952179
0.4153090902
0.421856331
0.415090615
0.4269738447
0.4426643292
0.4392659108
0.4383911324
0.4375433102
0.4231043094
0.4156876484
0.4324353904
0.4435580699
0.4442244291
0.4405067866
0.4433096922
0.4318855528
0.4249205627
0.4256437025
0.4214858157
0.4194992271
0.4070716631
0.4088347355
0.4175411515
0.4114672974
0.412902327
0.4037475431
0.4005026329
0.3856678466
0.3949432871
0.3817692047
0.378349142
0.3827401037
0.3858775701
0.3800726517
0.3722018401
0.3806501333
0.3814789785
0.3850467912
0.3841296311
0.3995939277
0.3901857414
0.3978715539
0.37822748
0.3920712709
0.3903010385
0.3973143599
0.4032965602
0.3941212714
0.4017707412
0.4019924665
0.4108178668
0.419955056
0.4323770128
0.4277413377
0.4339458446
0.4578628114
0.4893253328
0.510965695
0.4940020927
0.444352545
0.392464759
0.3602463703
0.3674081555
0.4439398289
0.4055804126
0.3633955499
0.4193885686
0.4557791306
0.4935115183
0.5016419282
0.49650442
0.4820425792
0.4536284649
0.4379537635
0.4373086614
0.4472624506
0.4441928465
0.3842995729
0.4229063975
0.2727147123
0.1449204097
0.1624563031
0.1708693424
0.181092153
0.1904148677
0.2009919638
0.2131466272
0.227433647
0.2460559273
0.291039454
0.314528306
0.3635786679
0.4014722064
0.4211305092
0.4144328814
0.3757413889
0.3819024876
0.3813475351
0.3584985912
0.3740126675
0.387974238
0.3891416855
0.3949994204
0.4036007308
0.4161827466
0.4062147512
0.4139820191
0.4256492057
0.4026311252
0.3891686376
0.3875773453
0.3868114767
0.36650819
0.3701984378
0.3799409637
0.3885882546
0.414900722
0.4305805459
0.4155137119
0.4261621279
0.4376285561
0.4233538654
0.4220325916
0.4153593981
0.4167175775
0.4268177056
0.4386220067
0.4307250684
0.4362455458
0.428811742
0.4278190126
0.4179546587
0.4262417146
0.439795207
0.4440806766
0.435042979
0.4280029969
0.4304097502
0.4208364728
0.4200601818
0.4150915347
0.4170872042
0.4051831019
0.4100026235
0.4149319968
0.4085607192
0.4096856391
0.4019597537
0.399637204
0.3971127728
0.3878914427
0.382398486
0.3758934954
0.3799845853
0.3824188058
0.388014813
0.3772808776
0.3861123474
0.375208248
0.3907997096
0.3811681941
0.3957652529
0.389086447
0.3971372973
0.3881327024
0.3817282354
0.387258534
0.3840690448
0.3918190658
0.3918947418
0.3933290916
0.3871451298
0.3975514944
0.4058661813
0.4184310543
0.4142056971
0.4178692561
0.4350559644
0.467513184
0.495832407
0.4912104219
0.4520760693
0.4252293393
0.3849669037
0.3864953122
0.4473539342
0.4237587801
0.4112635546
0.4591432088
0.4933031614
0.503596913
0.496071585
0.4835377819
0.4606715272
0.4522247886
0.4508192746
0.439740195
0.4313518423
0.3833745515
0.4196377464
0.2713501173
0.1450287301
0.1627854131
0.1667205832
0.1735205866
0.1866084602
0.1951695922
0.2056376934
0.2195726228
0.2381339888
0.256392403
0.2889515115
0.3259489689
0.3637730397
0.4031216904
0.4289922154
0.4166513534
0.3781640534
0.3888861242
0.3868564889
0.3745537117
0.3739756859
0.3884642603
0.3803356068
0.3884937897
0.38849761
0.4112849605
0.3961442967
0.4043981093
0.4253452071
0.4063695975
0.4037094719
0.3885233718
0.3962673135
0.3686722242
0.3670935487
0.3808240696
0.3769763537
0.4060431425
0.4206660204
0.4117214409
0.4197501713
0.4286927923
0.4176445576
0.4148458929
0.4207937324
0.4182064039
0.4224986928
0.4453378924
0.4336561325
0.4351176168
0.4351857805
0.4284539655
0.4249488249
0.4256105853
0.4309757561
0.4321653609
0.4276596196
0.4329489098
0.4184892604
0.4258426373
0.4167225006
0.4189107369
0.4139721706
0.4101596952
0.4111546873
0.4183891209
0.4070069887
0.4079140114
0.3995609767
0.3932986688
0.3911886106
0.3898917137
0.3754310769
0.3729657162
0.3711616312
0.3759979348
0.3800835686
0.3790298573
0.3856751736
0.3800981079
0.3782308792
0.3769237783
0.3926821329
0.3774936105
0.3911166602
0.3732054449
0.3820479765
0.3774605671
0.3800605096
0.3854478815
0.3844277338
0.3872909035
0.3827608442
0.3841767315
0.3914283772
0.4041032143
0.4054650065
0.4108779487
0.4242038361
0.4519329534
0.4783415049
0.4838124373
0.4564606042
0.4401634593
0.4123268413
0.4110361441
0.4609123761
0.4517648887
0.452036765
0.4822325091
0.4913791325
0.4929754665
0.483502219
0.4657024849
0.4645551515
0.4458027111
0.4339585177
0.4295830557
0.3807049386
0.4178295945
0.2716426198
0.1440673271
0.1621075941
0.1670756414
0.1733918235
0.1785415002
0.1909296115
0.203643735
0.2134535135
0.2257251951
0.2484152949
0.2724733466
0.306121899
0.3350974278
0.3728190441
0.4052202699
0.4283049448
0.4266236748
0.3971568669
0.397497548
0.3977547972
0.3776594716
0.381045914
0.3848993907
0.3797878361
0.3869329805
0.3903886505
0.412720505
0.4141263408
0.4077874592
0.4192030601
0.4006488936
0.3913934577
0.3770691627
0.3724412241
0.367296002
0.3589855252
0.3756767747
0.3798137435
0.400563322
0.414420815
0.4097154124
0.4171516105
0.4261071421
0.4197710687
0.425435364
0.4201838211
0.4277913802
0.4273742912
0.4427526847
0.4306779936
0.4256266742
0.4237605563
0.4263305626
0.425736956
0.4203456218
0.4288525508
0.4298954659
0.4168706897
0.4224819565
0.4223792671
0.4196492047
0.4210718672
0.4107243405
0.4145209318
0.4090929686
0.4131859382
0.4106026193
0.4077971302
0.4073727917
0.4028338678
0.3882827124
0.3892470739
0.3766474644
0.3761368997
0.3728593455
0.3727615896
0.3820668065
0.3882685568
0.3779400689
0.3828127044
0.3774660023
0.38008474
0.3750726755
0.3913082843
0.38218958
0.3885609266
0.37759369
0.3724975906
0.3785451849
0.3729267517
0.3742762333
0.3845632157
0.3822648329
0.3820543597
0.3811824541
0.3879353744
0.3908541825
0.3966114851
0.4035413431
0.4132530287
0.4382526058
0.4681191242
0.482429856
0.4705360573
0.4632814901
0.4416505916
0.4486871108
0.4838425722
0.4755260745
0.466228609
0.4744688704
0.4742743646
0.4809730277
0.4680592306
0.4688612598
0.4531166358
0.4360637057
0.432161893
0.3735660935
0.4180260782
0.2709337078
0.1447386505
0.1609319565
0.1636797728
0.1690296616
0.177439475
0.1864388581
0.1986905046
0.2054002648
0.2217826297
0.242001725
0.2584925505
0.287529413
0.3166402388
0.3641316857
0.3930052913
0.4203256608
0.4334589611
0.4293422883
0.4051056515
0.3958682775
0.3857625558
0.3769976032
0.369752246
0.3776286444
0.373510157
0.3973905833
0.3978886184
0.4104312501
0.4106689688
0.4050296533
0.4127457485
0.3910285506
0.3902323504
0.3696116031
0.3691502521
0.3724459074
0.367508675
0.3855857606
0.3829778932
0.3998432338
0.4155019303
0.4090266468
0.4193223453
0.4259630826
0.4216217667
0.4239879125
0.4263699455
0.4361546072
0.4237697272
0.444528161
0.4335703204
0.4335702522
0.4314519335
0.4219970397
0.4263586316
0.4225033486
0.4182451838
0.4247560177
0.421066317
0.4233982768
0.4230908558
0.419611008
0.4142898936
0.4163521759
0.4147582274
0.4144076223
0.4089976549
0.4122775456
0.3985282304
0.4014379217
0.3909472166
0.3855939584
0.3840657993
0.37712594
0.3696728666
0.3703794768
0.3776335389
0.3803006781
0.3778339732
0.3855376738
0.3761642502
0.3815572035
0.3765211006
0.3756032302
0.38471515
0.3722033277
0.3838443333
0.3668884199
0.3733152133
0.3703431143
0.3775579517
0.3729758879
0.378484359
0.377328282
0.3767623026
0.3781580005
0.3831783074
0.3924421927
0.3942707238
0.4014540845
0.4159386886
0.4402197229
0.4687626454
0.4836260659
0.484891649
0.4897142521
0.4721537726
0.4718942236
0.4752136574
0.4647442537
0.4566331062
0.4666917869
0.4699044895
0.476033421
0.4732008074
0.452796627
0.435880343
0.42054073
0.3775691506
0.4167387642
0.2709230076
0.1435879147
0.1611138988
0.1650017198
0.169234391
0.1745561088
0.1840372658
0.1916280701
0.2118769013
0.2222994173
0.2389122319
0.2591211104
0.2861285766
0.3169914881
0.3488309871
0.3791414263
0.4138641611
0.43369679
0.4407018275
0.4264421413
0.4039069439
0.3835161217
0.3788680212
0.3686751555
0.3751163767
0.3878161005
0.3982089233
0.4024037465
0.4139037282
0.4175095669
0.4161078862
0.3987645741
0.3854290818
0.3705190479
0.3671777129
0.3705031606
0.3670987691
0.3763555713
0.3684886695
0.3890985409
0.3929820798
0.4054995316
0.4185096704
0.4133205074
0.4227066393
0.4308238141
0.4295689217
0.4400038711
0.4299511224
0.4326820919
0.4270422789
0.4374831209
0.4338485182
0.4194384054
0.432298814
0.4227082502
0.4264358659
0.4235863709
0.4195720255
0.427062033
0.4174256821
0.4185218182
0.4207455638
0.4135926451
0.4179786783
0.4120433429
0.4088356558
0.4048255446
0.4098422818
0.4033434029
0.397460614
0.3902892846
0.3873466295
0.3711775319
0.3762020803
0.3681825215
0.3823546609
0.3779518172
0.3757827093
0.3896773735
0.3840152961
0.3773573601
0.3852978601
0.3859023356
0.3872147568
0.3737042622
0.3867940445
0.3756550506
0.3818987255
0.3771512899
0.3746256428
0.3791981059
0.3810012044
0.3694772663
0.3813461968
0.376693759
0.3817744803
0.3813476098
0.3886057708
0.3875326297
0.402997504
0.4105203711
0.4318366933
0.4547105744
0.480625316
0.4965539481
0.4982860071
0.4952264678
0.4754505243
0.4670694244
0.4626185179
0.4546759175
0.4591617404
0.4755253281
0.4742270694
0.4804361802
0.4542340424
0.439292177
0.4302518807
0.3760943582
0.417432844
0.2696300488
0.143890836
0.1617525222
0.1636072227
0.1681067813
0.1753741489
0.1830675043
0.1951052232
0.2047070641
0.2217128664
0.2403706528
0.2645157284
0.2906685261
0.3162029442
0.3545808789
0.3854409591
0.4101444103
0.4242588267
0.4351365452
0.426283967
0.402556375
0.3816921009
0.3711723428
0.3730116923
0.3801649413
0.3894515166
0.4037000394
0.4110377052
0.4175061022
0.4082692861
0.4029580818
0.382915432
0.3744313813
0.3719922481
0.3708145903
0.3796539084
0.3726968024
0.3838182158
0.3872954466
0.3857333509
0.4005403717
0.4035124824
0.4090276018
0.4253432267
0.422213828
0.4361826279
0.4366421549
0.437149349
0.4362818241
0.4277257176
0.4330725866
0.4314782371
0.4437696551
0.4367779323
0.4371390959
0.4335898394
0.4268867916
0.4236388527
0.4188114407
0.421115578
0.4235124521
0.4269453995
0.4245712324
0.4237360682
0.4113030672
0.4145517193
0.4188439781
0.4086954097
0.4099091008
0.3883110456
0.3962963264
0.384346141
0.3792059424
0.3774306158
0.3785946662
0.3765431925
0.3821223219
0.3709252023
0.3799841924
0.3866109055
0.3776735595
0.3835260553
0.3870665793
0.3789989584
0.3840457485
0.3806878071
0.37589158
0.3779455302
0.3768387568
0.3815909461
0.3717093234
0.3835186647
0.3702618151
0.3850379452
0.3755116006
0.3819464081
0.385044849
0.3856006007
0.3914738238
0.4042433749
0.4141222189
0.4263519963
0.4406747129
0.4529846433
0.469597734
0.4850291541
0.4841907844
0.4886932239
0.4853566097
0.4700749705
0.4624378823
0.4567399581
0.4595063834
0.4734220034
0.4778729921
0.4785142795
0.457469925
0.4365101558
0.4241074068
0.380402888
0.416022835
0.2702434721
0.1426842948
0.1600101071
0.1641055732
0.1697111141
0.1770322907
0.1847566882
0.1959752058
0.2118302457
0.2305166871
0.2523390725
0.2712639482
0.301385006
0.3345666419
0.363682367
0.3916633172
0.4145488268
0.4178995823
0.4239345437
0.4182292338
0.4020826366
0.3860913278
0.3772623087
0.3780106522
0.3975279198
0.4050579194
0.4186076535
0.4179207785
0.4177202531
0.3936102189
0.3823791055
0.3751589227
0.3745687814
0.3718338596
0.3754871402
0.3755180341
0.3845044659
0.3870974041
0.3922177904
0.392472345
0.4023872321
0.4084567916
0.4150678274
0.4238171023
0.4348242362
0.4331512081
0.4440669351
0.437885191
0.4356647964
0.4340034312
0.4334806408
0.4314461456
0.4330955731
0.4310407157
0.441133449
0.4257197661
0.4294804739
0.4204516227
0.4296101487
0.4212767284
0.4211577426
0.4321486097
0.4137165635
0.4169713489
0.418955968
0.4152606558
0.4098770869
0.4058673757
0.3887204189
0.3907756189
0.3901838509
0.3829110004
0.3798033106
0.3798796869
0.3725804619
0.3771015772
0.370314805
0.3790960155
0.3890851164
0.372190098
0.3884872122
0.3857207448
0.3823582532
0.3799171291
0.3834640799
0.3841061583
0.3889328613
0.3775701343
0.3830268553
0.3816039067
0.3896985645
0.3787230273
0.3830280693
0.3820542322
0.385259426
0.383372036
0.3929287473
0.3980238054
0.410297066
0.4188620156
0.4333544028
0.4395201294
0.4477020515
0.4418885225
0.444605224
0.4596200316
0.4672056795
0.4710020137
0.4794724373
0.4793545604
0.46746769
0.4632730348
0.4659546762
0.4743641258
0.4763852663
0.4800963376
0.4519573036
0.4432883144
0.4270708984
0.3848646585
0.4182291972
0.2684804238
0.1420493728
0.1604746809
0.1638775582
0.1696935962
0.1783335593
0.1910381705
0.2051516602
0.2200108814
0.2376839907
0.2598474097
0.2870179302
0.3211588931
0.3521871918
0.3851751513
0.3985851806
0.4123759222
0.4060132195
0.404877663
0.3951606328
0.3838353984
0.3798385054
0.3825281259
0.400978131
0.4138611889
0.4249349059
0.4223485238
0.4143612193
0.3942305559
0.3758692136
0.3685959531
0.3637729022
0.3737906352
0.3755565613
0.3780246389
0.3896777056
0.3916321912
0.4066972998
0.3984623401
0.4197153226
0.4165236181
0.4174153519
0.4267184326
0.4302489888
0.439709609
0.4426672236
0.441069209
0.4431588457
0.4320951907
0.4346523234
0.4276291781
0.4277765946
0.4321715989
0.440389077
0.4450540541
0.4293122104
0.4332819837
0.4216071409
0.4189636859
0.4168154031
0.4306741293
0.4247540186
0.4324006296
0.4262954764
0.424344679
0.4156201268
0.4064139741
0.3981064239
0.4063450584
0.3934423245
0.3958847322
0.3770057361
0.3843326158
0.3797583473
0.3834597842
0.3790949521
0.3882443741
0.3855370075
0.382105058
0.3895917207
0.3783765303
0.3914628503
0.3768831491
0.3827279101
0.3801391261
0.3844793205
0.3798631367
0.3809030526
0.3817078543
0.3785036505
0.3899408338
0.3835299467
0.3859956211
0.3891589983
0.3900511686
0.3993321233
0.4042123037
0.41628196
0.4317395358
0.4449758806
0.4497591392
0.4478294035
0.445096824
0.4330468771
0.4302752033
0.436189543
0.4438548327
0.4519856435
0.4569723815
0.4660274219
0.4767916243
0.4799441784
0.4796878574
0.4743796851
0.4675609853
0.4741721336
0.4604654651
0.4397357536
0.4328089791
0.3822875321
0.415534491
0.2690540253
0.1412491099
0.1604534324
0.1648665249
0.1731968565
0.1846619509
0.197474912
0.2102814135
0.2279285315
0.2535278184
0.2847108482
0.3130530448
0.3483374242
0.3829019303
0.4002972902
0.4034485129
0.3973069126
0.3946443824
0.3875387824
0.37114093
0.3791694889
0.3893985234
0.4092204513
0.4341215537
0.4378789293
0.4342729429
0.4190381604
0.3865774227
0.3677216272
0.3575502048
0.3622737149
0.3615419958
0.3792337132
0.3798632409
0.3977298433
0.3979945512
0.408047665
0.4126111965
0.4184366278
0.4251315102
0.4218493265
0.4250699883
0.4400817057
0.4430088974
0.4475141446
0.4449982859
0.4415900176
0.4307412888
0.4411790667
0.4307193682
0.4349452995
0.4393723543
0.4442701148
0.4438696557
0.4375245086
0.4271310287
0.4263138342
0.413092283
0.4206833131
0.4265026693
0.4308993835
0.4304750403
0.4271268913
0.4252183367
0.4025098652
0.4128374726
0.3986530453
0.3972812044
0.3867842781
0.3865046516
0.3767637238
0.3741349401
0.3876368975
0.3862903836
0.3861078142
0.3869931991
0.3827382225
0.387451847
0.3859796121
0.3901230397
0.3878085528
0.370161862
0.3872849961
0.3865012017
0.3875363228
0.3812550406
0.3908288039
0.3909510221
0.3871739908
0.3933527701
0.3879428724
0.3981705532
0.3981383155
0.404305687
0.4101889439
0.4175237124
0.4310735539
0.4457607772
0.4568057443
0.4558211874
0.4515995446
0.4351828957
0.4261164543
0.4174116471
0.4225753941
0.4108130708
0.4111290337
0.4186482251
0.429038664
0.4513590163
0.4732891489
0.4929807145
0.4944313426
0.4771517758
0.46929524
0.4596557029
0.4559396316
0.445768719
0.4287960121
0.386913131
0.4173631336
0.2694062817
0.1411724993
0.1601141635
0.1671231193
0.1782413055
0.1896062306
0.2026932212
0.2227362077
0.2482367085
0.2753525748
0.3065698424
0.3468036889
0.3776771399
0.3940633578
0.4052837194
0.3958732672
0.3752052833
0.3615739547
0.3628559008
0.3525636682
0.3704394231
0.409273247
0.4372775642
0.456946988
0.4430471693
0.4150522094
0.3858168159
0.354760876
0.3427222851
0.3538594062
0.361964922
0.3738087504
0.3821079022
0.3935058791
0.3985709576
0.4111103752
0.4114301438
0.4249902735
0.4311615875
0.4373874597
0.4425302813
0.4559863233
0.455618116
0.4557263085
0.4475936794
0.4380377915
0.4348159087
0.4402113269
0.4390103068
0.4439187779
0.4443067831
0.4439991075
0.4424405273
0.4352600097
0.4329905252
0.4295506587
0.430955674
0.428055103
0.4379302625
0.4235427936
0.4420076852
0.4222618319
0.4289998895
0.4096847229
0.4174227863
0.4005299872
0.4000237211
0.3878467799
0.3865996443
0.3888278728
0.391674002
0.4009026243
0.4094538079
0.378865179
0.3976531852
0.3833880978
0.3935047533
0.3941821852
0.3965806482
0.3856053923
0.3893696903
0.3979362788
0.3804986435
0.3954806504
0.3919860439
0.3977573164
0.3864736073
0.3974766716
0.3999448718
0.396305908
0.4068179071
0.4083784392
0.4210159801
0.4209926904
0.4382204915
0.4490236509
0.4614729798
0.4645989837
0.466469513
0.4494670602
0.4327947326
0.425730608
0.4121127841
0.4059110277
0.4081637396
0.3905628321
0.3905752538
0.4011344149
0.4110231294
0.4406998999
0.4857294695
0.4954884548
0.4966230839
0.4784462101
0.4627498285
0.4551724587
0.4501878497
0.4521329299
0.4449071366
0.3843237075
0.4203226153
0.2716947516
0.1417364968
0.1618864157
0.17377788
0.1837101003
0.1965136733
0.2165303465
0.239565692
0.2704986214
0.3046466938
0.3439375509
0.3756827678
0.4015253254
0.4125434744
0.3898133084
0.3712253086
0.3557900956
0.336251459
0.3438091178
0.3630426546
0.4059704137
0.4442796014
0.4651847337
0.4530076868
0.4170196739
0.377518697
0.3403408432
0.339930078
0.3378985109
0.3534551563
0.3677288016
0.3751685173
0.3911799616
0.3945620815
0.41570573
0.4090469518
0.4383940512
0.4361607724
0.4533245669
0.4584529224
0.4637201457
0.4635164841
0.4575009944
0.4456510881
0.4424136993
0.4359579362
0.4466822582
0.4469233246
0.4566813798
0.4569208951
0.453648763
0.4466041697
0.4395067509
0.437120393
0.4320445772
0.4369159196
0.4371757814
0.4324690673
0.4405916428
0.4300813507
0.4370918853
0.4261189328
0.4186271938
0.4123987751
0.3978725969
0.3910795135
0.3832198659
0.3890834332
0.3841388965
0.3906355078
0.3951394728
0.3965601024
0.3842124116
0.3847883747
0.392035988
0.3915710511
0.3982375479
0.3897204701
0.3923816446
0.3892766666
0.3927794499
0.3913899529
0.3975925622
0.3900411704
0.4018035017
0.405058125
0.4117367614
0.4122428211
0.4196913667
0.429076592
0.4315601053
0.440846051
0.4509233113
0.462392798
0.469984073
0.4773196723
0.4756352031
0.46639964
0.4458727459
0.4279109355
0.4158124376
0.3998392617
0.4010022245
0.3829175648
0.381661093
0.3772513635
0.3801133355
0.387057314
0.4161053373
0.4384853305
0.4641456352
0.4787745457
0.4786952095
0.4802164928
0.4656748955
0.4510494768
0.4480914407
0.4441730431
0.4493829956
0.390408732
0.4236699721
0.2745390016
0.1425783484
0.1665221578
0.1768898853
0.1904102444
0.2045588505
0.2278457937
0.2647729578
0.3076187613
0.3455828805
0.3791413046
0.4088911234
0.4195612061
0.3975927577
0.3626451283
0.3385838147
0.3247311145
0.3403096407
0.3580266605
0.4020406278
0.4585908844
0.4598585993
0.4515814893
0.4070249424
0.3578849567
0.3357663512
0.3226901617
0.3296148183
0.346439454
0.3588332698
0.3747628096
0.3923265942
0.4050580229
0.417686453
0.4237601451
0.440661576
0.4481046678
0.4532324845
0.4529986856
0.4617395347
0.4554403449
0.4602098666
0.4430119732
0.4421836684
0.4356254639
0.4399605533
0.4476803595
0.458100788
0.4649606218
0.4590338701
0.4518925571
0.4378303411
0.4261590402
0.4290258441
0.4328159934
0.4384535959
0.4436157836
0.449293452
0.4457733542
0.4390132887
0.4336893407
0.4151588913
0.4188895795
0.3922566824
0.3910988611
0.3799084409
0.3891988282
0.3828643292
0.3952479378
0.3930357833
0.4039406215
0.3989994399
0.4020136955
0.4009689563
0.4084517591
0.4010360075
0.4047878078
0.4008821287
0.40212912
0.4014970843
0.4001509189
0.396523774
0.4121986586
0.4102099166
0.4067782218
0.4276096184
0.4307187084
0.440813967
0.4392791763
0.4586084158
0.4638307984
0.4761586351
0.485123482
0.4913876335
0.4924325547
0.4797232173
0.4667063471
0.4401728544
0.424300298
0.4093031569
0.3980046408
0.3859374374
0.3709670274
0.3693536897
0.3666401219
0.3748320989
0.4022197252
0.4036787736
0.438584781
0.4541588256
0.4448398041
0.4416558903
0.458543259
0.4667244799
0.4699077643
0.4540531544
0.444984658
0.4505162632
0.4551134954
0.4028533887
0.4279823271
0.2755620873
0.1436374075
0.1657719683
0.1790938729
0.1940310186
0.2171986219
0.2585335392
0.3080034982
0.3487810825
0.3787525342
0.400337974
0.4280992276
0.4065923111
0.3556104353
0.3416769591
0.3235318261
0.3328053424
0.3725571821
0.4232004345
0.4655085822
0.4722855361
0.4442149441
0.3817955748
0.3445541758
0.3135966314
0.3191474885
0.3142565776
0.337611339
0.3567247287
0.3766769745
0.3863562206
0.412640438
0.4280727931
0.4378310261
0.4510875069
0.4574584581
0.4646060528
0.4537328155
0.4711966234
0.4619628064
0.4634878629
0.4435922263
0.4448010715
0.4250150493
0.4375111172
0.4475163863
0.4649474201
0.4664129178
0.4654816703
0.4479577829
0.4378805957
0.4178297889
0.4278660662
0.4408548238
0.4507149114
0.4606267708
0.4586327396
0.461910371
0.4371454768
0.4241106544
0.4192063217
0.4027699722
0.3998753539
0.3832056593
0.3835185621
0.3875734356
0.3875387855
0.3927893059
0.3982331569
0.4026661076
0.3976784538
0.4040943501
0.405774148
0.4073631709
0.4119810589
0.3962477101
0.4150885798
0.3993897881
0.4059123793
0.4028960269
0.4122047812
0.420941493
0.4254727213
0.4289022119
0.4355297927
0.4532463677
0.465955326
0.4736130407
0.4846585102
0.4966634245
0.5056470315
0.5129693986
0.5072869168
0.5012378567
0.4772674715
0.4571646862
0.4351594697
0.4151202583
0.4043190144
0.3850227174
0.3710780976
0.3584177151
0.3480310272
0.3612239795
0.3738857944
0.3969062971
0.4245640741
0.4389104684
0.4486496407
0.4320272849
0.4140145185
0.3995012618
0.4129094081
0.4456905245
0.4589629461
0.4761158337
0.4374723268
0.4439069854
0.4519747703
0.4091144017
0.4325156858
0.2826545125
0.14785035
0.173456198
0.1847319339
0.2051753679
0.2399749706
0.3027719127
0.3355921775
0.3599790453
0.4092259122
0.4164332846
0.4185317033
0.3551360536
0.340312651
0.3191558724
0.3480265904
0.3905776508
0.4438299716
0.475021171
0.4566054385
0.4371914959
0.337780666
0.3224447892
0.2875576486
0.3202907014
0.3273427186
0.3414809164
0.3687456858
0.3709563782
0.4040191941
0.4178722527
0.4459200647
0.4599845678
0.4688094262
0.4705588253
0.4730128594
0.4676994564
0.4795850506
0.4696095776
0.4536838414
0.4305669271
0.4278761534
0.4107135033
0.4329607404
0.4578904901
0.4669581826
0.4635425283
0.4491367975
0.4292490074
0.4176992901
0.4075918007
0.4253086129
0.4494373627
0.4609085103
0.4646136589
0.4681754716
0.4517940183
0.4359974796
0.4203754713
0.4099266926
0.4057736987
0.3884707386
0.3856851406
0.3686760046
0.3883505763
0.3853804345
0.3979523806
0.4009930574
0.4045934249
0.4003915504
0.405877625
0.405896746
0.4126821433
0.4140234006
0.4172363581
0.4089055382
0.4140473423
0.4064419538
0.4238326959
0.4306082362
0.4455551058
0.4481517956
0.451405748
0.4609491614
0.4863368986
0.4999389169
0.4972199393
0.5115058188
0.5140925051
0.5187460351
0.5155001487
0.5104073337
0.4916656276
0.4704168222
0.4491890468
0.4308226513
0.4139583846
0.394415688
0.3727693207
0.3595436347
0.3431238956
0.3502767398
0.3748300835
0.3890419597
0.420351223
0.4359666523
0.4486985842
0.4434980187
0.4320585183
0.405407139
0.3894468887
0.3826410494
0.3840265441
0.413902788
0.4473742665
0.4687324213
0.4622997484
0.4318686658
0.456161936
0.4184355927
0.4401812234
0.2944676591
0.1584535652
0.1863169826
0.2046636659
0.2246001433
0.268444802
0.3507637695
0.3552294884
0.3944390287
0.4467432646
0.438172342
0.3812061355
0.3174102453
0.3140983737
0.3625044682
0.421039078
0.4814568785
0.4962708419
0.4687886074
0.4169692288
0.3213406309
0.2915790437
0.275303821
0.3084075195
0.3378018753
0.3563902004
0.3716836784
0.4015144961
0.4244594365
0.452350407
0.4638382905
0.4880528753
0.4724518947
0.4761145249
0.4769815128
0.4767118917
0.4819497172
0.4702160186
0.457950595
0.4378537913
0.4392933397
0.4375982098
0.4517051146
0.4753524082
0.4620667488
0.4398913171
0.4327510182
0.4098702794
0.4099028924
0.4188965411
0.4328688806
0.4641530687
0.4696607238
0.4715031192
0.4617604177
0.4506121454
0.4262633762
0.4163245287
0.4031284363
0.4056527269
0.3859162035
0.3817716142
0.3688307376
0.3774357775
0.3909218955
0.3945920466
0.4184713662
0.4055342674
0.4100880115
0.4117945731
0.4176667905
0.4238169093
0.4242798799
0.4239008634
0.4208798303
0.4181914479
0.4162268753
0.4334676587
0.4568293142
0.4604256213
0.4805389471
0.4919198194
0.5021229137
0.5248010182
0.5382340916
0.5226649136
0.5280244556
0.5320588991
0.5279012139
0.5207604436
0.5065904551
0.4903511122
0.4646395798
0.4436867251
0.4221704525
0.4032385165
0.3740978924
0.3507910105
0.3441866171
0.3397025004
0.3646548203
0.3902615411
0.4197316717
0.4391733598
0.4398960398
0.4468241181
0.4310815897
0.4124442401
0.4006966456
0.3744112271
0.3788506711
0.3798308337
0.379415154
0.381422513
0.4170392172
0.4486771641
0.4601311422
0.4474125286
0.4275450863
0.4283541396
0.4467106242
0.3084163778
0.1771131618
0.2143130704
0.2333749347
0.2882154662
0.3582162285
0.3948822299
0.4519344448
0.4758932745
0.4419063759
0.3825056579
0.3459152729
0.3293886611
0.4179937061
0.449300886
0.4917298298
0.497326826
0.4518404879
0.3739117399
0.2662115355
0.24652681
0.2405877908
0.2921577928
0.3033232014
0.3631975325
0.374732763
0.4311867798
0.4704945059
0.496678614
0.4972389154
0.4960931137
0.4880722798
0.4549769764
0.4795272717
0.4699698654
0.4738412186
0.4692193103
0.4644130964
0.4512602608
0.4552187086
0.4667952995
0.4700822909
0.4656971136
0.4457301727
0.4169587802
0.4091076463
0.4034446225
0.4066165982
0.4277212248
0.445974021
0.4625067205
0.4680134537
0.4635075025
0.4494936297
0.440653678
0.4238913161
0.4080988845
0.3974622906
0.391351513
0.3846454745
0.3744066598
0.3709398327
0.3817924643
0.389201329
0.4074455727
0.4073705077
0.4161955479
0.4164886255
0.4250227416
0.4371288144
0.4461470338
0.4493912842
0.4352957174
0.4435388516
0.4317698896
0.4397719007
0.4642951445
0.481099719
0.4999647107
0.5133107434
0.5302747592
0.5389380715
0.5505633715
0.5534473338
0.5410267963
0.5345309574
0.5363173534
0.5291953873
0.5117333633
0.4974768541
0.4753904886
0.45287171
0.4203121522
0.4007317066
0.367878467
0.3525021169
0.3284038451
0.3478370853
0.3605939898
0.3973727776
0.4279968042
0.4463915415
0.456056536
0.4388423964
0.4414172164
0.4234530128
0.4086471116
0.3983414647
0.3853468814
0.3838925219
0.3917809531
0.3857900844
0.383587254
0.3691968528
0.3713630659
0.414888943
0.4481158612
0.4574076507
0.4342063933
0.4227645665
0.4642512792
0.3214770047
0.1987455104
0.2494681339
0.2855749881
0.3693204618
0.4367347893
0.4559857458
0.4362621119
0.4289073316
0.3428564086
0.3388470416
0.3803369454
0.447034091
0.4980416034
0.4615000092
0.4347082616
0.3811543149
0.3009557813
0.2269601349
0.2289154162
0.2484168591
0.3125259577
0.3613588621
0.4170658665
0.4489880999
0.4898468251
0.5193007306
0.5272028662
0.5173703596
0.5048726753
0.5018408199
0.4591346869
0.4717342681
0.4677094605
0.4477165191
0.4582720554
0.4406343766
0.4342540316
0.4398017875
0.4447409686
0.4514578392
0.4368734666
0.4220970102
0.3956930114
0.3888822924
0.3877100458
0.397018874
0.4182236063
0.4464964122
0.4546704079
0.4601369292
0.4552866098
0.4340857292
0.4310088714
0.4147935985
0.4071547369
0.3884900401
0.3857354972
0.3673396138
0.3656706992
0.3691797571
0.3906746547
0.4116655311
0.436438128
0.4303087613
0.4374065292
0.4380592947
0.4479360989
0.4615369547
0.4670195892
0.4674148965
0.4640524785
0.4642411057
0.4633936956
0.4684718877
0.5019629132
0.5110934766
0.5355367441
0.5475017562
0.5560694763
0.5670515459
0.5623272429
0.569953504
0.5589361709
0.5540677163
0.5484965573
0.5346913141
0.5125541042
0.4803588259
0.46185492
0.4274303209
0.3971807505
0.3728523042
0.3515743873
0.3454573602
0.3463073711
0.3735083127
0.4055372353
0.4293364349
0.4475741388
0.4455145359
0.4403651499
0.4204601015
0.4186217866
0.4156867171
0.4062399109
0.3979911185
0.3980331213
0.3906463539
0.3897910107
0.3915298592
0.3829144746
0.3745746842
0.3616785339
0.3417714236
0.3585555736
0.4070868865
0.4509176251
0.4418246628
0.4209674965
0.4767135153
0.3283718538
0.213373065
0.2883141598
0.3529927469
0.436917515
0.4875526306
0.5104773509
0.4896067177
0.3882785922
0.3727541114
0.3734294381
0.4510747846
0.4966270694
0.4930259009
0.3754516677
0.4106333824
0.285805755
0.255766536
0.2854467858
0.3376896406
0.420230198
0.4715533203
0.5332238956
0.5492073105
0.5734677035
0.5607507472
0.5524576074
0.5319897823
0.5294274644
0.5378519927
0.5309338771
0.5133828177
0.5245090902
0.4849709764
0.466201524
0.4500315255
0.4316192375
0.4330150689
0.4486636212
0.4488741075
0.446017498
0.430946073
0.4247811966
0.4136922613
0.4162499919
0.4255326644
0.4467625802
0.4643679835
0.4613868153
0.4524431663
0.4435785421
0.4229175239
0.4109559144
0.4038792974
0.3908158665
0.3716438587
0.3755085597
0.3733107555
0.3711251339
0.392957187
0.4139732249
0.446064968
0.461973284
0.4552288163
0.4633824638
0.465176233
0.4736697627
0.4667535717
0.4784407616
0.4702418481
0.4829688564
0.4891789754
0.4984540131
0.5158524874
0.5348645765
0.5528421653
0.5739267115
0.5779029249
0.5887183885
0.5859460513
0.5818500676
0.5735235459
0.5671192226
0.5521492881
0.5424058654
0.5224245023
0.4989474836
0.4589950603
0.4336483903
0.4046901816
0.3754014722
0.3621646899
0.353959465
0.370521432
0.3742369815
0.4089260382
0.4238667802
0.4430795793
0.4348568621
0.433590096
0.4254163445
0.4144172881
0.4162802615
0.4165461746
0.4199818586
0.4102588248
0.4123234907
0.4086532926
0.4014007721
0.4014682113
0.387585502
0.3792821056
0.36525771
0.341255856
0.3277481598
0.311678596
0.3530507843
0.424970474
0.4613485553
0.4223958072
0.4846722521
0.3418529852
0.2491530908
0.3795058865
0.4803836912
0.5728738596
0.5966800458
0.5543934161
0.5223597157
0.4104189886
0.4016981168
0.3896613984
0.3617213391
0.3635076379
0.3186697383
0.3894312306
0.3173869755
0.2998025584
0.4314298696
0.4699556825
0.5462051726
0.5784899081
0.6229467075
0.6195697271
0.6319639872
0.6209843599
0.6146329853
0.60292451
0.5970507544
0.6146551311
0.6135181239
0.616537356
0.6126578902
0.6141840264
0.5703373519
0.5565518594
0.5593237005
0.5259532429
0.5566814948
0.5551300686
0.5712051506
0.5587688193
0.5500593185
0.5577670675
0.5450987542
0.5432926984
0.5497570741
0.5456293044
0.5222756053
0.5222912257
0.489977441
0.4778992252
0.4578668585
0.4439601856
0.4399274435
0.4170400821
0.4313635247
0.4338164743
0.4453214771
0.4626255446
0.4913417291
0.4996041625
0.5082405189
0.4944353952
0.5076728833
0.5117815487
0.5145188643
0.5152838226
0.5094996328
0.5086763622
0.510018418
0.5260575809
0.5445177038
0.5607906264
0.5774430961
0.5923877082
0.6004181489
0.5954942614
0.590196092
0.578765982
0.5717804893
0.5562492489
0.5418720952
0.5309358568
0.5082173494
0.4948396943
0.4752011556
0.4449743413
0.4198437865
0.3949438056
0.3836837072
0.3745135792
0.3799950533
0.3993502559
0.4028747005
0.4245401193
0.4318960746
0.4377129399
0.4290686393
0.4277364335
0.4338785102
0.4300606793
0.4387212431
0.4362083956
0.439330074
0.4237879765
0.4222938711
0.4171729564
0.4078791173
0.3973650192
0.3847822251
0.3718840845
0.3520857082
0.3341072563
0.3186997589
0.3084383434
0.2957678463
0.2984549622
0.3721129325
0.4425770231
0.4367955884
0.4845574892
0.4177025042
0.3567595171
0.5130970205
0.6118640035
0.6566665456
0.5933471713
0.5545725261
0.5155908657
0.4972421893
0.5589072863
0.4908848483
0.5960257968
0.5632513935
0.6840692665
0.7071239485
0.7675298264
0.8196416507
0.8307259041
0.8425569505
0.8335540521
0.8262735435
0.8116073958
0.8035491688
0.7892403561
0.774229716
0.7612614264
0.7413784603
0.7377329374
0.7174914993
0.7145862945
0.7076132007
0.7075159936
0.7028556011
0.6941893432
0.7106732817
0.6791594192
0.6572376466
0.6684165301
0.6570263269
0.6394351922
0.656678959
0.6630991621
0.6678634711
0.6702182607
0.672931276
0.6536297453
0.637081011
0.6258437326
0.6233575424
0.6009584263
0.6050362452
0.5893957056
0.6038118611
0.6041296982
0.6091451313
0.6288383069
0.6202689862
0.6402418775
0.653434757
0.6588618567
0.6461917812
0.6391991107
0.6333199406
0.6425268728
0.635480459
0.6347059427
0.6297125951
0.6227610678
0.6195734262
0.6163216709
0.6218692558
0.628714848
0.6328132421
0.6389349066
0.6179974824
0.6087978257
0.5876502677
0.5693390061
0.5626696454
0.5436412721
0.5252416627
0.5048315684
0.4730487413
0.4512276524
0.4321688721
0.406374989
0.4014728319
0.3844376436
0.3963162591
0.3913371966
0.3980643248
0.4122028418
0.4102346631
0.4263054723
0.4315175554
0.4454691068
0.4422767299
0.4470812615
0.4585365499
0.4606264131
0.4619636223
0.4603516964
0.4519342947
0.4355738106
0.4280753034
0.4179751241
0.4068553755
0.3892551394
0.377529001
0.3669248825
0.3460615663
0.330803864
0.3160503876
0.3088423068
0.2998994265
0.2843383678
0.2774198231
0.3024795883
0.407477163
0.4416019789
0.4910211095
0.7062344289
0.7868023826
0.8475710789
0.8798186996
0.8940867637
0.9139586339
0.9278658007
0.938187436
0.9479106812
0.9498661826
0.9508697002
0.9513154413
0.9505752944
0.9543242494
0.9548712838
0.9581607246
0.9560004583
0.953621881
0.9542592911
0.9498776678
0.9445076691
0.9408699153
0.9373870798
0.934176525
0.9309404636
0.9261349248
0.9238183511
0.9193151534
0.9154710112
0.9131420571
0.9092351361
0.9053711689
0.9002917538
0.8985569984
0.8884071531
0.8701232777
0.8504370161
0.8402478175
0.7977884447
0.8292713162
0.8301651857
0.8388902438
0.8380975531
0.8334510677
0.8250676582
0.8127030948
0.8009643329
0.7946341325
0.7965476599
0.7907357732
0.7940151224
0.7870118597
0.7919476644
0.7817536477
0.7908880001
0.7857330107
0.7845273333
0.7885220462
0.7806373069
0.7770563594
0.770473492
0.7662929927
0.7544616236
0.7565586018
0.7552040047
0.7592266409
0.7444761845
0.7399648493
0.7290884472
0.7158853445
0.7073659454
0.6907878877
0.6863536746
0.66322682
0.6381311533
0.6262516367
0.5987957087
0.5921917155
0.5673608874
0.5470459122
0.5260623063
0.4914464683
0.4659986098
0.4341116335
0.4113179069
0.4148598632
0.3970766093
0.4239913211
0.4207396238
0.4279153741
0.4366459479
0.4397040441
0.4411288089
0.4514660421
0.4592001997
0.4610278614
0.4643226641
0.4672249937
0.4626376177
0.4567549554
0.445802375
0.4449824282
0.427405783
0.4273490944
0.4103909307
0.4076405275
0.3911663952
0.3816766924
0.3709966773
0.3531675339
0.333355979
0.3220097034
0.3089620767
0.2961849044
0.283298175
0.2714961529
0.2595518821
0.249264843
0.3305948961
0.4214764873
0.495748722
0.9531737965
0.9756660574
0.9776607927
0.9787166346
0.9814408221
0.9849156337
0.9864336094
0.985713364
0.9842155351
0.9829608343
0.9806495263
0.9789786421
0.9768850724
0.9765644649
0.972946673
0.9750883499
0.9754059378
0.9739273243
0.9733946245
0.9721232643
0.9704374478
0.9682722579
0.9669501848
0.9657349878
0.9645351539
0.9634168488
0.9621299924
0.9612034179
0.9603348965
0.9596647852
0.9591075734
0.9585104946
0.9576021498
0.9567019373
0.9562539466
0.9530654507
0.9501204142
0.9435282676
0.943931297
0.9443863754
0.9416580184
0.9448944102
0.9436446035
0.942097578
0.9409563402
0.9385058022
0.9351815084
0.9326828859
0.931527423
0.9307065617
0.928492434
0.9254871788
0.9241206773
0.921024875
0.9183587045
0.914844203
0.9115364731
0.9055984569
0.8992121315
0.8977375962
0.8941228184
0.8871613662
0.8790680986
0.8715311265
0.8653432105
0.8658006999
0.8534552151
0.8404993967
0.8295161867
0.8198902448
0.8021203493
0.7840652405
0.7679544206
0.7487346899
0.7316873751
0.7132199401
0.6966751048
0.6836732531
0.6702904611
0.6501446027
0.6192728826
0.6053077685
0.5662569621
0.5515284234
0.5530882734
0.5252721797
0.5505254215
0.5475726984
0.5611312926
0.5622801491
0.5588636008
0.5513826586
0.5375548285
0.5326805056
0.5204968829
0.5164528788
0.5053841434
0.5008310173
0.4860810918
0.4767290491
0.4672379183
0.4543738574
0.4456908469
0.4328143453
0.4159232439
0.4008171535
0.3799747182
0.3668407824
0.3447424401
0.3222507484
0.309817749
0.2991381292
0.2869913508
0.2769216539
0.2668035046
0.2577188897
0.2469378107
0.2287423154
0.2611375142
0.3875995541
0.4926063371
0.9902022987
0.9947575508
0.9943801271
0.9939425643
0.9934561334
0.9935960853
0.9934168558
0.9925397668
0.9911081192
0.9895415147
0.9881850807
0.9865418567
0.9853199408
0.983316292
0.9813470893
0.9809697292
0.9793938687
0.9799383277
0.9784186388
0.9778969502
0.9773767076
0.9762171954
0.9750771737
0.9741229362
0.9734613851
0.9728507853
0.9722132718
0.9714036163
0.9709875395
0.970655966
0.9703106727
0.9702454977
0.9700361443
0.9697483069
0.9692976267
0.9691317877
0.9676332802
0.9656994183
0.9635523212
0.9630439374
0.9632435595
0.9652580888
0.9659424747
0.9667171229
0.9668581452
0.9669378791
0.9662593659
0.9649983058
0.9643311116
0.9640439917
0.9630400445
0.9615521715
0.9611044128
0.9599520138
0.9586138354
0.9568555663
0.9564294378
0.9549554212
0.952828999
0.9519661778
0.9505821999
0.9493029652
0.946229741
0.9420882731
0.9385458052
0.9391176771
0.9377673573
0.9344571031
0.9282380816
0.9265943523
0.9198071207
0.9120912454
0.9033808676
0.897515628
0.8921453871
0.8885526743
0.8806485676
0.8794338343
0.8718652899
0.8641593585
0.8566717009
0.8449459792
0.8331984497
0.8258448153
0.7926227952
0.7926955965
0.7693095804
0.7716062246
0.7564430867
0.7518081473
0.7340056946
0.7215206875
0.6986974023
0.6831675791
0.6545818088
0.6405250488
0.621788302
0.6117682561
0.5942759198
0.5736109912
0.555398093
0.5364911452
0.5104505352
0.4930232029
0.4604484827
0.433550584
0.4007848105
0.3784885337
0.3518089503
0.328011969
0.3099709045
0.2928264461
0.2729092117
0.258884834
0.2456017935
0.2338459684
0.2234732185
0.2122016858
0.2138855896
0.3143415189
0.4731156689
0.9972066437
0.9984756536
0.9981567581
0.9976515383
0.9968342497
0.9960079558
0.9952598167
0.994445387
0.9935026255
0.9924786871
0.9914594695
0.990355992
0.9889070056
0.9875346738
0.9842794682
0.9832087763
0.981992172
0.9805922482
0.9804788531
0.9795696899
0.9793845934
0.9789757531
0.9783185271
0.9775403645
0.9769761749
0.9766365547
0.976230875
0.9756120044
0.9748792251
0.9741969756
0.9736382737
0.9731204374
0.9726971813
0.9720780407
0.9713624888
0.9706913228
0.9704211848
0.968765598
0.9668430617
0.965250043
0.9650460409
0.9669138798
0.9679176648
0.9687834116
0.9697651125
0.970234788
0.970375184
0.9697002559
0.9687764327
0.9681617608
0.967425291
0.9662120195
0.965494955
0.9649285795
0.9639929113
0.9625875454
0.961491285
0.9608876658
0.9591388347
0.9575654363
0.9564706819
0.9554610189
0.954438563
0.951819424
0.9485273008
0.9478145999
0.9488258963
0.9484496398
0.9455683331
0.9437499871
0.9426418008
0.9399931497
0.9361538433
0.9331169673
0.9324891632
0.932421336
0.9327433858
0.932217323
0.9332066077
0.9345408516
0.9304840482
0.9266798444
0.9206442663
0.9098007695
0.9008130225
0.8894427445
0.8812595177
0.8701594152
0.8644150532
0.8589036484
0.8411942466
0.8192299348
0.801518782
0.7759482393
0.7488948536
0.7274735982
0.6987564654
0.6822406936
0.6397487098
0.6189294158
0.5907707328
0.5556484829
0.5287474483
0.5072486238
0.477259275
0.4553008645
0.4327830011
0.4091555015
0.3936437021
0.3747260797
0.3541976623
0.3297840827
0.3082803542
0.2858692521
0.2629146279
0.2411982038
0.2195340749
0.2025616856
0.1833913245
0.1917927922
0.3897740224
0.9913806434
0.9974122977
0.9964195427
0.9954894249
0.9938878926
0.9920714195
0.9901105327
0.9881438764
0.9860838221
0.9838915301
0.9816061268
0.9790987327
0.9761118343
0.9723040872
0.9674798113
0.9623963836
0.9497481202
0.9560524257
0.9526990494
0.952647024
0.9517076709
0.9511213831
0.9499967905
0.9483832407
0.946530514
0.945139589
0.9437851089
0.9421174087
0.9398039919
0.9371603457
0.9347109347
0.93223029
0.929621059
0.9270954766
0.9240780661
0.920857845
0.9183380012
0.9159868
0.9108815436
0.9030876397
0.902208727
0.9019285419
0.9012771863
0.9041162746
0.9038654213
0.9047780001
0.9037936343
0.902377754
0.8985135977
0.8953074003
0.891333887
0.8874902454
0.8828985286
0.8789080355
0.8762528523
0.8693294277
0.864303091
0.8585367496
0.852021068
0.8458124923
0.8361061032
0.8335214377
0.8258590551
0.8194276186
0.8121773803
0.8027797405
0.7979374973
0.8022846197
0.7899673036
0.7885374176
0.7826230438
0.7827501097
0.7721146595
0.7715907316
0.766485808
0.7687923612
0.7693382857
0.7714029701
0.7701456857
0.7705214103
0.7692622943
0.7647707894
0.7552840353
0.7585900394
0.7415253126
0.7384627656
0.7158950535
0.7114791836
0.6958377615
0.6840567925
0.6694122818
0.667203607
0.6506674531
0.6369709519
0.6286611051
0.6058157829
0.5967229924
0.5776277697
0.5675128252
0.5670726063
0.5409360597
0.5314078381
0.517258002
0.5037922628
0.4914941648
0.4847692607
0.473140995
0.468842702
0.4601025579
0.4543225411
0.446131066
0.435655924
0.4263302169
0.4160424105
0.4063653273
0.3917159195
0.374673517
0.3565820471
0.3314804683
0.2987204421
0.3607826695
