0.9992794843
0.9994566912
0.9992268187
0.999106575
0.9990133877
0.9989229921
0.9988254544
0.9987163915
0.9985945733
0.9984611066
0.9983180434
0.9981673098
0.998010825
0.9978506985
0.9976891303
0.9975284079
0.9973705424
0.9972165995
0.9970664352
0.9969192189
0.9967748089
0.9966353367
0.9965057987
0.9963929504
0.9963031738
0.9962395395
0.9961996089
0.9961767788
0.9961651065
0.9961615958
0.9961644663
0.9961713574
0.9961802257
0.9961906443
0.9962043294
0.9962253059
0.996259791
0.9963152429
0.9963979246
0.9965089326
0.9966401473
0.9967723377
0.996878657
0.9969362008
0.9969395714
0.9969005234
0.9968378897
0.9967744053
0.9967351613
0.9967422013
0.99680477
0.9969060959
0.9970019767
0.9970473043
0.9970203895
0.9969247852
0.9967772506
0.9965895955
0.9963706606
0.9961312334
0.9958767367
0.9956052197
0.9953115066
0.9949897188
0.9946335886
0.994235839
0.993787031
0.9932743399
0.9926854515
0.9920466838
0.9915346043
0.9914622405
0.9918406641
0.9923191236
0.9926313595
0.9927183623
0.9926227828
0.9924259096
0.9922425446
0.992205386
0.9923851363
0.992630866
0.9925448603
0.9915851857
0.9885014276
0.9779610939
0.8369732022
0.03324198352
0.93133489
0.02905995275
0.9043017547
0.03000277145
0.9056605572
0.03006690257
0.9077512601
0.03008866645
0.9070054522
0.02998440569
0.9058319875
0.02993605583
0.9078170704
0.02957930142
0.9068294119
0.0300191734
0.9082520906
0.03031521732
0.9083940982
0.03040672039
0.9082006113
0.03055337688
0.9055319877
0.03006523909
0.8958233161
0.0302652846
0.908327175
0.03033791272
0.9131178396
0.03046636947
0.8640160241
0.04697311115
0.1315282406
0.9991217006
0.9996613155
0.9995949402
0.9995334165
0.9994801977
0.9994285767
0.9993747908
0.9993166584
0.9992532049
0.9991846227
0.9991116262
0.9990348617
0.998955025
0.9988730235
0.9987898987
0.9987068524
0.998625084
0.9985453675
0.9984678125
0.9983920208
0.9983177195
0.9982456192
0.9981778605
0.9981176141
0.9980681235
0.9980312454
0.9980061525
0.9979898507
0.9979796517
0.9979743375
0.9979730825
0.997974524
0.9979773411
0.9979809197
0.9979854601
0.9979920684
0.9980029427
0.9980213772
0.9980511346
0.9980948327
0.998151397
0.9982132399
0.9982667339
0.998298897
0.9983058329
0.9982924295
0.9982657583
0.998233606
0.9982059382
0.998194088
0.9982065364
0.9982393408
0.9982710281
0.9982763505
0.9982422816
0.9981729873
0.9980870083
0.9979938059
0.9978949391
0.9977940778
0.9976929245
0.9975898062
0.9974826478
0.9973698989
0.9972504177
0.9971231334
0.996986388
0.9968363693
0.9966637592
0.9964516165
0.9962045898
0.9960429932
0.9960408727
0.9961061734
0.9961371527
0.9961033961
0.9960089275
0.9958666669
0.9957041943
0.9955817261
0.9955738139
0.9956655353
0.9956983639
0.9954981315
0.994877934
0.9934176729
0.9902265963
0.9878831778
0.0216201059
0.01193705453
0.01020451801
0.01038489872
0.01020541618
0.01038572049
0.01021862833
0.01039987859
0.01021531638
0.01039424389
0.01021268523
0.01041589692
0.01020361769
0.01035543344
0.01018596588
0.0103764881
0.01022483245
0.01040212987
0.01024026522
0.01044034472
0.01024891388
0.01045441913
0.0102446967
0.01037393279
0.01018796724
0.01040389725
0.01028131139
0.01047838494
0.01028056276
0.01050846669
0.01050663024
0.01696485261
0.9349861897
0.9985761912
0.9994076941
0.9994748258
0.9994491146
0.9994014834
0.9993463644
0.9992866228
0.9992221744
0.9991526794
0.9990788697
0.9990015977
0.9989209559
0.9988370596
0.998750564
0.998662461
0.998574273
0.9984878233
0.9984043278
0.9983238185
0.9982452294
0.9981673505
0.998090306
0.9980164307
0.9979498332
0.9978951699
0.9978551564
0.9978280951
0.9978091468
0.9977953746
0.9977869048
0.9977835957
0.9977832998
0.9977837818
0.997783853
0.9977829472
0.9977809987
0.99777903
0.9977801793
0.9977902523
0.9978166539
0.9978647967
0.9979297818
0.9979903241
0.9980235786
0.9980260751
0.9980088758
0.9979790747
0.9979389421
0.9978923288
0.997852305
0.997840237
0.9978605783
0.997877044
0.9978420995
0.9977301215
0.9975463388
0.9973545253
0.9972518358
0.9971961377
0.997163125
0.9971430646
0.9971266625
0.9971102251
0.9970934542
0.9970767744
0.9970603566
0.9970434035
0.9970226365
0.9969884624
0.9969148897
0.9967402716
0.996431205
0.9962127989
0.9960740151
0.995907228
0.9957000542
0.9954740363
0.9952248658
0.9949299613
0.9946161146
0.994493209
0.9946938838
0.994996559
0.9952093985
0.9952809989
0.9951168857
0.9946264893
0.9946204495
0.9945329971
0.9900661756
0.01453234666
0.009778725132
0.009217477567
0.009215153463
0.009218399183
0.009215442881
0.009219779426
0.009218682428
0.009230190046
0.009237782843
0.009224513443
0.009219348964
0.009221881306
0.009220746056
0.009224408388
0.009226158435
0.009231819379
0.009234896744
0.009238129293
0.009239962212
0.009240594939
0.009237105598
0.009239495123
0.00924526597
0.009252107487
0.0092583301
0.009265831687
0.00928115788
0.009355962617
0.03220801732
0.9690770385
0.9978824895
0.9991145195
0.9992492627
0.9992911553
0.9992708524
0.9992237266
0.999164383
0.99909672
0.9990217664
0.9989421835
0.9988601021
0.9987749127
0.998685668
0.9985926475
0.998496754
0.9984002238
0.9983064847
0.9982180377
0.9981349237
0.9980545214
0.9979731502
0.9978890543
0.9978045222
0.997725828
0.997661977
0.9976191265
0.9975939274
0.9975763225
0.9975616782
0.9975525741
0.9975502157
0.997550661
0.9975499328
0.9975462184
0.9975382071
0.9975242637
0.9975031126
0.9974762311
0.9974517074
0.9974457658
0.9974784737
0.9975561184
0.9976474216
0.9976970582
0.9976953154
0.9976694108
0.9976327264
0.9975827537
0.9975098604
0.997412411
0.9973455555
0.9973582098
0.9973882017
0.9973245585
0.9970873584
0.9966134316
0.9959086539
0.995438921
0.9959082076
0.9961250479
0.9963157833
0.9964782987
0.9966196188
0.9967471586
0.9968652974
0.9969761574
0.9970804262
0.9971775812
0.9972652471
0.9973361537
0.9973575751
0.9971739124
0.9962791806
0.9958295536
0.9954417652
0.9950587109
0.9947208376
0.9944266395
0.9941016565
0.9936281422
0.9931650926
0.9935187885
0.9943207018
0.9950112611
0.9954662118
0.9956169276
0.9953436794
0.9949121138
0.994858712
0.9949601505
0.9930641943
0.9762572086
0.01179480072
0.009218359552
0.009216514731
0.009216583421
0.009217793614
0.009220776525
0.009226801577
0.009225821606
0.009219194478
0.009219706306
0.009220878918
0.009222525714
0.009224609008
0.009228387577
0.009231804261
0.009235674889
0.009236573701
0.009240530056
0.009238500084
0.009240766786
0.009242643005
0.009247416505
0.009249012777
0.0092560439
0.009258373652
0.009271275749
0.009774808433
0.03534414236
0.9916942246
0.9969302882
0.9987156169
0.9989391486
0.9990431162
0.9990642746
0.9990373034
0.9989880093
0.9989237119
0.9988459732
0.9987617729
0.9986765917
0.9985881327
0.9984932054
0.9983915964
0.9982836802
0.9981726955
0.9980657516
0.9979689866
0.9978835605
0.9978044608
0.9977231506
0.9976331009
0.9975343364
0.9974349171
0.9973524919
0.9973044933
0.9972861733
0.997275079
0.9972625667
0.9972568441
0.9972612996
0.9972673125
0.9972680841
0.9972620775
0.9972479727
0.9972224841
0.9971803878
0.997116513
0.9970338114
0.9969585995
0.9969402129
0.9970101236
0.9971400481
0.9972590919
0.9972771706
0.9972528859
0.9972217973
0.9971841056
0.9971221249
0.9969828243
0.9967536076
0.9966894881
0.9967653208
0.9967424919
0.9964178337
0.9955481081
0.9934483156
0.9881222432
0.9869534275
0.9914551087
0.9924407712
0.9932463328
0.99389979
0.9944480501
0.9949173133
0.9953242884
0.995681313
0.9959994818
0.9962920912
0.9965805429
0.9969056286
0.9973092158
0.9963437505
0.9944776264
0.993861321
0.9934292175
0.9932448947
0.9932550673
0.9933600367
0.9934062492
0.9930524725
0.9917977725
0.9930872698
0.9943236815
0.995143161
0.9955523588
0.9954571136
0.9950503205
0.9947599142
0.9948347897
0.9949880158
0.9946976702
0.9942211185
0.02844965162
0.01085844061
0.009216765164
0.009219380214
0.009222034933
0.00922547967
0.00922306934
0.009219592108
0.009219878819
0.009221184118
0.009222777464
0.009224955195
0.009227938947
0.009230976773
0.009233850681
0.009235485406
0.009237790446
0.009237992055
0.00923964663
0.009241492049
0.009243948779
0.009245159342
0.009247611036
0.009248725554
0.009253575756
0.01005904142
0.9324808776
0.9147349727
0.9953505842
0.9982028065
0.9984720236
0.9986612322
0.9987353008
0.9987391533
0.9987195301
0.9986765036
0.9986038881
0.9985193105
0.9984371803
0.9983504825
0.9982512308
0.9981392995
0.9980130183
0.9978755355
0.9977407579
0.9976248258
0.9975349779
0.9974637328
0.9973939099
0.9973094205
0.9972003924
0.9970697476
0.9969458314
0.9968738545
0.9968670524
0.9968732559
0.9968694894
0.9968759103
0.9968995414
0.9969198784
0.9969263628
0.9969211793
0.9969050949
0.9968743815
0.9968201585
0.9967267729
0.9965730954
0.9963618441
0.99619562
0.9961590835
0.9961750952
0.996332396
0.9967609688
0.9967561601
0.9967487677
0.9967608211
0.9968014243
0.9968181383
0.9966258985
0.9957977916
0.9958220326
0.9960240957
0.9959770864
0.9953094501
0.9932737286
0.9875707961
0.9503460423
0.0143358844
0.0118814688
0.01210987624
0.01241748084
0.01277888355
0.01318822837
0.01364812699
0.01416695263
0.01476308082
0.01548470301
0.01648129487
0.01831320129
0.02553191343
0.03619695961
0.9653673095
0.9535608565
0.9737882649
0.9797165034
0.9837470564
0.9868986073
0.9898072222
0.9926248843
0.9895930311
0.9892368999
0.9918923926
0.9931545012
0.9941709375
0.9944319351
0.9950390337
0.9947874733
0.9948746569
0.9952225685
0.9955221612
0.9962123054
0.9963970875
0.9940678296
0.01911157592
0.01052330034
0.009221378279
0.009227031709
0.009221959981
0.009219452339
0.009219743688
0.009221015812
0.009222654018
0.009224678993
0.00922715729
0.009229703865
0.009232171507
0.009233942173
0.009235753064
0.009236591505
0.00923789285
0.00923903243
0.009240191441
0.009240634733
0.009241308531
0.009241428227
0.009240477261
0.01026381784
0.04803577868
0.9785879473
0.986633422
0.9965656083
0.9975166217
0.9978236367
0.998189256
0.9982095394
0.9982554621
0.9983098076
0.9982698189
0.998193051
0.9981277622
0.9980534835
0.9979531326
0.9978309594
0.9976788595
0.9974939545
0.9972980757
0.9971253153
0.9970138809
0.9969610794
0.9969311619
0.9968914492
0.9968121179
0.996655132
0.996448031
0.996276687
0.996222188
0.9962923171
0.9963343108
0.996377948
0.9964458942
0.9964935919
0.99650896
0.9965074593
0.9964960908
0.9964730877
0.9964307544
0.9963508012
0.9961915316
0.9958645393
0.9953418269
0.9949690464
0.9944025369
0.9931644996
0.9937748754
0.9946145825
0.9945765911
0.9945012957
0.9948038191
0.9953600348
0.9961461745
0.9949848528
0.9933022677
0.9943049755
0.9950198706
0.9956609195
0.9946462203
0.9930890938
0.991955345
0.9912137521
0.01671022805
0.009989821055
0.009212237298
0.009213281812
0.009214070154
0.009214476374
0.009215014594
0.00921569049
0.009216424828
0.009217178569
0.009218194847
0.009219908249
0.009224978427
0.009723612063
0.009924913646
0.01033081545
0.01063642421
0.01091584111
0.01124385859
0.01181418704
0.01350570412
0.0219204092
0.9666653236
0.9843761203
0.9883031622
0.9879824591
0.9863532665
0.9928440654
0.9949528225
0.9954190294
0.9954381522
0.9955769682
0.9958844277
0.9963393918
0.9965776026
0.9957642648
0.9926890712
0.0172853901
0.01043396005
0.009219885967
0.00921917043
0.009219486814
0.009220675561
0.009222196263
0.009223968732
0.009225980379
0.009228117463
0.00923029772
0.009232012404
0.009233599177
0.009234641747
0.009235566885
0.009236071892
0.00923628866
0.009235968742
0.009235452366
0.009234529376
0.009231787439
0.01019156253
0.9678758008
0.9829265474
0.02092926601
0.01344736806
0.0246262702
0.9905507598
0.995764284
0.9969507789
0.9971279677
0.9976119026
0.9979350229
0.9977747548
0.9977443805
0.997697342
0.9975943653
0.9974685929
0.9972898464
0.9970301596
0.9967151762
0.9963807005
0.9961203095
0.9960947107
0.9961867928
0.9962977558
0.9963836366
0.996332165
0.9959985104
0.9955537343
0.9951012471
0.9949766809
0.9956695668
0.9957582877
0.9958909345
0.9959703924
0.9959872239
0.9959875161
0.9959873835
0.9959895612
0.9959959407
0.9960068968
0.9960140831
0.9959619616
0.9955753266
0.9941500145
0.9937235917
0.992088973
0.9870829591
0.02531266519
0.01603116927
0.01313468944
0.01319198898
0.01390756791
0.0166629257
0.021846894
0.9801390793
0.9843270112
0.9906901737
0.9934942225
0.9946895646
0.9944916876
0.9941856264
0.9948451396
0.9942319957
0.9825192015
0.01228492631
0.009583054399
0.009213813375
0.009214286013
0.009214649671
0.009215209415
0.009215737287
0.009215958343
0.009215864014
0.009215664799
0.009215289901
0.009215016795
0.009213750126
0.00921342178
0.009214020512
0.0092148257
0.009215808264
0.009216742873
0.009637710647
0.01600377755
0.9880002514
0.9876308681
0.9874462422
0.9766807817
0.01341109476
0.01230765447
0.0219317811
0.9919328549
0.994675092
0.9956516503
0.9958292487
0.9961113772
0.9963127241
0.9963670992
0.9962895315
0.9952831296
0.9919750626
0.01728978244
0.01049083323
0.009218045372
0.009219896642
0.009221492986
0.009222920902
0.009224474654
0.009226267828
0.009228258427
0.009229772924
0.009231232532
0.009232345262
0.009232988486
0.009232992066
0.009232607897
0.009231708676
0.009230454534
0.009228853266
0.009225418804
0.01050516958
0.78990435
0.9583625055
0.018250365
0.009213437184
0.009213912135
0.00973468904
0.01145759646
0.01966704429
0.984775372
0.9931607292
0.9968586263
0.9972235825
0.9970806241
0.9973681985
0.9971476272
0.9970468501
0.9968852818
0.9965362673
0.996044303
0.9953825865
0.994481573
0.9938236236
0.9946966625
0.9952975109
0.9958638586
0.9962873599
0.9963304655
0.9951433672
0.9938312772
0.9911188965
0.9915691097
0.9931657985
0.9923845863
0.9927813906
0.992735077
0.9927193355
0.9927420207
0.9928056467
0.9929443924
0.9932170183
0.9937134568
0.9945574661
0.9957969578
0.9941274751
0.9932702412
0.9947517625
0.9948365738
0.9928237933
0.9886615248
0.01844614856
0.01166267689
0.009978587828
0.009224729002
0.01047082062
0.02253706706
0.9859953075
0.9787468056
0.9759058697
0.02671329921
0.9915097813
0.9941649552
0.9955903371
0.9955128721
0.9945196045
0.9906515725
0.9251592986
0.01115863305
0.009214958431
0.009214390731
0.00921488562
0.009215457816
0.009215624305
0.009215442382
0.009215255555
0.009215267443
0.009215406464
0.00921511266
0.009214683308
0.00921480762
0.009215202027
0.009215035484
0.009215760292
0.0112266716
0.9399602679
0.9917848843
0.9928439384
0.9893785146
0.01558334425
0.01040009012
0.009215926096
0.009217081985
0.01054544452
0.01625883191
0.9904464001
0.9946843778
0.9959751832
0.996189827
0.9962571494
0.9961877799
0.996063407
0.996029986
0.9952120576
0.9922771336
0.01762000987
0.0104888357
0.009219028041
0.009221443838
0.009222820865
0.009224244976
0.009226184097
0.009227285236
0.009228643437
0.009229861602
0.009230350195
0.009230028598
0.009229387885
0.009228182587
0.009226548399
0.009224693365
0.009221372288
0.01055070871
0.9567035795
0.9745353243
0.01824780307
0.009211333995
0.009212210802
0.0092120096
0.009212007003
0.009213352781
0.00969762433
0.01060680407
0.01503283064
0.04276822599
0.9911401034
0.9953355275
0.996274258
0.9961780853
0.9966165987
0.9961856668
0.9955394003
0.9946073719
0.9927984542
0.9877327405
0.9857160157
0.9893343234
0.9923054202
0.9944648114
0.9962026041
0.9955899715
0.9939033168
0.9931741979
0.9900818721
0.05727917122
0.01813102142
0.0131136009
0.01213931775
0.01210759699
0.01211767438
0.01214216835
0.01219999293
0.01233135939
0.01264073458
0.01346345438
0.01706793499
0.02588575292
0.981352914
0.9902980276
0.9949977841
0.9951858712
0.9948439735
0.9940160316
0.9910382556
0.9741217507
0.01774921064
0.01442962018
0.9875156052
0.993411602
0.9877604404
0.01369753065
0.01026281316
0.01078071517
0.01724601568
0.9932198249
0.996228019
0.9959813813
0.9949378008
0.9939979654
0.9923283459
0.01905148733
0.01022963076
0.009213850361
0.009215092716
0.009215552907
0.009215394307
0.009215327897
0.009215500589
0.009215736316
0.009215650598
0.009215353749
0.009215198398
0.009215211512
0.009214851878
0.009717574317
0.01731006602
0.9908654671
0.9921937153
0.9921649591
0.02659548918
0.01099206636
0.00921689389
0.009216505958
0.009215763363
0.009214910813
0.009214072404
0.01027128015
0.01578617425
0.9912720416
0.9952668745
0.9963096552
0.9961918394
0.9959182537
0.9958452004
0.9959269301
0.9960204569
0.9951932865
0.9919995726
0.01704489026
0.01051380798
0.009220304316
0.009221207742
0.00922415987
0.009224739944
0.00922575673
0.009227241759
0.009227770934
0.009227295813
0.009226801773
0.009225566907
0.009223793497
0.00922192558
0.00921887137
0.01085065551
0.9719649207
0.9764861493
0.01824724579
0.009210755615
0.009211620987
0.009211986205
0.009212248939
0.009212691673
0.009213085277
0.009213234791
0.009214273289
0.009220764299
0.01003753881
0.01209961661
0.02149526157
0.9860979133
0.9942999423
0.9957873484
0.9955747425
0.9948193667
0.9937345967
0.9914395376
0.9880283497
0.02525440787
0.01409110137
0.01296401732
0.01694559097
0.02884631066
0.9843818326
0.9932029792
0.9951657382
0.9955237744
0.9931056871
0.9749791374
0.01386208079
0.01033971577
0.00921542078
0.009213926619
0.009214398372
0.00921507267
0.009216213067
0.009217137868
0.009225243288
0.01650662971
0.9867554247
0.9566805825
0.01604904545
0.02542427195
0.9894282634
0.9919860218
0.9921756877
0.9901100174
0.9922622305
0.9921584673
0.9885841941
0.9938054363
0.03259840179
0.0107444098
0.009217054789
0.009217262037
0.009215956221
0.01085409389
0.03191649773
0.994710823
0.9949414886
0.995146056
0.9954941167
0.995047736
0.9882759453
0.01324546932
0.009690172616
0.009215382193
0.009215613876
0.009215538421
0.009215798864
0.009216065583
0.009215969019
0.00921565152
0.009215474182
0.009215139722
0.009216273434
0.01181058461
0.9764681847
0.9938402741
0.9931031551
0.9606349275
0.01222070499
0.009221083961
0.009216360737
0.009215861107
0.009215489385
0.00921501561
0.009214442541
0.00921393587
0.009213818787
0.01034249372
0.01721010314
0.9930878784
0.9959993575
0.9959827259
0.9955635705
0.9956250552
0.9956836372
0.9957413814
0.9957855024
0.9947905386
0.991467102
0.01941197345
0.01127495443
0.009777818615
0.009221690222
0.009221211032
0.009223303575
0.009225418852
0.009224884682
0.009225041258
0.009224072398
0.009222275389
0.009220505885
0.009217577995
0.01122504508
0.9838435542
0.9829050316
0.01824711237
0.00921058277
0.00921135016
0.009211797975
0.009212192661
0.00921259598
0.009212953385
0.009213198717
0.009213597301
0.009214132856
0.009214085215
0.009213547745
0.009215207345
0.009860811429
0.01181713318
0.02250153043
0.9911483564
0.9938767695
0.9947646771
0.9944930765
0.9946733596
0.9943574034
0.9900744689
0.01369642509
0.009678746329
0.009221347688
0.009971177101
0.01198662827
0.02272618685
0.99175179
0.9942838054
0.9932902387
0.992215605
0.9898716012
0.01929069579
0.01111366632
0.009497797903
0.009214538408
0.00921677969
0.009216744834
0.009934951067
0.03044610355
0.9951728163
0.02479912187
0.01030908929
0.009220925391
0.01032637641
0.01381000347
0.9765900721
0.9864878521
0.993293019
0.9951293065
0.9926004675
0.9726813662
0.01445843934
0.009227798863
0.009217740577
0.009216745817
0.009216180451
0.009215565556
0.009218933154
0.01219717044
0.9806392434
0.993446459
0.9954039592
0.9955501936
0.9949752017
0.9921889261
0.9687340017
0.01164405308
0.009217109514
0.009215773794
0.009216040725
0.009216450705
0.009216310885
0.009215730958
0.009215381389
0.009215692638
0.009842979402
0.02125342697
0.9935589223
0.9933734378
0.9892104267
0.01501921794
0.009677124658
0.009216019639
0.009215316461
0.009215083228
0.009214996473
0.009214834211
0.009214534815
0.009214231561
0.009214039907
0.009213965703
0.009214262528
0.01063942973
0.02311895093
0.9932113125
0.9941550257
0.9948199556
0.9950688354
0.995206983
0.9952423289
0.9951870922
0.9951111789
0.994304602
0.9901386422
0.9384177404
0.01734267059
0.01281591863
0.01025884781
0.009616962052
0.009221042543
0.009221929462
0.009223667935
0.009222235467
0.009220640983
0.009217616824
0.01173997027
0.9890839752
0.9872322509
0.01824708908
0.009210529507
0.009211218515
0.00921163928
0.009212055865
0.009212455605
0.00921279757
0.009213074948
0.009213421634
0.009213857254
0.009214102426
0.009214084999
0.009214278088
0.009214311852
0.009214080232
0.009216046512
0.01038307699
0.01504209795
0.9882328593
0.9936946994
0.9952468933
0.9953049262
0.9948409022
0.9921033738
0.9599683267
0.01120441302
0.009215028507
0.009214507644
0.009216881383
0.01046629801
0.01515523127
0.9824718593
0.9905468483
0.993900676
0.9951990584
0.9928594385
0.501467931
0.01201965539
0.009883014772
0.009218705695
0.01077508816
0.9470694308
0.9867410702
0.01511471669
0.009220166315
0.009216688893
0.009217200447
0.01001404287
0.01643033632
0.9817941317
0.9932843782
0.9957076429
0.9946879452
0.9812463839
0.01077438865
0.009220012169
0.009217260212
0.009216058979
0.00921575602
0.00921541546
0.009215151616
0.009214560974
0.009806388253
0.01444386425
0.991260514
0.9957050612
0.9957251795
0.9949900549
0.9944427547
0.9937173329
0.02375138532
0.01053158955
0.009215256596
0.009216344132
0.009216845647
0.009215873147
0.009214873624
0.00921995575
0.01213992006
0.9825857489
0.9951576513
0.9932577437
0.8210592287
0.01081874665
0.009214655055
0.009215592971
0.009215264155
0.009214958858
0.009214838899
0.009214719609
0.009214520341
0.009214286339
0.009214086056
0.009213955465
0.009213855693
0.009213783531
0.00921526849
0.01132118739
0.9446870047
0.9908735352
0.9939553382
0.9945055975
0.9946616829
0.9944872095
0.9940374796
0.9935704014
0.9927907266
0.9884433072
0.9895358206
0.9927294113
0.9868754998
0.8945763285
0.01545165483
0.01123237465
0.009824612728
0.009222724291
0.009220742791
0.009219041215
0.01276205669
0.9919842286
0.9901509193
0.01824709447
0.009210517316
0.009211157546
0.009211535224
0.009211935043
0.009212328538
0.009212683486
0.009213003443
0.009213357737
0.009213746249
0.009214032829
0.00921417423
0.009214338615
0.009214414945
0.009214398037
0.009214607403
0.009214601871
0.009214131452
0.01018272285
0.01524876369
0.9914887818
0.995744271
0.9958146886
0.9950421996
0.994180411
0.9922613008
0.01759374228
0.00986324355
0.009214228886
0.009214216276
0.009213839824
0.00994199845
0.01232006928
0.8632758706
0.9925536651
0.9955817722
0.9950475577
0.991220294
0.9697343498
0.01616549721
0.01872113998
0.9895558955
0.7983820365
0.01013151486
0.00921644606
0.00921581345
0.009218208269
0.01159933074
0.935298233
0.9832141807
0.9900979388
0.9930202475
0.9935383667
0.9934910313
0.02217888908
0.009223987107
0.009217728912
0.009216076808
0.009215741651
0.009215399578
0.009215078025
0.009214700442
0.009213953027
0.009213601166
0.01049709627
0.02353893916
0.9936774864
0.9944253955
0.9949928363
0.9957371221
0.9957152727
0.9913889755
0.01520798492
0.01030063138
0.009216675119
0.009217727572
0.009215338392
0.01048888915
0.03391205805
0.9952541941
0.9957595986
0.9908342352
0.01271954139
0.009499265221
0.009214414833
0.009215085824
0.009215081353
0.009214945483
0.009214814506
0.009214682946
0.009214509145
0.009214305733
0.00921410435
0.009213925104
0.009213765259
0.009213645719
0.009213588825
0.009213178887
0.009616406932
0.0125066173
0.9789826348
0.9921182377
0.994407158
0.9943203975
0.993583637
0.9926809529
0.9910187426
0.9857681311
0.9652221029
0.9847828701
0.9937947255
0.9930180898
0.9924456477
0.9916106902
0.9720189065
0.0186264627
0.01356695291
0.01164757122
0.0159917956
0.9941384881
0.9921346916
0.01824710722
0.009210521439
0.00921113531
0.009211476109
0.009211852149
0.009212236665
0.009212605183
0.009212958025
0.009213325747
0.009213698527
0.009214005348
0.009214225354
0.009214421834
0.009214547294
0.009214638274
0.009214856705
0.009215032193
0.00921501384
0.00921484879
0.009214735846
0.0105371333
0.02458794064
0.9941882347
0.994915245
0.9952584577
0.9956037288
0.9949228681
0.9820572065
0.01173181572
0.009216286158
0.009214152399
0.00921383537
0.009213512394
0.009575260562
0.01125137665
0.02149461328
0.991938366
0.9937008545
0.9918697628
0.9921585453
0.9917849306
0.9926465598
0.02281615638
0.009776847432
0.009217219056
0.009216312573
0.01031800606
0.02010402483
0.9903119852
0.9884018699
0.9877425043
0.9820835826
0.9707117705
0.9941177897
0.996497942
0.02333766314
0.00922188821
0.009216160062
0.009215669713
0.009215156651
0.009214689097
0.009214366863
0.009213917707
0.009213604446
0.009213688572
0.009215721127
0.01162096964
0.9678223589
0.992129444
0.994962623
0.9954915694
0.9951710024
0.9931201693
0.9880057522
0.01613387179
0.01073165438
0.009719013724
0.01246587433
0.9899572303
0.9956173692
0.9954390406
0.04034942739
0.01048568393
0.009213686769
0.009215035904
0.009215371737
0.009215222346
0.009215059465
0.009214894862
0.009214728903
0.009214549975
0.009214361368
0.009214177993
0.009214015283
0.009213885687
0.009213813532
0.009213804934
0.00921364681
0.009213161866
0.009212897951
0.009917288712
0.01365949615
0.9873731473
0.9941873328
0.9942963526
0.9931532455
0.9920592985
0.989295867
0.9825743106
0.9359073852
0.01714523434
0.01936509645
0.9753707731
0.9911372344
0.9917342231
0.991460852
0.9899488634
0.9551638448
0.9734096648
0.9939782949
0.993285225
0.01824712185
0.009210533053
0.009211135562
0.009211448898
0.009211804076
0.009212179789
0.009212557231
0.009212932106
0.009213313334
0.009213687796
0.009214016305
0.009214287732
0.00921452687
0.009214716102
0.009214888082
0.009215115524
0.009215305516
0.009215377778
0.009215361117
0.009215319207
0.00921531936
0.009217170393
0.01197285749
0.9813468567
0.9939148569
0.9958217452
0.9959864642
0.9952890918
0.9941566969
0.02551473796
0.01059588886
0.00921412858
0.009214656584
0.009215381456
0.009215642769
0.009218132486
0.01056614938
0.01641666865
0.988941199
0.9922272754
0.9939026903
0.9913568446
0.02168780962
0.01030312454
0.009216492662
0.009853866435
0.01330445687
0.9877097598
0.9941590363
0.9921578399
0.9862297227
0.01648631941
0.01106050236
0.01663744617
0.9961007256
0.9969306234
0.02175025505
0.009653115507
0.009214478402
0.009214315724
0.00921390781
0.009213802777
0.009213607682
0.009213435228
0.009213398097
0.009213521389
0.009213384655
0.009681845017
0.01316810607
0.9880054068
0.9950199716
0.9950056495
0.9934515118
0.9932134831
0.9920714146
0.9879858503
0.01758701519
0.9489322568
0.9919251862
0.9951139163
0.984812886
0.01247449313
0.009221220381
0.009214416286
0.009215058447
0.009215385828
0.009215296712
0.009215135237
0.009214967217
0.009214795168
0.009214618902
0.009214444537
0.009214282132
0.009214143282
0.009214039576
0.009213982755
0.009213956147
0.009213837873
0.009213566703
0.009213476923
0.009213572259
0.009213602704
0.01021410652
0.01771024907
0.9910542785
0.992878758
0.9931939448
0.9921820396
0.9911921882
0.9905886631
0.9889085408
0.01625415148
0.01131014773
0.0112271731
0.01503940568
0.960090007
0.97985312
0.964589435
0.9788901987
0.9921302432
0.9909941533
0.01824713682
0.009210548267
0.009211149027
0.009211442987
0.009211782437
0.009212151182
0.00921253416
0.009212923724
0.00921331753
0.00921370178
0.009214052646
0.009214362591
0.009214640842
0.009214881722
0.009215105657
0.009215341104
0.00921553427
0.009215640352
0.00921567034
0.009215675647
0.009215760308
0.009215954152
0.009215423753
0.0098428735
0.01515315278
0.9926656077
0.9962710152
0.99634718
0.9962983082
0.9961379873
0.9922283876
0.01530444455
0.01020584002
0.009215485547
0.009217049731
0.009217584911
0.009218059499
0.01077823538
0.02413691296
0.987431389
0.9904590897
0.9892799507
0.9827051106
0.9483568287
0.01208480761
0.01282795254
0.9758972992
0.9923934536
0.9945950527
0.9902508762
0.0152553716
0.01052201848
0.009215499104
0.009215231586
0.01464191472
0.9959273095
0.9955969327
0.9540032704
0.009863027638
0.009213818472
0.009213191552
0.009213324815
0.00921335236
0.009213369817
0.009213441269
0.00921358955
0.009213639782
0.009213274414
0.009213153052
0.01020821725
0.01978723721
0.9930363405
0.9918227884
0.9906727565
0.9913476097
0.9920963931
0.9910818364
0.9892828404
0.992486297
0.9940609793
0.02585507373
0.009953120936
0.009215490953
0.009214915252
0.009215121079
0.009215313655
0.009215296557
0.009215178802
0.009215027036
0.009214864096
0.009214698073
0.009214537501
0.00921439124
0.009214267554
0.009214172961
0.009214108485
0.009214052114
0.009213937098
0.009213749606
0.009213650414
0.009213671176
0.009213754686
0.009213868087
0.009214617791
0.01123421455
0.9679355579
0.9928562412
0.9935089603
0.9925160139
0.9920849517
0.9925352979
0.9922417766
0.985581133
0.01430077053
0.01037545214
0.01115047888
0.01531887769
0.9389002214
0.981719156
0.9901981782
0.9846113947
0.01824715137
0.009210564771
0.00921116966
0.009211450451
0.009211779235
0.009212143608
0.009212530772
0.009212931008
0.009213336341
0.009213733043
0.00921410444
0.009214444009
0.00921475406
0.009215032718
0.009215291015
0.009215538562
0.00921574487
0.009215888493
0.009215982767
0.00921606798
0.009216208642
0.009216418696
0.009216384173
0.009215708919
0.00921516454
0.010659387
0.02763431748
0.9944494705
0.9954059282
0.9959572385
0.995573218
0.9933397649
0.9866715338
0.01514101103
0.01049653229
0.009217888058
0.009679173706
0.01233204809
0.9867936253
0.9828063535
0.9627260833
0.9470883955
0.8632151646
0.9276507568
0.9077011023
0.9695888238
0.9886057824
0.9920909248
0.9922659433
0.02337989777
0.01069758889
0.009215413908
0.009215079691
0.009214828667
0.009215234844
0.01431115252
0.9946765201
0.9952581142
0.03187712736
0.01007645462
0.009212572182
0.009212924597
0.009213113093
0.009213317087
0.009213522304
0.009213731971
0.009213898709
0.00921395164
0.009214305856
0.009215429762
0.009218295754
0.01248510921
0.9865045795
0.991355687
0.9932655679
0.9945135157
0.9950308108
0.9943822288
0.9937178471
0.9847946659
0.0128988749
0.009219712825
0.00921652959
0.009215742621
0.009215493705
0.009215423646
0.009215341602
0.009215225612
0.009215083986
0.009214930857
0.009214775746
0.00921462684
0.009214491477
0.00921437524
0.009214280731
0.009214204136
0.009214127324
0.009214016482
0.009213876261
0.009213787631
0.009213772103
0.009213825957
0.00921397874
0.009214230434
0.009213970675
0.009808697468
0.01566400685
0.9892060599
0.991823943
0.991983798
0.9904427584
0.9901682901
0.9912108263
0.9894417596
0.9827589425
0.01721817473
0.8826250411
0.9619827568
0.9847758528
0.9895764152
0.970485473
0.01824716476
0.009210580805
0.009211193065
0.009211465437
0.009211788109
0.009212151074
0.009212542653
0.009212951816
0.009213367762
0.00921377676
0.009214165228
0.009214526817
0.009214860435
0.009215164833
0.009215445516
0.009215705092
0.009215925382
0.009216096436
0.009216231169
0.009216352273
0.009216483977
0.009216599693
0.009216500233
0.009216059782
0.009215751564
0.009215600415
0.009217636602
0.01188320775
0.9837185322
0.995110044
0.9953312475
0.9937768479
0.9931207152
0.9917791542
0.9879290565
0.01677328983
0.01268445665
0.8616287987
0.98792853
0.9785765479
0.01231313006
0.01366454813
0.8833016904
0.9717741991
0.9826656149
0.9876493242
0.9913069152
0.9891588535
0.87682116
0.01161414702
0.009218252028
0.0092155124
0.009215163615
0.009215108715
0.009215405531
0.009215512088
0.01358198048
0.9947221272
0.9951307109
0.9726950997
0.01007838717
0.009212251076
0.009212778702
0.009213234064
0.009213585302
0.009213841072
0.009214057069
0.009214296706
0.009214756924
0.009215714162
0.009217715044
0.01157887812
0.02859859806
0.9925453056
0.9950121628
0.9961105232
0.9965180671
0.9955242818
0.9929908219
0.02191221113
0.01005070691
0.009217481577
0.009216755291
0.009215959627
0.009215675147
0.009215507531
0.009215380754
0.009215258717
0.009215126465
0.009214985312
0.009214841944
0.00921470359
0.009214576414
0.009214464363
0.009214368318
0.009214283781
0.009214199062
0.009214099195
0.00921399554
0.009213934062
0.009213937433
0.009214017897
0.009214201875
0.009214466321
0.009214557397
0.009214202034
0.009214424155
0.01099920653
0.9468972808
0.9915691066
0.9911127736
0.9864831911
0.9867761575
0.9885854192
0.9904888864
0.9898435977
0.9831123359
0.9648729782
0.9734933755
0.983606831
0.05126471335
0.01824717623
0.009210594868
0.009211215827
0.009211483632
0.009211804381
0.009212169161
0.009212566445
0.009212984196
0.009213410082
0.009213829885
0.009214231076
0.009214607568
0.009214956443
0.009215276111
0.009215569625
0.00921583772
0.009216066246
0.009216249373
0.009216399939
0.009216524962
0.009216626286
0.00921667557
0.009216542029
0.009216203572
0.009215908433
0.009215822849
0.009215866105
0.009215289132
0.009895833559
0.018918487
0.9933988817
0.9921349409
0.9895545938
0.9897320919
0.9913802481
0.9912766188
0.9876280959
0.9763907278
0.9870417124
0.01715736912
0.01203534214
0.01402295455
0.9786163302
0.9902233804
0.9926412964
0.9930447061
0.9920160119
0.9842520685
0.01300512002
0.009612301932
0.009215814729
0.009215183694
0.009215084901
0.009215216448
0.009215495499
0.009215592765
0.00921506495
0.01280898641
0.9926583644
0.9925433754
0.8019931726
0.01030886101
0.009212560228
0.009213299497
0.009213726764
0.0092139278
0.009214047373
0.009214142443
0.009214325561
0.009214682414
0.01025144631
0.01656135542
0.9916691209
0.9926839387
0.9947013447
0.9957560354
0.9962464491
0.9956696362
0.991083972
0.01294203917
0.009218576997
0.009218138041
0.009217333013
0.009216349652
0.009215872861
0.009215608232
0.009215430221
0.009215289585
0.009215157989
0.009215025414
0.009214892448
0.009214763561
0.009214643576
0.009214535417
0.009214439725
0.009214352978
0.009214269256
0.009214183106
0.009214107473
0.009214069938
0.009214093243
0.009214189418
0.00921437914
0.009214608173
0.009214733884
0.009214636873
0.00921489495
0.009214902852
0.009755244899
0.01605559246
0.9905108607
0.9870864058
0.986508072
0.9895148757
0.9919931246
0.9937122179
0.993451099
0.9878399307
0.9838397983
0.9818272713
0.03856015364
0.018247185
0.009210605665
0.009211235255
0.009211501942
0.009211824877
0.009212194972
0.009212599914
0.009213026765
0.009213462247
0.009213890784
0.009214299807
0.009214684352
0.009215040372
0.009215365945
0.009215664505
0.009215937654
0.009216167509
0.009216348729
0.009216499924
0.009216615463
0.009216692386
0.009216726203
0.009216606154
0.009216368892
0.009216128733
0.009216052131
0.009216073803
0.00921606356
0.009215726114
0.009216846153
0.01263389972
0.9821939743
0.983956181
0.9842588745
0.9878313988
0.9910411276
0.9923168419
0.9879371654
0.9661527063
0.01513732341
0.01439246206
0.9777259884
0.9873519556
0.9932164666
0.995283291
0.9945359252
0.990700149
0.0160589778
0.01021573028
0.009215362093
0.009216486931
0.009215871115
0.009215568775
0.009215600703
0.009215777843
0.009215868498
0.009215795754
0.009215331996
0.01275899267
0.9916485176
0.9919625962
0.954645715
0.01040200774
0.009213347887
0.009214043666
0.009214099423
0.009213928521
0.009213697894
0.00921349983
0.009860218795
0.01312198095
0.9824696662
0.9904610773
0.9899438574
0.9910282924
0.9922734418
0.992791287
0.9931836263
0.9937943555
0.02271715875
0.009219166072
0.00921729818
0.009216999729
0.009216320539
0.009215862691
0.009215594628
0.009215418665
0.009215284194
0.009215162969
0.009215042721
0.009214921849
0.009214803265
0.009214691263
0.009214588385
0.009214496058
0.009214411805
0.009214334273
0.009214261346
0.009214206026
0.009214183333
0.009214216618
0.009214309681
0.009214497771
0.009214719294
0.009214921298
0.009214905476
0.009215081916
0.009215699541
0.009216140013
0.009217327403
0.01434661942
0.980956087
0.9877541476
0.9914833002
0.9936152998
0.9950141363
0.9953389832
0.9933747624
0.9886498136
0.03342462667
0.05041718494
0.01824719034
0.009210612121
0.009211249322
0.009211518339
0.009211847816
0.009212227021
0.009212641877
0.009213078794
0.009213524021
0.009213959003
0.009214370405
0.009214756341
0.009215111505
0.009215434052
0.009215731507
0.009216009443
0.00921623534
0.009216401962
0.009216545248
0.00921664257
0.009216698649
0.009216757422
0.009216659533
0.009216498938
0.009216287055
0.009216239497
0.009216193731
0.00921633484
0.009216102238
0.009217260338
0.009217245612
0.01263685195
0.9623335349
0.9824505255
0.9881039722
0.9908350038
0.9918417465
0.9889176857
0.9783891012
0.02461959805
0.9845676121
0.9817200139
0.9850793056
0.9901201234
0.9931368861
0.9932748672
0.02664074392
0.01074063844
0.009216205209
0.009216261117
0.009216858862
0.00921652032
0.009216195921
0.009216094902
0.00921613556
0.00921617254
0.009216153203
0.009216078132
0.009215520125
0.01224523737
0.9893781866
0.9907068711
0.9615167013
0.01067160754
0.009214450842
0.009214557134
0.009213966569
0.009213258826
0.00974591634
0.0121385311
0.9613751959
0.9880249023
0.9904753538
0.9866937902
0.9870258162
0.9858758534
0.972163651
0.9664357643
0.9911684075
0.9925928536
0.0123000393
0.009216285238
0.009216575672
0.009216018831
0.009215658836
0.00921546204
0.009215332165
0.009215230888
0.00921513428
0.009215033079
0.009214927582
0.00921482113
0.009214718763
0.009214622991
0.009214536974
0.009214458307
0.009214389844
0.009214328434
0.009214288425
0.009214271287
0.009214307321
0.009214374503
0.009214537882
0.009214724764
0.009215031179
0.009214947904
0.009214689894
0.009215165177
0.009215174471
0.0102220759
0.01375088642
0.9691161074
0.98593324
0.9911241959
0.9931696818
0.9944774546
0.9948545717
0.993677757
0.9917088319
0.03461701523
0.9850567594
0.01824719164
0.009210613433
0.009211256728
0.009211531895
0.009211872854
0.009212265201
0.009212692022
0.009213140008
0.009213595896
0.009214035014
0.009214442559
0.00921482346
0.009215169338
0.00921547926
0.009215770823
0.009216059172
0.009216278701
0.009216419191
0.009216551051
0.00921661515
0.009216639207
0.009216753893
0.009216655154
0.009216539577
0.009216262737
0.009216300614
0.00921607849
0.009216372466
0.009216332252
0.009220971704
0.01093274714
0.01542183159
0.9731253658
0.9835122994
0.9886358047
0.9901698989
0.9901958105
0.9866121177
0.9809232591
0.9858194668
0.988096687
0.9837249729
0.9817115769
0.9838234903
0.9830307919
0.9880572014
0.9860564773
0.0106631058
0.00921594958
0.009216051716
0.009216753157
0.009216785849
0.009216646317
0.009216512376
0.009216444698
0.009216412802
0.009216410576
0.009216364059
0.009216193414
0.009215228048
0.01181803149
0.9867533067
0.9902601289
0.9755576581
0.01110022255
0.009216196679
0.009214565265
0.009776874503
0.01201958193
0.9454203302
0.9873935611
0.9913167823
0.9917004175
0.9883580066
0.9841545334
0.9723678881
0.9793340598
0.01319472051
0.9701833483
0.9930960465
0.9856078628
0.0100971214
0.009215622786
0.009215339951
0.009215228741
0.009215201143
0.009215164902
0.009215124172
0.009215067816
0.00921499404
0.009214908595
0.009214816886
0.00921472634
0.009214639281
0.009214562024
0.00921449042
0.009214433159
0.009214380656
0.009214356921
0.009214340647
0.009214382122
0.009214418619
0.009214550378
0.009214600569
0.009215031692
0.009214999999
0.009214657893
0.009216316109
0.01047699132
0.01395544142
0.9703012258
0.9787626324
0.9807798834
0.9870670735
0.9897064391
0.9914632971
0.9919709054
0.9905948409
0.9900455682
0.9871690039
0.04536344796
0.01824718831
0.009210609136
0.009211257091
0.009211542995
0.009211901373
0.009212310899
0.009212750654
0.009213210092
0.009213678684
0.009214119514
0.009214516171
0.009214886956
0.009215213136
0.009215497714
0.009215780611
0.009216094583
0.009216303484
0.009216409885
0.009216546804
0.009216537749
0.009216493421
0.009216709808
0.009216481491
0.009216401192
0.009215791483
0.009215651696
0.009215080357
0.009215796678
0.009762089282
0.01215978698
0.02636889281
0.9889776396
0.9867553466
0.9857335808
0.9884625698
0.9895792252
0.9900901117
0.9896081322
0.9893821074
0.9901010384
0.990124652
0.9860830796
0.9827329958
0.9812397646
0.01636775268
0.9420808624
0.991404146
0.01798398126
0.009215362158
0.009215635919
0.009216602796
0.009216957312
0.009216936389
0.009216787345
0.009216631646
0.009216525324
0.009216535562
0.009216529454
0.009216436561
0.009215943489
0.009214818376
0.01140951346
0.9823956877
0.9894600976
0.9826393909
0.01231945012
0.01002767768
0.01244991467
0.9563541442
0.9884485791
0.9927048619
0.9938365744
0.9935573804
0.9903772804
0.6930105959
0.01518621857
0.9910878815
0.0252059472
0.0115926221
0.9926801744
0.9957656909
0.02665739084
0.009218849399
0.009215039411
0.009214889986
0.009214929869
0.009214952128
0.009214973212
0.00921496548
0.009214926307
0.009214866261
0.009214792279
0.009214715966
0.009214638439
0.009214571905
0.009214505789
0.009214462645
0.009214413941
0.009214408364
0.009214395211
0.009214457989
0.00921442282
0.00921460316
0.00921428131
0.009214521395
0.009213813112
0.009566256696
0.01127090875
0.01929855075
0.985932786
0.9859422037
0.9817176122
0.9723188916
0.9765331546
0.9794334008
0.9822445561
0.9835668167
0.9835620356
0.9857735453
0.9859422087
0.9461794809
0.0182471797
0.009210599188
0.009211251267
0.009211553847
0.009211937197
0.009212367223
0.009212818288
0.00921328816
0.009213773074
0.009214211305
0.009214589269
0.009214951962
0.009215244445
0.009215479377
0.009215753938
0.009216133473
0.009216309238
0.009216357251
0.009216593121
0.009216468331
0.009216199875
0.009216678857
0.009216087957
0.009215810851
0.009214870454
0.009215485111
0.009725863941
0.01136946332
0.01759563594
0.9711171414
0.992566414
0.9930366035
0.989490431
0.9863422263
0.9878147644
0.9891041144
0.9906028277
0.9920211184
0.9930548182
0.9927751801
0.991017371
0.984806683
0.9686110957
0.01384653379
0.01072973262
0.01104909589
0.9911235627
0.9913203718
0.01101243157
0.009214609617
0.009216253733
0.009216921023
0.009217009339
0.00921686561
0.009216650424
0.009216478744
0.009216515208
0.009216538683
0.009216634146
0.009216320472
0.009215592363
0.009215452223
0.01138503033
0.9806929316
0.9879404933
0.9884701955
0.02065520207
0.9776351327
0.988852292
0.9929194276
0.9942517934
0.9938940249
0.9918942185
0.0221532813
0.01164013891
0.009780593012
0.0188151389
0.9913815006
0.01122666354
0.01585386235
0.994954526
0.9954024326
0.01402263853
0.00921468561
0.009214354474
0.009214488978
0.009214607713
0.009214742724
0.00921481695
0.009214829966
0.009214804822
0.009214752242
0.009214692902
0.009214623342
0.00921457032
0.009214503781
0.00921447594
0.009214428415
0.009214450574
0.009214420967
0.009214633555
0.009214494284
0.009214855036
0.009214661213
0.009218811274
0.01032899019
0.01285054028
0.8092807608
0.990578763
0.9923384868
0.9894385019
0.9822752622
0.9760830449
0.9715481412
0.9645401055
0.9618708305
0.9579019728
0.9680686676
0.9845522775
0.9896836153
0.9767424913
0.01824716507
0.009210584118
0.009211241663
0.00921156929
0.009211988287
0.009212439457
0.009212894423
0.009213372322
0.009213880956
0.00921430361
0.009214649606
0.009215028595
0.009215279368
0.009215411627
0.009215661489
0.009216211134
0.009216316964
0.009216186737
0.009216673876
0.009216571385
0.009215866097
0.009216473429
0.009215459407
0.009216986748
0.009823611238
0.01165114508
0.01858583201
0.9719576083
0.9916279093
0.9935731905
0.9930862514
0.9925131323
0.9887554838
0.9884158485
0.9890165314
0.9895476798
0.9908014314
0.9922798017
0.9933588866
0.9929926952
0.9877509589
0.937239218
0.01279202205
0.01009307701
0.009216195376
0.00921605218
0.01717915492
0.9927533591
0.9436492058
0.009675764352
0.009215540146
0.009216603822
0.009216855205
0.009216779192
0.009216525743
0.009216297746
0.009216391112
0.009216274567
0.00921644378
0.00921625181
0.009215629257
0.009217677884
0.0104714873
0.01627902931
0.9851678073
0.9906991084
0.9925172202
0.992364029
0.9930008536
0.9941576364
0.9938233907
0.9910034845
0.01769251871
0.01086504634
0.009218751729
0.009216524098
0.01000764259
0.9646328772
0.8730029563
0.01045267566
0.9181054746
0.9934589205
0.9876042455
0.01039311306
0.009213021753
0.009213662137
0.009214081673
0.009214450601
0.00921465239
0.009214730623
0.009214743951
0.009214709271
0.009214667927
0.009214599653
0.009214559287
0.009214481913
0.009214464256
0.009214362744
0.009214454297
0.009214242047
0.009214459426
0.009214212795
0.009215748982
0.00983218327
0.01248408765
0.02918474054
0.9895321865
0.9917719556
0.9931001236
0.9929730371
0.989218643
0.985595702
0.9840163567
0.9825411346
0.9840366379
0.9760898771
0.9524980984
0.8719540349
0.9768653194
0.9912769529
0.9868603736
0.01824714412
0.009210565689
0.00921123233
0.009211597215
0.009212070607
0.009212537395
0.009212974182
0.009213456692
0.009214012393
0.009214384331
0.009214657832
0.009215113955
0.009215357156
0.00921532698
0.009215442962
0.009216291572
0.009216353723
0.009215833376
0.009216423242
0.009216103193
0.009216170697
0.009231969789
0.010071402
0.01248553383
0.02315462976
0.9820390096
0.9929738681
0.9943859069
0.994012014
0.9945264283
0.9937733196
0.9925406126
0.9907463501
0.9911101748
0.9915790502
0.9927536606
0.9916473225
0.9907165959
0.989171601
0.987204064
0.9613836571
0.01185799279
0.00983650644
0.009215270286
0.009215774942
0.009215264352
0.01005027529
0.9823268525
0.991174089
0.01361571903
0.009215034219
0.009216428184
0.009216690101
0.009216701264
0.009216406994
0.009216026176
0.009216342569
0.009215808427
0.009215489124
0.009214539128
0.009605849257
0.01147461025
0.01938101264
0.98467092
0.9899906204
0.993640575
0.9946047124
0.9947260808
0.9942763604
0.9937825904
0.9908862487
0.01708439891
0.01057025444
0.009216831482
0.009216367664
0.00921602342
0.009214982608
0.01234294315
0.9822353843
0.0135579404
0.01022664689
0.9858430164
0.9934527122
0.8937905418
0.009569870653
0.009213034478
0.009213739203
0.009214321728
0.009214594383
0.009214691336
0.009214719666
0.009214682036
0.0092146514
0.009214576033
0.009214550322
0.009214406369
0.009214447437
0.009214135203
0.009214169857
0.009213822053
0.009214753457
0.009738150826
0.01176030635
0.02111841651
0.9843502303
0.9945135922
0.9954854719
0.9948181988
0.994406949
0.9936171457
0.9917379565
0.9911702546
0.989362612
0.9882999908
0.9911920762
0.9928753491
0.9816519108
0.9450498337
0.9274013476
0.9906518812
0.9891231605
0.01824711896
0.009210549379
0.009211229746
0.009211646644
0.009212213637
0.009212685518
0.00921304855
0.009213516488
0.009214189829
0.009214459534
0.009214539974
0.009215140821
0.009215439306
0.009215314035
0.00921515642
0.009216006116
0.009215447702
0.009215076354
0.009217739146
0.009700571354
0.01040479321
0.01606220404
0.0598724712
0.9890795591
0.9945776085
0.9953571177
0.9949430324
0.9953689542
0.9947601768
0.994586059
0.9942574677
0.9936205542
0.993639399
0.9929014927
0.9925292811
0.9941278522
0.9946471744
0.986032359
0.7742178616
0.9450392059
0.9649633397
0.0109748154
0.009214058152
0.009215120962
0.009215476076
0.00921514626
0.009214207564
0.01243296696
0.993495274
0.9921980325
0.01063757584
0.00921675928
0.009216719193
0.009216783198
0.009216640511
0.009216168733
0.009216976729
0.009217054784
0.009271696165
0.01084001158
0.01387698737
0.9233877853
0.9905323493
0.9923094012
0.99267332
0.9942630505
0.9951183393
0.9951031952
0.9938318124
0.9909467428
0.01734619047
0.01057460816
0.009217047153
0.009216982981
0.009216577027
0.009215889053
0.009215102517
0.00958658224
0.7492619079
0.9841135825
0.01037172257
0.01356450293
0.9952016943
0.9947994534
0.01483757281
0.009213537421
0.009214069435
0.009214593152
0.009214731377
0.009214742517
0.009214744342
0.009214679098
0.009214655439
0.009214523441
0.009214589824
0.009214249734
0.009214249236
0.009213793878
0.009214388853
0.00968852607
0.01143736401
0.01885067647
0.9803154164
0.9937685622
0.9953872442
0.9953652867
0.9957825968
0.9950308313
0.9951907857
0.9940120212
0.9923339726
0.9923890037
0.9911702042
0.9654172872
0.9094493707
0.02277961749
0.0160470568
0.01225308511
0.01636190478
0.9905566519
0.9883062078
0.01824710066
0.009210549275
0.009211248752
0.009211723539
0.009212459054
0.009212936292
0.009213143191
0.009213494924
0.009214374629
0.009214530045
0.009214256149
0.009214815856
0.009214836432
0.009214689925
0.009215238912
0.009220567091
0.009736825865
0.01032271692
0.01401905858
0.02475547327
0.9761322072
0.9896437626
0.9961940752
0.9962555351
0.9956197482
0.9958683712
0.9953207625
0.9952965415
0.9950597454
0.995406059
0.994553709
0.9934678762
0.9939571447
0.9940368327
0.9834366965
0.9700372943
0.02772203435
0.01523446671
0.01082269764
0.01258549733
0.9760702187
0.01370697868
0.009214659363
0.009215210174
0.009215308031
0.009215111002
0.009214508272
0.009388631789
0.2697265854
0.995848017
0.03509963153
0.009222017438
0.009216823948
0.009216624929
0.009216323583
0.009216605386
0.009342120301
0.01037333404
0.01514823895
0.1436690918
0.9926482918
0.9927435062
0.9926474243
0.992721605
0.992251159
0.9935960667
0.9942678713
0.9928324404
0.9882620503
0.01649843168
0.01056884452
0.009217624521
0.009217629983
0.009217350618
0.009216551607
0.009215652442
0.009214937978
0.00921431389
0.01128893992
0.992924765
0.02441494635
0.009222029263
0.02557600363
0.9956668047
0.9916697542
0.01118206428
0.009214094468
0.009214926626
0.009214883508
0.009214806818
0.009214793434
0.009214653443
0.009214714995
0.009214401777
0.009214472685
0.009214039466
0.009214822545
0.009724042133
0.01134719714
0.01768739148
0.9753681937
0.9930500548
0.9950931769
0.9953110296
0.9960252711
0.9957325548
0.9958894289
0.9950619012
0.9952945479
0.9945865626
0.9790014867
0.8353864544
0.01721302936
0.01234144124
0.01016708411
0.009757053398
0.009230869249
0.009223857705
0.01277329744
0.9922076577
0.9892597368
0.0182471619
0.009210590029
0.00921132566
0.009211836889
0.009212832993
0.009213299557
0.009213346537
0.009213501793
0.009214207623
0.0092138649
0.009213811454
0.009216019311
0.009608480332
0.009973824306
0.01122675095
0.01641982736
0.03259065041
0.9791669477
0.9885447855
0.9954409153
0.9955924059
0.9951237027
0.9956553316
0.9959976156
0.9953475918
0.9952602416
0.9950518885
0.9954564921
0.9949208538
0.9954245257
0.9951034999
0.9842145366
0.9496023003
0.02085661947
0.01369264862
0.01037745636
0.009800443826
0.009222276369
0.009217568291
0.01019150665
0.9787946646
0.9131207367
0.009670134271
0.009215088506
0.009214990837
0.009214949303
0.009214578174
0.009214040573
0.01036096
0.9907285775
0.9945750344
0.01332887922
0.009216037099
0.009216398767
0.009643464342
0.01036227763
0.01708880788
0.2896643981
0.9920058848
0.9959909363
0.9961723275
0.9952574391
0.9941416925
0.992922401
0.9905499014
0.990116227
0.9889638262
0.9711689724
0.01341018903
0.01026303504
0.009217769715
0.009218055535
0.009217971971
0.009217230199
0.009216201198
0.00921528049
0.009214570463
0.009214141772
0.009215870484
0.02624182894
0.993075758
0.01122329497
0.01008897258
0.9856907858
0.9938392688
0.9791823577
0.009886412632
0.009215179738
0.009215041388
0.009214876385
0.00921493259
0.009214558211
0.009214596
0.009214191321
0.009215111239
0.009758790478
0.01154873634
0.01870746951
0.9749521395
0.9924096375
0.9947167119
0.9950764009
0.9959526271
0.9958179219
0.9961259776
0.9954705712
0.9953610158
0.9938000967
0.9840224872
0.0260494023
0.01333345123
0.01009350393
0.009634705416
0.009231255533
0.009230963543
0.009229540875
0.009225070837
0.009221783853
0.01178016323
0.9893646093
0.987212174
0.01824777326
0.009210749964
0.009211475649
0.009212052382
0.009213252584
0.009213246243
0.009213400766
0.0092151256
0.009279286582
0.009858670513
0.01051866575
0.01412869097
0.02283298212
0.964845173
0.9830517044
0.9929513202
0.996399315
0.9961951483
0.9954789927
0.9957528352
0.9960425332
0.9955276734
0.9953153433
0.9948063838
0.9943973771
0.9947357403
0.9939496596
0.9943039075
0.9927361856
0.9830333504
0.02808044615
0.0140596092
0.01019762877
0.009662204238
0.009217577756
0.009216333408
0.009216595314
0.009216535507
0.009216965483
0.009218678198
0.02745842482
0.9936339853
0.01165449557
0.0092157495
0.009215157019
0.009214736044
0.009214046865
0.009214063086
0.009215630549
0.01427855078
0.9877118591
0.9704373701
0.01131200178
0.01240657635
0.01881783527
0.9557253507
0.989289213
0.9962258824
0.9964899744
0.9960442075
0.996158307
0.9946166456
0.9936225566
0.9929009797
0.9882916526
0.951671487
0.9872980555
0.0156006895
0.009662975511
0.00921715361
0.009217840444
0.009218194424
0.009217830062
0.009216859414
0.009215858051
0.009215059748
0.009214491885
0.00921417329
0.009214302806
0.0104646707
0.9866800742
0.7050587663
0.009547265979
0.01180029421
0.9929616651
0.9953286679
0.02108052824
0.009217901064
0.009215927372
0.009215191782
0.009215031885
0.009214374942
0.009215050554
0.00974903182
0.01158426882
0.01922446286
0.9777620467
0.9929509687
0.9946486459
0.9947014694
0.995732308
0.9957494259
0.9961992932
0.9956843211
0.9956735387
0.9942504239
0.9834420139
0.02104816477
0.01193530423
0.009897625878
0.009240543076
0.009241209644
0.009243026721
0.009238467376
0.0092369604
0.009232742995
0.009225270488
0.009219564422
0.01122042886
0.9841253611
0.9832303801
0.0182531927
0.009211400439
0.009211417304
0.009212552077
0.009219911625
0.009697179605
0.01018919267
0.01199795649
0.02085345485
0.1810842272
0.9873863033
0.9917945297
0.9960157353
0.9961143753
0.9956706244
0.9960936279
0.9965019177
0.996744042
0.9963064287
0.9960515573
0.9956040806
0.9951316507
0.9945276192
0.9932709696
0.9919152938
0.992239131
0.9898045131
0.9700953212
0.01734844868
0.01148906103
0.009863767347
0.009218800079
0.009215018505
0.009214667208
0.009214526107
0.00921518769
0.009216151904
0.009216221212
0.009216384358
0.009217438261
0.01185097018
0.9933895367
0.03081719707
0.009221040122
0.00921822657
0.009222906496
0.0097124843
0.01006556789
0.01164420578
0.01663818253
0.986433601
0.984275856
0.9624473454
0.9738363287
0.9930738425
0.9939418054
0.9944602591
0.9955774905
0.9962052772
0.9953157818
0.9950800908
0.9936517306
0.9782443983
0.7140923841
0.01569875085
0.01142223342
0.0206839283
0.02127030126
0.009224635508
0.00921904887
0.009218169614
0.009218204499
0.009217632829
0.009216556272
0.009215621816
0.009215012822
0.009214685014
0.009214589002
0.009214695198
0.009214489856
0.01365095736
0.9827323667
0.01198782954
0.009216871078
0.01670671655
0.9946684406
0.9945546073
0.01386004908
0.00921619974
0.009215426257
0.009215794654
0.009746707072
0.01148870918
0.01862193776
0.9762038433
0.9929378015
0.994643001
0.9948045287
0.9955078072
0.9953371968
0.9960562688
0.9957688912
0.9959269184
0.9947918093
0.9860646757
0.0229345146
0.01202798136
0.009831165639
0.009251971006
0.009256608733
0.009254909158
0.009253346694
0.009250431339
0.009242675779
0.009236611863
0.009231143587
0.009224771879
0.009219432896
0.01082758058
0.9725305277
0.9765769566
0.02055341485
0.009736427602
0.009995606903
0.01127009055
0.01683465141
0.04265246466
0.9857866113
0.9912121979
0.9955415027
0.9973906453
0.9972588643
0.9968379409
0.9970162962
0.997241933
0.9970468513
0.9969864194
0.9968523921
0.9966683693
0.9965065887
0.9962399579
0.9956610427
0.994859748
0.9936141781
0.9907777661
0.9836816037
0.9762607135
0.03182923991
0.01849289482
0.01471245579
0.01355541809
0.01307948583
0.01288269779
0.01277192758
0.01269723978
0.01264499622
0.01261917231
0.01263798544
0.01274550938
0.0130761144
0.01427954788
0.01654588208
0.9705477222
0.976087496
0.01372464182
0.01399810264
0.02031277977
0.0309470587
0.9531424952
0.9667667512
0.9900120852
0.9927444958
0.9931951432
0.9923967401
0.9919898013
0.9927813159
0.9940393763
0.994938526
0.9949413275
0.9947137172
0.9926360131
0.9770959372
0.01960828461
0.01236444896
0.01001392859
0.009584178107
0.009218345902
0.01493752753
0.9890426669
0.01067959197
0.009219236413
0.00921865583
0.009218135585
0.009217454531
0.009216180935
0.009215362924
0.009215048955
0.00921508898
0.009215404195
0.009215958456
0.00921627006
0.009860602987
0.9279159609
0.9533002903
0.009961747463
0.01002718233
0.9717195011
0.991044866
0.9866682093
0.01147449105
0.0100162528
0.01175791003
0.01867663599
0.9732589289
0.9924678103
0.9943479576
0.9945678439
0.9952538272
0.9951271625
0.9953527959
0.995470752
0.9960209445
0.9953247595
0.9883502543
0.02686260994
0.01244651117
0.009910401181
0.009271077589
0.009279037795
0.00927645924
0.009272452517
0.009264492823
0.00925631471
0.009249560396
0.009241982034
0.009235559123
0.009230175437
0.00922530133
0.009220771413
0.01070910032
0.9565834886
0.9643987264
0.9773093645
0.03346966933
0.984504053
0.9905131125
0.9953487787
0.9974116529
0.9974974772
0.9972775902
0.997534773
0.9977742643
0.9979061029
0.9977295638
0.9976455641
0.9975524937
0.9975151575
0.9974438045
0.9972522498
0.9970146231
0.9967944951
0.9965316588
0.9960671517
0.995420176
0.9945284787
0.9932173559
0.9917146499
0.9908026159
0.9933669281
0.9949606469
0.9946263833
0.9948787986
0.9946614679
0.9944804495
0.9943414882
0.9942250504
0.9941240386
0.9940396306
0.9939791565
0.9939548343
0.9939875231
0.9941617987
0.9949779598
0.9945441651
0.9926312095
0.9913112105
0.9939420397
0.9952694703
0.9965229619
0.9954012951
0.993257113
0.9930578378
0.9941046363
0.9945174657
0.9945650766
0.9940407572
0.9933717755
0.993511038
0.9944391984
0.9935493706
0.9766809172
0.01758675639
0.01131024964
0.009701694779
0.009215243581
0.009214233456
0.009215005503
0.009215732554
0.01130047068
0.7909424578
0.01066272248
0.009217785242
0.009218395579
0.009217329292
0.009216105277
0.009215073219
0.009214557838
0.009214602128
0.009214935627
0.009215533825
0.009216513382
0.009218306051
0.009221764671
0.01234638069
0.965435277
0.01384545036
0.01137378734
0.01832881233
0.9845551131
0.9848993854
0.9711410204
0.01985008908
0.9788436997
0.992135328
0.9939265455
0.9941570993
0.9949074224
0.9947246183
0.9947195581
0.9946952358
0.9941641243
0.9928990531
0.9912904441
0.04191702822
0.01329976949
0.01004415839
0.009300594052
0.009311245051
0.009310546727
0.00930280062
0.00928938439
0.009276207485
0.00926462566
0.009255091098
0.009247437694
0.00924044188
0.009234594551
0.00922965392
0.009225962898
0.009223301891
0.01034515277
0.8144814828
0.9607781191
0.9928216934
0.9968233959
0.9975416037
0.9975652517
0.9979054599
0.9981587091
0.9983231688
0.9982417629
0.9982209285
0.9981715652
0.9981193009
0.9980947177
0.9980408947
0.9979350145
0.9978499295
0.9977598405
0.997596535
0.9973910908
0.99718096
0.996946657
0.9966343756
0.996259964
0.9958540206
0.9954845679
0.9953178509
0.9954459966
0.9957735643
0.9965433581
0.9967345388
0.9967706235
0.9967716467
0.9967503334
0.9967167449
0.9966789269
0.9966381722
0.9965938088
0.9965441669
0.9964874427
0.9964259238
0.9963855312
0.9964666431
0.9967617927
0.9965694788
0.9960358016
0.9960690776
0.9962215561
0.9962584625
0.9961639492
0.9951837489
0.9945797444
0.9943381002
0.994479414
0.9941940472
0.9929648186
0.9907650874
0.9880091967
0.9859872616
0.02249667564
0.01187480528
0.009703994908
0.009214298926
0.009212936704
0.009213186564
0.009214027605
0.009215430896
0.009216368349
0.01052466009
0.9527636257
0.01229418976
0.009218726965
0.009221108716
0.009226669253
0.009676415985
0.009864889314
0.01026212711
0.01056679962
0.0109190318
0.01130527468
0.01182416112
0.01282308759
0.01651503631
0.02340776436
0.9822990696
0.9706676074
0.9006912084
0.9855726074
0.9905009649
0.9911160186
0.9894142919
0.9910713096
0.993173297
0.9932079389
0.994334739
0.9943298399
0.9944216737
0.9945069488
0.9936711267
0.9927696644
0.9891228647
0.8085368379
0.01319973075
0.01060287644
0.009354650028
0.009360117272
0.009364381587
0.009350772076
0.009329452736
0.009308805192
0.00929012937
0.00927484695
0.009262708753
0.009253155331
0.009245633314
0.009239290069
0.009234267438
0.009230391102
0.009227767604
0.009229963102
0.01041431923
0.9718468792
0.9040225004
0.996168909
0.9980105659
0.9985316954
0.9986065798
0.9986562805
0.9986580727
0.9986397801
0.9986286054
0.9985944924
0.9985138001
0.9984306749
0.9983727026
0.998315789
0.9982267123
0.9981318305
0.9980275086
0.9978892024
0.9977252039
0.9975519544
0.9973674482
0.997161534
0.996950396
0.9967598025
0.9966285836
0.996598684
0.9966606571
0.9967529198
0.9968593339
0.9970023144
0.9970799913
0.9971031923
0.9971135334
0.9971085579
0.9970927804
0.9970690929
0.9970378759
0.9969986595
0.99695263
0.9969082003
0.9968929566
0.9969633442
0.9971415628
0.9972591663
0.9970873131
0.9967124183
0.9964203501
0.9961995133
0.9959813962
0.9958054296
0.9955129637
0.9951303022
0.9946982589
0.9936980974
0.990809997
0.9814391934
0.9533448056
0.01921748014
0.01573053075
0.01352817474
0.01311389688
0.01299431967
0.01295139018
0.01294487701
0.01298190396
0.01312374153
0.01365083693
0.01474360953
0.706691793
0.0197125094
0.01422129214
0.01612418404
0.02394044087
0.03289535882
0.9369444327
0.9097621386
0.9706214746
0.9809231647
0.9862371629
0.9892595579
0.9913474785
0.9930769787
0.9951150765
0.9941277102
0.9916486531
0.9886798105
0.9881413672
0.9916787839
0.993362348
0.9938927432
0.9939220496
0.9941970073
0.9938143759
0.9940756763
0.9944739909
0.993766718
0.9932575812
0.9902830343
0.9311941176
0.01483158171
0.0109010698
0.009762924899
0.009429201592
0.009456960055
0.009428084125
0.009392576163
0.009360694293
0.009331867272
0.009307501499
0.009288260329
0.00927281499
0.009260942866
0.009251564799
0.00924435713
0.009238529538
0.009234135294
0.009230991144
0.009229207284
0.009226099396
0.009895036841
0.04642662675
0.9809697248
0.9975329414
0.9986962785
0.9989045495
0.9989952856
0.9990134935
0.9989803423
0.9989308603
0.9988862785
0.9988373912
0.9987625676
0.9986802196
0.998606853
0.9985355045
0.9984517711
0.9983595135
0.99825679
0.9981368174
0.9980040386
0.9978656473
0.9977241265
0.9975816087
0.9974494916
0.9973415746
0.9972730382
0.9972527129
0.997267023
0.9972864494
0.9973018116
0.9973352351
0.9973815567
0.9974098038
0.9974265134
0.9974336207
0.9974320809
0.997423406
0.9974085179
0.9973883045
0.9973655829
0.9973484889
0.9973544304
0.9974065525
0.9975014069
0.9975588455
0.9974709685
0.997221558
0.9969236581
0.996675002
0.9964967981
0.9963940725
0.9962675163
0.996030863
0.9956754087
0.9950201852
0.9937744749
0.9918519202
0.9901768414
0.9926740469
0.9944547405
0.994857285
0.9947542277
0.9946770738
0.9946374544
0.9946112981
0.9945907335
0.9945808317
0.9946266878
0.9949940875
0.9946638594
0.9944883964
0.9952607798
0.9957881261
0.9963069843
0.9969552167
0.9957907846
0.9937891579
0.9933801643
0.9933770005
0.9936888546
0.9940186558
0.994256371
0.9943606041
0.9943962803
0.9946623759
0.9938832337
0.9926788407
0.991536629
0.9923601118
0.9939086318
0.994579933
0.9949910488
0.9947047505
0.9947127758
0.9940813964
0.9938727175
0.9916599816
0.9599289914
0.01630437238
0.01127737259
0.00994488461
0.009533758148
0.009615179204
0.009553878262
0.009496720047
0.009445590487
0.009398383805
0.009359311624
0.009330403508
0.009305623337
0.009286938259
0.009271480068
0.009259991964
0.00925071703
0.009243816134
0.009238266387
0.009234220843
0.009231383417
0.009230107518
0.009230786587
0.009665897807
0.8614565083
0.9776538032
0.9983825397
0.9991057177
0.9992014438
0.9992334583
0.9992274064
0.9991885153
0.9991342151
0.9990774433
0.9990171767
0.9989459378
0.9988687054
0.9987921661
0.9987149361
0.9986319816
0.9985432097
0.9984467647
0.998341093
0.9982295033
0.9981163226
0.9980046809
0.9978985633
0.9978050287
0.9977309243
0.9976817149
0.9976579997
0.9976508346
0.9976463794
0.9976409374
0.9976453815
0.9976623035
0.9976812682
0.9976977162
0.9977096479
0.9977171052
0.9977205069
0.9977204871
0.9977179996
0.9977151362
0.9977164323
0.9977295124
0.9977612729
0.9978036701
0.9978171964
0.9977518487
0.9975977965
0.9974005304
0.997217026
0.9970849489
0.997006857
0.9969332015
0.9968184976
0.996646335
0.9963863142
0.9960475369
0.995758229
0.9957048886
0.9959097492
0.9965749028
0.9967741732
0.996854917
0.9968785773
0.9968804158
0.9968727665
0.996857129
0.9968344753
0.996817302
0.9968552303
0.9969921309
0.9968242626
0.9969184597
0.9969489056
0.9969722878
0.9969051286
0.9967603627
0.9959431816
0.9954271794
0.9950361158
0.9947977139
0.9946169856
0.9944070317
0.9941140092
0.993808287
0.9937499003
0.993891678
0.993480654
0.9927810551
0.9930446885
0.9939027846
0.9944951297
0.9953609868
0.9948515579
0.9947472415
0.9933429676
0.9756394294
0.01816374667
0.01167106319
0.01015130659
0.009687944643
0.009824454739
0.00974789817
0.009686278172
0.009595529606
0.009518870397
0.009448020853
0.009402018828
0.00935990107
0.009331919274
0.009305646666
0.009287727217
0.009271543168
0.009260501974
0.009250964624
0.009244414111
0.00923890238
0.009235119975
0.009232388469
0.009231678689
0.009232878019
0.0092364235
0.01932790256
0.9408066321
0.9989785393
0.999381071
0.9994066354
0.9994006789
0.9993740251
0.9993303391
0.9992761259
0.9992172176
0.9991543469
0.9990855142
0.9990123986
0.9989371294
0.9988593881
0.9987776623
0.9986917654
0.9986009117
0.9985051962
0.9984072302
0.9983103497
0.9982176684
0.9981327681
0.9980599434
0.9980024909
0.9979619576
0.9979369013
0.9979218864
0.9979102517
0.9979004552
0.9978974593
0.9979033681
0.9979148527
0.9979291162
0.9979434564
0.9979569129
0.9979693792
0.9979811255
0.997992698
0.9980049834
0.9980193078
0.9980370704
0.9980577446
0.9980738487
0.998066158
0.9980131175
0.9979125517
0.9977870072
0.9976663938
0.9975752321
0.9975185957
0.9974752048
0.9974228917
0.9973510226
0.9972529801
0.997142825
0.9970599449
0.9970358002
0.997052685
0.9970937341
0.9971769984
0.9972351372
0.9972673051
0.9972793004
0.9972804478
0.9972753196
0.997266261
0.9972599596
0.9972756878
0.997325899
0.997327297
0.9971847751
0.9970155913
0.9968689601
0.9966977131
0.9965375534
0.996400881
0.9961310119
0.9957907565
0.9954701536
0.9951521496
0.9948133157
0.9944441373
0.9941035691
0.9939165432
0.9938217586
0.9934517926
0.9927776673
0.9925354794
0.9929458193
0.9937941108
0.9948450528
0.9933321351
0.9856657717
0.02293972446
0.01212326668
0.01003915408
0.009664592023
0.009899956914
0.009874793754
0.009825450574
0.009715375465
0.00963830544
0.009543198139
0.009480571929
0.009417304391
0.00937689569
0.009340516172
0.009315320062
0.009293163061
0.009276956634
0.009263975393
0.009253811796
0.009246372335
0.009240392297
0.009236226245
0.009232927807
0.009230804868
0.009230074066
0.009232651425
0.009235501704
0.01575966459
0.9858104134
0.9994265159
0.9995745293
0.9995474354
0.99951526
0.9994759677
0.9994293581
0.9993769578
0.99932021
0.9992592065
0.9991935175
0.9991239136
0.9990510983
0.9989748964
0.9988948865
0.9988111111
0.9987236194
0.9986333574
0.9985427679
0.9984549729
0.9983732232
0.9983008574
0.9982408546
0.998194729
0.9981619996
0.9981399852
0.9981244188
0.9981116853
0.998101588
0.9980970273
0.9980996037
0.9981084145
0.9981219618
0.9981383061
0.9981562364
0.9981753469
0.9981957895
0.9982180046
0.9982423851
0.9982687138
0.9982952223
0.9983172706
0.9983262024
0.9983102356
0.998260837
0.9981815623
0.9980886016
0.9980024427
0.9979398685
0.9979049533
0.9978867179
0.9978711696
0.9978487088
0.9978144855
0.9977723999
0.99773125
0.9976934866
0.9976504242
0.9976024624
0.9975759961
0.9975814098
0.9975934506
0.9976031715
0.9976102885
0.9976169311
0.9976251311
0.997636278
0.9976485999
0.9976471064
0.9975842784
0.9974132698
0.9971673256
0.9969358841
0.9967499816
0.9966466906
0.996600561
0.9964862188
0.9962453369
0.9959395639
0.9955965788
0.995240392
0.994907332
0.9946455811
0.9944597176
0.9942000436
0.9935680544
0.9922736872
0.990103078
0.9870284772
0.9851938256
0.9882444155
0.03053545284
0.01461299988
0.01163663862
0.01057506686
0.01100115334
0.01191235353
0.012400159
0.01160332158
0.01190683372
0.01146896832
0.0117875369
0.01136200044
0.01167934525
0.01110871052
0.01144801442
0.01110104595
0.01151639359
0.01098512505
0.0113924404
0.01094313784
0.01136742495
0.01099805412
0.01130469164
0.0111315057
0.01134815349
0.01138300127
0.01129759917
0.01177931756
0.01109368461
0.01376238424
0.964150505
0.9989352189
0.9994503857
0.9992641805
0.9991539152
0.9990625906
0.9989709827
0.9988732973
0.9987677897
0.9986529844
0.9985280799
0.9983946019
0.9982538557
0.9981056806
0.9979494898
0.9977854425
0.9976138609
0.9974368064
0.9972592063
0.9970875637
0.9969289282
0.9967904363
0.9966781189
0.9965945818
0.9965377719
0.9965008589
0.9964741915
0.9964503139
0.9964290027
0.9964163994
0.9964173184
0.996431819
0.9964581318
0.9964927298
0.9965327689
0.9965769082
0.9966252912
0.9966790384
0.9967393626
0.9968060549
0.9968750797
0.9969355844
0.9969681998
0.9969488466
0.9968614298
0.9967131332
0.9965357157
0.9963712124
0.9962561445
0.9962033148
0.9961953294
0.9962036987
0.9962054028
0.9961863317
0.9961467205
0.9960924667
0.9960172062
0.9959019723
0.9957498637
0.9956178447
0.9955578114
0.9955507499
0.9955636307
0.9955832252
0.9956082544
0.9956425932
0.9956893007
0.9957388997
0.995744723
0.9956081451
0.9952347153
0.9946599679
0.9940601249
0.9936059827
0.9934319169
0.9934638271
0.9934113962
0.99309207
0.9925459218
0.9918469585
0.9910940912
0.9904283709
0.9900027969
0.9898144419
0.989516226
0.9884886953
0.985908532
0.9797946305
0.959733836
0.8949553574
0.04428780527
0.03882572132
0.9613241854
0.03202132011
0.936891163
0.03610015496
0.9275214785
0.1448203235
0.9038978693
0.1757222683
0.8748441383
0.2418659489
0.8488716377
0.2714440006
0.8206523829
0.3256783188
0.7936608227
0.3642431407
0.743500472
0.4157214653
0.6905848498
0.4790640871
0.6423654366
0.5267088631
0.6132445274
0.5448712036
0.5917653129
0.5436792503
0.6133879715
0.5007083046
0.793527816
0.07511519546
