0.9982783425
0.9987086771
0.9981720573
0.9978786532
0.9976347311
0.9973860459
0.9971136677
0.9968158926
0.9964967691
0.9961589498
0.9958037463
0.9954325479
0.9950475053
0.9946530443
0.9942562877
0.9938662212
0.9934930457
0.9931459911
0.9928295876
0.9925442586
0.9922870779
0.9920491857
0.9918154898
0.9915693993
0.9912973957
0.9909904056
0.9906445781
0.990277263
0.989929582
0.9896410479
0.9894326714
0.9893129542
0.9892914786
0.9893853365
0.9896135877
0.9899836989
0.9904664603
0.990999261
0.9915224097
0.992001716
0.9924208466
0.9927626636
0.9930011775
0.9931139794
0.9931020069
0.9929921624
0.9928226695
0.9926388963
0.9924917387
0.992428248
0.9924730261
0.9925986581
0.9927162584
0.9927263624
0.9925698783
0.9922493158
0.99180997
0.9912960412
0.9907419612
0.9901712173
0.9895817207
0.9889565716
0.9882799136
0.9875393793
0.9867236411
0.9858202971
0.9848141303
0.9836855687
0.9824116584
0.9809844423
0.9795048494
0.9783913237
0.9782815563
0.9791491734
0.9802343978
0.9809642625
0.9812253315
0.98116127
0.981030245
0.9811116088
0.9815472535
0.9820070766
0.9815941804
0.9790026951
0.9706226604
0.9532931855
0.3129018429
0.1175108719
0.7613929491
0.3819909298
0.6650973417
0.5045297203
0.5994457009
0.5501167581
0.5839868166
0.5670388805
0.5746478996
0.5690223628
0.5721287555
0.5692205736
0.569387542
0.5680928965
0.5666126218
0.5625165425
0.5566461351
0.5457142693
0.5422736617
0.5368868046
0.5484788811
0.5617477399
0.5480262836
0.5449642062
0.568973882
0.5716752992
0.5779796816
0.5173826752
0.5225511484
0.5754334067
0.7546111685
0.1368853444
0.4891590947
0.9978848369
0.9991892392
0.9990342531
0.9988849771
0.9987495016
0.9986125523
0.9984665015
0.9983102817
0.9981453414
0.9979721985
0.9977907963
0.9976014281
0.9974047759
0.9972026864
0.9969984755
0.996796384
0.9966013369
0.9964180355
0.9962490215
0.9960950463
0.9959559281
0.9958291356
0.9957094268
0.9955908489
0.9954682817
0.9953373278
0.9951942689
0.9950445213
0.9949051288
0.9947911199
0.994707485
0.9946535968
0.9946303875
0.9946445097
0.9947070383
0.9948275671
0.9949996706
0.995199006
0.9954012293
0.9955938579
0.995771932
0.9959270894
0.9960430966
0.9961040984
0.9961070241
0.9960626402
0.9959855811
0.9958919921
0.9958026167
0.9957411431
0.9957263272
0.99575226
0.9957752426
0.9957403499
0.9956156865
0.995411206
0.9951670836
0.9949103853
0.9946547548
0.994409402
0.9941706877
0.9939284845
0.9936764382
0.9934112175
0.9931307462
0.9928333238
0.9925168413
0.9921772936
0.9918054605
0.9913813497
0.9908764442
0.990321406
0.9899767354
0.9899723393
0.9901021339
0.9901512403
0.9900576195
0.9898419912
0.9895706775
0.9893695123
0.9893850403
0.9895878137
0.9896542002
0.9892215418
0.9878821966
0.9850501805
0.9819557386
0.9756990956
0.06573440384
0.03210065188
0.02897279332
0.0280525437
0.02873912973
0.02859044147
0.02884408172
0.02876627304
0.02882980341
0.02884874785
0.02892908646
0.0289738105
0.02899873995
0.02900217881
0.02901595543
0.02903521118
0.0290541125
0.02902158031
0.02900285808
0.02912223602
0.02918990646
0.029336186
0.02948331329
0.02961277561
0.02976272595
0.0298678508
0.02955317198
0.02992145446
0.03076667728
0.03352883964
0.03472153621
0.04926633625
0.6809816116
0.9965158445
0.9985639231
0.9987339906
0.9986712276
0.998550353
0.9984061724
0.9982455812
0.9980749683
0.997899195
0.9977176377
0.9975281641
0.9973299307
0.9971225618
0.9969075576
0.9966888881
0.9964716132
0.996261816
0.9960653788
0.995884484
0.9957197646
0.9955726242
0.9954417939
0.9953232323
0.9952144883
0.9951140237
0.9950165179
0.9949109944
0.9948013321
0.9947096936
0.9946473763
0.9946065955
0.9945741186
0.9945419831
0.9945145667
0.9945097422
0.9945524397
0.9946436907
0.994754217
0.9948594685
0.9949597853
0.9950684962
0.9951857459
0.9952824199
0.9953241744
0.9953047965
0.9952431827
0.9951522346
0.995036287
0.9949048366
0.9947860719
0.9947243165
0.9947287609
0.9947202035
0.9945897803
0.9942712219
0.9937973204
0.993351254
0.9930827784
0.9929213626
0.9928328786
0.9927779947
0.9927281301
0.9926776566
0.9926280191
0.992580338
0.992534883
0.9924907433
0.9924443346
0.9923853683
0.9922875077
0.9920883032
0.9916607329
0.9909721704
0.9904890165
0.9901487088
0.9897247086
0.9891877908
0.9885703117
0.987876387
0.9872018046
0.9869764747
0.9874355002
0.9881276703
0.9886323822
0.9887785492
0.9883944882
0.9877139655
0.9879335096
0.9862329598
0.9749672433
0.03738511507
0.02512096556
0.02361470665
0.02361983404
0.02362574909
0.02364286919
0.02366556821
0.02369095277
0.0237190149
0.02374782263
0.02377661483
0.0238039035
0.02382948211
0.02385363355
0.02387698218
0.02389917031
0.02391919759
0.02393709062
0.02395281184
0.02396521258
0.02397511574
0.02397961943
0.02397559906
0.02396455
0.02395794387
0.02397258819
0.02404149665
0.02426405982
0.02854588816
0.08643050633
0.92857918
0.9946732392
0.9978083557
0.9981631312
0.9982721632
0.998223055
0.9981006638
0.9979365514
0.9977546216
0.9975709451
0.997384133
0.9971880061
0.9969800657
0.9967577863
0.9965216013
0.9962773202
0.9960331931
0.9957992472
0.9955848723
0.9953911179
0.9952171028
0.9950659929
0.9949357332
0.9948198439
0.9947215449
0.9946518223
0.9946041041
0.9945467507
0.9944787
0.9944384375
0.9944372837
0.9944504798
0.9944491673
0.9944127498
0.9943339249
0.9942370462
0.9941794712
0.9941798532
0.9941910054
0.9941732124
0.9941407256
0.994143016
0.9942111436
0.9943056172
0.9943355352
0.9942781688
0.9941784147
0.9940595343
0.9939114399
0.9937140151
0.9934715423
0.9933071897
0.9933216636
0.9933663687
0.9931701439
0.9925029274
0.9912034369
0.9895249345
0.9888666026
0.989683375
0.9901604518
0.9906019599
0.9909714822
0.9912936751
0.9915899455
0.9918693321
0.9921351556
0.9923881567
0.9926273178
0.9928490501
0.9930438369
0.9931849492
0.9931755963
0.9926678777
0.9907200537
0.9897191234
0.9887961166
0.9878498538
0.9869238181
0.9859468783
0.9847585816
0.9838465823
0.9847008405
0.9864561412
0.9879635072
0.9889168356
0.9891942853
0.9887168461
0.9880570347
0.9878264788
0.9876967376
0.9833104627
0.9469059302
0.03092343899
0.02369378042
0.02363613276
0.02365796953
0.02368279339
0.02371374728
0.02374797436
0.02378367412
0.02381902873
0.02385252899
0.02388305339
0.02391098025
0.02393730825
0.02396300323
0.02398735329
0.02400934671
0.02402768813
0.02404137898
0.02404799628
0.02404733706
0.02404003163
0.02402296341
0.02400544403
0.02400079691
0.02402407225
0.02411063357
0.02666712615
0.2773966022
0.9530558104
0.9917820601
0.9967026811
0.9973369274
0.9976191126
0.9976993084
0.9976447672
0.9974966049
0.9973111927
0.997130222
0.9969486042
0.9967515472
0.9965362645
0.9962963101
0.9960284223
0.995740776
0.995448271
0.9951745365
0.9949374068
0.9947313595
0.9945494566
0.9943991132
0.9942724378
0.9941486006
0.9940367516
0.9939880421
0.9940304882
0.9940690284
0.9940765045
0.9941224322
0.9942152098
0.9943053709
0.994353521
0.9943352738
0.9942237097
0.9940039124
0.9937873521
0.993648848
0.9935146382
0.9933004672
0.9930308722
0.9928178972
0.9927535596
0.9928188123
0.99291222
0.992841429
0.9927137221
0.9925977345
0.9924764041
0.9922995993
0.9919473228
0.9914441191
0.9913720611
0.991640592
0.991630415
0.9907644832
0.988229662
0.9820355456
0.9712620274
0.9698028015
0.9776093819
0.9803454663
0.982389249
0.9840209982
0.9853974542
0.9865840834
0.9876197507
0.9885319828
0.9893435201
0.9900773065
0.9907631949
0.9914470457
0.9921839369
0.9929918955
0.9907222933
0.9868212331
0.985516371
0.9845187221
0.9840121644
0.9838180065
0.983576747
0.9826919719
0.9804114404
0.9833499445
0.9860553898
0.9878746908
0.9888250937
0.9887228683
0.9880279263
0.9874579697
0.9875239362
0.9877811553
0.9870525966
0.9855350446
0.09143817798
0.02822430607
0.02364140296
0.02367397758
0.0237116017
0.02374670552
0.02378347186
0.02382000099
0.02385389042
0.02388401504
0.02391055649
0.02393476749
0.02395806733
0.02398076558
0.02400198631
0.0240188171
0.02403009326
0.02403382732
0.02402845954
0.02401429815
0.02399182926
0.0239653941
0.02394220995
0.02392925573
0.02391638314
0.02667349142
0.5984800104
0.9234126146
0.986288237
0.9946096731
0.9961117601
0.9965140337
0.9967900527
0.9969487735
0.9968719244
0.9966959399
0.996539834
0.996383957
0.9961946352
0.995978424
0.9957221656
0.9954106702
0.9950508953
0.9946611073
0.9942987178
0.9940401152
0.9938361343
0.9936502239
0.9935082048
0.993394731
0.9932391794
0.9930366561
0.9929096611
0.9930460166
0.9933837321
0.9936054562
0.9938273129
0.9940597919
0.9942393316
0.9943425512
0.9943670542
0.9942945863
0.994043841
0.9935392515
0.9931034059
0.9927172082
0.992182957
0.9914623306
0.9907744696
0.9903005359
0.9899050217
0.989851019
0.990640932
0.9905328345
0.9905186607
0.9905992946
0.9907683049
0.9908591184
0.9903883482
0.9885859573
0.9890070812
0.9899986175
0.9901330324
0.9881956387
0.9827522509
0.9710490871
0.8414156555
0.03692982863
0.03023075686
0.03094159609
0.03176718044
0.03271410764
0.03377601992
0.03496901718
0.03632089837
0.03787359988
0.03971299308
0.04205890631
0.04559129245
0.05286298406
0.08817819392
0.1823979359
0.9321347829
0.9204325752
0.9479457771
0.9583777018
0.9665424057
0.9737272139
0.9804969598
0.9737014687
0.9742285452
0.9800006637
0.982791116
0.9851962823
0.9859719395
0.9875851939
0.987175827
0.9874030865
0.9881690271
0.9888289106
0.9903373654
0.9906989078
0.9849813042
0.05206029682
0.02720181337
0.02366328843
0.02372545231
0.02377508659
0.02381342982
0.02384798129
0.02387760246
0.02390225122
0.02392375932
0.02394439811
0.02396544268
0.02398621096
0.02400166248
0.02401116248
0.02401251319
0.02400278111
0.02398167624
0.0239515856
0.02391567347
0.02387795187
0.02384176249
0.02378976594
0.02695654399
0.6270792783
0.9058569426
0.8912783104
0.9835964473
0.9913596735
0.9939016888
0.9945167174
0.9955321963
0.9962290847
0.9958978516
0.9957800196
0.9956727264
0.9954862081
0.9952781937
0.9950200596
0.9946635015
0.9942028498
0.9936248159
0.9930075151
0.9926285752
0.992613749
0.9924519719
0.9923022347
0.9922241891
0.9920310043
0.9915856046
0.991047536
0.9908952249
0.9917122399
0.9934025739
0.9937875544
0.9941288752
0.9943286945
0.9944397469
0.9944999673
0.9945289805
0.9945123957
0.9942321835
0.9925804422
0.9916561952
0.9906868097
0.9893374973
0.9876554592
0.9862918455
0.9842563168
0.979627334
0.9795535791
0.9813326101
0.9812334027
0.9817424643
0.9833935105
0.9857234216
0.9885479864
0.9849577674
0.9813679299
0.9854315914
0.9891598978
0.9895757514
0.9868798337
0.9842575315
0.9829459654
0.9784449532
0.04201430925
0.02539844615
0.02353048989
0.0235501414
0.02356443912
0.02357338377
0.02358461674
0.02359827853
0.02361307467
0.02362801102
0.02364609396
0.0236768067
0.02373754006
0.02392256566
0.02514341268
0.02564885598
0.02678237397
0.02771318224
0.0287564972
0.03045198101
0.03526750916
0.06627958097
0.9334607749
0.9642068748
0.9718758763
0.9705628231
0.9657519672
0.9815450524
0.9870937524
0.9884220299
0.9885615896
0.9889110393
0.9896072719
0.9906375346
0.9911896889
0.9892244431
0.9816485347
0.0459912424
0.02691908244
0.02370386136
0.0237845657
0.02383587941
0.0238647494
0.02388668927
0.0239045946
0.0239220552
0.02394164937
0.02396274465
0.02397668822
0.02398529246
0.02398555072
0.02397228664
0.02394514497
0.02390867113
0.02386530602
0.02381805271
0.0237697371
0.02370511792
0.02702394577
0.7978969397
0.9147952293
0.04770901911
0.02740120372
0.03158031362
0.06458899497
0.973639148
0.9869719345
0.9941149786
0.994896016
0.9945236688
0.994913995
0.9945378955
0.9943613299
0.9941553536
0.9937930084
0.9932695004
0.9924304465
0.9911960144
0.9900047425
0.9899989766
0.9916724238
0.9906555947
0.990556683
0.9904380854
0.9897927444
0.988176839
0.9859814881
0.9848264902
0.9896462972
0.993135798
0.9924255748
0.9923809726
0.9923592004
0.9924171227
0.992587111
0.992960131
0.994009066
0.992215737
0.9886850448
0.9875820413
0.9865714746
0.9851952103
0.9817851621
0.9813743464
0.9768025748
0.9624061043
0.05903437683
0.03667530675
0.03106787267
0.03181311271
0.03397309804
0.04127272856
0.06023933534
0.919148108
0.9635441464
0.9838665429
0.9874722047
0.9870113273
0.9869128032
0.9867196583
0.9875263824
0.9850377965
0.9534611899
0.03180818668
0.02447252179
0.02356056782
0.02356996122
0.02357858574
0.02359086302
0.02360298521
0.02360966313
0.02361022451
0.02360739877
0.02360430097
0.02359476293
0.02358390932
0.02356350695
0.02356424315
0.02358309782
0.0236085676
0.02363142158
0.02508254492
0.04780024999
0.974551242
0.971735537
0.9708506687
0.9489374647
0.03522041072
0.03177562687
0.05931269729
0.9796871889
0.9866475265
0.9890847702
0.9895121939
0.9901423698
0.9905970459
0.9907321486
0.9905397411
0.9880352253
0.9796831229
0.0453479414
0.02703798926
0.02374436685
0.02382896923
0.02386737359
0.02388015759
0.02389294861
0.02391146531
0.0239340558
0.02394534352
0.02395424804
0.02395565941
0.02394035528
0.0239086243
0.0238685141
0.02382087253
0.02376843718
0.0237153878
0.02365034208
0.02739189011
0.8751278196
0.9187690859
0.04583659742
0.0235333598
0.023517364
0.02355000257
0.02485314286
0.02749305067
0.04283235782
0.0770191486
0.9848892236
0.9908853493
0.9926243153
0.9924648348
0.9932021354
0.9927136229
0.9924179021
0.9916014792
0.9895902418
0.9862235876
0.9817493761
0.9866415443
0.9896747974
0.9867828912
0.9876645695
0.9881760669
0.9876397811
0.981845041
0.9702758293
0.9437561018
0.1008209885
0.09719081441
0.05421398488
0.04978774703
0.04860916989
0.0496457263
0.05371657698
0.0864559354
0.09198065027
0.9483595361
0.9450696417
0.9680157553
0.9790669765
0.9755915291
0.9784304225
0.9834701617
0.9844122028
0.9803736935
0.9691703431
0.04570133297
0.02937127119
0.02541366861
0.02374285865
0.03034512042
0.6409202207
0.9541161494
0.9744110753
0.1359213775
0.05967640713
0.9766221178
0.9862817636
0.9893613559
0.9890427101
0.9868012625
0.9805241562
0.8371256793
0.02870167873
0.02357880861
0.02357037654
0.02358186835
0.02359533642
0.02360098166
0.02359918406
0.02359544958
0.02359363706
0.02359526635
0.02359740848
0.02359246819
0.02358977007
0.02359579954
0.02359277692
0.02361852084
0.02934440265
0.9127959528
0.980792689
0.9820384205
0.9734218209
0.04136430589
0.02691375199
0.02360536165
0.02363204849
0.02721484036
0.04328679621
0.9767165085
0.9867835566
0.9898595788
0.99034924
0.9905008284
0.9903487222
0.9900508868
0.9898907493
0.9876990726
0.979949242
0.04589435718
0.02705085253
0.02376338806
0.02383587755
0.02385935567
0.0238765009
0.02390384126
0.02390785734
0.02391835134
0.02392462089
0.02390924242
0.02387462942
0.02383495854
0.02378653779
0.02373211054
0.02367869321
0.02361774794
0.02803317117
0.9266954809
0.9322892425
0.04580926593
0.02350003188
0.02351807275
0.02352860345
0.02353841597
0.0235438453
0.02357101088
0.02319519523
0.02593593705
0.03302103989
0.08601476174
0.9756151814
0.9878413486
0.9905289313
0.9906733702
0.9921882019
0.9903763717
0.9864793137
0.9791126362
0.9691213338
0.3132195723
0.969613331
0.9605867914
0.9777865475
0.9868577621
0.9861454947
0.9824905477
0.9823668575
0.9801633313
0.1091146346
0.03186950882
0.02524060435
0.02374479921
0.0237377118
0.02377205102
0.02379089685
0.02355515516
0.02506146962
0.02575623639
0.02792449823
0.03249203139
0.0549292249
0.9506041945
0.9674135301
0.9822739589
0.9846574377
0.9851152466
0.9830057325
0.9736787405
0.9003168853
0.04113119824
0.04652360596
0.9704477118
0.9726680162
0.912233856
0.03412258671
0.024043613
0.02703359548
0.04665594306
0.9835664325
0.9904327175
0.9900032774
0.9884573141
0.9872558547
0.9812816755
0.04740003159
0.02610036259
0.02355889558
0.02358531946
0.02359652876
0.02359486716
0.02359332614
0.02359537849
0.02360013042
0.02360362409
0.02360176281
0.02359944311
0.02359851572
0.02358947291
0.02502204248
0.04777300852
0.9789872183
0.981918895
0.9803377112
0.07326025887
0.02837778446
0.02362587793
0.02361743563
0.02360216167
0.02358451125
0.02356887592
0.02648837346
0.04211033976
0.9786451937
0.9881326384
0.9906338882
0.9903958281
0.9898024606
0.9895928134
0.9896698264
0.9897563467
0.9875500047
0.9792610163
0.04466096363
0.02717210906
0.02376169002
0.02379704564
0.0238682083
0.02386595289
0.02387372572
0.0238922777
0.02388064709
0.02384442639
0.02381129462
0.02376566484
0.02371104188
0.02365931522
0.0236027471
0.02894480643
0.953602072
0.9472445912
0.04580402131
0.02349330949
0.0235120399
0.02352404705
0.02353440898
0.02354204082
0.02355223966
0.02356992176
0.0235783709
0.02355462482
0.02362538566
0.02561096504
0.03124387513
0.06003516165
0.9688469218
0.9895227052
0.9927472019
0.9908054045
0.9874060666
0.9844061029
0.9813464055
0.06206738891
0.02998454261
0.02930724184
0.03759196786
0.06762086033
0.963745277
0.9850211109
0.9897634264
0.9910173654
0.9859130108
0.9540961766
0.0393506829
0.02680627817
0.02367591954
0.02365854187
0.02366147771
0.02366176962
0.02363183153
0.02359262444
0.02490394747
0.05847688457
0.978120241
0.8175448949
0.03600216617
0.05149834773
0.9663151442
0.9780714093
0.9787796164
0.9740690842
0.9787480023
0.9796886445
0.9786850109
0.9756194133
0.04290851966
0.02554946262
0.02370012361
0.02364073633
0.02360908584
0.02826993972
0.1128556803
0.986432083
0.9876941224
0.9886305315
0.9890574403
0.9869628147
0.9687540394
0.03399623159
0.02480341881
0.02359023987
0.02359672831
0.02359550043
0.02360060208
0.02360714389
0.02360891302
0.02360479932
0.02360153507
0.02359390632
0.02362355777
0.0305843883
0.9484710878
0.9854130106
0.9835435899
0.9216715761
0.03171414007
0.02370574958
0.02361403362
0.02360520222
0.02359772831
0.02358811675
0.02357695272
0.02356629309
0.02356424704
0.02669294586
0.04637225564
0.9827661093
0.9898152922
0.9900065807
0.9891280649
0.9891339156
0.9891573506
0.9891942742
0.9891887025
0.9866420307
0.978250633
0.05200956333
0.02928878938
0.02529764176
0.02377998016
0.02376712039
0.02381818722
0.02385603494
0.02382005048
0.02380174638
0.02376330499
0.0237084984
0.02365914809
0.02360398663
0.03019516795
0.9680360356
0.9590648923
0.04580312698
0.02349123518
0.02350826925
0.02351887878
0.02352875998
0.02353671221
0.02354550906
0.02355805805
0.02356784441
0.02356751807
0.02356974376
0.02357130541
0.02356729596
0.02361315376
0.02540944648
0.03251854822
0.06008111323
0.988326167
0.9877271655
0.9881534498
0.9887970919
0.987324226
0.9661944979
0.03314647951
0.02467877092
0.02371110484
0.02586987843
0.03265147209
0.09019180938
0.9836902912
0.988204541
0.9866569261
0.9875060133
0.9813956914
0.06083626642
0.02947728801
0.0247941092
0.02365624773
0.02372811972
0.02369142151
0.02583024839
0.6165404058
0.9825641471
0.05527032693
0.0256049326
0.0236495046
0.02624880297
0.03567919993
0.9467590173
0.9691755572
0.9837352926
0.9870878994
0.9809881217
0.7749518344
0.03108062515
0.02366554605
0.02368516718
0.02364748416
0.0236205724
0.0236039551
0.02371299003
0.03175385242
0.9548282075
0.9845631219
0.9889264789
0.9890123666
0.9873823549
0.9807844621
0.923375936
0.0298861395
0.02362354187
0.02359850711
0.02360538667
0.02361601313
0.02361672364
0.02360673281
0.02359703664
0.02360455684
0.02538201107
0.05929373502
0.9841669272
0.9850680505
0.9754062288
0.03943911654
0.02489134433
0.02360470482
0.02359397282
0.02359023863
0.02358868468
0.02358548174
0.02357970325
0.02357369195
0.02356988054
0.02356768867
0.02357463862
0.02752168081
0.06515102532
0.9835159927
0.9864649607
0.9876994949
0.9880080267
0.9881768809
0.9881233935
0.9878890871
0.9876114502
0.985581593
0.9760765449
0.896201505
0.04656803064
0.0327805333
0.02648821297
0.02482862253
0.02374388417
0.02375195849
0.02377562031
0.02373092878
0.02368564938
0.0236278149
0.03202283096
0.9764467777
0.9677889058
0.04580315683
0.02349055067
0.02350617709
0.02351532118
0.02352459703
0.02353315516
0.02354234504
0.02355337632
0.02356317725
0.02356826677
0.02357297705
0.02357665502
0.02357980728
0.02358898023
0.02359345851
0.02359842088
0.02293545838
0.03064950697
0.9459528791
0.9839030657
0.9887412382
0.989044053
0.9872030298
0.9799642725
0.875068316
0.02857311176
0.02366339529
0.02369022649
0.02377070922
0.02772978546
0.0437651847
0.9649823904
0.9874006243
0.9912205821
0.990585048
0.9838834032
0.924218331
0.03637007117
0.02767426007
0.02407402908
0.02904647628
0.848530774
0.9379181761
0.0333922256
0.0236563633
0.02361456408
0.02362895645
0.02582856565
0.04470977946
0.9598529843
0.9833088892
0.9884955864
0.9847604695
0.9457597306
0.02735406547
0.02367769277
0.02366518433
0.02363763499
0.02362168166
0.02360913484
0.02360016816
0.02358245765
0.02518330781
0.03859979601
0.9795202677
0.9894198734
0.9894460574
0.9877910301
0.9863633523
0.9835152764
0.06142772418
0.02699632467
0.02358825849
0.02361320497
0.02362726042
0.02360770801
0.02358383399
0.02378773326
0.0317504592
0.9604675723
0.9878342458
0.9845861804
0.8387517436
0.02801220159
0.02357838796
0.02359888151
0.02359418786
0.02358877524
0.02358650582
0.02358418816
0.02358033696
0.0235757192
0.02357178622
0.02356921295
0.02356721496
0.0235649589
0.02360133073
0.02947399909
0.9018998841
0.9795936219
0.9857048523
0.9868331586
0.9870046326
0.9864732383
0.9853402484
0.9841605064
0.9823809924
0.974090574
0.9761811038
0.9813279856
0.9686965473
0.8388587306
0.04095687199
0.0287962681
0.02532915275
0.02375073051
0.02370471712
0.02367946514
0.0359505145
0.9817524775
0.9742584512
0.04580338235
0.02349039635
0.02350515107
0.02351324784
0.02352197437
0.02353077999
0.0235401926
0.02355048421
0.02355992587
0.02356679569
0.02357260401
0.02357670319
0.02357955464
0.02358359562
0.02358506947
0.02358489161
0.02359632725
0.0235973503
0.02494342733
0.03750294657
0.9792464465
0.9896741012
0.9896693543
0.9878537675
0.9859888135
0.979464579
0.04413265841
0.0253428534
0.02371894005
0.02374895397
0.02371123306
0.02556180207
0.03402434282
0.2257370294
0.98646622
0.989029603
0.9862559758
0.9813446255
0.9765754556
0.1053332188
0.07499656527
0.9775271455
0.841287719
0.026414373
0.02363213458
0.02361452111
0.0236619459
0.03015312426
0.8892794917
0.962684754
0.9746616521
0.9807011619
0.9815791821
0.9824673949
0.06136058682
0.02378745617
0.02366263739
0.02363424275
0.02362349841
0.02361169697
0.023600746
0.02358907955
0.02357227964
0.02356421558
0.02724894079
0.07168134342
0.9848080758
0.9867747617
0.9878956864
0.9891639393
0.9886777611
0.9773238277
0.03935860821
0.02647265334
0.02362254968
0.02364539212
0.02359195737
0.02697444721
0.1130594005
0.9871671584
0.9890126743
0.9768900303
0.03405264213
0.02439400811
0.02357536673
0.02359040455
0.02359138113
0.02358922594
0.02358683121
0.02358431035
0.02358093857
0.02357692324
0.02357293365
0.02356935708
0.02356618073
0.02356383298
0.02356267672
0.02355363977
0.02466048618
0.03278295252
0.9529110613
0.981510435
0.9865284137
0.9862811588
0.9845947879
0.9825303694
0.9788216077
0.9680790115
0.9378630922
0.9652053263
0.9846136186
0.9841850074
0.982714787
0.9784984847
0.9351688621
0.04976556975
0.03558238472
0.03023569324
0.04600603886
0.9861412075
0.9789825179
0.04580366376
0.02349050523
0.02350480743
0.02351219617
0.02352046612
0.0235292403
0.02353861903
0.02354845044
0.02355764264
0.02356523536
0.0235716758
0.02357653808
0.02358017449
0.02358378208
0.02358632074
0.02358988779
0.0236007831
0.02360727518
0.02359033691
0.02357843853
0.02727371811
0.07940655933
0.9858457491
0.9875064472
0.9883074112
0.9887027813
0.9865032317
0.9550705962
0.03073251071
0.0237561304
0.02377374034
0.02377982762
0.02375243655
0.02392564556
0.02896111785
0.05171512701
0.9744960809
0.9805595335
0.9835539572
0.9868820921
0.9865375045
0.9849094187
0.08053577579
0.02538579893
0.0236538182
0.02362722156
0.02642009354
0.05251264912
0.9747466825
0.9702455873
0.9647401018
0.9388355655
0.9003877075
0.9843575617
0.9906794532
0.06395559016
0.02376316405
0.02363676336
0.023623069
0.02360808811
0.0235939834
0.02358288089
0.02357105259
0.02356379568
0.02356391353
0.02361889397
0.03053315327
0.9386265155
0.9820756472
0.9878176098
0.9886830587
0.9876554029
0.9825847732
0.9699718616
0.04245812406
0.02782547618
0.02507238318
0.03267301584
0.9737226808
0.9883904938
0.9880604716
0.1496703148
0.02699377471
0.02356490547
0.0235882491
0.02359638816
0.02359470475
0.02359216775
0.02358920797
0.02358602687
0.02358250722
0.02357873678
0.02357504276
0.02357173369
0.02356907979
0.02356757577
0.02356736916
0.02356421834
0.02355446347
0.0235475255
0.02546157063
0.0361148964
0.9707325858
0.9859102294
0.9863111381
0.9839600393
0.9816990603
0.9763564943
0.9646891444
0.8928315831
0.04689194528
0.05507555765
0.9526117558
0.9785119056
0.980280527
0.979455121
0.9755345019
0.9202975016
0.9456317948
0.9852592985
0.9820183491
0.04580397589
0.02349076663
0.02350490214
0.02351180375
0.02351970491
0.02352832262
0.02353755384
0.02354709298
0.02355619227
0.02356424221
0.02357129444
0.02357711667
0.02358199444
0.02358665365
0.02359110106
0.02359691424
0.0236061862
0.02361161041
0.02360442847
0.02359857648
0.02359856445
0.02366072914
0.03146914254
0.9571213055
0.9850770818
0.9893110198
0.9895762109
0.9879379319
0.9853063967
0.08010226267
0.02777812515
0.02372179302
0.02377914009
0.02381322909
0.02376744305
0.02372746978
0.02657446899
0.03790538626
0.9675649483
0.9828238703
0.9875668946
0.9832861983
0.08906734178
0.02728785357
0.02363782688
0.02515871159
0.0335872055
0.9654814579
0.9835980455
0.9772691837
0.9534918015
0.03845250173
0.02769445795
0.04192814408
0.9892746269
0.9916550166
0.05988443696
0.02470714232
0.02359520821
0.02358956526
0.02357757134
0.023570751
0.0235631876
0.02355798511
0.02355672196
0.02355895467
0.02355462809
0.02491426997
0.03531329679
0.9733193791
0.9879390475
0.987660591
0.9839007905
0.9832159658
0.980357488
0.9705835662
0.04783930743
0.903740422
0.9804181596
0.9877172321
0.9667416656
0.03329939692
0.023750252
0.02358027056
0.02359232553
0.02359891095
0.02359769235
0.02359484942
0.02359163705
0.02358820223
0.02358461596
0.02358103121
0.02357767226
0.02357477641
0.02357259035
0.02357136322
0.0235707932
0.02356847869
0.02356317987
0.02356093951
0.02356161263
0.02356082473
0.0263605976
0.0484677504
0.9789134325
0.9835125238
0.9842815618
0.9823902835
0.9806799098
0.9792476058
0.9746960672
0.04450770823
0.02970339884
0.0293335495
0.04086204905
0.9300601375
0.9577638176
0.9391881676
0.9580005092
0.9811736797
0.976548102
0.04580430659
0.02349111481
0.02350526795
0.0235118242
0.02351943669
0.02352787537
0.02353695086
0.0235463234
0.02355544549
0.02356388247
0.02357154255
0.0235782974
0.02358435622
0.02359016976
0.02359595938
0.02360254189
0.02361014611
0.02361437335
0.0236115083
0.02360839972
0.02360869864
0.02361203628
0.0236004632
0.0253027741
0.0400284285
0.9810910183
0.9900454738
0.9903147465
0.9903435753
0.9901429402
0.9818198632
0.04323180251
0.02675608154
0.02374176544
0.02379279528
0.02376674156
0.02375473277
0.0303040748
0.1350021919
0.9718232406
0.9792573583
0.9784407847
0.9682497101
0.9339694604
0.03228303626
0.03223591151
0.9230629164
0.9792452525
0.9844314853
0.9694232501
0.03677205142
0.02644017291
0.02357690797
0.02358144214
0.03708537147
0.9889809854
0.9892780269
0.880648248
0.02513585403
0.02357591007
0.02356131778
0.02355910616
0.02355550213
0.02355371685
0.02355423425
0.02355706184
0.02355828668
0.0235522687
0.02355182278
0.02649047816
0.05856054308
0.9836812507
0.9807544408
0.9778290507
0.9789304146
0.9803878038
0.9780876731
0.9750258365
0.9823904761
0.9854903094
0.08502253229
0.0258394438
0.02359995464
0.02359260563
0.02359612779
0.023599905
0.02359949159
0.02359706424
0.02359387953
0.02359041724
0.02358687565
0.02358344569
0.02358031896
0.02357766582
0.02357562656
0.02357423388
0.02357306795
0.02357080284
0.0235670948
0.02356485762
0.02356481734
0.02356596431
0.02356741018
0.02358449533
0.02917945106
0.931766654
0.9827790286
0.9848264473
0.9831258345
0.9819609085
0.982650937
0.9819141462
0.9687164211
0.03887005214
0.02703733982
0.02973937412
0.04331361947
0.918847137
0.963322208
0.9770995841
0.9623695844
0.04580463974
0.0234914998
0.0235057824
0.02351209041
0.02351948967
0.02352778089
0.02353674254
0.02354604273
0.02355525327
0.02356403159
0.02357223343
0.02357976821
0.02358676232
0.02359346541
0.02360003534
0.0236067738
0.02361331418
0.02361717806
0.02361697921
0.02361626447
0.02361703124
0.02361935459
0.02361781392
0.02360387149
0.02358959673
0.02745981511
0.0757029399
0.9849890029
0.9878103412
0.9893927406
0.9888931076
0.9847582007
0.9731421822
0.04303444336
0.02763157782
0.02373254465
0.02521592811
0.03503055322
0.9769812398
0.9655374117
0.9282794994
0.9163223583
0.9051002913
0.9223480217
0.8994467807
0.9264642285
0.970385923
0.9805448488
0.9788654227
0.05382123261
0.02699732065
0.02357913743
0.02357486541
0.02357005226
0.02357782038
0.03608865339
0.9865101806
0.9887192807
0.08595808999
0.02554724235
0.02354582922
0.02354847861
0.02354743938
0.02354922745
0.02355208753
0.02355597902
0.02356000094
0.02356319113
0.0235733888
0.02359809527
0.02367100689
0.03362133302
0.9694588729
0.9791673303
0.9832573532
0.9861682279
0.9874954435
0.9861206626
0.9849628509
0.9664301173
0.0345119674
0.02371977593
0.02362367384
0.02361057777
0.02360582353
0.02360416191
0.02360210882
0.02359931862
0.02359601687
0.02359251217
0.02358901157
0.02358568592
0.02358268584
0.02358012354
0.02357805524
0.02357641157
0.02357483892
0.023572654
0.02356988468
0.02356799259
0.02356744913
0.02356828142
0.02357127989
0.02357626688
0.02356982427
0.02515928082
0.04075303957
0.9744226677
0.9823123536
0.9822150497
0.9786176796
0.9782132824
0.9803129718
0.9767282457
0.9638676107
0.04943122558
0.8935998173
0.9367470517
0.966688452
0.9743461277
0.9292445012
0.0458049557
0.02349187965
0.02350635162
0.02351248611
0.02351974594
0.02352794718
0.02353685461
0.02354615003
0.02355547525
0.02356453693
0.02357316975
0.02358128804
0.02358894469
0.02359623318
0.02360319189
0.02360985372
0.02361576323
0.02361957182
0.02362085212
0.02362141268
0.023622177
0.02362276325
0.02361986134
0.02361085064
0.02360309597
0.02359845077
0.02364480883
0.03040334475
0.9529311029
0.9863687379
0.9874098646
0.9846710352
0.9842708245
0.9820455497
0.9748150731
0.04866612437
0.0344397163
0.9010470708
0.9754219881
0.9553289537
0.03238656527
0.03651427009
0.8635892039
0.9496154404
0.963900222
0.9706145242
0.9778633677
0.9749738688
0.8173704241
0.02963821701
0.02362794698
0.02358669242
0.02358003161
0.0235786506
0.02358266947
0.02358343508
0.03474442327
0.9866315813
0.9874292002
0.9246108337
0.02589987634
0.02353418958
0.02353768713
0.02354412961
0.02354935111
0.0235538831
0.02355901345
0.02356611207
0.02357843914
0.02360025588
0.02364110907
0.02966392205
0.07965659151
0.9810526173
0.9872904361
0.9900987041
0.9912165393
0.9889076428
0.9831444752
0.06483176867
0.0260824119
0.02364120662
0.02363052121
0.02361608128
0.023610978
0.0236074694
0.02360430696
0.02360110305
0.02359770821
0.02359421541
0.02359077701
0.02358753699
0.02358461366
0.02358208065
0.02357995437
0.02357814694
0.02357642659
0.02357448263
0.0235724955
0.02357129641
0.02357135934
0.02357297141
0.02357677134
0.02358223798
0.02358419583
0.02357645285
0.02357858809
0.02833398334
0.9006599666
0.9812318477
0.9796917352
0.9712746574
0.9718987077
0.9751370936
0.9786779334
0.9770571924
0.9640311682
0.938130736
0.9486037103
0.958751559
0.1653004007
0.04580523381
0.02349221833
0.02350690207
0.0235129291
0.02352012508
0.02352830692
0.02353722374
0.02354656076
0.02355599968
0.02356527255
0.02357420461
0.02358270833
0.02359078535
0.02359840161
0.02360548736
0.02361196978
0.02361745507
0.02362119977
0.02362316182
0.02362421457
0.02362472162
0.0236243311
0.02362083079
0.02361368419
0.02360689738
0.02360437998
0.02360438123
0.0235922074
0.02524078459
0.04568388572
0.9806279085
0.9791188003
0.9753665656
0.9769842613
0.9806584258
0.9805462769
0.974378518
0.9581725941
0.9731308908
0.0474536503
0.03164702197
0.03748324982
0.9535933335
0.9773521658
0.982584654
0.9825038385
0.979035931
0.9570812958
0.03406711668
0.02474375458
0.02359963793
0.02358557316
0.02358276414
0.02358504713
0.0235899179
0.02359128983
0.02358292854
0.03383536934
0.982909793
0.9843465623
0.6320622666
0.02641346618
0.02352934228
0.02354090023
0.02354746086
0.02355115039
0.02355485745
0.02355965007
0.0235666602
0.02357512161
0.02623344223
0.04251607747
0.9774305619
0.9809430374
0.9865155856
0.9892886905
0.99065789
0.9893403644
0.9785355101
0.03432074325
0.02367425052
0.02365533533
0.02364192399
0.02362498632
0.0236163915
0.023610889
0.02360647017
0.02360260861
0.0235989691
0.02359543867
0.02359204901
0.02358888256
0.02358602358
0.02358351974
0.02358137842
0.0235795282
0.02357784977
0.02357622472
0.02357488585
0.0235743277
0.02357501796
0.02357717556
0.02358129345
0.02358613803
0.02358886054
0.02358703335
0.02359256245
0.02359354148
0.02503803944
0.04304754681
0.9771556175
0.9717394113
0.9710665956
0.9766054529
0.9814647878
0.9849233099
0.9840837365
0.9714906049
0.9632246405
0.9500659835
0.1021813782
0.04580545435
0.02349248524
0.02350737645
0.02351336255
0.02352057593
0.0235288187
0.02353780866
0.02354721703
0.02355674992
0.0235661507
0.02357524171
0.02358394677
0.02359224942
0.02359999393
0.02360702634
0.02361327851
0.02361842151
0.02362199335
0.02362417285
0.02362534105
0.02362571506
0.02362537731
0.0236223398
0.02361729684
0.02361214565
0.02361040601
0.02361077544
0.02361156051
0.02360618238
0.02362214783
0.03157720298
0.9477589996
0.9617512927
0.9654760926
0.9730273335
0.9797140138
0.9825851591
0.9747818448
0.9421725422
0.04197947297
0.03840077346
0.9516046927
0.9699406866
0.9829719746
0.9881420706
0.9860836798
0.9741050124
0.04029011371
0.02605540324
0.02359602437
0.02361219485
0.02359952195
0.0235945588
0.02359622949
0.02360019496
0.02360202762
0.02360038364
0.02359162091
0.03352625053
0.9822243806
0.983824508
0.9126138397
0.02626479261
0.02353676247
0.02354798178
0.02355029822
0.02354983221
0.02354952328
0.02355002579
0.0252004342
0.03378734133
0.9553445775
0.9764607245
0.9757020184
0.9789429082
0.9817119178
0.9831383173
0.9840266512
0.984857356
0.06597755328
0.02369383181
0.02363409661
0.02363241674
0.02362429759
0.0236173536
0.02361180292
0.02360714847
0.02360311929
0.02359944626
0.0235959762
0.02359268836
0.02358962569
0.0235868564
0.02358441671
0.02358232742
0.02358053703
0.02357901692
0.02357771977
0.02357689717
0.0235767961
0.02357791105
0.02358021174
0.02358450872
0.02358924316
0.02359354301
0.02359355798
0.02359765086
0.02361347328
0.02362534142
0.02365437766
0.03842861424
0.9596360956
0.9731978788
0.9804288208
0.9847603908
0.9877024828
0.9882341533
0.9831961657
0.9721212693
0.1185048083
0.203483229
0.04580559977
0.02349265542
0.0235077322
0.0235137509
0.02352107278
0.02352946872
0.02353859604
0.0235480903
0.02355768291
0.02356711756
0.02357621955
0.02358495728
0.02359334247
0.02360105929
0.02360789459
0.02361390342
0.02361875062
0.02362200769
0.02362412007
0.02362514769
0.02362545096
0.02362597755
0.02362367395
0.02362049049
0.02361654936
0.02361621477
0.02361649895
0.02362154381
0.02361849936
0.02365057492
0.02365863588
0.03308934424
0.9150424277
0.9621993038
0.9734983161
0.9791275613
0.9812659986
0.97526066
0.9531318547
0.07114199892
0.9633767572
0.9594339456
0.9659523687
0.975834534
0.9832792361
0.9841068903
0.08321954279
0.02734140875
0.02361007843
0.02361222986
0.02362108364
0.02361472239
0.02361027522
0.02361033754
0.02361237081
0.02361342261
0.0236120353
0.02360855745
0.02359453952
0.03237493553
0.9783220351
0.9799946464
0.870764499
0.02682444567
0.02355343597
0.02355631016
0.02354978643
0.02354251765
0.02489146348
0.03128135038
0.9063574783
0.972098187
0.9778788276
0.970602786
0.9725507903
0.9704283893
0.949918439
0.9430617828
0.9797017238
0.9818133683
0.03192425967
0.02360865141
0.02362169407
0.02361910517
0.02361504527
0.02361049572
0.02360620503
0.02360244181
0.02359900148
0.02359573631
0.02359262994
0.02358971775
0.02358707812
0.02358474474
0.02358277322
0.02358111514
0.02357982479
0.02357884013
0.02357845592
0.02357860587
0.02357997297
0.02358191032
0.02358594188
0.02358984105
0.02359605887
0.02359475476
0.02358938683
0.02360231126
0.02360490184
0.02670089276
0.03818973392
0.9471609275
0.9705982609
0.97996113
0.9838303474
0.9864585795
0.987105598
0.9839776549
0.977858532
0.122487673
0.953236879
0.04580565543
0.02349271051
0.02350794224
0.02351407848
0.02352161342
0.02353027256
0.02353960333
0.02354917948
0.02355878392
0.02356814376
0.02357709346
0.02358570665
0.0235940915
0.02360164227
0.02360811841
0.02361390655
0.02361854843
0.02362136401
0.0236232061
0.0236237293
0.02362374219
0.02362573748
0.02362367844
0.02362168196
0.02361693619
0.02361832416
0.02361442318
0.02362100068
0.02361848682
0.02379080041
0.02892942282
0.0445721927
0.9515289541
0.9643658929
0.9741845135
0.977192832
0.9769693193
0.968739615
0.9534857528
0.9639314905
0.9706257816
0.9636449191
0.9595149458
0.9615428029
0.9626469819
0.9758877376
0.9730305942
0.02815836266
0.02360952888
0.02360673621
0.02362072049
0.02362365148
0.02362401776
0.0236241111
0.02362439487
0.02362440924
0.02362258942
0.02361826173
0.02361342175
0.02359586808
0.03189929413
0.9758377313
0.9793404599
0.9214592254
0.02744598508
0.02358753248
0.02356116194
0.02488038006
0.03075535753
0.8620987642
0.9715967409
0.979729954
0.9806829526
0.9730204817
0.9652818843
0.9511282238
0.9578521534
0.03602508423
0.9470835879
0.9835618127
0.9620858037
0.0257534234
0.02359957065
0.02360759246
0.02360888918
0.02360662846
0.02360340264
0.02360041043
0.02359753471
0.02359466551
0.02359184778
0.02358914204
0.02358667594
0.0235844819
0.02358268199
0.02358119976
0.0235802027
0.02357950392
0.02357962028
0.0235799181
0.02358152277
0.02358279258
0.02358653632
0.02358719021
0.02359508707
0.02359399684
0.02358660376
0.02364283276
0.02746648924
0.03883073802
0.9518277908
0.9622607724
0.9642141163
0.9733046342
0.9770973178
0.9799708476
0.9808358286
0.9777860918
0.975348646
0.9676602692
0.1585785717
0.04580561031
0.02349264122
0.02350799894
0.02351435078
0.02352221728
0.02353127627
0.02354087922
0.02355050674
0.02356006237
0.02356921203
0.02357781531
0.02358616174
0.02359455321
0.02360177473
0.02360764309
0.02361326013
0.02361783766
0.02362020408
0.02362184532
0.02362104386
0.02362010692
0.02362434231
0.02361985212
0.02361833865
0.02360648508
0.02360367947
0.02359123887
0.02360927631
0.02518967882
0.03226913569
0.09064582949
0.975550947
0.9714401174
0.9678451891
0.9728474335
0.9748811003
0.9754820687
0.973759812
0.9724696842
0.9743469748
0.9757490236
0.9686967135
0.9613519136
0.9540750237
0.04394905926
0.938842348
0.9827117357
0.05309815387
0.02359818005
0.02359776816
0.02361988715
0.02363103024
0.02363544915
0.02363588306
0.02363420838
0.02363326197
0.0236311513
0.02362546867
0.02362117764
0.02361543276
0.02360028102
0.03101668982
0.971503514
0.9768360884
0.9370071774
0.03017383097
0.02529769937
0.03119574914
0.8719917025
0.9739898157
0.9832908021
0.9857129287
0.9852462986
0.9787104363
0.8369109534
0.04148269548
0.977608865
0.07365368464
0.0312499081
0.9835561132
0.9888975065
0.06510734092
0.02365482983
0.02360600512
0.02360571155
0.02360248579
0.0235993776
0.02359721885
0.02359512417
0.0235928124
0.02359038577
0.02358792982
0.02358566924
0.02358362108
0.02358203268
0.0235807123
0.02358009886
0.02357963846
0.02358035763
0.02358084815
0.0235830259
0.02358210806
0.02358675236
0.023579036
0.02358169896
0.02356634086
0.02461688304
0.0298144476
0.05896880632
0.9715007537
0.9721307152
0.9658635402
0.9537824403
0.9594227021
0.960974953
0.9625828335
0.9641922883
0.9648367913
0.9687435372
0.9693615267
0.8638140572
0.04580545781
0.02349245231
0.02350792307
0.02351459962
0.02352292421
0.02353255624
0.02354249548
0.0235521083
0.02356156104
0.02357030731
0.02357829393
0.02358627991
0.02359488115
0.02360147747
0.02360629452
0.02361191241
0.02361646042
0.02361825145
0.02362094208
0.02361783522
0.02361317281
0.02362229367
0.02360948009
0.02360358016
0.02358339314
0.02359541099
0.02495331772
0.02936716803
0.04719269325
0.9399687598
0.9818086382
0.9828584527
0.975024099
0.9675910913
0.9707739645
0.97329826
0.9762662801
0.9795164557
0.9819313149
0.9813774304
0.9780939855
0.9665346689
0.931570341
0.0361767602
0.02761664368
0.0306251139
0.9839506522
0.9819964018
0.02863955138
0.02357446827
0.02361392345
0.02363327673
0.02364224228
0.02364379774
0.02363946335
0.02363691717
0.02363505085
0.02362972201
0.02362777381
0.02362333206
0.02362942445
0.02361836383
0.03128848582
0.9676027631
0.9703077421
0.9621265932
0.04812124564
0.9241051929
0.9734574661
0.983792266
0.9869264623
0.9861702568
0.982387741
0.08007322736
0.03130864185
0.02529029189
0.04812417606
0.9787037504
0.02967508749
0.0463675285
0.9878014949
0.9869573353
0.03455037767
0.02359622209
0.02359865609
0.0235945068
0.02359246093
0.0235923266
0.0235916932
0.02359024754
0.02358835098
0.02358616877
0.0235841288
0.02358216923
0.02358084181
0.02357959877
0.02357943296
0.02357927485
0.02358100782
0.02358117263
0.02358681528
0.02358269858
0.02359005921
0.02358190479
0.02379245437
0.02699581292
0.03457790528
0.8506243123
0.9787521459
0.9824700619
0.9767219594
0.9637052566
0.9540927164
0.9505491709
0.940446914
0.9305097861
0.9232890756
0.9404106961
0.9662699658
0.9759111713
0.9455402215
0.04580519733
0.02349217262
0.02350778013
0.02351489281
0.02352379801
0.0235342251
0.02354451361
0.02355399034
0.0235633977
0.02357145638
0.02357831985
0.02358592479
0.02359549679
0.02360088527
0.02360358643
0.02360983098
0.02361441562
0.02361404912
0.02361989719
0.02361628928
0.02360297122
0.02361497825
0.02359109466
0.02361583841
0.0251274952
0.02964713082
0.04744338036
0.9318763418
0.9787742679
0.9838745232
0.9828918737
0.9812259242
0.9725903336
0.9714255686
0.9729708252
0.9742175889
0.9769980781
0.9805681009
0.9832114266
0.9821995984
0.9706479901
0.8856187548
0.03363757456
0.02595954904
0.02362569962
0.02367164182
0.06664011728
0.9862034335
0.9189524738
0.02485068835
0.02360352955
0.0236302547
0.02364441696
0.0236481119
0.02364430915
0.02363863596
0.02363565542
0.02362676443
0.02363079007
0.0236266928
0.0236385151
0.02364739067
0.02466916556
0.04247816213
0.9652822902
0.974030148
0.9790743261
0.980253222
0.9836290072
0.9868390833
0.9862393091
0.9806927395
0.0527640556
0.02887836131
0.02372269371
0.0236319102
0.02551864809
0.9189654196
0.8582370037
0.02698820461
0.9187022615
0.9858600544
0.9770201487
0.02710670235
0.02357593315
0.02357979945
0.02358262774
0.02358656704
0.02358799485
0.02358748297
0.02358608939
0.02358405019
0.0235822017
0.02358015192
0.02357903943
0.02357771258
0.02357794209
0.02357703681
0.02358095032
0.02357723999
0.02358282624
0.02357506475
0.02362703493
0.02548398726
0.0335696392
0.1225277053
0.976006274
0.9807985345
0.9833212501
0.9829073841
0.9744007426
0.9664156125
0.9627236798
0.9595032104
0.9553016062
0.9409329256
0.9094480865
0.8745203417
0.9542994202
0.9791924257
0.9663740999
0.04580483729
0.02349187618
0.02350771162
0.02351534233
0.02352493663
0.02353647882
0.0235469217
0.02355596076
0.02356577575
0.02357293904
0.02357761977
0.02358454578
0.02359708238
0.02360070904
0.02359876423
0.0236057227
0.02361131429
0.0236044668
0.02360940574
0.02360167041
0.02359852472
0.02376839765
0.0257230351
0.03145420121
0.05664367207
0.949285461
0.9807201726
0.9852247383
0.9847978561
0.9859267588
0.9840464686
0.9809571962
0.9767501333
0.9775396935
0.9785668311
0.9807495783
0.9784739945
0.9768871021
0.9738661119
0.969237272
0.8924686647
0.03072320701
0.02533181331
0.02359531324
0.02361114574
0.02360309991
0.02717504149
0.9752555689
0.982202573
0.03721382652
0.02359941776
0.02362910829
0.02364478827
0.02364710086
0.02364227685
0.02363317079
0.02361520323
0.02362114973
0.02362149344
0.02361439794
0.02370798949
0.02661313797
0.0377654373
0.9999996802
0.9812622432
0.9845167378
0.986778602
0.9873588387
0.987146785
0.9863837416
0.9808098734
0.0503471914
0.02780054978
0.02364515552
0.02362807967
0.02361985809
0.023593881
0.03203763135
0.9663437551
0.0369397452
0.02673457122
0.973821321
0.9899558086
0.3768449427
0.02396777902
0.02357210023
0.02357700372
0.02358373727
0.02358582403
0.02358531911
0.02358404313
0.023581791
0.02357999767
0.02357761555
0.02357661636
0.02357409679
0.02357551254
0.02357050722
0.0235736554
0.02356645024
0.02359639642
0.0251460403
0.03117832739
0.06424313676
0.9664964506
0.9864482562
0.988634258
0.9871488868
0.9859916899
0.9840354772
0.9795904615
0.9780515528
0.9740826998
0.9708992495
0.9735703494
0.9768165134
0.965745115
0.9334011091
0.906864113
0.9781425004
0.9721269811
0.04580441348
0.02349171499
0.02350801032
0.02351611037
0.02352644879
0.02353975717
0.02354963932
0.02355728001
0.02356864091
0.0235754196
0.02357670507
0.02358101561
0.02359898009
0.02360085393
0.02359128954
0.02359446073
0.02359174124
0.02358163455
0.02360997418
0.02473863989
0.02648791107
0.03925811497
0.1283113039
0.9673153043
0.9844724522
0.9871701293
0.9864825969
0.9876952388
0.9864517028
0.98601161
0.9851485418
0.9835739169
0.9833111042
0.9816573574
0.9808361918
0.9839678957
0.9845651626
0.9628011302
0.7276255267
0.9032216653
0.8993519735
0.02750425678
0.02356560494
0.02359098614
0.0235997134
0.02358864863
0.02356097749
0.03502561931
0.98169571
0.978782244
0.02789449704
0.02362878878
0.02364653951
0.02364087525
0.02363208303
0.02361457541
0.02361204186
0.02359732848
0.02364827241
0.02561317456
0.03327513269
0.0880470738
0.9721977642
0.985289535
0.9875040629
0.9880893197
0.989178325
0.988974915
0.986594005
0.9811553615
0.05211478451
0.02784166838
0.02365038075
0.02364476607
0.02363391586
0.02361695404
0.02359796368
0.02449356007
0.7442603026
0.9681225906
0.02671531971
0.03527446535
0.9900448504
0.9907092122
0.03912628601
0.02357462887
0.02357539257
0.02358372558
0.02358474601
0.02358342467
0.02358209903
0.02357942976
0.0235777164
0.0235739561
0.02357405205
0.02356737014
0.02356749857
0.0235594028
0.02357889192
0.02496187163
0.03013436477
0.05459186402
0.959149388
0.9851549853
0.9886986926
0.9885515506
0.9892835779
0.9875439417
0.9876988943
0.9850643375
0.9815996364
0.9818499769
0.9794029386
0.9449251991
0.8683527763
0.4016857557
0.05600759559
0.03734552864
0.05120415724
0.978357893
0.9702092627
0.0458041949
0.02349195065
0.02350923814
0.02351752039
0.02352831293
0.0235449134
0.02355292003
0.02355653322
0.02357066232
0.0235781192
0.02357713672
0.02357684529
0.02359518969
0.02358533508
0.02357948003
0.02362445595
0.02495727507
0.02631533115
0.03254164416
0.05300486095
0.9208506851
0.9697109821
0.9886992436
0.9892264087
0.9878789698
0.988693755
0.9875314719
0.9876308233
0.9871711219
0.9878445881
0.9859306688
0.98356383
0.9842949078
0.9836623822
0.9574716684
0.9211350855
0.0741534441
0.03843051353
0.02776634678
0.03430714155
0.9527675221
0.03453347834
0.02357852305
0.02359474365
0.02359784038
0.02358870473
0.02356609934
0.0246174113
0.882369336
0.986961404
0.08763077484
0.02369240472
0.02365356234
0.0236349876
0.02361408652
0.0235937629
0.02363819237
0.02547784288
0.03213329294
0.07007949794
0.965613585
0.9860313231
0.9875851203
0.9857445524
0.986029359
0.9863015768
0.9876213023
0.9845695048
0.976024563
0.04831104428
0.02782127024
0.02366696957
0.02366268952
0.02365388467
0.02363285309
0.02361017469
0.0235920792
0.02357829819
0.02956310233
0.98146207
0.06043374513
0.02371936668
0.08644782064
0.9899382801
0.9780575459
0.02768615064
0.02356107465
0.02358001777
0.02358181363
0.02358084692
0.02358028671
0.02357640682
0.02357620664
0.02356862428
0.02356782412
0.02355829446
0.02357138746
0.02484574639
0.02937931578
0.04904615918
0.9507617346
0.9836728118
0.988133517
0.9885537271
0.9900121979
0.9892361677
0.989447945
0.9874660176
0.9878006557
0.9858997224
0.953390585
0.8317355899
0.04886365476
0.03340886712
0.02707759126
0.02587481244
0.02517395601
0.02443441944
0.03682221083
0.982651432
0.9727585818
0.04580604841
0.02349315537
0.02351218295
0.02352031011
0.02353056624
0.02355225024
0.02355647944
0.02355259588
0.02356584044
0.02356602347
0.02356536955
0.02358372389
0.0237408678
0.02504728841
0.02643566048
0.03328588963
0.0642283153
0.8940852841
0.9689367142
0.9853577252
0.9871903459
0.9866991023
0.988086601
0.9889703012
0.9875815032
0.9874935573
0.9870828902
0.9881598913
0.9869594102
0.9878838448
0.9867915517
0.9617403856
0.8924389111
0.0544732616
0.03483430696
0.02666890027
0.02518278676
0.02379310972
0.02364248818
0.02630254534
0.9545798003
0.8231783364
0.0247728918
0.02359583326
0.02359556892
0.02359112416
0.02357894157
0.02356012327
0.02793705664
0.9802842538
0.9850724832
0.03227469488
0.02365003232
0.02363012056
0.0236710952
0.02552373464
0.03203586115
0.0683247121
0.9647220388
0.9857123634
0.988104841
0.9873882396
0.9873319136
0.9848267723
0.9815391053
0.978966746
0.9773349413
0.9505199782
0.03666732157
0.02680869863
0.02366983214
0.02367453608
0.02367051128
0.0236496011
0.02362326481
0.02360058479
0.02358368452
0.02357424165
0.02362216957
0.07861059248
0.9832432514
0.02931230389
0.02637397387
0.9726166589
0.9858177286
0.9391997853
0.02509222025
0.02357845121
0.02358085231
0.02357939295
0.02358091019
0.02357276788
0.02357184227
0.02356212364
0.02357737029
0.02492440226
0.02914177095
0.04612823508
0.9406182338
0.9819758567
0.9873744475
0.9881509595
0.9899310325
0.9895229228
0.9900628704
0.988433554
0.988004983
0.9839392969
0.9602110427
0.07295769152
0.03480871282
0.02613646269
0.02489524203
0.02375615852
0.02373433307
0.02372355732
0.02372285378
0.0237249767
0.03248822478
0.9775448655
0.968396258
0.04582060986
0.02349757636
0.02351724736
0.02352461189
0.02353455987
0.02356255255
0.02354634676
0.02354775574
0.02361346525
0.02469778318
0.02578700187
0.0295496581
0.04580535836
0.1248990557
0.9541197169
0.9721014089
0.9870131282
0.9904033719
0.9896466696
0.9887803125
0.9892641201
0.9882310246
0.9877658441
0.9866369196
0.9857447352
0.9865655016
0.9849717222
0.9858695327
0.9823320835
0.9590720938
0.08575425816
0.03674715488
0.026308713
0.0248187945
0.02362885824
0.02359686363
0.02359977047
0.02360423501
0.02361756463
0.02363775191
0.06121151309
0.9814694312
0.03002774622
0.02360770654
0.02359862808
0.0235881917
0.02357441058
0.02358049196
0.02368839904
0.05218094443
0.983185154
0.9656140081
0.02691995003
0.02620110477
0.03316881727
0.07470984147
0.9654754904
0.985771102
0.9883693113
0.9880697803
0.988716891
0.9872610876
0.9847487852
0.9828170131
0.9783015034
0.928457971
0.9749734389
0.04672894033
0.02509104691
0.02365689954
0.02367147169
0.02367777661
0.02366476537
0.02363837821
0.02361295894
0.02359341767
0.02357978288
0.02357206858
0.02357220791
0.0273768125
0.9786013913
0.5889681417
0.02428797497
0.03247374494
0.9850945782
0.9880806659
0.05141059516
0.0236255979
0.02359629624
0.02358455706
0.02358187951
0.02356803972
0.02358383164
0.02500419774
0.0295347124
0.04825060328
0.9393924316
0.9805173166
0.9865432249
0.9876240694
0.9896941995
0.9895355417
0.9903013895
0.9889605423
0.9887112146
0.9848663753
0.9583714858
0.05621964597
0.03086276393
0.02550877821
0.0237976091
0.02377009696
0.02379020049
0.02377936493
0.02379575972
0.02378423062
0.02373552938
0.02366760221
0.03032867209
0.9694874056
0.9605514465
0.04593088565
0.0235181112
0.02351915836
0.0235223898
0.02355655315
0.02338033549
0.02515487101
0.02690979655
0.03740482142
0.07113063299
0.9416880809
0.968032019
0.9847314148
0.9914299681
0.9911599599
0.9899323344
0.9905625939
0.9911658198
0.9908185902
0.9898512864
0.9887670007
0.9875485875
0.9861355039
0.9834927079
0.9807441499
0.98125773
0.9756351091
0.9401678178
0.04903607951
0.03024986511
0.02542044605
0.02373543539
0.0235787589
0.02356141964
0.02356056544
0.02357319084
0.02359299832
0.0236017827
0.02360930269
0.02362595955
0.02975751071
0.9799364898
0.07664746361
0.02370837315
0.02363644797
0.02369082977
0.02486568836
0.02575157639
0.02887235723
0.0412701048
0.9743246828
0.9795983572
0.1805708069
0.1697989465
0.9726357314
0.9862944688
0.9884639971
0.9881863988
0.9890851857
0.9878002499
0.985997433
0.9834155111
0.9726791564
0.886687782
0.045924676
0.03134387687
0.06045977284
0.07694344638
0.02392849425
0.02371457777
0.02367951457
0.0236751533
0.02365623829
0.0236284876
0.02360536287
0.02359013251
0.02358154654
0.0235784243
0.02357935509
0.02357331839
0.04034350664
0.9734821124
0.03116446078
0.0236689527
0.05291900636
0.9875561939
0.9853719315
0.03522083866
0.02360312164
0.02359005362
0.02360523277
0.02507795055
0.02972420737
0.04955627269
0.9440033369
0.9814970357
0.9863436999
0.9868358708
0.9891863347
0.9893560707
0.9904088382
0.9893500325
0.9893533551
0.9861524799
0.9640199337
0.06051358058
0.0309584834
0.02529402523
0.02377855425
0.023804457
0.02381990503
0.02385316073
0.02387497751
0.02384301201
0.02381308685
0.0237819441
0.02372392742
0.0236432146
0.02903084397
0.9561081875
0.9487690984
0.04626586873
0.02360123655
0.02449081042
0.02571701865
0.0297614266
0.05281418575
0.1145601535
0.9747605388
0.9821644402
0.9908564451
0.9914499214
0.9908801108
0.991723341
0.9925039142
0.9929968622
0.9924092435
0.9921007813
0.991549805
0.9909159378
0.9901842703
0.9889276493
0.9869580711
0.9839042407
0.9774271384
0.9622067213
0.9451402634
0.1012922052
0.04909528917
0.03777223355
0.03430797376
0.03308629968
0.03260748721
0.03234827916
0.03215849892
0.03201822487
0.03194476216
0.03199107425
0.03225490259
0.03306292644
0.03593389793
0.04119267331
0.9119710067
0.9395007844
0.03469086107
0.03426180564
0.04481469514
0.06775881284
0.8541323569
0.896762033
0.9659123993
0.9776749195
0.9830093882
0.9846648424
0.990122782
0.9894004277
0.9878223563
0.9887387743
0.9877458293
0.986494801
0.983957985
0.9719119182
0.8448755367
0.03882945891
0.0275239643
0.02489192725
0.02368459896
0.03901789728
0.9740007766
0.0281675695
0.02369386106
0.02368581455
0.02366841279
0.02364798956
0.02361811217
0.02359829212
0.02358930436
0.02358809675
0.02359300429
0.02360347808
0.02360997364
0.02576122769
0.9308356481
0.8715237567
0.02520767571
0.02652554635
0.9572701633
0.9793591007
0.9673760199
0.02973323889
0.02584287569
0.03072165668
0.05170711597
0.9436799915
0.9814546437
0.9862202128
0.9869335458
0.9886578507
0.988466216
0.9900335654
0.9894838036
0.9898500313
0.9872621676
0.9690979775
0.07095644815
0.03191144728
0.02543743226
0.02379863006
0.02383705711
0.02386482
0.02389930098
0.0239046753
0.02389870876
0.02389653915
0.023869854
0.02383202884
0.02378791634
0.02372530016
0.0236412261
0.02810700516
0.9321346712
0.9312905076
0.1292775648
0.04167324873
0.08212617697
0.9623798441
0.9796565158
0.9893810796
0.9942611074
0.9942917111
0.9934497663
0.9937752345
0.9942024303
0.9939317726
0.9938570056
0.9936696774
0.9934537253
0.9933250373
0.9930569888
0.9924535172
0.9917437175
0.9909806116
0.9899149324
0.9883502726
0.9861376856
0.9829139757
0.9791552713
0.9763817822
0.9819662549
0.9860091526
0.9852192523
0.9859297137
0.9853697089
0.984874056
0.9844829588
0.9841470726
0.983847945
0.9835900436
0.9833940482
0.9832911416
0.9833293816
0.9836939249
0.9857329131
0.9847556158
0.980190087
0.9757193863
0.9822873949
0.9859372973
0.9892235032
0.9876043786
0.983525893
0.982201858
0.9850529482
0.9877518464
0.9885743631
0.9884310718
0.987461844
0.9860375104
0.985066562
0.9831575107
0.9718319647
0.836942553
0.03805403681
0.02709302386
0.02461238704
0.02359835182
0.02361674745
0.02362074599
0.02935786384
0.8089276351
0.0278920188
0.02365044971
0.02366806996
0.02363872822
0.02361429178
0.02359259263
0.02357970639
0.02357845385
0.02358355228
0.02359503776
0.02361611719
0.02365932742
0.02376677555
0.03489406733
0.9420845589
0.03509355035
0.02996480407
0.05488151914
0.9682489894
0.9669052916
0.9394482912
0.05660083439
0.9547560945
0.9811662951
0.9855014501
0.9861883532
0.9879473853
0.9879133184
0.9885485169
0.9888125552
0.9899394137
0.9882808246
0.9734596878
0.09119796143
0.03319052622
0.02565917012
0.0238288236
0.02385403798
0.02389537898
0.02393541877
0.02394609659
0.02394355727
0.02393685589
0.0239255097
0.0239142824
0.02389134489
0.02385775677
0.02381181647
0.02374684541
0.02366064173
0.02742437667
0.8849250916
0.9076215312
0.9840556091
0.9908813437
0.9936809429
0.9943561549
0.9943192421
0.9949496339
0.9954481765
0.9958262144
0.9954794613
0.9953375098
0.9951663624
0.9950921954
0.9949728191
0.9946866348
0.9943720169
0.9941234968
0.9938441948
0.9933658626
0.9927833256
0.9921504641
0.9914027852
0.9905057673
0.9895121116
0.9885810138
0.9880953734
0.9883016177
0.9889747505
0.9907181647
0.9912260311
0.9913589518
0.9913749595
0.9913174157
0.9912258739
0.9911225481
0.9910103485
0.9908870967
0.9907480309
0.9905871052
0.9904063794
0.9902630118
0.9904006771
0.9911036798
0.990728826
0.9893886526
0.9893638697
0.9896874405
0.9897976419
0.9896145988
0.9879622865
0.9869879694
0.9872003251
0.9884647827
0.9887483321
0.9867443344
0.9816448156
0.9784591011
0.971507037
0.8603640285
0.03701916331
0.02703123382
0.02459090382
0.02357940946
0.02357021326
0.02357840629
0.02360928233
0.02363393407
0.02802627462
0.9428134173
0.03270694347
0.02367749673
0.0237475901
0.02392062519
0.02496963517
0.02544335958
0.02648115264
0.02727396216
0.02823019813
0.02928996106
0.03076612577
0.03368552967
0.0445258225
0.0729414148
0.9640269427
0.9370718961
0.8630584786
0.9692059889
0.9780861688
0.9794161229
0.9758858492
0.9791745935
0.9838618008
0.9839967532
0.9864427504
0.9865804638
0.9869868711
0.9872020735
0.986259059
0.9836556357
0.9790939995
0.204319092
0.03578826645
0.02600362863
0.02387662305
0.02386201783
0.02391483831
0.02395696111
0.02397191401
0.02397769025
0.02397634405
0.02396868892
0.02395866018
0.02394741177
0.02393479325
0.0239151345
0.02388848653
0.02385200682
0.02379527402
0.02370155669
0.02727615582
0.835015544
0.8751097735
0.9907742471
0.9953472674
0.9962417896
0.9966934775
0.9966513978
0.9966410284
0.9965543096
0.9964314725
0.996356561
0.9962541341
0.9960549391
0.9958876494
0.9957205201
0.9954605235
0.9951628292
0.9948809812
0.9945817162
0.9941993352
0.9937587911
0.9932899203
0.9927938844
0.9922880855
0.9918241803
0.9914858265
0.9913700392
0.9914691615
0.9916528783
0.9918646967
0.9921755187
0.9923686494
0.9924317144
0.9924563037
0.992441051
0.992398949
0.9923370577
0.9922558016
0.9921534629
0.992032129
0.9919107878
0.991854414
0.9920014879
0.9924182828
0.9927143485
0.9923149328
0.9914186076
0.9907301474
0.9902497075
0.9898073474
0.989515952
0.9892139286
0.9889588357
0.9886546593
0.9871847701
0.9820521862
0.9656210577
0.9355441214
0.07345530803
0.04719142792
0.03866619538
0.0353686787
0.03447951164
0.03416164934
0.03400921325
0.03397821171
0.03419315351
0.03521862715
0.03905072658
0.7635696263
0.05974807291
0.03717994931
0.04334224284
0.07004113241
0.1215889589
0.8886612827
0.8756181969
0.9393181062
0.956848771
0.9675975805
0.9741292797
0.9788586035
0.9828407962
0.9875346774
0.9855451341
0.9799988586
0.9749338314
0.9749240693
0.9807587857
0.9843089523
0.9855403179
0.9854984886
0.98599629
0.9851668473
0.9857846898
0.9865466476
0.9851668047
0.9834430814
0.9758588794
0.849862482
0.03541223443
0.02736984287
0.02402756561
0.02386861149
0.02392141999
0.02396315655
0.02397996636
0.02399257799
0.0239973903
0.02399711176
0.02399331898
0.0239865998
0.02397752396
0.02396664569
0.02395405615
0.02393720739
0.02391702528
0.0238941762
0.02386536225
0.02379250477
0.02647867869
0.5857647157
0.8874354193
0.993879091
0.9967845984
0.9973002195
0.9974908329
0.9975277946
0.9974680396
0.9973143869
0.9971363741
0.9969940635
0.9968677552
0.9966889139
0.9964999012
0.9963005721
0.9960602885
0.9957937267
0.99552215
0.9952370777
0.9949188371
0.9945786727
0.9942315327
0.9938892075
0.9935715878
0.9933073394
0.9931283056
0.993055139
0.9930630992
0.9930905338
0.9931141717
0.9931801682
0.9932823647
0.9933484249
0.9933873186
0.993403049
0.9933983274
0.9933767878
0.9933403065
0.9932905499
0.993233704
0.9931884297
0.9931954509
0.9933107071
0.9935303221
0.9936675787
0.9934658885
0.9928979035
0.9922408131
0.9917114011
0.9913411677
0.9911540583
0.9910133001
0.9907461735
0.9902022971
0.9888554563
0.9858810374
0.9810840382
0.9772258038
0.9825265258
0.986575002
0.9867978073
0.9873589972
0.9871251733
0.98691211
0.986743028
0.986593411
0.9864738178
0.9864885148
0.9872237116
0.9874279979
0.9869217442
0.987858674
0.9891381897
0.9904230609
0.9918285533
0.9892160703
0.9852497953
0.984425613
0.9842431395
0.9848025885
0.9854275706
0.9858977951
0.9861077462
0.986194514
0.9868789856
0.9852562416
0.9826326189
0.9806455298
0.982241666
0.9855612557
0.9870890025
0.9878216183
0.9870125974
0.9868874549
0.9855037831
0.9846769213
0.9788329084
0.9100194287
0.04033772523
0.02802909326
0.02472532177
0.02380582764
0.02388696483
0.02393630456
0.02396110567
0.02398166452
0.02399337739
0.02400090977
0.02400514869
0.02400636431
0.02400441563
0.02399954863
0.0239920179
0.02398184535
0.02396914096
0.02395315323
0.02393550096
0.02392084551
0.02391936595
0.02393957453
0.02573728773
0.6888577821
0.8532800056
0.9959446717
0.9977641914
0.9980069445
0.9980810355
0.9980576804
0.9979723731
0.9978251321
0.9976526914
0.9974892808
0.9973325379
0.9971570087
0.9969677723
0.9967635795
0.9965366981
0.9962936662
0.9960423641
0.995781849
0.9955093165
0.9952329677
0.9949625143
0.9947079317
0.9944825687
0.9943008545
0.9941742892
0.9941048398
0.9940750931
0.99405642
0.9940400161
0.9940480267
0.9940851595
0.9941281599
0.9941664363
0.9941948632
0.9942133146
0.9942226526
0.9942241774
0.9942198469
0.9942142282
0.9942175973
0.9942476008
0.9943208698
0.9944202389
0.9944552675
0.9943112891
0.9939724778
0.9935496681
0.9931633961
0.992883869
0.9927229554
0.9926018717
0.9924181387
0.9920750944
0.9914284107
0.9904489218
0.9895343817
0.9893156889
0.9897849222
0.9913484849
0.9918614025
0.9920700139
0.9921521523
0.9921554968
0.9921213355
0.9920670065
0.9920010511
0.9919590593
0.9920586362
0.9923944835
0.9921472172
0.9921863197
0.9921703584
0.9921997651
0.9920116598
0.9916275576
0.9899035032
0.9888261161
0.9879462589
0.9873735207
0.9869035522
0.9863750007
0.9856994167
0.9850660282
0.9850195598
0.9853697477
0.9844908835
0.9830286341
0.9835924334
0.9854789007
0.9868277894
0.9884381163
0.9871260018
0.9866227221
0.9828406574
0.9422693368
0.04659872965
0.02912461303
0.02496908068
0.02379271021
0.02390390866
0.02392099816
0.0239287621
0.02394936543
0.02396236251
0.02397707511
0.02399055808
0.02400117814
0.02400796497
0.02401138871
0.02401169129
0.02400889683
0.02400292166
0.02399356711
0.02398073481
0.02396448975
0.02394656305
0.02393350614
0.0239454884
0.02403470401
0.02418967858
0.06854667486
0.9361708036
0.9974252386
0.9984434385
0.998510226
0.9984950243
0.9984268316
0.9983206165
0.9981803995
0.9980211647
0.9978584344
0.997693693
0.9975186167
0.997332612
0.9971329495
0.9969175601
0.9966905059
0.9964563055
0.9962169384
0.9959751731
0.9957382717
0.9955140192
0.9953101407
0.9951348296
0.994994938
0.9948937641
0.9948285862
0.994788494
0.9947596286
0.994738197
0.9947338346
0.9947499385
0.9947785031
0.9948134359
0.9948488757
0.9948825958
0.9949142863
0.9949444959
0.9949743878
0.9950059089
0.9950420786
0.9950862397
0.995137586
0.9951796384
0.99516914
0.9950580647
0.9948442258
0.9945798832
0.9943264949
0.9941298173
0.9940009664
0.99390201
0.993779675
0.9935862848
0.9932811011
0.992893111
0.9925643387
0.9924281459
0.9924408785
0.9925371345
0.9927616999
0.9929226533
0.993000615
0.9930442713
0.9930583162
0.9930545363
0.9930419823
0.9930383418
0.9930871399
0.9932096473
0.9932106326
0.992874586
0.9924422181
0.9920644828
0.9916531563
0.9912711027
0.9909365896
0.9903279196
0.9895774758
0.9888569855
0.9881272197
0.9873495486
0.9865200522
0.985782689
0.9853945965
0.985186765
0.9844057533
0.983098126
0.9827689576
0.9837630943
0.9848599228
0.9868430736
0.983104178
0.9640194318
0.06002720244
0.03105512138
0.02527289837
0.02377197914
0.02383985198
0.02384500593
0.023876252
0.02389061046
0.02387950177
0.02388132853
0.02389100171
0.02390423877
0.02391670152
0.02392760524
0.0239358323
0.02394076807
0.02394197059
0.02394046715
0.02393725592
0.02393220619
0.02392453417
0.02391381662
0.02390160945
0.02389213623
0.02389909065
0.02398904916
0.02414065544
0.04390923801
0.9659943243
0.9985487723
0.9989261183
0.9988603358
0.9987808697
0.998683044
0.9985672743
0.9984336471
0.9982873214
0.9981336416
0.9979730888
0.9978027542
0.9976214092
0.9974270927
0.9972193932
0.9970012973
0.9967766569
0.9965492232
0.9963241485
0.996108796
0.9959106846
0.995736696
0.9955924932
0.9954810318
0.9954012832
0.9953477594
0.9953116312
0.9952851365
0.9952672589
0.9952632179
0.9952753534
0.9953009213
0.9953364898
0.9953779901
0.9954229198
0.9954704878
0.9955211195
0.9955758855
0.9956357796
0.9957004969
0.9957663362
0.9958231766
0.9958517755
0.9958257709
0.9957264129
0.9955624772
0.9953694305
0.9951886526
0.9950516487
0.9949649304
0.994904231
0.9948330715
0.9947197057
0.9945474145
0.9943337692
0.9941269185
0.993958846
0.9938145642
0.993691813
0.9936455181
0.9936796893
0.9937239733
0.9937684831
0.9938102096
0.9938500924
0.9938917067
0.9939371476
0.9939797827
0.9939812113
0.9938302547
0.9934263299
0.9928503022
0.9922973365
0.9918486297
0.991578379
0.9914215314
0.9911219607
0.990563752
0.9898726051
0.9891028976
0.9883089536
0.9875671622
0.9869681086
0.9864953582
0.9858108896
0.9843009506
0.9814958988
0.9774608499
0.9739358793
0.9693947157
0.966490762
0.09851636963
0.03860603879
0.03127939154
0.02772219274
0.03004372744
0.02825987778
0.02921423643
0.02860644656
0.0288342913
0.02873913524
0.02885623925
0.0288339376
0.02892111188
0.02902533232
0.02912120914
0.02913535753
0.02918502193
0.02929295784
0.02936390742
0.02936744945
0.0294322835
0.02962648326
0.0299037203
0.03019769958
0.03042678339
0.03073999767
0.03081786412
0.0315085403
0.03051654459
0.0367064953
0.9078047137
0.9973012419
0.9986087208
0.9981429461
0.9978704169
0.9976444435
0.9974174582
0.9971693364
0.9968992979
0.9966118883
0.9963071638
0.9959810151
0.9956313893
0.9952546438
0.9948498144
0.994422195
0.9939794991
0.9935303435
0.9930864942
0.9926639309
0.9922790032
0.9919463647
0.9916772464
0.9914763226
0.9913390498
0.991251289
0.9911929579
0.9911479829
0.9911146335
0.9911038976
0.9911236505
0.9911720512
0.9912445595
0.9913337814
0.9914340673
0.9915429868
0.9916612693
0.9917917669
0.9919375891
0.9920988176
0.9922671362
0.9924189623
0.9925113178
0.9924903392
0.992320482
0.9920187199
0.9916541222
0.9913122817
0.9910635466
0.9909301964
0.9908709993
0.9908114307
0.9906818118
0.9904427451
0.9901128723
0.9897530405
0.9893936397
0.9890062531
0.9886024028
0.988311011
0.9882156115
0.9882422764
0.9883278455
0.9884376056
0.9885626718
0.9887061658
0.988870101
0.9890254531
0.989056082
0.9887317787
0.9878477963
0.9865085164
0.985108387
0.9840251372
0.9835375706
0.9834750253
0.9832333093
0.9824395603
0.9811766479
0.9796012814
0.9779341196
0.9764725072
0.9755016076
0.9749322567
0.9739362083
0.9711058222
0.9646052729
0.950219447
0.9179402753
0.8146544788
0.1174676786
0.09520105435
0.8719573053
0.09342990506
0.7808101297
0.4202799492
0.667002721
0.4962824414
0.6092668231
0.5541451722
0.5886365779
0.5831207172
0.5982489542
0.6098401122
0.6437091244
0.6641179026
0.6557567423
0.6223608777
0.5922393178
0.5773139516
0.5661593815
0.5552471615
0.5518198432
0.5552190009
0.5625636403
0.5684332914
0.5767521573
0.5754926663
0.5776404327
0.5495254324
0.6715345832
0.2984626472
