0.9980571987
0.9985290962
0.9980060031
0.9978631221
0.9978050407
0.9978186634
0.9979315136
0.9981638131
0.998493737
0.9988252049
0.9989896939
0.9988479459
0.9984155949
0.9978303228
0.997225251
0.9966694556
0.99618016
0.995751018
0.9953771556
0.9950605118
0.9947991476
0.9945820746
0.9943938692
0.9942202516
0.994053248
0.9938859701
0.9937157593
0.9935497475
0.9933985424
0.9932693454
0.9931690731
0.9931144608
0.9931385388
0.9932760269
0.9935240083
0.9938306325
0.9941418027
0.9944382258
0.9947333651
0.9950525222
0.9953880996
0.9956837616
0.9958599776
0.995866815
0.9957316163
0.9955475183
0.9953883033
0.9952772932
0.9952132349
0.9951936363
0.9952186421
0.995278522
0.9953328251
0.995312461
0.9951692989
0.9949238209
0.994638037
0.9943311684
0.9939539266
0.9934650245
0.9928458712
0.9920708759
0.991128203
0.9900380484
0.9888466996
0.9876016794
0.9863057467
0.9848653285
0.9830874054
0.9807623656
0.9777714656
0.9741278279
0.9699718685
0.9656381679
0.9618533403
0.9595981724
0.9593723066
0.9611356252
0.9644232656
0.9683095712
0.9717967494
0.9736338264
0.9720025407
0.963512885
0.941832651
0.8811783253
0.4006520056
0.158347572
0.4453381895
0.6187612509
0.7240621226
0.854336142
0.9507888869
0.6760120675
0.8200476348
0.7298437621
0.6569127998
0.7533894828
0.8230826103
0.7453665293
0.6722139593
0.6423338375
0.7367271559
0.7550661668
0.7480133701
0.7197644381
0.6734251008
0.6565150521
0.6648776143
0.6708003618
0.6736257334
0.6755197587
0.6765307097
0.6776913928
0.6724519901
0.6792063277
0.6425785427
0.6599467176
0.6245777409
0.2353627379
0.5244488171
0.9978482256
0.9992204077
0.9990073249
0.9988054092
0.9986248583
0.9984500383
0.9982814292
0.9981312136
0.9980189994
0.9979725756
0.9980257634
0.9981953107
0.9984540375
0.9987443151
0.9990164457
0.9992473467
0.9994352338
0.9995862127
0.9997036309
0.9997880951
0.9998406421
0.9998636289
0.9998629232
0.9998465985
0.9998163202
0.9997695317
0.9997077364
0.9996395433
0.9995760974
0.999524821
0.9994874659
0.9994621753
0.9994478134
0.9994489625
0.9994715451
0.9995152391
0.9995782906
0.999657978
0.9997381244
0.9997920913
0.9998054752
0.9997836479
0.9997447295
0.9997113994
0.9996917969
0.9996768217
0.9996637376
0.9996638715
0.9996840111
0.9997120649
0.9997302
0.9997373567
0.9997422339
0.99973514
0.9996757077
0.9995153851
0.9992362214
0.9988547819
0.9984259543
0.9980107492
0.9976200663
0.9972361013
0.9968557009
0.9964876687
0.9961446817
0.9958393914
0.9955817496
0.9953755105
0.9952141209
0.9950777132
0.9949327673
0.9947350117
0.9944361989
0.993993457
0.9934115497
0.9928773936
0.9925228145
0.9924002237
0.9924889572
0.9927284641
0.9930587599
0.9933333621
0.9932647304
0.992411114
0.9898960054
0.9855325564
0.9757724297
0.9426245463
0.1566610636
0.8022198082
0.4689800162
0.2643227848
0.5956981175
0.05200178192
0.05005135109
0.04966247229
0.04579992504
0.06038472465
0.05265743382
0.04881103154
0.04820967102
0.04465143205
0.04595907804
0.04644536041
0.04642120842
0.04642158566
0.04608419811
0.04646978717
0.04729405873
0.04809807067
0.0491181936
0.05044085376
0.05214468367
0.0543868751
0.05775460574
0.06265219232
0.07601042848
0.1043052316
0.1115804863
0.2278405837
0.5043542702
0.9978177133
0.9984200838
0.9986062158
0.9985133581
0.9983518181
0.9981869261
0.9980470488
0.9979515401
0.997915455
0.9979606291
0.9981171465
0.9983870228
0.9987159201
0.999033189
0.9992956556
0.9994906501
0.999625599
0.9997112358
0.9997513019
0.999750741
0.9997167363
0.99965544
0.9995794896
0.9995038876
0.999432668
0.9993586725
0.9992773836
0.9991961702
0.9991248533
0.9990665344
0.9990172889
0.9989677765
0.9989116052
0.998857721
0.9988198973
0.9987970102
0.9987936893
0.9988382643
0.9989535934
0.9991210491
0.999293596
0.9994374424
0.9995008683
0.9994897153
0.9994212013
0.9993243471
0.9992291624
0.9991374502
0.9990317048
0.9988839666
0.9986949534
0.998500713
0.998287449
0.9979426768
0.9973578466
0.9966475281
0.9961328438
0.9958590272
0.9956723569
0.9955632801
0.9954951339
0.995432201
0.9953745679
0.9953255737
0.9952846419
0.9952494848
0.9952177455
0.9951874949
0.9951569901
0.9951241736
0.995086179
0.9950385896
0.994975591
0.994891751
0.9947747949
0.9945935409
0.9942865285
0.9936152373
0.9926771359
0.9917580864
0.9912984022
0.9914667724
0.9919604306
0.9924050978
0.9925048555
0.9919567774
0.9907058032
0.9892363571
0.9843958559
0.9122668043
0.0961645955
0.04227630886
0.04599734628
0.03462259184
0.03269475964
0.03223767045
0.03187142001
0.03198165994
0.03305525969
0.03263138021
0.03251223479
0.0319282177
0.03175490379
0.03183402198
0.03194801692
0.03206434545
0.03217428741
0.03231591064
0.03256589114
0.03292067888
0.03334841649
0.03383430518
0.03438139629
0.03501829221
0.03583701386
0.03708961157
0.03923538989
0.04233456314
0.05763505822
0.2836239666
0.8648967218
0.9973781043
0.9978357651
0.997995611
0.9980428241
0.9979656065
0.9978687329
0.9978108026
0.9978121528
0.9978752487
0.9980209564
0.9982877465
0.9986571352
0.9990228863
0.9992994536
0.9994696909
0.9995456296
0.9995508917
0.9995054789
0.9994092026
0.9992748062
0.9991208625
0.998957805
0.9988077667
0.9986906938
0.998619806
0.9985737817
0.9985226429
0.9984714324
0.998431325
0.99840077
0.998367817
0.9983059594
0.998186599
0.9980340203
0.9978836164
0.9977160301
0.9975160862
0.9973472744
0.997308742
0.9974577979
0.9977473077
0.9981032268
0.9984660682
0.9985762407
0.9984640435
0.9982704146
0.998040762
0.9977806351
0.9974539655
0.9969776546
0.9964590189
0.9960633193
0.9957589867
0.995366541
0.9948724639
0.9941720063
0.9920493921
0.991453238
0.992412248
0.9928287944
0.9931944249
0.9935190523
0.9937966101
0.994051178
0.9942790063
0.9944729382
0.9946314062
0.994760758
0.9948721253
0.9949772851
0.9950850238
0.9951961225
0.9952985947
0.9953558403
0.9953312178
0.9951883876
0.9949315505
0.9945463905
0.9924279127
0.9899822933
0.9884202243
0.9884155753
0.9896694149
0.9914276755
0.9927990413
0.9932668196
0.9926661463
0.9917304698
0.9915842899
0.9904509504
0.9845756564
0.5802033443
0.04803189229
0.03394611201
0.03297004995
0.03220217273
0.03209313408
0.0322079829
0.03206482562
0.0323035802
0.03230311319
0.03215748767
0.03200709336
0.03200128584
0.03212089396
0.03230091487
0.03251060842
0.03274718715
0.03302672695
0.03337313343
0.03377642751
0.03420577954
0.03463070841
0.03503665646
0.03544005468
0.03591062221
0.03658293111
0.03628224485
0.04828806432
0.7295206384
0.7650473036
0.9961832231
0.9973680061
0.997383495
0.9975092534
0.9975619844
0.9976241322
0.9977345613
0.997869154
0.9979893542
0.9981753669
0.9984957938
0.9988890753
0.9991704245
0.9992666361
0.9992252042
0.999107312
0.9989597339
0.9987643792
0.9985177988
0.9982356847
0.9979483779
0.9976679404
0.9974572871
0.9973700488
0.9973827829
0.997471424
0.9975536995
0.9976117687
0.9976663248
0.9977053828
0.9977205704
0.9977001269
0.9975814471
0.9972900467
0.996965734
0.9965993043
0.9961143341
0.995648035
0.9953619343
0.9952901228
0.9954469138
0.9959679177
0.9963853088
0.9973535673
0.9973162554
0.9971544591
0.9970212966
0.9964286106
0.995846455
0.9954494828
0.9949480439
0.9946808927
0.9945075858
0.9943150982
0.9934953015
0.9895706435
0.976928033
0.9444140076
0.9250933006
0.9404048673
0.9531100023
0.961693603
0.9689452388
0.9749679845
0.9797958772
0.9833376823
0.9856125571
0.9870237605
0.9881949208
0.9894819003
0.9908596542
0.9921390666
0.9931696416
0.9938812519
0.9944070424
0.9948980928
0.9945413606
0.9938031261
0.9916194874
0.9867437604
0.9843167799
0.9824107144
0.9840650569
0.987379567
0.9903716805
0.9923374719
0.992310564
0.9913886063
0.9908966396
0.9913622882
0.9928323794
0.9921525979
0.9812285314
0.09844255153
0.04049180374
0.03186160607
0.03188485824
0.03214390473
0.03214183381
0.03202738199
0.03204095315
0.03205668371
0.0320195191
0.03202656437
0.03212717102
0.03230360863
0.03252863975
0.03278005085
0.03305183928
0.03335414203
0.03368550934
0.03401942928
0.034320805
0.03457199032
0.03478608697
0.03503940814
0.03545931687
0.03511787733
0.04912964178
0.8420008593
0.6534629696
0.9682421861
0.5282029047
0.9959434549
0.9968788948
0.9976897073
0.9978941448
0.9979848006
0.9983130724
0.9983294333
0.9982790528
0.9984838994
0.9987566249
0.9987897742
0.9985251262
0.9980768939
0.9976305342
0.9974083028
0.9973453341
0.9970747239
0.9967564132
0.9963927465
0.9959877687
0.99566442
0.9955991623
0.9959494092
0.9961634392
0.9965140782
0.9968232036
0.9970260382
0.9971641548
0.9971825622
0.9971601731
0.9972520772
0.997123168
0.9963058515
0.9957462458
0.9951000723
0.9945109768
0.9939838836
0.9927600653
0.9915909863
0.9929481004
0.9935432808
0.9941451961
0.9944687943
0.9942040588
0.9942830865
0.9944910197
0.9940368354
0.994005749
0.9935331664
0.9917975495
0.990722027
0.9917838762
0.9926001901
0.9912396258
0.9862606991
0.9722500717
0.7252349317
0.06422153776
0.04263967398
0.04325810793
0.04424633934
0.04562187615
0.04718728523
0.04893575545
0.05090980899
0.05314825828
0.05570818916
0.05870094109
0.06234959974
0.06716103522
0.07452313326
0.08666706166
0.1135209952
0.1771803008
0.2865466553
0.8426818191
0.8872585302
0.93902473
0.944628149
0.9565234216
0.9627571623
0.9699076043
0.9783366734
0.9840523512
0.9859656538
0.9890510697
0.9890657123
0.9898155368
0.9914583936
0.9931788286
0.9942312227
0.9920803583
0.9743251952
0.07814710962
0.03845392405
0.03177810788
0.03201145971
0.03203672545
0.03199628184
0.03201238778
0.03200307587
0.03202982747
0.03212652409
0.03228870452
0.03250538537
0.03275554176
0.03302014897
0.033296201
0.03357988274
0.03384379898
0.03405226986
0.0341923605
0.03427562252
0.03436198958
0.03460746464
0.03464535517
0.05339976782
0.9031448676
0.5847851078
0.09228038359
0.04028976701
0.05460160118
0.07429921062
0.9999918305
0.9999900479
0.9963180818
0.997051141
0.9976123171
0.9982776705
0.9979721776
0.9982189915
0.9980462381
0.9973503956
0.9963154208
0.9954360079
0.9951891763
0.9953457434
0.9960075206
0.995576537
0.9953480335
0.9949929982
0.9947035736
0.9940736884
0.9943496838
0.9947892329
0.9953501885
0.9958017513
0.9961039723
0.9962289989
0.9962126063
0.9959007828
0.9959017544
0.9966152009
0.9960149307
0.9948849
0.9945774926
0.994172254
0.991971328
0.987778127
0.9809336107
0.9739707547
0.8657181852
0.8881052015
0.2572080414
0.1422486844
0.1653439163
0.2406624687
0.610836712
0.8451387088
0.931428252
0.9627835238
0.9628566835
0.9778167552
0.9873104505
0.9904040373
0.9916497649
0.9908478451
0.9902032818
0.9845157882
0.1043731393
0.03745430178
0.0311071023
0.03106544099
0.03112259877
0.03119772618
0.03129249785
0.03141418626
0.031554848
0.03170702403
0.0318608477
0.03202252474
0.03222556931
0.03256420117
0.03307274543
0.03377361008
0.03500685007
0.03726670125
0.04055982069
0.04562148119
0.06388461933
0.1818867778
0.8501940475
0.9396057472
0.948430838
0.9418688238
0.9190634462
0.9676396108
0.9860481196
0.9903514335
0.9913884569
0.9924508209
0.9934212966
0.9941653062
0.9943311276
0.9901470181
0.9657503741
0.07031115831
0.03711029443
0.03179786259
0.03200466172
0.03204836245
0.03200493923
0.03202343413
0.03211037656
0.03225151925
0.03244834894
0.0326837088
0.032932183
0.03318450997
0.03343401861
0.03364549908
0.03378198845
0.03384198952
0.03383847839
0.03380057845
0.03379368037
0.03455984046
0.06249041339
0.9351600633
0.5830369928
0.07757510005
0.03198274025
0.03126017858
0.03093486842
0.03491745661
0.04527136113
0.09508037106
0.7691926535
0.9932196705
0.9982378092
0.9972936258
0.9974918997
0.9977471678
0.9967973037
0.9954740036
0.9948763531
0.9918235149
0.9890847281
0.9936531123
0.9954333586
0.9949600229
0.9946902398
0.9942460007
0.9908766421
0.9859206051
0.9535512116
0.9635994104
0.987712951
0.9703868691
0.9959828488
0.9999875131
0.9989663693
0.9900345633
0.9890634794
0.9883204427
0.9883852356
0.987606914
0.9920807956
0.9911480237
0.9872586083
0.98516296
0.9809618145
0.9855863013
0.9817007739
0.9504970504
0.2863955624
0.08117644645
0.6642936373
0.1456247728
0.3292508265
0.2380793568
0.114575859
0.1382737652
0.862139507
0.9505425899
0.9670723575
0.9847644616
0.9917950099
0.9932269525
0.9943560178
0.992056732
0.9557991528
0.05657908527
0.03354511618
0.031084213
0.03116626116
0.03127282032
0.03141859385
0.03158650506
0.03176714769
0.03193924842
0.0320822699
0.03220692628
0.03233762299
0.03252798952
0.0325757356
0.03273662173
0.03301820494
0.03358888015
0.03428372395
0.04804616739
0.6704905136
0.9601835947
0.9646739493
0.9491073214
0.866817031
0.05605269898
0.04850875492
0.1101034808
0.961604503
0.9864592465
0.9922206223
0.9929769634
0.9935150969
0.9939486248
0.9941838063
0.9939991929
0.9890759506
0.9524324632
0.06468476657
0.03613201254
0.03198901371
0.03203438304
0.03202543782
0.03207748861
0.03217948023
0.03235134414
0.03256619901
0.03279067973
0.0330196407
0.03324650239
0.03341863645
0.03349525183
0.03349299804
0.03342460746
0.03329042581
0.03306149595
0.03460912472
0.08033977755
0.9540926801
0.6471127864
0.07672049454
0.03090329302
0.0311665341
0.03107954973
0.0310331232
0.03106279907
0.03120727527
0.0343973994
0.0398330262
0.05279661216
0.2646768419
0.980425919
0.9954897473
0.9957347094
0.9956484845
0.9953356821
0.991900531
0.9797609631
0.9224825332
0.2471577727
0.9792808591
0.9741531509
0.988732011
0.9920157803
0.9903156474
0.9870590666
0.9626184673
0.09718920214
0.06007695969
0.04747086298
0.04654470547
0.0463349934
0.04571324396
0.04423764125
0.04966525801
0.04984100843
0.05004305073
0.06567844932
0.1115264788
0.8650331408
0.9379697651
0.9604265492
0.9747500975
0.9871200561
0.984764213
0.9790874619
0.957469282
0.1929275058
0.07539117909
0.07221237419
0.06364897185
0.07504273206
0.7109916248
0.9332610836
0.9300670435
0.2888077202
0.08144970167
0.514461327
0.9863807584
0.9937545652
0.994998746
0.9943807697
0.9877663788
0.8043547428
0.04442427209
0.03136925988
0.03115796554
0.03129531366
0.03147663147
0.03167325275
0.0318668872
0.03203257905
0.03215498774
0.03227874795
0.03240330186
0.03250598199
0.03260890802
0.03278393184
0.03272794773
0.03474596028
0.06251818848
0.9071084846
0.9709701236
0.9713182565
0.9339699318
0.06772228088
0.0386051112
0.03156550066
0.03194279576
0.03956130814
0.07944130514
0.9607790062
0.9875974189
0.9926600794
0.9932393021
0.9936267618
0.9939610038
0.9941982532
0.9939474198
0.9900204879
0.9327594383
0.05994738253
0.03492871638
0.0319271657
0.03197791206
0.03203648263
0.03217993257
0.03239518533
0.03259112659
0.03279699976
0.03301745313
0.03316279697
0.03319097171
0.0331491435
0.03303790468
0.03282237559
0.03246205323
0.03448383261
0.1075454546
0.9641080645
0.7311411286
0.07652687407
0.03068114321
0.03096333401
0.03104784692
0.03109122748
0.03113450154
0.03121372833
0.03136106815
0.03145730149
0.03153095298
0.03263478201
0.03762014708
0.0539654263
0.1097887071
0.9916028848
0.9960469557
0.9959180567
0.9935462366
0.9871827596
0.9450092106
0.06685393111
0.04717408441
0.05596096228
0.1007212325
0.9096531837
0.9870864631
0.9915653837
0.9898314668
0.9816655195
0.1664230011
0.05210279861
0.0359617888
0.03309795062
0.03328976113
0.03348711443
0.03335921806
0.03310693751
0.03318963112
0.0367971837
0.04610510225
0.05633683277
0.1706553458
0.907775555
0.9425570727
0.9683467833
0.9779360328
0.984647134
0.9815023594
0.9530008106
0.7659822709
0.1295502751
0.5325088618
0.850787693
0.9530555641
0.7900644006
0.07582177719
0.03848117519
0.03595059404
0.05277717622
0.8481645509
0.9910442286
0.9949531946
0.9950443177
0.9937321477
0.9847170756
0.1008012109
0.03805090143
0.03115731634
0.03129864945
0.03154042571
0.03176796593
0.03197521175
0.03214884415
0.03225728978
0.03234929447
0.03238547737
0.03244152375
0.03243017016
0.03247005669
0.03805810547
0.1840562423
0.9834728775
0.982013668
0.9647851472
0.1341745332
0.04200208787
0.0318399804
0.03159587256
0.03144146606
0.03127757204
0.03137131497
0.03902036688
0.1029064789
0.9656057803
0.9879386103
0.9923283378
0.9930512425
0.9936372599
0.9941008636
0.9945921995
0.9946229083
0.9914670527
0.8248799807
0.05982313837
0.036704049
0.03182863761
0.03174573478
0.03206900193
0.03236831015
0.03250852682
0.03273103166
0.03288784959
0.03288375598
0.03284202603
0.03273888529
0.03246145368
0.0320236519
0.03460593227
0.1373142104
0.968960113
0.8051645436
0.07647817153
0.03061035946
0.03086033461
0.03097094684
0.03106645074
0.03114130468
0.03121793186
0.03131461737
0.03138063974
0.03139365467
0.0314913891
0.03167651271
0.03165599975
0.03142996818
0.04344651593
0.179594619
0.9913280183
0.9956116126
0.9955178023
0.993565326
0.9888748077
0.1463940736
0.03917131242
0.03385084192
0.03932226785
0.05194283336
0.1284497704
0.9724944121
0.9901322793
0.9934890182
0.9899686632
0.8505190812
0.06183996406
0.03783969072
0.0330581959
0.0336494975
0.03423129588
0.03530048704
0.03936822997
0.07590982059
0.06863970721
0.8404692675
0.9112006646
0.876427647
0.1736284291
0.4727516435
0.9359658853
0.974430104
0.977032862
0.9691366622
0.9635271354
0.9036703613
0.9337758556
0.9391623502
0.1360989196
0.04313052927
0.03426338678
0.03300993834
0.03258410767
0.03548270973
0.06511852342
0.9696222251
0.9940457274
0.9951501797
0.9950242553
0.9926852667
0.9650659792
0.06411290813
0.03540511965
0.03132160603
0.03163556734
0.03191828371
0.03216182559
0.03230218073
0.0323376671
0.03230862907
0.03225717153
0.03203782392
0.03334454165
0.05482658099
0.9305547147
0.9883518812
0.9786187559
0.7363638211
0.04696077009
0.0325608292
0.0315436659
0.03147765529
0.03139946488
0.03131258975
0.03123626085
0.03113997317
0.03164586808
0.04131870865
0.2253207338
0.9679997512
0.9875909426
0.9916759438
0.9926950682
0.9935154186
0.9942544587
0.9947859896
0.9948249981
0.9894018488
0.9235857788
0.07414138392
0.0428599729
0.03574946614
0.03255510031
0.0320644844
0.03211194441
0.03245528223
0.03265420755
0.03261554583
0.03258683233
0.03235067921
0.03183644959
0.03539136113
0.2037163489
0.9728367101
0.8577610191
0.07646562822
0.03058409504
0.03080502681
0.03091052701
0.03101620779
0.03110632417
0.03118528994
0.03125983562
0.03130812488
0.03133248298
0.03140493169
0.03154185598
0.03161892986
0.03154541463
0.03144659839
0.03200268273
0.05200291072
0.936975826
0.9929354503
0.9957708654
0.9959017069
0.9949713011
0.9637992626
0.06016161335
0.03645212953
0.03477269462
0.03412782767
0.04081274946
0.06665102782
0.9302529785
0.9899941722
0.9938483742
0.9904703434
0.9540512082
0.08500039648
0.04559095215
0.03765131714
0.03626539919
0.04417236324
0.050041583
0.06894144588
0.6715083105
0.9305941818
0.752524654
0.07275393615
0.05759629155
0.06598092469
0.1673063184
0.9179567885
0.960907778
0.9850239824
0.986758231
0.969986409
0.8165144616
0.05904683165
0.03463985237
0.03258305934
0.03264631234
0.03252866772
0.03261309912
0.03252395217
0.03890140802
0.09129401782
0.9863277358
0.9950404453
0.9951586596
0.9942198828
0.9870967215
0.9187939781
0.05326706174
0.03405329372
0.03176795625
0.03221956863
0.03240368152
0.03243428394
0.03229900323
0.03208748054
0.03187049839
0.03905387869
0.2605720823
0.9864617278
0.9889893118
0.9472584703
0.05752427752
0.03410958844
0.03138958671
0.03138825446
0.03135759446
0.03132911879
0.03129183669
0.03124720484
0.03119467064
0.03115271415
0.03107954971
0.03234632834
0.04459665881
0.5163514533
0.9687878717
0.9873781171
0.990845482
0.9920684321
0.9928941113
0.9935658818
0.9935602198
0.9907880198
0.9847295528
0.9504242475
0.7741658272
0.1026308696
0.05478305077
0.03988479103
0.0354376787
0.03270818733
0.03226714028
0.03223050556
0.0324724214
0.03242917782
0.03669677298
0.3355546766
0.9740075932
0.8885099287
0.07646239586
0.03057311379
0.03077379135
0.03086853502
0.03096999824
0.03106306305
0.03114500188
0.03121645146
0.03127002388
0.03131626512
0.03139501693
0.03151070874
0.03159639385
0.03160033059
0.03155665435
0.03155539251
0.03153184443
0.03591836265
0.07710754485
0.9761040838
0.9951614263
0.9961459117
0.995400894
0.9896177487
0.6258067117
0.04400104523
0.03390232979
0.03454072185
0.03332712302
0.03643752151
0.05410467387
0.5894485674
0.986667218
0.9914529362
0.990383371
0.9772754902
0.6337789429
0.07343461256
0.05410717061
0.06579603615
0.07432637249
0.9244989923
0.9329250397
0.203035689
0.06020525173
0.06989951256
0.0631971889
0.1026159788
0.3099226817
0.9240113801
0.9838760356
0.991447719
0.9870519392
0.2838727599
0.04077869839
0.03305675844
0.03254279505
0.03251312365
0.03251640505
0.0326625313
0.03274483926
0.03269865489
0.03243720515
0.04386650813
0.3710960215
0.9917833547
0.9945749879
0.9943591984
0.9910650452
0.9816449793
0.7498221125
0.04715298164
0.03312176668
0.03236568733
0.03266322631
0.03234147914
0.03198652656
0.03408268551
0.05723397935
0.9516271941
0.9900763325
0.984094545
0.2350261074
0.03880346457
0.03127070539
0.03135354472
0.03134856967
0.03132019184
0.03129700093
0.03127461985
0.03124504227
0.03120786105
0.03117440366
0.03113618923
0.03109209593
0.03103689741
0.03305092457
0.04657666639
0.6742650752
0.9692581241
0.9871267147
0.9901148969
0.9909641106
0.9905465392
0.9885219046
0.9854658998
0.9790763605
0.9665982496
0.9762453114
0.977674959
0.9430918815
0.8651115067
0.1069842599
0.05443486909
0.04070767691
0.0387566618
0.0396819686
0.04315915817
0.4656367758
0.9724490703
0.9060283991
0.07646183195
0.03056836853
0.0307559055
0.03084078106
0.03093502886
0.03102638562
0.03111052181
0.03118605145
0.03125123582
0.03131602018
0.03140160697
0.03150616867
0.03159192439
0.03163144491
0.03163947936
0.03165602527
0.03165689019
0.03160679989
0.03160472987
0.04133184927
0.6515050693
0.9906113408
0.9958820819
0.9960596394
0.9943420757
0.9753349567
0.07487448888
0.03728801792
0.03375374934
0.0336238048
0.03278151893
0.03445954431
0.04569351121
0.09470611099
0.9657590676
0.9865584501
0.9869702412
0.9747660813
0.9081712489
0.2834565191
0.4377758059
0.9313794591
0.8815674025
0.3881924467
0.05632789649
0.07927059583
0.0686677881
0.09729833873
0.7878535242
0.9233121766
0.9606246035
0.9786233478
0.9853366235
0.9841305832
0.08323430024
0.03346791414
0.03254166273
0.03241707764
0.03247126493
0.03266843329
0.03278477016
0.03281048233
0.03280008262
0.03278037935
0.03372324434
0.05847963928
0.9570146558
0.993149889
0.9942196096
0.9925769153
0.9898972123
0.9783397997
0.2081845608
0.04690370967
0.03415877241
0.03301901703
0.03231287681
0.04255952908
0.6456287965
0.9847021126
0.9891145586
0.9225028025
0.0504220492
0.03244550525
0.03124372157
0.03132384274
0.03131847324
0.03129819659
0.03128020473
0.03126241104
0.03124004206
0.03121189764
0.03118279675
0.03115109344
0.03112071956
0.03108949176
0.03105845923
0.03101652059
0.03355624305
0.04839633758
0.8186431399
0.9741364464
0.988114468
0.9891971509
0.9873485537
0.9838911852
0.9738352156
0.9420656308
0.8923509374
0.9278889807
0.9728176548
0.9849611098
0.9864196218
0.9792824355
0.9142657497
0.7552434579
0.3125749417
0.1389919441
0.8297085386
0.9640076882
0.9171601679
0.07646239029
0.03056675132
0.03074615431
0.03082335989
0.03091103752
0.03099964278
0.03108517851
0.03116588214
0.03124168141
0.03131937685
0.03140934951
0.03150763798
0.03159238655
0.0316484126
0.03168102855
0.03170383981
0.0317015775
0.03166039494
0.03160952444
0.0315325822
0.03347303346
0.05902254605
0.9655034906
0.9957782568
0.9962315991
0.9952362759
0.9894483753
0.9183817903
0.05080833697
0.03361550506
0.03311149445
0.03323414215
0.03301042039
0.03269763066
0.03902282834
0.06571412342
0.9192646724
0.9614094228
0.9573518126
0.9562001959
0.9479753113
0.9177026873
0.854008527
0.1768733411
0.06625233586
0.08812695023
0.07289384258
0.397684306
0.9189922334
0.9420112947
0.9318397291
0.8364780059
0.8863149836
0.9863519452
0.9897930081
0.09222647307
0.0334519664
0.0321458064
0.03228115416
0.03256339039
0.03275154227
0.03282271324
0.03289352892
0.0330127053
0.03308817297
0.03288581831
0.0380371573
0.09828368652
0.9809404435
0.9906834189
0.9913779168
0.9901460608
0.9882843451
0.9758311842
0.2570821759
0.05352592849
0.04064553307
0.07048473514
0.9590479912
0.9871868618
0.9816089708
0.1136564546
0.03601551462
0.0312049323
0.03128379067
0.03131794455
0.03130970143
0.03129228749
0.03127471562
0.03125707864
0.03123663154
0.03121251514
0.03118641751
0.03115799433
0.03112980672
0.03110374997
0.03108784086
0.03107804502
0.03106599226
0.03104370902
0.03433219914
0.05359667711
0.9236831073
0.9845665695
0.9887751342
0.9869953723
0.9838251578
0.9746143478
0.9553582795
0.673317142
0.07410553711
0.07757538789
0.6617438824
0.9406503368
0.9594171915
0.9525453628
0.9395372173
0.9376085532
0.9299012589
0.9639238984
0.9134627421
0.07646373002
0.03056701742
0.03074173128
0.03081329792
0.0308958259
0.03098183049
0.03106807691
0.03115285508
0.03123617519
0.03132173936
0.03141378477
0.03150793422
0.03159095664
0.03165354078
0.03169601817
0.03172086784
0.0317183206
0.0316838953
0.03163489939
0.03157507922
0.03152776342
0.03141977902
0.03829305154
0.1719893058
0.9896222271
0.9948826191
0.9954408304
0.9922996404
0.9841951293
0.1824231811
0.04298105828
0.03293878161
0.03305699016
0.03351811467
0.03326365317
0.03443719211
0.0462930569
0.12112396
0.8855270718
0.9446696741
0.9600177803
0.9270453316
0.5269334942
0.2128410755
0.08227729949
0.09094812636
0.1547222463
0.9052781981
0.9604647626
0.9477575469
0.8409594088
0.07889815003
0.04572322214
0.2989348108
0.9923751514
0.9936706221
0.1598753493
0.03567340068
0.03192163936
0.03236424696
0.03267720491
0.0328189766
0.03296334384
0.03318468743
0.0333311225
0.03323149661
0.0328592748
0.032321386
0.04558941571
0.8573968672
0.9845748669
0.9858084234
0.9840863543
0.9863207282
0.9833279001
0.964104454
0.1966309483
0.8984002246
0.9800713769
0.9868190507
0.8977417567
0.04757248602
0.03176433855
0.03130262503
0.03134468412
0.03134476235
0.03132150423
0.03129806228
0.03127664043
0.03125645686
0.03123548505
0.03121282082
0.03118885939
0.03116365028
0.03113915213
0.03111780825
0.03110464203
0.03110147829
0.0311127052
0.03113174647
0.03114502433
0.0311549006
0.03639341687
0.07622943679
0.965032336
0.9863089848
0.9878361873
0.9856684974
0.9851772155
0.983803283
0.9684027794
0.0927517444
0.04980189995
0.0467407865
0.06708197973
0.6521624726
0.8150029834
0.8974430038
0.9502700452
0.9644147004
0.8962089376
0.07646571575
0.03056853005
0.03074092252
0.03080839085
0.03088706543
0.03097086725
0.0310572339
0.03114452069
0.03123228839
0.03132189396
0.03141418687
0.03150496674
0.03158564957
0.03164982312
0.03169554444
0.03172138702
0.03172158956
0.03169575614
0.03165465233
0.03160409034
0.03155511026
0.03147566045
0.03132315044
0.03195636637
0.0527942631
0.9476834381
0.9935983903
0.9949758164
0.9941234566
0.992584378
0.9735052278
0.09180192593
0.04236043725
0.03415710819
0.03396135309
0.03582846825
0.06058056171
0.1057175005
0.788145397
0.8984988074
0.9393619097
0.9194150622
0.8749667512
0.687742684
0.4916643724
0.3697349574
0.8873914608
0.9705712277
0.9695175383
0.9056962275
0.07271228764
0.03966677445
0.03265676027
0.03396239569
0.08333440756
0.9911599723
0.9925387075
0.738736128
0.03725763318
0.03195409359
0.03253903161
0.03280245058
0.03301193261
0.03328028121
0.03345310759
0.03333652528
0.03292420838
0.03255308066
0.0321057827
0.0355024941
0.07945831557
0.9584200086
0.967450245
0.9723385239
0.9771643783
0.9789635857
0.9732326511
0.9693199915
0.9826626196
0.9752651166
0.097605637
0.0355544854
0.03135119032
0.03137763058
0.03137339429
0.03136124475
0.0313341381
0.03130607855
0.03128080764
0.03125783956
0.03123568657
0.03121348116
0.03119110403
0.03116871214
0.03114781999
0.03113066755
0.03112058367
0.03111933214
0.03112939601
0.03115088372
0.03118843611
0.03123114313
0.03124285921
0.0314183264
0.04257594039
0.7808873453
0.9815997489
0.986615317
0.9853026033
0.9839939545
0.9849092755
0.9826073548
0.9544786737
0.1358916348
0.05692501008
0.07409893343
0.6750922032
0.8960391115
0.9552275268
0.9589799324
0.8298793395
0.07646820642
0.03057086572
0.0307425547
0.03080700905
0.03088281814
0.03096478691
0.03105080924
0.03113921665
0.03122901676
0.03131997387
0.03141113014
0.03149861344
0.03157638455
0.03163958335
0.0316854566
0.03171158679
0.03171473174
0.03169583329
0.03166160295
0.0316164021
0.03156359479
0.0314885797
0.03138796864
0.03132594367
0.03122996217
0.03711510162
0.1665417534
0.9837376438
0.989038014
0.9904104611
0.9904137632
0.9852170003
0.957167673
0.1306607353
0.05026592622
0.04341634471
0.07669623121
0.8409068502
0.8864941458
0.9006832141
0.8478326337
0.8409111753
0.7842399499
0.8505443919
0.7974746742
0.9005755339
0.9671448704
0.9819042865
0.9561138607
0.09848100863
0.03979242416
0.03240570161
0.032015896
0.03195166192
0.0321123261
0.06082086602
0.9859377069
0.9878027959
0.7886384166
0.03922663752
0.03215400991
0.03281955058
0.03305234948
0.03329315588
0.03344635429
0.03332745834
0.03294723472
0.03258125483
0.03236353738
0.03222462578
0.0331388728
0.06124744424
0.905387157
0.9658364379
0.9824675905
0.9878059616
0.9892444268
0.9864798414
0.9832586928
0.896964999
0.04934676932
0.03196064546
0.03156414656
0.03150845613
0.03144459818
0.03139573381
0.03135370351
0.03131740263
0.03128666588
0.03126030904
0.03123660256
0.03121439461
0.03119319939
0.03117306758
0.03115508927
0.03114102223
0.03113317285
0.0311331237
0.03114263212
0.03116223086
0.03119418355
0.03123662832
0.03128977034
0.03134935136
0.03129935662
0.03431906269
0.06361319742
0.9501821655
0.9817220806
0.9815610017
0.9742410079
0.9749695553
0.9794532281
0.9722728703
0.9380688481
0.7566568765
0.8609374431
0.9004942134
0.9502002762
0.9308039419
0.4412192873
0.0764710279
0.03057369736
0.03074576654
0.03080796157
0.03088163505
0.03096208712
0.03104746136
0.03113597015
0.03122610341
0.03131660073
0.03140558362
0.03148952514
0.03156384469
0.03162464375
0.03166905478
0.03169471339
0.03169988943
0.03168582466
0.03165685983
0.03161607033
0.03156511624
0.03149939042
0.03142389082
0.03137006672
0.03130856469
0.03117708477
0.03216347294
0.05232985586
0.9248882963
0.9788778144
0.9814961495
0.9804428278
0.9820126158
0.9744867355
0.9485888709
0.2834644912
0.6681576576
0.8432859336
0.9299568252
0.7691908701
0.5496906727
0.5224360688
0.8049125307
0.8899120028
0.9341292045
0.9643822366
0.9791362486
0.9750251558
0.3527407041
0.0459973308
0.03295119871
0.03221703808
0.03229441598
0.03223691667
0.0321760099
0.03197218716
0.05401160292
0.9739325642
0.9815507913
0.8605161463
0.04252146143
0.03243357389
0.0331504609
0.03326840788
0.03332073127
0.03317484798
0.0327783638
0.03234973007
0.03204794082
0.03189811755
0.036476584
0.06573210413
0.857709069
0.9617768782
0.986513516
0.993178586
0.9947587234
0.9899208667
0.9652254899
0.08620096228
0.03662282504
0.03177858444
0.03166026967
0.03155212569
0.03147783912
0.03141700048
0.03136636751
0.03132469621
0.03129031173
0.03126164578
0.03123696205
0.03121493368
0.03119482177
0.03117650813
0.03116071206
0.03114872874
0.03114225626
0.03114266084
0.03115147913
0.03116955964
0.03119876976
0.03123863614
0.03129082863
0.03135636172
0.03140442666
0.03142562588
0.03147518916
0.04135783363
0.7856899521
0.9764332553
0.9718462726
0.9587996089
0.9628203453
0.9703000142
0.9748045545
0.9650034596
0.9469920451
0.9161542935
0.9424999956
0.8296823177
0.3009758857
0.07647400708
0.03057676533
0.03074991703
0.03081040799
0.03088252154
0.03096177309
0.0310463849
0.03113435975
0.03122372123
0.03131256789
0.03139859926
0.03147862194
0.03154897573
0.03160646685
0.03164836271
0.03167263942
0.03167851298
0.03166719691
0.03164171095
0.03160432201
0.03155691651
0.03150022556
0.03144014794
0.03139215912
0.03134226075
0.03128229258
0.03128393859
0.03130964178
0.0399784223
0.7300164284
0.9597873561
0.9578953018
0.9560925446
0.9603287383
0.9644809946
0.9563481674
0.9283845292
0.9248859008
0.8698648394
0.6312746328
0.2345537631
0.3781110991
0.8980651334
0.9577193055
0.9746207575
0.9798150613
0.9729155065
0.8101721131
0.060584989
0.03674681586
0.03351668395
0.03312642843
0.03290625748
0.03273725845
0.03258110487
0.03235025308
0.03189217913
0.04756798365
0.9342002053
0.9736002719
0.9303534518
0.04893442751
0.03285002078
0.0333133493
0.03321128771
0.03296274559
0.0324954483
0.03198707103
0.0316570087
0.0330471458
0.04741058348
0.6684473379
0.9390109076
0.9605404151
0.984145868
0.9908015056
0.9936963453
0.9905818518
0.9377604919
0.04828109231
0.03204521655
0.0319350028
0.03176741057
0.03161058047
0.031509059
0.03143464716
0.03137547059
0.03132839473
0.03129099217
0.03126091365
0.03123599552
0.03121458809
0.03119567357
0.03117890431
0.03116468284
0.03115392479
0.03114799082
0.03114804283
0.03115561641
0.03117148759
0.0311974448
0.03123249226
0.03127834716
0.03133391827
0.03138880862
0.03146005339
0.03156762672
0.0315774026
0.03764005397
0.1668847245
0.9648400302
0.9594635886
0.964644657
0.9761692123
0.984191448
0.9862635236
0.9815078085
0.9481064377
0.9289116872
0.4568298195
0.5630091477
0.07647702075
0.03057987189
0.03075454675
0.03081379418
0.03088487393
0.03096330605
0.0310472556
0.03113440576
0.03122233026
0.03130874165
0.0313912193
0.03146689702
0.03153277777
0.03158627919
0.03162477628
0.03164660041
0.03165169904
0.0316411789
0.0316173414
0.03158162107
0.03153656256
0.03148609389
0.03143517759
0.03139448968
0.03135428614
0.03132422591
0.03136847495
0.03149367008
0.03161961468
0.04066281821
0.4754907755
0.922312835
0.9311875155
0.942460926
0.9530911062
0.9622228781
0.961763113
0.924217788
0.8557359778
0.1892043026
0.4627110866
0.8559473643
0.9489952876
0.9789358343
0.9867580845
0.9804355671
0.8939769774
0.08100472473
0.04410077796
0.03869085551
0.03595124675
0.03414743674
0.03353084381
0.03322045705
0.03296982771
0.03267629957
0.03227097558
0.0316563941
0.0428844242
0.8922353056
0.9813621849
0.9698862414
0.06566920714
0.03379488291
0.03296918609
0.03280493169
0.03226059389
0.03174143333
0.03225149669
0.04150968479
0.142477988
0.9373774643
0.9532403289
0.9600606114
0.9772254628
0.9793653617
0.979116587
0.9810688128
0.9765867702
0.07440858077
0.03194104302
0.03185738667
0.03175286805
0.03161991297
0.03151718136
0.03143750064
0.03137406098
0.03132436827
0.03128609219
0.03125641784
0.03123265228
0.03121276348
0.03119546383
0.03118020201
0.03116714587
0.03115691948
0.03115077601
0.03114968192
0.03115540075
0.03116830984
0.03119088218
0.03122026536
0.03125841507
0.03130140471
0.03135202534
0.03144461489
0.0315656738
0.03169608716
0.03215341488
0.04206964446
0.2024781948
0.9447495564
0.9684234728
0.9809783615
0.9870967459
0.9896337187
0.9877714135
0.9684390501
0.916996172
0.2345260032
0.7638890255
0.0764799317
0.03058287886
0.03075935003
0.0308178029
0.03088841332
0.03096653594
0.03105016778
0.03113650143
0.03122261713
0.03130604109
0.03138446249
0.0314553512
0.03151625684
0.03156522591
0.031599449
0.03161761484
0.03162050843
0.03160911546
0.03158541865
0.03154935273
0.03150376302
0.03145537304
0.03140864756
0.0313767125
0.03134407555
0.03131888547
0.03138512187
0.03153540082
0.03202149513
0.03554048048
0.06077081495
0.7251276551
0.9033794476
0.9349946405
0.9500880686
0.9594190148
0.9589578767
0.9340897166
0.8480809555
0.6863002488
0.8310363154
0.9057120068
0.9500442442
0.9659446463
0.9775657776
0.960198456
0.216356371
0.05466346071
0.04562267337
0.04146526299
0.03768011023
0.0349033769
0.03376759427
0.03344435131
0.03312033152
0.03281772496
0.0324061857
0.03202612987
0.03179087635
0.04371324527
0.8742540844
0.9852850465
0.9822463242
0.1091647978
0.03391086183
0.03264367431
0.03216944541
0.03192958032
0.03884554271
0.08776243863
0.9317063406
0.9650113673
0.9604331015
0.9619184298
0.9692141688
0.9640682891
0.9096882815
0.8982588571
0.9731538481
0.9626738238
0.04485135947
0.03177627293
0.03173141448
0.03160790795
0.03150802732
0.03142594044
0.0313600505
0.03131018819
0.03127377077
0.03124696981
0.03122626028
0.03120914667
0.03119411982
0.03118051406
0.0311684005
0.03115817886
0.03115123479
0.03114830528
0.03115187311
0.03116118822
0.0311806614
0.03120427825
0.0312361559
0.03126122589
0.03128115035
0.03135966814
0.03141020729
0.03145631243
0.03572911491
0.05406876774
0.6557135195
0.9262519514
0.9631217181
0.9778787907
0.9843224458
0.9869022754
0.9859501843
0.9733891023
0.9402186614
0.3130985829
0.7760855629
0.07648269015
0.03058570274
0.03076415598
0.03082231417
0.03089312998
0.0309716431
0.0310555982
0.03114138784
0.0312254736
0.03130543021
0.031379312
0.03144494432
0.03150040266
0.03154448576
0.03157346256
0.03158651494
0.03158584501
0.03157218474
0.03154756887
0.03150905643
0.03145925776
0.03140587237
0.03135252837
0.03132415515
0.0312819132
0.03122987208
0.03127424116
0.03153537305
0.03399975085
0.04589754605
0.1147017698
0.7466321642
0.8886860569
0.9288173943
0.9439241041
0.9509528472
0.9501231527
0.9351057008
0.9102881561
0.8949052069
0.9137145116
0.928928478
0.946898473
0.9348045542
0.9393741419
0.9677536228
0.8093795827
0.06722973127
0.0488653335
0.04074605959
0.03663567625
0.03533793828
0.0338078724
0.03329582658
0.03297637286
0.03254618905
0.03207817701
0.03174875264
0.03214383407
0.03441903828
0.06106698458
0.8785984213
0.980628219
0.9754370634
0.06876643779
0.0331316508
0.03271081573
0.03880128961
0.06960317329
0.9287629159
0.971591468
0.9784780635
0.9748098699
0.9727948861
0.962464103
0.941774776
0.8985943834
0.1026140294
0.9339923525
0.9867712271
0.7979425146
0.03537253838
0.03167587115
0.03155660303
0.03146841606
0.0313907171
0.03132729716
0.03128206272
0.03125201911
0.03123173351
0.03121661863
0.03120383793
0.03119186893
0.03118013261
0.03116881207
0.0311581742
0.03115011309
0.0311446899
0.03114634759
0.03115196683
0.03116955892
0.03118639945
0.03121965438
0.0312325421
0.03121580837
0.03127845582
0.03130905468
0.03550934017
0.05158705743
0.6668385209
0.9231901623
0.9350496651
0.9478824685
0.9630863056
0.970113808
0.9733662673
0.9731643908
0.9642287768
0.953165507
0.8693128898
0.6315927858
0.07648528591
0.0305883075
0.03076891112
0.03082737293
0.03089923561
0.03097908492
0.03106440571
0.03115017566
0.03123200404
0.0313079105
0.03137668819
0.03143651943
0.03148612003
0.03152539954
0.03154793265
0.03155386246
0.03154814263
0.03153098575
0.03150501465
0.03146143898
0.03140448736
0.03134098083
0.03126092084
0.03122400763
0.03115667417
0.03107620305
0.03185073442
0.03539465655
0.04788662247
0.1159723072
0.8378174818
0.8853490433
0.8969245874
0.9212335441
0.9348121192
0.9423557837
0.9484362505
0.9529510006
0.9561987372
0.9542565992
0.9547132466
0.9531536431
0.9503044943
0.798920723
0.462979939
0.9137465653
0.9738105243
0.08850477552
0.04952998146
0.03929519397
0.03689490393
0.03505208114
0.03431641869
0.03321366964
0.03263898856
0.0320116522
0.03142063109
0.03164431881
0.0346301194
0.04819736733
0.1036215036
0.8047412596
0.8931878347
0.9709126023
0.9338794376
0.04839454623
0.04220134714
0.07532622188
0.9288300906
0.9742989145
0.9848782876
0.9853273878
0.977801816
0.9577942325
0.1826341811
0.09735037578
0.9738485077
0.1203944885
0.1102913557
0.9758015392
0.9895846245
0.0872267106
0.03181960614
0.03148737501
0.03140289947
0.03132928622
0.03127229379
0.03123799762
0.03122045606
0.03121124697
0.03120455666
0.03119761498
0.0311892948
0.03117948529
0.03116870792
0.03115700302
0.03114788637
0.0311395112
0.03113953234
0.0311413729
0.03116136826
0.0311648553
0.03120272605
0.0312152711
0.03119989925
0.03177358129
0.03820198251
0.05751633157
0.8130092693
0.9396163545
0.9490880749
0.9352492732
0.9365937144
0.9441655911
0.9450567534
0.938817718
0.9406750332
0.9454730281
0.9529551528
0.9376986051
0.5294596697
0.07648771992
0.03059069874
0.03077367867
0.03083318342
0.03090712969
0.03098954763
0.03107786378
0.03116441419
0.03124357116
0.03131454591
0.03137743401
0.03143067868
0.03147405489
0.03150964804
0.03152428197
0.03152012525
0.03150744855
0.03148531861
0.03145910947
0.03140686263
0.03133931127
0.03126990837
0.0311572715
0.03110410078
0.03100762328
0.03190398712
0.03814809094
0.06578313535
0.5046062419
0.9043777339
0.9271728451
0.9125326163
0.904490132
0.9177338437
0.9302301848
0.9397134911
0.9527242562
0.9670603932
0.9785389587
0.9786281831
0.9692752126
0.9456328561
0.7596993222
0.0973190726
0.05934637998
0.127170184
0.9830104224
0.9104073424
0.05123641793
0.04186597127
0.03760971889
0.0350272674
0.03459525374
0.03357974745
0.03245771438
0.03213309088
0.03385815255
0.04076158337
0.07399888449
0.5961518086
0.9124282558
0.7794321434
0.1670347101
0.9317102785
0.9414017433
0.6131761457
0.1252361433
0.9243768982
0.9719808744
0.9852564984
0.9871722255
0.9814831291
0.945430587
0.08331747739
0.04724998533
0.03607173091
0.275072608
0.9532890844
0.05902260382
0.5966728639
0.9834914066
0.977669846
0.04723310043
0.03128983469
0.03127734814
0.03122713416
0.03118928175
0.0311772904
0.03118092118
0.03118802935
0.0311922382
0.03119201523
0.0311872972
0.03117886936
0.03116815923
0.03115421118
0.03114354365
0.03113215087
0.0311319715
0.03112207378
0.03115095813
0.0311242587
0.03114217792
0.0311235284
0.03372401473
0.04470614394
0.09990025861
0.9322401656
0.9619567697
0.965361447
0.9512520132
0.9353894092
0.9309245907
0.927149533
0.9185441115
0.8915799711
0.8889696213
0.913585984
0.947010264
0.9570603406
0.7769253976
0.07649005241
0.03059291987
0.03077867674
0.03084014494
0.03091739184
0.03100388062
0.03109773226
0.03118614134
0.03126185824
0.03132661416
0.03138241895
0.03142764555
0.03146431624
0.03149939
0.03150451968
0.03148661788
0.03146452233
0.03143512989
0.03141233298
0.03134867926
0.03126809453
0.031200948
0.03109726205
0.03160624987
0.03528563575
0.0451487786
0.09626431346
0.8582401268
0.937634495
0.9496597632
0.9393958394
0.9203799803
0.9172794798
0.9265610274
0.9380551283
0.9461442211
0.9555618717
0.9684341411
0.9804286095
0.9798679155
0.9531370605
0.7071212558
0.08121226457
0.04581297929
0.04062606124
0.03907373984
0.3760290641
0.9824509368
0.09999366777
0.03848070479
0.0418026834
0.03584981029
0.03831424747
0.03456636934
0.03446520908
0.04195301148
0.06276742119
0.4955548918
0.8908989211
0.8487154322
0.1392457638
0.07039767591
0.07618405675
0.4462546526
0.9366981903
0.9098563021
0.9349895378
0.9663182735
0.9826068724
0.9866990047
0.9821860404
0.9420983918
0.06836208601
0.03988355565
0.03291686176
0.03229670444
0.04003704061
0.9052834609
0.890309455
0.05438728213
0.789973312
0.9844676519
0.9302720812
0.03737390338
0.03107938862
0.03109260817
0.03108775849
0.03110912965
0.03114153454
0.03116825319
0.03118366114
0.03118926171
0.03118697993
0.03117858005
0.03116658412
0.03114942716
0.03113749645
0.03111907426
0.03113281007
0.0311061149
0.03114504395
0.03112823305
0.03236256078
0.03873943007
0.05752856168
0.7618758685
0.9683046659
0.9822506484
0.9808685963
0.9708175299
0.9570172654
0.9469004265
0.9384029396
0.9242998008
0.9060047331
0.8693430829
0.8881268517
0.8593882674
0.9290807384
0.9625430818
0.8868961872
0.0764922149
0.03059504626
0.03078441692
0.03084899301
0.03093081042
0.03102303385
0.03112644875
0.03121774072
0.03128860945
0.03134605924
0.0313932687
0.03142704036
0.03145600565
0.03149768726
0.03148963227
0.03145546076
0.03142294161
0.03137703325
0.03136284089
0.03127333825
0.03117818647
0.03120251789
0.0342074754
0.04328315512
0.08055526214
0.8300087876
0.948828284
0.9685198344
0.9669520824
0.9597271114
0.9468823411
0.9404129123
0.943091265
0.9480337679
0.9546501593
0.9583069874
0.9603767033
0.9583307654
0.9586521669
0.9571647626
0.9287365151
0.1156514732
0.05439422478
0.04207658743
0.04069602295
0.03715812437
0.04718331048
0.9496744312
0.9603073932
0.0526399699
0.05354853857
0.04412730876
0.03908994907
0.04092722299
0.05609703464
0.1820353749
0.8788311133
0.8791298904
0.1862655107
0.07246471407
0.05217329543
0.04146391049
0.05127204339
0.1259514867
0.9509109705
0.9668863375
0.9787257536
0.9850775638
0.9871124999
0.9834273858
0.9481773897
0.06821485364
0.03864641012
0.03212428944
0.03217425712
0.03212327579
0.0317685839
0.06549294027
0.9613472377
0.2723418062
0.05752810737
0.9451578959
0.9900420325
0.2087404374
0.03223035848
0.03098333486
0.03099842461
0.03105304509
0.03111573969
0.03116041664
0.03118346474
0.03119139137
0.0311884339
0.03117842881
0.03116283214
0.03113609587
0.03112868625
0.0310894897
0.03110251914
0.03107877997
0.03145032148
0.03582090581
0.05246151676
0.2581227013
0.957395884
0.9820145519
0.9875154773
0.9878642927
0.9844720539
0.9805848578
0.978286329
0.9717356968
0.9628343391
0.9504639673
0.9399787899
0.9196651605
0.9334841935
0.6185000787
0.8914590587
0.9601644528
0.9129887002
0.07649380373
0.03059711475
0.03079208436
0.03086122279
0.03094843042
0.03104788341
0.03116781384
0.03126156743
0.03132399395
0.03137528518
0.03141531989
0.03142893906
0.03144479606
0.03151107289
0.03147845171
0.03142209408
0.03139924661
0.0313327735
0.03132864013
0.03129976508
0.03410375211
0.04179805358
0.06743559966
0.7721559088
0.9577988793
0.9787812452
0.9801489205
0.9793666921
0.9732484432
0.9679517756
0.9627109339
0.9635018748
0.96743808
0.9704534843
0.9708263642
0.9667964502
0.9657255406
0.9514209862
0.8912208023
0.7238989458
0.8865341085
0.09946497569
0.08476810594
0.05274011639
0.04300805417
0.03725589444
0.03456058879
0.06369536909
0.9684478987
0.6948231031
0.05750617629
0.04477278697
0.05402846914
0.08880373856
0.7014546463
0.9128877015
0.4921397595
0.1131726692
0.05515670645
0.04425095363
0.04884684905
0.05603850061
0.1197158066
0.8919332196
0.9681202015
0.9863790607
0.9898331275
0.9903022157
0.9857610379
0.9584404816
0.07476738266
0.03936709344
0.03229934001
0.03229657473
0.03220025144
0.03191585905
0.03164329187
0.03480663077
0.8257849791
0.9582048065
0.06345336757
0.07292009605
0.9881129845
0.9898788635
0.05851187681
0.03102256015
0.03093466936
0.03101971436
0.03111284123
0.03117026953
0.03119387716
0.03119903545
0.03119035009
0.03117388414
0.03115627169
0.03110585751
0.03108770711
0.03103875173
0.03121820316
0.03481489577
0.04766569506
0.1154400274
0.939077664
0.9862292164
0.9922037657
0.992675466
0.992753829
0.9915247169
0.9894186568
0.9870936164
0.9878131249
0.9869717231
0.958670133
0.9008965937
0.8055923031
0.6124464959
0.6148100198
0.09362984446
0.818494722
0.9538280587
0.9123505948
0.0764936027
0.03059877201
0.03080420347
0.03088040602
0.03097184191
0.03107836963
0.03122866998
0.03132040932
0.0313629966
0.03141179894
0.03146042486
0.03144566131
0.03141989092
0.03154038153
0.03147709066
0.03137091679
0.03137418521
0.03149056772
0.0340914727
0.04160454283
0.0685424757
0.7681525653
0.966189306
0.984839645
0.9865038116
0.9870319086
0.984651647
0.9820422489
0.9796656319
0.9789430829
0.9786612972
0.9779985429
0.9757145737
0.9763375728
0.9753348088
0.9510785525
0.8773839669
0.4428000242
0.08370316042
0.09021042291
0.8832206679
0.8329263346
0.06614472935
0.04640874619
0.04232470208
0.03894730777
0.03660655774
0.04360830123
0.8542833749
0.9753072908
0.120208924
0.06079540741
0.1784810985
0.8421428355
0.7781732148
0.2731229439
0.05956439105
0.05070846248
0.0542041298
0.0532273368
0.1071121608
0.8225158892
0.9657856714
0.9816277979
0.9863315802
0.9899976556
0.9908624779
0.9858634364
0.9573554784
0.08286867597
0.04140237156
0.03313107671
0.03282214773
0.03257230196
0.0322502253
0.03191060473
0.031722111
0.03150622127
0.04884622381
0.9688452375
0.6113240367
0.03821957524
0.1719186539
0.9914877331
0.9585369877
0.04019316247
0.03085269569
0.03099636725
0.03113284227
0.03119856076
0.03121406124
0.03121027448
0.03119222718
0.03116088526
0.03113078126
0.03106644581
0.03115383155
0.03435483777
0.04466971008
0.09085831753
0.9222218914
0.9853129702
0.9927267076
0.9938908778
0.9947463484
0.994537872
0.9938573898
0.9922648017
0.989579081
0.9691075169
0.9049090265
0.2434232229
0.08107282858
0.05040084633
0.04375897563
0.04348219902
0.04659844986
0.04808314964
0.5606409264
0.9572030764
0.8943939
0.07649034498
0.03059875118
0.03082479216
0.03091511768
0.03100611849
0.03111087043
0.03132023927
0.0314004102
0.03139594592
0.03143377439
0.03152657914
0.03151561421
0.03142064053
0.03153626332
0.03141731866
0.03185994143
0.03660568889
0.04455447961
0.07947229502
0.7576320587
0.9742179158
0.9893301332
0.9912850233
0.9912221352
0.9890953996
0.9877205527
0.9865068654
0.9854724058
0.9842904334
0.9814118938
0.9806469384
0.9780547135
0.9512529898
0.8586626989
0.5262504443
0.1006136663
0.05397152512
0.04264690411
0.03764059609
0.05184964433
0.7545953672
0.6930558496
0.1093808103
0.04419894915
0.05555790626
0.03541841854
0.03553071721
0.03727974941
0.06689099216
0.8587363751
0.9156699361
0.6004204844
0.8739475178
0.7636668211
0.1159620536
0.05541608746
0.05367475147
0.05696613946
0.1037552044
0.8484322308
0.9649562952
0.9853323157
0.9870812647
0.9872937407
0.9860526519
0.9868247498
0.9816987413
0.9220528468
0.07923939554
0.04529710564
0.03564817168
0.03425962949
0.03337944633
0.03276625121
0.03233477037
0.03200568782
0.03183037433
0.03182727225
0.03357012399
0.5201086355
0.9705375173
0.0508903501
0.03828046514
0.9215871495
0.9865702068
0.8205237867
0.03511023936
0.030941918
0.03117834139
0.03124697646
0.03124302282
0.03122601033
0.03118943778
0.03114766937
0.03118850925
0.03422137837
0.04298690565
0.07851319289
0.8965584395
0.9826668025
0.992263392
0.9940289163
0.9950524349
0.9951160215
0.9948863102
0.9943982299
0.991873116
0.964837967
0.7561020888
0.08008921311
0.04420900597
0.03765531083
0.03469847307
0.03372597337
0.03346668401
0.03335351662
0.03298421161
0.0358590092
0.2435682337
0.966090839
0.8770327775
0.07648920255
0.03059581314
0.03085908433
0.03097879397
0.03107205195
0.03114295225
0.03144517918
0.03150201618
0.03142160108
0.03140626576
0.03149836097
0.03161380063
0.03239943825
0.03442532485
0.04010498562
0.05637305634
0.1740706295
0.9509345691
0.9853657269
0.9941624145
0.9945502847
0.9940506912
0.992724331
0.9907458028
0.9889242212
0.9889085693
0.9861587857
0.984006328
0.9808056587
0.958610694
0.8635784925
0.416472981
0.07702460342
0.04638361366
0.03768992503
0.03570812613
0.03452095949
0.03398101864
0.03375280038
0.04464835534
0.6166275958
0.8946616653
0.7978849328
0.05428521645
0.04028135875
0.037388903
0.0423280676
0.06066949594
0.5190020272
0.9248909147
0.9481363119
0.8997736135
0.8355522434
0.07578595687
0.06187711703
0.06919691291
0.1011414531
0.8986989659
0.970506
0.9872566198
0.9886921731
0.9899660923
0.9871575446
0.9839816624
0.9750925148
0.9462564945
0.8344431174
0.08259811264
0.05395166538
0.0423639076
0.03894776563
0.03547970763
0.03373946679
0.03293912858
0.03245296633
0.03214061764
0.03196147681
0.03194492278
0.03201393017
0.04567529983
0.9672441809
0.8383710103
0.03510819453
0.04916828997
0.9726127088
0.9840115276
0.09704043663
0.03285580441
0.03125353764
0.03133826645
0.03128385457
0.03124518039
0.0312797302
0.03413929578
0.04196093075
0.07324943101
0.8783603048
0.9791608544
0.9911549206
0.9938257848
0.9950684353
0.995147549
0.9950905685
0.994598641
0.9917111063
0.9707211824
0.5423972747
0.06800507368
0.04021949044
0.03520413515
0.03308638657
0.03325188033
0.03356578462
0.03403008138
0.03425887616
0.0341513276
0.03356917421
0.03480574162
0.1626742128
0.9703229994
0.8595029828
0.07652537032
0.03059823253
0.03091262023
0.03107792336
0.03119122201
0.03124684131
0.03156610482
0.03143605028
0.03158255855
0.03433691958
0.0391284461
0.04618459934
0.06552446734
0.2322765854
0.8342615101
0.9870563726
0.9949115367
0.9954410669
0.995497929
0.9954964624
0.994648598
0.9923925335
0.9899831522
0.9883054148
0.9868037118
0.9860814105
0.9772614285
0.9124626633
0.6368549714
0.07913485557
0.04563852497
0.03664312771
0.03428229932
0.03262277174
0.03240258116
0.0325335776
0.03284206368
0.03329527583
0.03452915661
0.04263434065
0.2467830597
0.847585127
0.2260426327
0.07004550503
0.05890508338
0.1181274819
0.7151405112
0.9087738037
0.9477708116
0.9626271808
0.9607516552
0.9416200459
0.1167103087
0.08056555925
0.1269393624
0.938854087
0.979496848
0.9882146897
0.989435628
0.991102958
0.9884738138
0.9866628116
0.9754096703
0.8976505716
0.4905530114
0.1305401742
0.1560849347
0.09492756229
0.06431815665
0.05488690072
0.04061919372
0.03648176621
0.03428992208
0.03316679716
0.03260437505
0.03227619049
0.03209189442
0.03203637168
0.03220895765
0.03264273141
0.1102870886
0.9689446431
0.05507467566
0.03285148243
0.08006983973
0.9811339691
0.9714452688
0.07923608853
0.03278261196
0.0315749434
0.03145247544
0.0341817216
0.04108183485
0.07168053261
0.8552547565
0.9761559899
0.9906431423
0.9936108853
0.9949523433
0.9950963181
0.9951196086
0.9944090931
0.9914589253
0.9754782391
0.6304569035
0.06487969328
0.04009832968
0.03444387161
0.03277632337
0.03305663869
0.0335955589
0.03414890726
0.03439871012
0.03448102693
0.0345150881
0.03437963282
0.03409393819
0.03441353331
0.1094706745
0.9681610311
0.8279465305
0.07706580982
0.03064229117
0.03098607889
0.03112747811
0.03138306132
0.03383254966
0.03642546321
0.04480896318
0.05666229334
0.09855948363
0.9334924408
0.9858994256
0.9921430777
0.9955883011
0.9960701592
0.9956306132
0.9953826724
0.9953329297
0.9951859277
0.994636742
0.9917997871
0.9876363324
0.981902262
0.9713659531
0.9528434475
0.9124004773
0.12308361
0.05211953987
0.03758322649
0.03458915505
0.03229240611
0.03190349827
0.03193410307
0.03210686547
0.03250219556
0.03308574671
0.03413739906
0.03630182422
0.03849601774
0.04539717903
0.1085582655
0.8708562338
0.8785704058
0.8142461186
0.8509391359
0.9267477113
0.9597672372
0.9508387544
0.9152078817
0.6708817193
0.1854345092
0.2348511686
0.7200700377
0.9168793441
0.9843686825
0.9904766246
0.9912272697
0.9916643741
0.9888278481
0.9861871756
0.9691221002
0.8797731751
0.1326630573
0.06336449928
0.05659613912
0.08464665922
0.661690602
0.7746747402
0.09040556991
0.05016990504
0.04317668581
0.03770079041
0.03504263908
0.03355075993
0.03276876458
0.03237974803
0.03215880016
0.03207837749
0.03221439766
0.03266720506
0.0433814538
0.9457934402
0.9009974748
0.04037059213
0.04186586137
0.8204459334
0.9622232798
0.9355461357
0.0532224892
0.03652198607
0.04307525158
0.074691794
0.8249992269
0.9708445473
0.9903037486
0.9933857195
0.9948112278
0.9950042004
0.995122904
0.994710584
0.9932739199
0.97827089
0.7820091707
0.06616376422
0.04089478396
0.0343567946
0.03254330704
0.03283362557
0.03336262356
0.03381776598
0.03414379201
0.03450352847
0.0347557573
0.03484536951
0.03483550187
0.03467969799
0.03445280032
0.03411680122
0.07469295996
0.9630216093
0.7904732886
0.07855447776
0.03135192043
0.03426462803
0.03861851167
0.05458860077
0.078215087
0.9551461043
0.9613254047
0.9954358389
0.9960540838
0.9960058669
0.9963205632
0.9965945929
0.9966268679
0.9969220718
0.9965988795
0.9957693003
0.9951450675
0.9947952459
0.9936852303
0.9895866649
0.9829371609
0.9652523318
0.932916496
0.8260214127
0.1758413376
0.1128876869
0.0857146124
0.07452619444
0.07224832875
0.07112379183
0.07070557299
0.07087853835
0.07188896684
0.07475105268
0.08261485835
0.1075061426
0.1971523247
0.5932206343
0.8168474037
0.9046906004
0.9492650994
0.9466166156
0.9326515704
0.9429200021
0.9449679339
0.9291951548
0.1945024744
0.1156587952
0.1655784072
0.8807100954
0.9754337979
0.9823745178
0.9904703446
0.9914225088
0.9907271146
0.9883480121
0.9847028272
0.9618794118
0.8411998621
0.08743596742
0.04924592864
0.04149664209
0.04138781556
0.05132630011
0.08813523505
0.1373217974
0.2426187536
0.08278708107
0.05275423908
0.04672257999
0.04051772557
0.03638097792
0.0342242871
0.03308802112
0.03227595335
0.03197883771
0.03193523919
0.03216301134
0.03282159459
0.03649058178
0.104603903
0.9465085115
0.09922105636
0.05214080197
0.09535397388
0.9079062742
0.9307945636
0.8598770022
0.1122397387
0.8744788302
0.9681358034
0.9891440283
0.9922384571
0.994364843
0.9947777519
0.9950542285
0.9944637318
0.9930061019
0.9848582258
0.8681579653
0.07980634386
0.04145381207
0.0343339784
0.03233908999
0.03257669822
0.03302544277
0.0334221507
0.03373911832
0.0340998877
0.03443652603
0.03478657065
0.035081428
0.0352515614
0.03529350879
0.03516439892
0.03486896877
0.03403917652
0.05846055181
0.9481665577
0.7466133565
0.2359172457
0.08753841471
0.2477834985
0.8722965546
0.9942872519
0.9966466823
0.9962808203
0.9971565791
0.9974092317
0.9976762375
0.9980542145
0.9981013945
0.9981213869
0.9979501803
0.9975721917
0.9970418739
0.996383743
0.995540817
0.9948927281
0.9944700336
0.9932110974
0.9907475009
0.9888964793
0.9888715625
0.9903468305
0.9935185154
0.9945328969
0.9945360287
0.9943519654
0.9942140272
0.9941033828
0.994016787
0.9939486407
0.9938988342
0.9938708517
0.9938722373
0.9939109378
0.9940555287
0.9937443939
0.9911346554
0.9884915324
0.9873106816
0.98373468
0.9682404702
0.9536321759
0.9273736667
0.9208377605
0.9602760347
0.984684299
0.9864068345
0.9907590164
0.9896015561
0.9890146406
0.9883101453
0.9873634999
0.981766451
0.9579355146
0.8603097026
0.09360166714
0.0482211688
0.04021694149
0.03674996119
0.03928505338
0.04501492859
0.05648150069
0.07535300954
0.06536549357
0.763062847
0.09842118573
0.05788238004
0.04630926694
0.04012523765
0.03674196545
0.03587394432
0.03706222234
0.03814427839
0.03958649212
0.04061503788
0.04426825833
0.05203846134
0.07446192564
0.270708476
0.9483655644
0.9227645754
0.4751507429
0.9135483275
0.9467664354
0.9621262676
0.9613001519
0.9686731641
0.9867069793
0.9890165175
0.9925336959
0.9937459151
0.9947914517
0.9940346221
0.992932764
0.9858565038
0.9209442597
0.08351012774
0.04432179852
0.03503913485
0.0323926281
0.03242496042
0.03273132933
0.03304134328
0.03329599401
0.03359951516
0.03391295019
0.03427200344
0.03465788889
0.03506866215
0.03545186047
0.03574342727
0.03590417662
0.03588062849
0.03558674862
0.03432172574
0.05032182083
0.9215153316
0.6714599547
0.9939880023
0.9968864028
0.9962705037
0.9971276864
0.9975450403
0.9978492449
0.9979535637
0.9980869507
0.9979485067
0.998308621
0.9984470261
0.9986116477
0.998772087
0.9987513576
0.9985358033
0.9981301382
0.9975542166
0.9967838798
0.99595
0.9953262008
0.9949957212
0.9949013507
0.9949302088
0.9950272936
0.9951711934
0.995529581
0.996440147
0.996850291
0.9970545824
0.9971677323
0.9972141545
0.9972287038
0.997219471
0.997177586
0.9970795187
0.9968847221
0.9965395319
0.9960121467
0.995394155
0.9948548043
0.9945785337
0.9943100032
0.9937781308
0.9922515203
0.9903674779
0.9915469035
0.9938908886
0.9944529728
0.9943416601
0.9933356392
0.9932286873
0.9909951174
0.986581682
0.9743057795
0.9377764623
0.8494781821
0.1260663779
0.07083474107
0.05715857223
0.05265451803
0.05567648492
0.05676371794
0.05685868564
0.0599383014
0.06625624416
0.0794644433
0.1023792741
0.153207887
0.1196524504
0.09425158981
0.09254114129
0.09305629984
0.1048813517
0.1532456145
0.2479590775
0.8379307914
0.8727059235
0.9210571387
0.9268512687
0.9492072412
0.9682197624
0.9812197086
0.9801646265
0.9719424753
0.9639020731
0.9705617787
0.9752451814
0.9835569841
0.9876586482
0.9889488992
0.9906295388
0.9909069829
0.9934143434
0.9933941498
0.9934917892
0.9874725746
0.9305504743
0.09355727719
0.04673946093
0.03577670936
0.03217873023
0.03219811698
0.03246880371
0.03271417674
0.03287494991
0.0331008006
0.03335787974
0.03366358246
0.03401330782
0.03441672614
0.03486428897
0.03535453624
0.03585246272
0.03630650579
0.03665578804
0.03682275363
0.03676608148
0.03559205495
0.04462984328
0.8570517094
0.5874539545
0.9958432433
0.9976011616
0.9974501052
0.9974833169
0.9975959706
0.9977197823
0.9978225131
0.9979418233
0.9981656645
0.9983425418
0.9984731856
0.9987111503
0.9989679663
0.9991555186
0.9992056075
0.9991104338
0.998823297
0.9983599822
0.9977912584
0.9972304012
0.9967811098
0.9965234813
0.9964748628
0.9966121587
0.9968621748
0.9971136638
0.9973356966
0.9975762703
0.9977585328
0.9979039046
0.9979871101
0.9980182972
0.9980051687
0.9979425826
0.9978127865
0.997588822
0.997249732
0.996820377
0.996403456
0.9961108285
0.9959305455
0.9958000522
0.9956385506
0.9954137671
0.9952200728
0.9951060959
0.9951522681
0.995190962
0.9950145524
0.9945708938
0.993930969
0.9923894847
0.988994687
0.9834061834
0.9696164983
0.9583756476
0.9694555204
0.9794913472
0.9784537694
0.9800774599
0.9806211046
0.9816212261
0.9826168958
0.9836275591
0.9845906766
0.9855833491
0.9867328077
0.9883531326
0.988550462
0.9886392627
0.9900792046
0.991930013
0.9933892257
0.994241209
0.9948260819
0.9942940878
0.9932241356
0.9917185487
0.9888852338
0.9871699936
0.9863195041
0.9860259892
0.98754226
0.9873001311
0.9841608141
0.9818656636
0.9832093042
0.988124295
0.9915777805
0.993148474
0.9927155042
0.9922592344
0.9925664341
0.9880211685
0.9546954124
0.132603476
0.0503549555
0.03609671783
0.03221107351
0.03227079544
0.03240419399
0.03252513604
0.0325843096
0.0326797615
0.03283499959
0.03305761487
0.03334615613
0.03369463066
0.03409443591
0.0345519239
0.03506661059
0.03564333988
0.03626392447
0.03689921233
0.0374842722
0.03791004939
0.03820241544
0.03848776103
0.0454610124
0.7725607533
0.5755145331
0.9982504486
0.9976808042
0.9977474882
0.9977961173
0.9977965643
0.9977920015
0.9978018874
0.9978572418
0.9979928959
0.998175415
0.9983399424
0.9985866183
0.9988891327
0.9991921414
0.9994388099
0.9995903882
0.9995960711
0.9994594083
0.9992238811
0.9989442852
0.9986836482
0.9985008021
0.9984217901
0.9984341205
0.9984856198
0.9985135987
0.9985060619
0.998512508
0.9985657561
0.9986264338
0.9986686737
0.9986856128
0.9986760292
0.9986371155
0.9985622141
0.9984436542
0.998282738
0.9981081333
0.9979807303
0.9979427864
0.9979561969
0.9979404806
0.9978314617
0.9975931447
0.9972657643
0.9969135567
0.9965453598
0.9961957591
0.9958451751
0.9954659396
0.9950735434
0.99474396
0.9943621197
0.9934815551
0.9924159678
0.9923055382
0.9929180189
0.9940475342
0.9942516749
0.9942841312
0.994289804
0.994351022
0.9944162355
0.9944789732
0.994537147
0.9945986032
0.9946876163
0.9948144418
0.994914865
0.994952055
0.9950284201
0.9951431773
0.9952361447
0.9952559481
0.9951641207
0.9950841922
0.9948231681
0.9942506119
0.9925894248
0.9904155808
0.9884822495
0.987483176
0.9880132209
0.989170966
0.9883127948
0.9860358511
0.9861925795
0.9889108575
0.9912959375
0.99244872
0.9905769595
0.9866315169
0.9732468491
0.5299528831
0.05987338946
0.03823654912
0.03268847458
0.03258597707
0.0325507612
0.03263128405
0.03260802859
0.03253421276
0.03254281331
0.03261127945
0.03276491452
0.03300817794
0.03333581006
0.0337431925
0.03421766856
0.03475991328
0.03536918505
0.03605342669
0.03681015423
0.03763375894
0.0384936955
0.03932798017
0.04006678848
0.04132630489
0.04753467362
0.2572928664
0.8649956364
0.9978727771
0.9981765792
0.9982606019
0.998237956
0.9981558598
0.9980599764
0.9979697133
0.9979175193
0.9979385609
0.9980368052
0.9981887658
0.9984107184
0.9987023134
0.9990355429
0.9993645261
0.9996437793
0.9998257097
0.9998998966
0.9998841613
0.9998073402
0.9997055322
0.9996106568
0.9995397753
0.999493792
0.9994580386
0.9994123071
0.9993522294
0.9992982164
0.9992671391
0.9992542038
0.9992466454
0.9992390088
0.9992287021
0.9992147592
0.9991972508
0.9991781449
0.999163811
0.9991670761
0.9992008007
0.9992584742
0.9993104174
0.9993322454
0.9993104878
0.9992306223
0.9990865472
0.9988761173
0.9985779206
0.9981858152
0.9977591594
0.9973407742
0.9969097079
0.9964507706
0.9960333176
0.9957176476
0.9955667924
0.9955530776
0.995591996
0.9956142238
0.9956650973
0.995680417
0.9956398832
0.995610284
0.9955828116
0.9955532169
0.9955223735
0.9954960951
0.9954894047
0.9955108705
0.9954864167
0.995371778
0.9952614989
0.9951779901
0.9950933208
0.9949929658
0.9948631668
0.9946900744
0.9945172103
0.9940603215
0.9931891287
0.9919291393
0.9904759536
0.9894632393
0.9892716309
0.9893257372
0.9884881319
0.9869311398
0.9863808126
0.9872435087
0.9876654365
0.9867155634
0.9723457315
0.9020815907
0.07062453801
0.04275977819
0.0350178659
0.03286663663
0.03288508805
0.03267389051
0.03251328553
0.03232450524
0.03222467491
0.03216945812
0.03218420877
0.03223965791
0.03233879051
0.03251981786
0.03279414775
0.03316930422
0.03364716415
0.03421738599
0.03489193521
0.03569017938
0.03666456936
0.03793285839
0.03966043283
0.04230131178
0.04596410782
0.05157161203
0.06161240254
0.1605088948
0.9258922105
0.9983438811
0.9988342191
0.9987562208
0.9986414388
0.9984967476
0.9983396364
0.9981832423
0.9980526046
0.9979805273
0.9979870693
0.9980728625
0.9982418104
0.9984922526
0.9988066767
0.9991472248
0.9994664167
0.9997188914
0.9998850769
0.9999695908
0.999991289
0.9999757779
0.9999447201
0.9999108474
0.999878643
0.9998455131
0.9998049877
0.9997541762
0.9996995295
0.9996493146
0.9996064841
0.9995716283
0.9995445907
0.9995252102
0.999514163
0.9995133507
0.9995254239
0.9995515751
0.9995869237
0.9996161515
0.9996194226
0.9995937698
0.9995640682
0.9995621275
0.9996025196
0.9996767522
0.999751409
0.9997634625
0.9996518961
0.9994284956
0.99916591
0.9989082529
0.9986543603
0.9984024317
0.9981696891
0.9979984061
0.9978972794
0.9978150248
0.9977139948
0.9976148541
0.997516985
0.997386941
0.9972547338
0.9971232838
0.9969914115
0.9968576831
0.9967186245
0.9965629909
0.9963604003
0.9960492162
0.9956461648
0.9952988723
0.9950736201
0.9948977787
0.9946569786
0.9943274054
0.9940234437
0.9938001223
0.9935331463
0.9931081476
0.9925602629
0.9919030835
0.9912780153
0.9905939255
0.9892823037
0.9867354164
0.9826992666
0.9770486384
0.9705892796
0.9550447941
0.9153985471
0.3741603182
0.1039313736
0.06321797975
0.04744228502
0.05325273674
0.04535785239
0.04841329269
0.04897506918
0.04552893464
0.04592959966
0.04525348377
0.04512964055
0.0451268401
0.04547634279
0.04568016665
0.04569865932
0.0460463146
0.04664335347
0.04751857023
0.04865134068
0.05001273569
0.05181876536
0.05408972025
0.05716947248
0.06153906141
0.06916740424
0.08164096201
0.1068644876
0.232977352
0.1421665273
0.8304717126
0.9979300953
0.9984289438
0.99801
0.9978785325
0.9978334201
0.9978747366
0.9980362092
0.9983384034
0.998722573
0.9990476239
0.9991939675
0.9991065688
0.9987604686
0.9981905393
0.9974906754
0.9967730345
0.9961268404
0.9955943646
0.9951828399
0.9948823872
0.9946768306
0.994546686
0.9944664122
0.9944054569
0.9943354202
0.9942433028
0.9941399207
0.9940503321
0.9939931185
0.9939716193
0.993979195
0.9940077165
0.9940518019
0.9941107488
0.9941882231
0.9942911671
0.994428755
0.9946134012
0.9948635881
0.9951923484
0.9955669765
0.9958931959
0.9960666345
0.9960282442
0.9957828096
0.9953950026
0.9949749407
0.9946197435
0.9943511386
0.9941535581
0.9939985243
0.9938479591
0.9936901206
0.9935411751
0.9934388554
0.9933864208
0.9933250609
0.9931972034
0.9930049256
0.99274737
0.9924203254
0.9920713042
0.9917105594
0.9913451608
0.9909758427
0.9905919656
0.9901502995
0.9895374248
0.9885716664
0.9871628548
0.9853192855
0.9826313372
0.9787553047
0.9742807312
0.9704114675
0.9681432757
0.9674154664
0.9671916896
0.9669390317
0.9666699174
0.9663124955
0.9659783675
0.9649835951
0.9611967396
0.9514938387
0.9324831739
0.8986514276
0.8211468695
0.4817672589
0.2022257236
0.2724896614
0.6718214295
0.4862645833
0.6877869602
0.6418702698
0.6657909097
0.5826274492
0.711763503
0.6946701287
0.6442243328
0.6743431448
0.6668604628
0.6784073003
0.70493147
0.7222922965
0.7155111759
0.6956957596
0.6780087919
0.6697837568
0.6714325897
0.6725332818
0.6705878664
0.6673319573
0.6629377479
0.6624355881
0.6630110985
0.6508722348
0.654871105
0.4419604489
0.4909055308
0.3223838783
