0.9999035556
0.9999272749
0.9998965275
0.9998804597
0.9998680597
0.9998560631
0.9998431189
0.9998286216
0.9998124051
0.9997946336
0.9997756023
0.9997555845
0.9997348467
0.9997136763
0.9996923702
0.9996712341
0.9996505317
0.9996303927
0.9996107784
0.9995915586
0.9995727051
0.9995545087
0.9995376496
0.9995230308
0.9995114792
0.9995033585
0.9994982995
0.9994954072
0.9994939189
0.9994934819
0.9994938906
0.9994948424
0.9994960709
0.999497521
0.9994994153
0.9995022784
0.9995069283
0.9995143507
0.999525373
0.9995401326
0.9995575407
0.9995750395
0.9995890804
0.9995966539
0.9995970735
0.9995919132
0.9995836657
0.999575319
0.9995701684
0.9995711005
0.9995792789
0.9995924055
0.9996046074
0.9996099659
0.9996057199
0.9995925469
0.9995728185
0.9995479513
0.9995189338
0.999487247
0.9994537405
0.9994182107
0.9993799794
0.999338277
0.9992922999
0.9992411283
0.9991835597
0.9991178959
0.9990423463
0.9989600726
0.9988946761
0.998888498
0.9989423059
0.9990082196
0.9990507684
0.9990626569
0.9990499734
0.9990236425
0.9989989392
0.998993656
0.9990172115
0.9990502842
0.999042833
0.9989291276
0.9985692639
0.9972586967
0.987609672
0.005576500452
0.9924037849
0.004401630532
0.9788728656
0.00444304592
0.9788902285
0.00444328438
0.9788945554
0.004443330274
0.9788940386
0.004443355524
0.9789005973
0.004443558604
0.9789277047
0.004443661139
0.9789163604
0.004443399038
0.9788960852
0.004443116958
0.9788837646
0.004443070606
0.9788953127
0.004443281167
0.978912235
0.004442495549
0.9787783369
0.00444263667
0.9789144525
0.004445389325
0.9789511545
0.00447798986
0.9716847586
0.007238728608
0.02084455864
0.9998828002
0.9999547462
0.9999458879
0.9999376835
0.9999306105
0.9999237662
0.9999166384
0.9999089261
0.9999004973
0.9998913855
0.9998816953
0.9998715194
0.9998609542
0.9998501227
0.9998391653
0.9998282435
0.9998175171
0.9998070856
0.9997969553
0.9997870632
0.9997773667
0.9997679623
0.999759143
0.9997513361
0.9997449657
0.9997402586
0.9997370812
0.9997350239
0.99973374
0.9997330871
0.9997329672
0.9997332029
0.9997336219
0.999734145
0.9997347966
0.9997357182
0.9997371965
0.9997396676
0.9997436324
0.9997494391
0.9997569424
0.9997651306
0.9997721972
0.9997764352
0.9997773458
0.9997755868
0.9997720938
0.9997678832
0.99976426
0.9997627232
0.9997643809
0.9997686678
0.9997727163
0.9997731914
0.9997683683
0.9997588366
0.9997472584
0.9997349614
0.9997219678
0.9997087493
0.9996955826
0.9996822479
0.9996684566
0.9996539958
0.9996387148
0.9996224788
0.9996050811
0.9995860285
0.9995640655
0.9995368125
0.9995046849
0.9994838911
0.9994848372
0.9994948888
0.9995000878
0.9994963978
0.9994845203
0.999466238
0.9994451538
0.9994292601
0.9994284003
0.9994403895
0.9994447342
0.9994193754
0.9993416036
0.9991559004
0.9986977569
0.9984946209
0.004044974597
0.001883997924
0.001560384255
0.001586182794
0.001560409139
0.001586209842
0.00156041626
0.00158621576
0.001560416965
0.001586213298
0.001560420968
0.001586216886
0.001560441046
0.001586240921
0.001560428092
0.001586225839
0.001560407249
0.001586202137
0.001560394597
0.001586189508
0.001560407614
0.001586209762
0.001560434756
0.001586250462
0.00156033663
0.001586153245
0.001560540261
0.001586476845
0.00156074958
0.001587082979
0.001565684159
0.002744887235
0.9929121914
0.999810984
0.99992124
0.9999300865
0.9999266582
0.999920354
0.9999130753
0.9999051871
0.9998966608
0.9998874509
0.99987767
0.999867444
0.9998567886
0.9998457184
0.9998343189
0.9998227215
0.9998111321
0.9997997975
0.9997888794
0.9997783747
0.999768129
0.9997579726
0.9997479252
0.9997383125
0.9997296938
0.9997226836
0.9997176142
0.9997142237
0.9997118541
0.9997101375
0.9997091172
0.9997087781
0.9997088284
0.9997089758
0.9997090701
0.9997090349
0.9997088535
0.9997086516
0.9997088408
0.9997101941
0.9997136982
0.9997200693
0.9997286558
0.9997366425
0.9997410207
0.9997413604
0.9997391409
0.9997353038
0.9997301262
0.9997240852
0.9997189155
0.9997174688
0.9997202784
0.999722533
0.9997180274
0.999703359
0.9996789201
0.9996528892
0.9996392448
0.9996323996
0.9996283696
0.999626075
0.9996242517
0.9996223783
0.9996204179
0.9996184388
0.9996164783
0.9996144513
0.9996119578
0.9996077796
0.999598502
0.9995757779
0.9995344816
0.9995051407
0.9994877877
0.9994671246
0.9994410826
0.999412778
0.9993817657
0.9993448302
0.9993049142
0.9992888944
0.9993139631
0.9993514481
0.999377504
0.999386666
0.9993658684
0.9992964782
0.9992952864
0.9993102872
0.9988215729
0.002423462169
0.001515933033
0.001418235147
0.001418228516
0.001418236141
0.001418227799
0.001418235909
0.001418227191
0.001418234848
0.001418226505
0.001418233584
0.001418226063
0.001418232604
0.001418226357
0.001418232708
0.00141822846
0.001418235489
0.001418234517
0.001418243933
0.001418248229
0.001418262877
0.001418275316
0.001418298491
0.001418322992
0.001418355414
0.00141839795
0.001418430679
0.00141851967
0.001419176837
0.008494824356
0.9964084489
0.9997209569
0.9998830329
0.9999006334
0.9999060714
0.9999033857
0.9998972025
0.9998894173
0.9998805018
0.9998705894
0.9998600679
0.9998492446
0.9998380388
0.9998263163
0.9998141048
0.9998015174
0.9997888542
0.9997765813
0.9997650394
0.9997542291
0.9997437854
0.9997332057
0.9997222617
0.9997112822
0.9997011259
0.9996929896
0.9996876464
0.9996845802
0.9996824294
0.9996806337
0.9996795841
0.9996794291
0.9996796207
0.9996796449
0.9996792843
0.9996783704
0.9996766785
0.9996740244
0.9996705838
0.9996674142
0.9996666617
0.9996709544
0.9996811088
0.9996930655
0.9996995804
0.999699366
0.9996960493
0.9996914202
0.9996851311
0.9996758714
0.9996633911
0.9996549365
0.9996569377
0.9996612415
0.9996536506
0.9996241434
0.9995646559
0.9994740217
0.9994098141
0.9994711694
0.9995002266
0.9995248294
0.9995456572
0.9995636271
0.99957976
0.9995946674
0.9996086506
0.9996218161
0.9996341157
0.9996452805
0.999654462
0.9996575474
0.9996335862
0.9995130395
0.9994509681
0.9994027734
0.9993547313
0.9993129521
0.9992777319
0.9992393149
0.9991816594
0.9991218651
0.9991642202
0.9992646413
0.9993518952
0.9994107964
0.9994312177
0.999394367
0.9993351806
0.9993324685
0.9993531155
0.9991246353
0.9974604326
0.001874965592
0.001418249182
0.001418230814
0.001418229728
0.001418228366
0.001418228401
0.001418227381
0.001418227706
0.001418226938
0.001418227552
0.001418227157
0.001418228417
0.001418228869
0.001418231583
0.001418233889
0.00141823951
0.001418245283
0.001418255757
0.001418266912
0.001418284389
0.001418301592
0.001418327399
0.001418346673
0.001418382865
0.001418397279
0.001418457601
0.001489482684
0.00770418294
0.9990147844
0.999600048
0.9998320199
0.9998607786
0.9998740809
0.9998767293
0.9998732016
0.9998668053
0.9998583736
0.9998480966
0.9998369778
0.9998257898
0.9998142215
0.9998018304
0.9997885671
0.9997744607
0.9997599334
0.9997459404
0.9997333216
0.9997222403
0.9997120141
0.9997014954
0.9996898292
0.999677053
0.9996642679
0.9996538125
0.9996479378
0.9996458953
0.999644644
0.999643165
0.9996426366
0.9996434512
0.9996444043
0.9996446375
0.9996440098
0.9996423639
0.9996392674
0.9996340302
0.9996259512
0.9996153659
0.9996056904
0.999603342
0.9996122993
0.9996290094
0.9996445051
0.9996468986
0.9996437453
0.9996398712
0.9996353107
0.9996277348
0.999610285
0.9995811146
0.9995730814
0.999583318
0.9995813748
0.9995423064
0.9994379294
0.9991919642
0.9985823537
0.9984541802
0.9989633725
0.9990756738
0.9991671227
0.9992422374
0.9993059685
0.9993610907
0.9994093494
0.9994520362
0.9994903484
0.9995258148
0.9995610983
0.9996017798
0.9996537443
0.9995275999
0.9992746888
0.9991906754
0.9991446981
0.999124804
0.9991294434
0.999146345
0.9991562196
0.9991121864
0.9989504934
0.9991113087
0.9992670591
0.9993711315
0.9994234569
0.9994102657
0.9993556954
0.9993190728
0.999331824
0.9993525408
0.9993175072
0.9992702219
0.005767110569
0.001705370235
0.001418232765
0.001418228203
0.001418227301
0.001418227024
0.00141822687
0.001418226942
0.001418227189
0.001418227681
0.00141822863
0.001418230035
0.001418232461
0.001418235853
0.001418241154
0.001418247969
0.001418257494
0.001418268906
0.001418283338
0.001418298608
0.001418316244
0.001418330862
0.001418346969
0.001418352567
0.001418370933
0.001549134355
0.9913153995
0.9825185357
0.9994048304
0.9997690008
0.9998022052
0.9998257952
0.9998347655
0.9998350435
0.999832613
0.999827027
0.9998173807
0.9998061944
0.999795451
0.9997841978
0.9997713515
0.9997568643
0.9997404765
0.9997225716
0.9997049601
0.9996897999
0.999678119
0.9996689313
0.999659957
0.9996491147
0.9996351618
0.9996184967
0.9996028286
0.9995939936
0.9995936082
0.9995947161
0.9995944191
0.9995956014
0.9995990118
0.9996018142
0.9996027321
0.9996021807
0.9996003001
0.999596608
0.9995899837
0.9995784391
0.999559226
0.999532572
0.9995115924
0.9995071044
0.9995090492
0.9995291336
0.9995836131
0.9995826892
0.9995815437
0.9995831288
0.9995884882
0.9995910602
0.9995669867
0.9994618222
0.9994643705
0.9994900097
0.9994847934
0.9994037248
0.9991618665
0.9985198262
0.9958363521
0.002384948826
0.001906002259
0.001948032961
0.002005957199
0.002074791554
0.002153591584
0.002243014099
0.002344874048
0.002463034995
0.00260739659
0.002809010449
0.003191147954
0.00490937844
0.00810025966
0.9965008871
0.9954911855
0.9970801722
0.997678851
0.9980808078
0.9984141941
0.9987386134
0.99906614
0.9987004701
0.9986475098
0.9989733872
0.9991283837
0.9992539385
0.9992851731
0.9993585656
0.9993256025
0.9993377492
0.999382869
0.9994213599
0.9995113115
0.9995371634
0.9992549318
0.00336707601
0.001644855432
0.001418229
0.001418226509
0.001418226494
0.001418226749
0.001418227249
0.001418227919
0.001418229056
0.001418230599
0.001418233079
0.001418236604
0.001418241844
0.001418248517
0.001418257282
0.001418267592
0.001418279538
0.001418291592
0.001418303775
0.001418313332
0.001418321043
0.001418322481
0.00141831681
0.001596044542
0.009338270072
0.996725401
0.998399139
0.9995737396
0.9996874804
0.9997228986
0.9997675857
0.999767386
0.9997736493
0.9997810152
0.9997755399
0.9997652783
0.999756741
0.9997471518
0.9997342742
0.9997186377
0.9996991311
0.9996753419
0.9996500066
0.9996274206
0.9996126832
0.9996057359
0.9996018557
0.9995968706
0.9995870502
0.9995674238
0.9995414544
0.9995201615
0.9995137219
0.999523291
0.9995290955
0.9995351473
0.9995443809
0.9995505518
0.9995524023
0.9995521621
0.9995507498
0.9995479627
0.9995428503
0.9995332069
0.9995139045
0.9994738214
0.9994089727
0.9993635814
0.9992964936
0.9991516525
0.9992263941
0.999326001
0.9993200782
0.9993106439
0.9993461274
0.9994126916
0.9995081929
0.9993632798
0.9991557996
0.9992739696
0.9993610585
0.9994413136
0.9993144419
0.999119496
0.9989868868
0.9989504607
0.002942382494
0.001558946071
0.001418223329
0.001418227248
0.001418230587
0.001418232299
0.00141823454
0.0014182375
0.001418240916
0.001418244891
0.001418251048
0.001418262739
0.001418304774
0.001503584364
0.001536289779
0.001606461764
0.001663453774
0.001713096104
0.001770650659
0.001871196867
0.002179486671
0.003821425775
0.9963857139
0.9981032791
0.9985531829
0.9985346186
0.9983856727
0.9991010073
0.9993513043
0.999407535
0.999409591
0.9994276218
0.9994678593
0.9995270471
0.9995579791
0.9994562102
0.9990893332
0.002959932908
0.001628762077
0.001418228781
0.0014182268
0.001418227253
0.001418228056
0.001418229215
0.0014182307
0.001418232938
0.001418236315
0.001418241219
0.001418247347
0.001418255106
0.001418264084
0.001418273686
0.001418282718
0.001418290702
0.00141829605
0.001418298359
0.001418295833
0.001418284442
0.001568348797
0.9962603699
0.9976214068
0.003323726807
0.002237248755
0.005249767784
0.9989271863
0.9994837797
0.9996127349
0.9996296055
0.9996944873
0.9997356852
0.9997140946
0.9997098134
0.9997035524
0.9996902672
0.9996743395
0.9996517536
0.9996189779
0.9995792771
0.9995367462
0.9995025312
0.9994979081
0.999509071
0.9995230333
0.9995344471
0.9995288653
0.9994874946
0.9994325824
0.999377264
0.9993636634
0.9994516383
0.9994625139
0.9994799432
0.9994898598
0.9994914171
0.9994910325
0.9994906331
0.9994905481
0.9994910656
0.9994922768
0.9994933424
0.9994875985
0.9994400009
0.9992635514
0.9992138881
0.9990285738
0.9984987937
0.004927900177
0.002713092257
0.002136033758
0.002144986257
0.002280560271
0.002834909962
0.003961265392
0.9977562486
0.9981492581
0.9988325722
0.9991728914
0.9993202538
0.9992917104
0.9992549497
0.9993490634
0.9992886288
0.9981285335
0.001973559984
0.001481275125
0.00141822894
0.001418231147
0.00141823246
0.001418234668
0.001418236782
0.001418237725
0.001418237407
0.001418236714
0.001418234523
0.001418232509
0.001418227953
0.001418226877
0.001418229338
0.00141823269
0.001418236595
0.001418240306
0.001481905152
0.002566558732
0.9984738729
0.9984469467
0.9984415799
0.9973608452
0.002167257226
0.001969667341
0.003990417421
0.9989928193
0.9993152292
0.9994356788
0.9994590786
0.9994964346
0.999522918
0.9995297916
0.9995197559
0.9993948281
0.9990072148
0.002976392362
0.001641271629
0.001418229985
0.001418228087
0.001418229102
0.00141823034
0.001418232048
0.001418235043
0.001418239452
0.001418244669
0.001418251335
0.001418259019
0.001418266655
0.001418273217
0.001418278326
0.001418280797
0.001418280079
0.001418275472
0.001418262519
0.001622014407
0.9113878988
0.9917308532
0.002831959234
0.001418229901
0.001418235187
0.001512888663
0.001843321928
0.003696958668
0.998344199
0.9991743719
0.9996089231
0.9996503288
0.9996302539
0.9996650771
0.9996360578
0.999623161
0.9996030355
0.9995597076
0.9994994131
0.9994192308
0.9993092888
0.9992264359
0.9993283256
0.9994010019
0.9994713498
0.9995248641
0.9995306022
0.9993821418
0.9992237467
0.9989115999
0.9989766865
0.9991631664
0.9990806114
0.9991313321
0.9991214294
0.9991173521
0.999117976
0.9991232656
0.9991370337
0.99916613
0.9992213443
0.999318893
0.999467375
0.9992623613
0.9991494405
0.9993322313
0.9993452695
0.9991082757
0.9986556457
0.003238435316
0.001851818521
0.00154698353
0.001418276649
0.001629723298
0.004057107329
0.9983180798
0.9975229868
0.9973288151
0.005153167872
0.9989386508
0.9992477069
0.9994307861
0.9994256895
0.9993042447
0.9988208088
0.994425468
0.001762779795
0.001418235287
0.00141823156
0.001418233391
0.001418235545
0.001418236178
0.001418235386
0.001418234545
0.001418234489
0.001418234748
0.001418233391
0.001418231856
0.001418232572
0.001418234396
0.001418233914
0.001418237257
0.001764269159
0.9934896395
0.9989136661
0.9990960218
0.998708493
0.002588554131
0.001620248712
0.001418237668
0.0014182447
0.001647615278
0.002730181163
0.9988182534
0.9993162731
0.9994779389
0.9995062202
0.9995151895
0.9995058037
0.9994893866
0.9994862369
0.9993882023
0.9990487898
0.003056140478
0.001640202114
0.001418230592
0.001418230032
0.001418230613
0.001418232925
0.001418236901
0.001418240745
0.001418246198
0.001418252802
0.001418258923
0.001418263759
0.00141826732
0.001418268303
0.001418266297
0.00141826136
0.001418249773
0.001648844048
0.9937064561
0.995163568
0.002831946613
0.001418220401
0.001418223916
0.001418222319
0.00141822234
0.001418229516
0.001503422154
0.001669069327
0.002578517344
0.01390204816
0.998964835
0.9994239708
0.9995319462
0.9995174315
0.9995712915
0.9995175996
0.9994386801
0.9993280418
0.9991193524
0.9985734199
0.9983713098
0.9987356734
0.9990562469
0.9993050008
0.9995142546
0.9994348013
0.9992223768
0.999134183
0.9987715635
0.01362047059
0.003027720979
0.002124697322
0.001965137462
0.001952214608
0.001951955516
0.001955108629
0.001964526546
0.001987813967
0.002044409104
0.002199013269
0.002927953113
0.004970415771
0.9978153032
0.9987938596
0.9993627348
0.9993837592
0.9993416314
0.9992406719
0.9988898429
0.997206988
0.003051309802
0.002369723942
0.9985141305
0.9991784597
0.9985245883
0.002210779031
0.001597014444
0.001687789778
0.002907577175
0.9991409313
0.9995146786
0.9994824435
0.9993405407
0.9992120412
0.9990527574
0.003457630263
0.001598118683
0.00141822928
0.001418233915
0.001418235836
0.001418235168
0.0014182348
0.001418235453
0.001418236264
0.0014182358
0.001418234689
0.001418234371
0.001418234784
0.001418233831
0.00150472671
0.00297010071
0.998811603
0.9989494664
0.9990160421
0.00532226641
0.00173136908
0.001418241746
0.001418239765
0.001418236879
0.001418233455
0.001418230471
0.001599285224
0.002635180029
0.9989175968
0.999391455
0.9995221992
0.9995061419
0.9994693807
0.9994601663
0.999472676
0.9994868097
0.9993863591
0.9990115574
0.002908251441
0.001642183343
0.00141823648
0.001418229871
0.001418234021
0.001418236233
0.001418239703
0.001418245442
0.001418250648
0.001418254571
0.001418258019
0.001418258778
0.001418256679
0.001418252469
0.001418242695
0.001714933112
0.9966247046
0.9962530954
0.002831943979
0.001418217748
0.001418221219
0.001418222508
0.001418223362
0.001418225154
0.00141822671
0.001418227129
0.001418232579
0.001418334687
0.001564188142
0.001950954148
0.00408545297
0.9984411142
0.9992973626
0.9994705245
0.9994416953
0.9993486425
0.9992202094
0.9989620406
0.9986220856
0.005185183449
0.002355148175
0.002100603989
0.002889055786
0.005717064652
0.9981656271
0.9991375605
0.9993782433
0.9994168755
0.9990806839
0.9964597739
0.002117299118
0.001587294748
0.001418238863
0.001418235155
0.001418233757
0.001418235488
0.001418239871
0.001418243388
0.001418285728
0.002809947479
0.9984253235
0.9955514886
0.002681174946
0.004819448805
0.9987060989
0.9989864037
0.9990045375
0.9987530849
0.9990246436
0.9990222405
0.9985956692
0.999222947
0.007076638983
0.001682034743
0.001418241664
0.001418242663
0.001418238126
0.001700734032
0.006767444091
0.9993332872
0.999350268
0.9993699843
0.9994213256
0.999379069
0.9986307108
0.002153260809
0.001499871558
0.001418234802
0.001418236133
0.001418235684
0.001418236719
0.001418237715
0.001418237276
0.001418236038
0.0014182356
0.001418234793
0.001418242271
0.001902329636
0.9974793186
0.999184453
0.9990984127
0.9960871448
0.001962104734
0.0014182692
0.001418239395
0.001418237299
0.001418235739
0.001418233865
0.001418231627
0.001418229589
0.001418229427
0.001612454875
0.002939505959
0.99913569
0.9994861286
0.999477666
0.9994206545
0.9994313455
0.9994407902
0.9994490848
0.9994552631
0.9993315056
0.9989369246
0.003392912144
0.00176742197
0.001507785799
0.001418238761
0.00141823323
0.001418235424
0.001418242024
0.00141824578
0.001418250695
0.001418252538
0.001418251132
0.001418248231
0.001418239799
0.001797959016
0.9980621335
0.9974901443
0.002831943343
0.001418216972
0.001418220024
0.00141822175
0.001418223209
0.001418224766
0.00141822616
0.001418227049
0.001418228648
0.001418230796
0.001418230219
0.00141822824
0.001418237569
0.0015315591
0.001890868164
0.004288237488
0.9989358103
0.9992343729
0.999336174
0.9993043511
0.9993329665
0.9993066782
0.9988715353
0.002284937124
0.00149982383
0.001418271508
0.001546109441
0.001906667682
0.00422221974
0.9990051626
0.9992769284
0.999103758
0.9988493361
0.9985293036
0.00299069736
0.001684915199
0.001418247218
0.001418234706
0.001418241175
0.001418240501
0.001534664458
0.005821934903
0.9994012422
0.004807275771
0.001602396455
0.001418263276
0.001607150089
0.002237709431
0.9973935559
0.998347772
0.9991387626
0.9993694405
0.9990552356
0.9970277832
0.002377660145
0.001418311165
0.001418244187
0.001418240726
0.001418238734
0.001418236492
0.00141826161
0.001955226278
0.9978689518
0.9991691562
0.9994095781
0.9994304567
0.999359776
0.9990199997
0.9968672801
0.001849941848
0.001418245408
0.00141823678
0.001418237773
0.001418239371
0.001418238855
0.001418236564
0.00141823525
0.001418237426
0.001522866373
0.003834014318
0.9991679162
0.9990413563
0.9985430377
0.002499581456
0.001495164492
0.001418237768
0.001418234961
0.001418234006
0.001418233708
0.001418233121
0.001418231991
0.001418230811
0.001418230099
0.001418229774
0.001418231495
0.00166639879
0.004342959064
0.9991407515
0.9992311559
0.9993209086
0.9993584823
0.9993783926
0.9993841738
0.9993769069
0.9993660703
0.9992643941
0.9987374453
0.993358617
0.002868286044
0.002069173112
0.001588669503
0.001480193646
0.00141823814
0.001418240882
0.001418249239
0.001418250288
0.001418249111
0.00141824141
0.001911684503
0.9986787918
0.998197027
0.002831943221
0.001418216728
0.001418219441
0.001418221079
0.001418222666
0.001418224201
0.001418225505
0.001418226533
0.001418227883
0.001418229627
0.001418230536
0.001418230366
0.001418231102
0.001418231228
0.001418230283
0.001418241423
0.001623116744
0.002512243234
0.9985978663
0.9992032422
0.999393791
0.9994063343
0.9993563897
0.9990367363
0.9965008201
0.001779912137
0.001418235483
0.001418234135
0.001418245796
0.001645102044
0.002612531275
0.998160439
0.9987108041
0.9991142066
0.9993476787
0.9991724144
0.004551108786
0.001817287901
0.001503974083
0.001418245596
0.001671184806
0.9917212127
0.9982986525
0.002587822845
0.001418261841
0.001418240274
0.001418241998
0.001546489694
0.002674030437
0.9978535009
0.9991372029
0.999439521
0.9993111618
0.9978168848
0.001683067115
0.001418254456
0.001418242854
0.001418238207
0.001418237188
0.001418236031
0.001418235337
0.001418233183
0.001520831029
0.002385569851
0.99893403
0.9994539736
0.9994524365
0.9993543508
0.9992859141
0.9992131073
0.004509436231
0.001645695691
0.001418234693
0.001418238741
0.001418241003
0.001418237075
0.001418232815
0.001418264007
0.001915422401
0.9979186739
0.9993701425
0.999047552
0.9763414589
0.001676773446
0.001418232148
0.001418235497
0.001418234516
0.001418233447
0.001418233071
0.001418232687
0.001418231965
0.001418231078
0.001418230328
0.001418229834
0.001418229471
0.00141822914
0.001418237802
0.001785813741
0.9951424168
0.9988338868
0.9992186683
0.9992883726
0.9993105904
0.9992893192
0.9992317875
0.9991714247
0.9990659007
0.9984416534
0.9985723565
0.9990698411
0.9983355394
0.9902560672
0.002504847941
0.001767893443
0.001518109366
0.001418255402
0.001418250581
0.001418248691
0.002144116576
0.9990172426
0.9986302654
0.00283194323
0.001418216663
0.001418219163
0.001418220631
0.001418222167
0.001418223678
0.001418225032
0.001418226241
0.001418227618
0.001418229159
0.001418230262
0.001418230753
0.001418231349
0.001418231664
0.001418231624
0.00141823235
0.00141823235
0.001418230564
0.001585192969
0.002533139301
0.9989477851
0.9994567012
0.9994670889
0.9993700132
0.9992652159
0.9990695305
0.003128771998
0.001532414946
0.001418231732
0.001418231403
0.00141823016
0.001556509277
0.001977586022
0.9912050472
0.9990210614
0.9994686762
0.9994796184
0.9990648297
0.9944017378
0.002438871831
0.003180304885
0.9985777364
0.9242734385
0.001559427842
0.001418239734
0.001418236781
0.001418248168
0.001825123468
0.9931069322
0.9978041791
0.9987446006
0.9991105023
0.9991736733
0.9991654763
0.003953139832
0.001418277177
0.001418244782
0.001418238357
0.00141823715
0.001418235921
0.00141823486
0.001418233569
0.001418230708
0.001418229217
0.001643262003
0.004516661632
0.9992129253
0.9992855986
0.9993551772
0.9994533573
0.9994532397
0.9989343002
0.002506678391
0.001602148373
0.001418240398
0.001418244557
0.001418234339
0.001630780172
0.006900612931
0.9993900835
0.9994589876
0.9989007045
0.001975615616
0.001455281108
0.001418230734
0.001418233708
0.001418233849
0.001418233477
0.001418233063
0.001418232619
0.001418231987
0.001418231219
0.001418230454
0.001418229766
0.001418229156
0.001418228696
0.001418228501
0.001418226864
0.001486402781
0.00200397462
0.9977026803
0.9990090635
0.9992831258
0.9992711136
0.9991773038
0.9990633349
0.9988576148
0.9982083073
0.9957354047
0.998085664
0.9991925534
0.9990267165
0.9989590116
0.998936887
0.996801195
0.00313744503
0.00215202941
0.001814669127
0.002795623095
0.9992706763
0.9989145719
0.002831943273
0.001418216667
0.001418219049
0.001418220368
0.001418221815
0.001418223293
0.001418224703
0.001418226053
0.001418227481
0.001418228946
0.001418230135
0.001418230962
0.001418231701
0.001418232191
0.001418232542
0.001418233323
0.001418233974
0.001418233861
0.001418233024
0.00141823273
0.001646421179
0.004692749713
0.9992714801
0.9993535787
0.9993957123
0.9994448468
0.9993687962
0.998054296
0.001870633245
0.001418244115
0.001418230467
0.001418227963
0.001418225457
0.001475238647
0.00174836164
0.003767674476
0.9990875733
0.9993200018
0.9989196896
0.9988391028
0.9988718187
0.9991060051
0.003874274766
0.001500751538
0.001418242503
0.001418238917
0.001609416126
0.003549056417
0.998769845
0.9984868788
0.9984771038
0.9979447683
0.9970913184
0.9992614277
0.9995472281
0.00430529221
0.001418269079
0.001418238608
0.001418236881
0.001418234916
0.001418233231
0.001418232236
0.001418230714
0.001418229551
0.001418229828
0.001418241227
0.001849330347
0.9968477949
0.9990183738
0.9993603847
0.999425714
0.9993824643
0.999122828
0.9985254041
0.002687710094
0.001680543091
0.00149590677
0.001950420067
0.9987389746
0.9994368968
0.9994306403
0.01169266843
0.001649046066
0.001418227523
0.001418233427
0.001418235169
0.001418234704
0.001418234122
0.001418233524
0.001418232909
0.001418232232
0.001418231507
0.001418230799
0.001418230165
0.001418229659
0.001418229368
0.001418229322
0.001418228626
0.001418226656
0.001418225624
0.001541431758
0.00223252165
0.9985124791
0.9992643722
0.9992694689
0.9991191085
0.9989751159
0.9986095656
0.9977283609
0.9938425338
0.002875215825
0.003296358331
0.996919344
0.9988765105
0.9989193242
0.9988665847
0.9986696116
0.9946217968
0.9970429438
0.9992222501
0.9990769271
0.002831943325
0.001418216704
0.001418219029
0.001418220237
0.001418221602
0.001418223046
0.001418224494
0.001418225936
0.001418227417
0.001418228883
0.001418230162
0.001418231209
0.001418232134
0.001418232874
0.00141823354
0.001418234393
0.001418235119
0.001418235384
0.00141823526
0.001418235079
0.001418234982
0.001418246338
0.001912073261
0.9979444176
0.9992359876
0.9994701834
0.9994917405
0.9994066008
0.999276325
0.00508353114
0.00166066943
0.001418229404
0.001418229288
0.001418230266
0.001418231067
0.001418242658
0.001654124146
0.003025314486
0.998746992
0.9989344906
0.9991102513
0.998981356
0.004632284638
0.001611083513
0.00141823861
0.001528684448
0.002157175179
0.9985047992
0.9992516489
0.9990052477
0.9983731228
0.002806253302
0.001747088222
0.002901313071
0.9995076349
0.9996057279
0.003999989705
0.001494642533
0.001418232294
0.001418231603
0.001418230056
0.001418229993
0.001418229579
0.001418229094
0.001418229046
0.001418229598
0.001418228789
0.00149927813
0.002144653646
0.9986119279
0.9993767227
0.9993710971
0.9991723597
0.9991310828
0.9989897332
0.9985359437
0.002942181579
0.9945017166
0.9989555519
0.9993785681
0.9982848064
0.002023426428
0.001418315346
0.001418230457
0.001418233557
0.001418235269
0.001418235119
0.001418234554
0.001418233923
0.001418233265
0.001418232582
0.001418231902
0.001418231265
0.001418230717
0.001418230305
0.001418230072
0.001418229954
0.001418229453
0.001418228373
0.001418228025
0.001418228396
0.001418228628
0.001592977313
0.003083639185
0.9989048082
0.9990909276
0.999120669
0.9989781555
0.9988233024
0.9987361136
0.9985677675
0.002679726864
0.001770548606
0.001765005169
0.002470000061
0.9957021259
0.997397332
0.9954574359
0.9973504469
0.9989524356
0.9987452315
0.002831943379
0.001418216755
0.001418219065
0.001418220194
0.001418221496
0.001418222911
0.001418224383
0.001418225885
0.001418227416
0.001418228918
0.001418230292
0.001418231507
0.001418232602
0.001418233557
0.001418234439
0.001418235351
0.001418236106
0.001418236515
0.001418236609
0.001418236628
0.001418236974
0.001418237826
0.001418235712
0.001527238036
0.002542931337
0.9991081098
0.9995296083
0.9995377501
0.9995313597
0.9995121391
0.9990509091
0.002552508464
0.001588408623
0.001418232377
0.001418236726
0.001418239371
0.001418240583
0.001671549677
0.004206227262
0.9984287381
0.9986485846
0.9986900417
0.9985243453
0.99679238
0.001940750069
0.002080867369
0.9974160687
0.9990178166
0.9993073985
0.9988107815
0.002545398092
0.001648507664
0.001418236856
0.001418236508
0.002450960774
0.9994815155
0.9994325694
0.9961092401
0.001535239796
0.001418229583
0.001418227052
0.00141822806
0.001418228638
0.001418228983
0.001418229406
0.001418230025
0.00141823006
0.001418228327
0.001418227498
0.001594695809
0.003619948569
0.9991521276
0.9989980966
0.998846004
0.9989100367
0.9989925858
0.9988655483
0.9986136392
0.9990255958
0.9992631963
0.005296245187
0.001547666827
0.001418236545
0.001418233106
0.001418234123
0.001418235128
0.00141823521
0.001418234816
0.001418234245
0.001418233613
0.001418232962
0.001418232327
0.001418231747
0.001418231253
0.001418230872
0.001418230606
0.001418230371
0.001418229898
0.001418229155
0.001418228776
0.001418228906
0.0014182293
0.001418229698
0.001418233623
0.001778772002
0.9969041155
0.9991105952
0.9991694236
0.9990250416
0.9989648297
0.9990192695
0.9989816554
0.9981794846
0.002296625037
0.001616275073
0.001741399255
0.002405097709
0.9927255647
0.9975240515
0.9986675629
0.9978521542
0.002831943432
0.001418216814
0.001418219133
0.001418220207
0.001418221465
0.001418222861
0.001418224348
0.001418225893
0.001418227469
0.001418229022
0.001418230485
0.001418231832
0.00141823307
0.001418234188
0.001418235222
0.001418236203
0.001418237019
0.001418237578
0.001418237924
0.001418238228
0.00141823874
0.001418239535
0.001418239329
0.001418236651
0.001418234675
0.001674672555
0.005783699316
0.9993138018
0.999422585
0.9994896028
0.9994403558
0.9991631219
0.9984120228
0.002511899619
0.001640225515
0.001418244387
0.001486533297
0.00189774649
0.9982523449
0.9978471367
0.9964228718
0.9971630951
0.003913227645
0.9955143598
0.9930995826
0.9967891096
0.9985467592
0.9989024545
0.9989886731
0.004471244536
0.001679353159
0.001418236181
0.001418234427
0.001418233344
0.001418235427
0.002361314571
0.9993146374
0.9993877443
0.007698591238
0.001576210505
0.001418224424
0.001418226405
0.001418227741
0.001418228898
0.00141822991
0.001418230806
0.001418231377
0.001418231438
0.001418232781
0.001418237604
0.001418251467
0.002019904789
0.9984797412
0.9989503906
0.9991525763
0.9992944968
0.9993532767
0.9992721773
0.99920298
0.9982882137
0.002112952591
0.001418262678
0.00141824045
0.001418236616
0.001418235715
0.001418235611
0.001418235416
0.001418235035
0.001418234514
0.001418233926
0.001418233318
0.001418232728
0.001418232187
0.001418231718
0.001418231333
0.001418231016
0.001418230698
0.001418230245
0.001418229687
0.001418229348
0.001418229321
0.001418229589
0.001418230255
0.001418231289
0.001418230117
0.001523654535
0.002689168173
0.9987223707
0.9989484086
0.9989649094
0.9987727521
0.9987170102
0.9988357789
0.9986146664
0.9979070037
0.002831937834
0.9882417434
0.993903486
0.9978548686
0.9985885423
0.9960412958
0.002831943481
0.001418216871
0.001418219213
0.001418220251
0.001418221482
0.00141822287
0.001418224372
0.001418225952
0.00141822757
0.001418229175
0.001418230715
0.001418232164
0.001418233513
0.001418234751
0.00141823589
0.001418236938
0.00141823782
0.001418238489
0.001418238994
0.001418239428
0.001418239895
0.001418240313
0.001418239928
0.001418238325
0.00141823719
0.001418236471
0.001418252004
0.001901898281
0.998214356
0.9993922887
0.9994162878
0.9992195791
0.9991282956
0.9989686285
0.9985507173
0.002853859527
0.001996503264
0.9732644786
0.9981371475
0.9972988494
0.001943053129
0.002524442847
0.9964591533
0.9957808164
0.9973728922
0.9983697214
0.9988711625
0.9985004484
0.9866933742
0.001824740809
0.001418251688
0.00141823588
0.001418234245
0.001418233867
0.001418234887
0.0014182358
0.002198595716
0.9993137191
0.9993761923
0.9970785734
0.001550648188
0.00141822329
0.001418226356
0.001418228631
0.001418230305
0.001418231406
0.001418232167
0.001418232912
0.00141823456
0.001418238462
0.001418248955
0.001865321896
0.006487928203
0.999104812
0.999371518
0.9994973817
0.9995433437
0.9994162167
0.9991285094
0.004151235063
0.001565140176
0.001418244295
0.001418241355
0.00141823762
0.001418236525
0.001418235975
0.001418235584
0.001418235181
0.001418234707
0.001418234173
0.001418233616
0.001418233068
0.001418232557
0.001418232102
0.001418231707
0.001418231354
0.001418231
0.001418230586
0.001418230165
0.001418229923
0.001418229955
0.001418230307
0.001418231073
0.001418232133
0.001418232427
0.001418230924
0.001418232388
0.001740897813
0.9955604404
0.9989391627
0.9988831484
0.9983102703
0.9983210506
0.9985293879
0.9987648016
0.9986920137
0.9977058437
0.9947668711
0.9963840331
0.997932946
0.008804847206
0.002831943523
0.001418216922
0.001418219293
0.00141822031
0.00141822153
0.001418222921
0.001418224443
0.001418226056
0.001418227714
0.001418229364
0.001418230964
0.001418232489
0.001418233919
0.001418235235
0.001418236443
0.001418237542
0.00141823847
0.001418239194
0.001418239764
0.001418240203
0.001418240534
0.001418240667
0.001418240158
0.001418238965
0.001418237909
0.001418237649
0.0014182379
0.001418235522
0.001538146821
0.003432103216
0.9991992251
0.9990359357
0.9987186384
0.9987304659
0.9989249451
0.9989202543
0.9984927895
0.9966161901
0.9979372601
0.002670875995
0.001898721081
0.002256917346
0.9975217839
0.9985910078
0.9988920139
0.999050401
0.9989793129
0.9981762542
0.002044487794
0.001475201573
0.001418236242
0.001418233978
0.001418233418
0.001418233778
0.001418234675
0.001418234911
0.001418233081
0.002031781496
0.9990242088
0.9989160964
0.9834990124
0.00158650455
0.001418225543
0.001418229176
0.001418231129
0.001418231918
0.001418232142
0.001418232107
0.001418232383
0.001418233812
0.001613154028
0.00296616996
0.9990393041
0.9991192027
0.9993345833
0.9994550378
0.9995092013
0.999430832
0.9988639775
0.002089618952
0.001418251615
0.001418246819
0.001418243508
0.0014182393
0.001418237389
0.001418236414
0.001418235799
0.001418235317
0.001418234848
0.001418234354
0.001418233841
0.001418233331
0.001418232849
0.001418232407
0.001418232009
0.001418231642
0.001418231284
0.001418230916
0.001418230594
0.001418230432
0.001418230529
0.001418230932
0.001418231727
0.001418232674
0.00141823317
0.001418232754
0.001418233631
0.001418233546
0.001512531581
0.0027363167
0.9988604313
0.998438716
0.9983556757
0.9986914091
0.9989794967
0.9991803571
0.999127559
0.9983696775
0.9979263556
0.9978775807
0.006672677846
0.002831943555
0.00141821696
0.00141821936
0.001418220372
0.001418221597
0.001418223004
0.001418224553
0.001418226202
0.001418227896
0.001418229583
0.001418231225
0.001418232802
0.001418234282
0.001418235639
0.001418236883
0.001418238018
0.001418238965
0.001418239694
0.001418240275
0.001418240663
0.001418240865
0.001418240875
0.0014182404
0.001418239629
0.001418238793
0.00141823854
0.001418238586
0.001418238491
0.001418237058
0.001418243224
0.002047025698
0.9979986493
0.9980921695
0.9981239866
0.9985244705
0.9988884415
0.9990237335
0.9984318408
0.9958815646
0.002447550241
0.00231703453
0.9973253229
0.9984360449
0.9991083432
0.9993471981
0.9992654894
0.9988582982
0.002737260289
0.001597077781
0.001418234714
0.001418239321
0.001418236799
0.00141823521
0.001418235026
0.00141823544
0.001418235565
0.00141823519
0.001418233899
0.002033187556
0.9988267068
0.9987633968
0.9946722135
0.00163728519
0.001418229768
0.001418232991
0.001418232873
0.001418231643
0.001418230018
0.001418228731
0.001538388731
0.002182278505
0.9981978201
0.9988747408
0.9987648307
0.9988565451
0.9990141352
0.999072615
0.9991070286
0.9991690559
0.003859530613
0.001418251378
0.00141824302
0.001418241747
0.001418239123
0.001418237378
0.001418236394
0.001418235778
0.001418235315
0.001418234885
0.00141823444
0.001418233975
0.001418233507
0.001418233056
0.001418232632
0.001418232244
0.001418231881
0.00141823154
0.001418231212
0.001418230955
0.001418230831
0.001418230948
0.001418231323
0.001418232118
0.001418233065
0.001418233924
0.001418233821
0.001418234201
0.001418236766
0.001418238645
0.00141824503
0.002387853823
0.9978919364
0.9985315549
0.9989407205
0.99918556
0.9993489426
0.9993790419
0.9991172122
0.9985489584
0.006621604283
0.009198872647
0.002831943573
0.00141821698
0.001418219408
0.001418220427
0.001418221676
0.001418223114
0.0014182247
0.001418226389
0.001418228119
0.00141822983
0.001418231494
0.001418233105
0.001418234605
0.001418235963
0.001418237211
0.001418238374
0.001418239316
0.001418240006
0.001418240583
0.001418240889
0.001418240963
0.001418240961
0.001418240551
0.001418240171
0.001418239479
0.001418239379
0.001418239088
0.001418239738
0.001418238723
0.001418243606
0.001418243369
0.00201368717
0.9961443551
0.997904084
0.9985410563
0.9988572691
0.9989660618
0.998586396
0.9974091006
0.004488261226
0.9980875781
0.9976417195
0.9981098466
0.998727495
0.9990717083
0.9990961364
0.004977063979
0.001690537335
0.001418239416
0.001418238407
0.001418240543
0.001418238935
0.001418237357
0.001418236689
0.001418236562
0.001418236401
0.001418236023
0.001418235795
0.001418234568
0.001934590946
0.9985105227
0.9987305865
0.9967437259
0.001703392211
0.001418234667
0.001418235101
0.001418231691
0.00141822799
0.001517132237
0.001972229965
0.9967469714
0.9985959462
0.9988224255
0.9982768384
0.9982794175
0.9981963762
0.9968221066
0.9962774443
0.9988150858
0.998992255
0.001930263917
0.001418238902
0.001418240207
0.001418238068
0.001418236674
0.001418235941
0.001418235483
0.001418235133
0.001418234791
0.001418234417
0.001418234011
0.00141823359
0.001418233176
0.001418232778
0.001418232412
0.001418232066
0.001418231752
0.001418231457
0.001418231242
0.001418231114
0.001418231215
0.001418231456
0.00141823214
0.001418232951
0.001418234281
0.001418234033
0.001418232512
0.001418234616
0.001418235233
0.001595422347
0.002244606081
0.9968329017
0.9983187186
0.9988936306
0.9991305424
0.9992819259
0.9993173454
0.9991591591
0.9989316343
0.006833042428
0.998155757
0.002831943573
0.001418216979
0.001418219427
0.001418220474
0.001418221766
0.001418223251
0.001418224884
0.001418226623
0.001418228386
0.001418230106
0.001418231775
0.001418233405
0.001418234894
0.001418236207
0.001418237427
0.001418238629
0.001418239541
0.001418240141
0.001418240733
0.001418240929
0.00141824084
0.001418240858
0.001418240424
0.001418240421
0.001418239443
0.001418239724
0.00141823858
0.001418239716
0.00141823928
0.001418266773
0.001718593106
0.002540738563
0.9969304368
0.9979991565
0.9985944151
0.9987826375
0.9987858621
0.9983532361
0.9977373345
0.9982692837
0.9984785848
0.9978888923
0.997717817
0.998022961
0.9977593511
0.9983310182
0.9982321528
0.001669853316
0.001418238165
0.001418237716
0.0014182397
0.001418239421
0.001418238677
0.001418238037
0.001418237576
0.001418237125
0.001418236543
0.001418236027
0.001418235484
0.00141823279
0.001828784425
0.9980701507
0.9987064882
0.9977421601
0.001802652437
0.00141824152
0.001418234397
0.001527703883
0.001959008763
0.9959881577
0.9984873039
0.9988880258
0.9988967132
0.9983403959
0.9976570904
0.9967912448
0.9976409186
0.002111059334
0.9966702914
0.9990702507
0.9981650975
0.001564843038
0.001418236601
0.001418235593
0.001418235082
0.001418234975
0.001418234863
0.001418234737
0.001418234543
0.001418234271
0.001418233943
0.001418233579
0.001418233211
0.001418232846
0.001418232513
0.001418232189
0.001418231914
0.001418231639
0.001418231471
0.001418231319
0.001418231409
0.001418231476
0.001418231997
0.001418232184
0.001418233945
0.001418233995
0.001418232098
0.001418242532
0.001648853395
0.002299097692
0.9968263096
0.9974016091
0.9975951379
0.9983584668
0.9986922874
0.9989054079
0.9989458865
0.9987517011
0.9987016358
0.9983864948
0.007822624583
0.002831943551
0.001418216951
0.001418219416
0.001418220514
0.001418221873
0.001418223422
0.001418225111
0.001418226913
0.001418228706
0.001418230415
0.001418232069
0.001418233722
0.001418235161
0.001418236362
0.001418237527
0.001418238809
0.001418239638
0.001418240086
0.001418240787
0.001418240771
0.001418240479
0.001418240574
0.001418239566
0.001418240098
0.001418237689
0.001418237098
0.001418234347
0.001418238319
0.001511361732
0.001947711028
0.005260254203
0.9986674265
0.9983685073
0.998244345
0.9985721516
0.9987202878
0.9987929581
0.9987123221
0.998660876
0.9987499317
0.9987274217
0.9982258425
0.9979189453
0.9979205703
0.002704201794
0.9899016862
0.9987907228
0.003056823657
0.001418236953
0.00141823603
0.001418238612
0.001418239458
0.001418239301
0.001418238828
0.001418238209
0.001418237581
0.001418236832
0.001418236226
0.001418235458
0.001418234582
0.001418231663
0.001745243302
0.9973202222
0.9986519806
0.998308393
0.002040209482
0.001589683295
0.002092095598
0.9967606899
0.9986229554
0.9990553469
0.9991765008
0.9991309335
0.9986609732
0.8670904789
0.002399138816
0.998962214
0.005148221892
0.001834964938
0.9990554507
0.9994370906
0.005015904178
0.001418255779
0.001418234666
0.001418233817
0.001418233934
0.001418234037
0.001418234145
0.001418234139
0.001418234001
0.001418233772
0.001418233479
0.001418233169
0.001418232842
0.001418232551
0.001418232243
0.00141823202
0.001418231746
0.001418231633
0.001418231466
0.001418231633
0.001418231327
0.001418232005
0.001418230558
0.001418231288
0.0014182284
0.001464895959
0.001769365112
0.003644835325
0.9984116724
0.9982633193
0.9976059009
0.9962994596
0.9968143591
0.9972624335
0.9977207011
0.9978885527
0.9978522294
0.9981200258
0.9981545322
0.9937443694
0.002831943502
0.001418216894
0.001418219374
0.001418220555
0.001418222009
0.001418223634
0.001418225393
0.001418227281
0.001418229089
0.001418230745
0.001418232379
0.001418234107
0.001418235432
0.001418236392
0.001418237489
0.001418239003
0.001418239594
0.001418239719
0.001418240889
0.001418240467
0.001418239616
0.001418240424
0.001418238006
0.001418238214
0.001418234129
0.001418238434
0.001508149178
0.001812278157
0.003095772507
0.9970556295
0.9990829119
0.9991308946
0.9986966766
0.998318839
0.9984803407
0.9986433649
0.9988471646
0.9989883328
0.9990937833
0.9990649081
0.9988396181
0.9980928561
0.9967890937
0.002278437907
0.001692969277
0.001666097835
0.9985984574
0.9987956597
0.00172651321
0.001418231437
0.001418236398
0.001418238483
0.00141823894
0.001418238793
0.001418238196
0.001418237562
0.001418236787
0.001418236441
0.001418235963
0.001418236419
0.001418236206
0.001418237318
0.00172345198
0.9971901998
0.9985874852
0.9987688625
0.00431152293
0.9980715109
0.9987207547
0.9990931044
0.9992283775
0.9991725905
0.9989129594
0.003783582083
0.001805705784
0.00150068988
0.003425379202
0.9989179382
0.001744931104
0.002583254332
0.9993124987
0.9993954361
0.002305325283
0.001418233632
0.001418231657
0.001418232141
0.001418232637
0.001418233203
0.001418233528
0.001418233601
0.001418233516
0.001418233311
0.001418233073
0.001418232779
0.001418232544
0.00141823223
0.001418232065
0.001418231782
0.001418231786
0.001418231526
0.001418232384
0.001418231767
0.001418233329
0.001418232675
0.001418264837
0.001623519909
0.002007258614
0.9794921478
0.9987876397
0.9990519318
0.9986532905
0.9976824779
0.9968256919
0.9961207362
0.9949869556
0.994457312
0.9938339159
0.9957115098
0.9979579472
0.9986193019
0.9969294349
0.00283194342
0.001418216808
0.00141821931
0.001418220618
0.001418222192
0.001418223894
0.001418225736
0.001418227766
0.001418229555
0.001418231059
0.001418232664
0.001418234656
0.001418235813
0.001418236244
0.00141823718
0.001418239386
0.001418239537
0.001418238695
0.001418240884
0.001418240207
0.001418237924
0.001418238699
0.001418236265
0.001418253777
0.001533137956
0.001886779698
0.003433303344
0.9972736113
0.9989976169
0.9991988546
0.9991302033
0.9990625955
0.9986077991
0.9985544521
0.9986109959
0.998659881
0.9988267294
0.9989827753
0.9991306635
0.9991077406
0.9985189875
0.9945912294
0.002048702792
0.001573361201
0.001418239627
0.001418237267
0.002532469718
0.998876329
0.9934689907
0.001493341665
0.001418232507
0.001418236279
0.001418237569
0.001418237939
0.001418237431
0.001418236867
0.001418235868
0.001418235989
0.00141823531
0.001418236549
0.001418237245
0.001418256929
0.00168368276
0.002790901023
0.9983182234
0.9989601622
0.9991451209
0.9991048312
0.9991134136
0.9992113183
0.9991498889
0.9987691185
0.00286013028
0.001688238465
0.001418247618
0.001418237815
0.001561823658
0.9954191646
0.9849144719
0.001622796294
0.9909311434
0.9990687047
0.9983783612
0.001610983682
0.001418226171
0.001418228716
0.00141823046
0.001418231981
0.001418232832
0.001418233176
0.001418233253
0.001418233126
0.00141823297
0.001418232684
0.001418232504
0.001418232133
0.001418232019
0.001418231464
0.001418231757
0.001418230771
0.001418231605
0.001418230571
0.001418239334
0.001524809249
0.002022154272
0.006481974982
0.9987779561
0.9988397941
0.9990120003
0.9990774252
0.9985774336
0.9980732772
0.997854807
0.9976652157
0.997953161
0.9969093375
0.9922119911
0.9769913149
0.9968561573
0.9988229268
0.9982297136
0.002831943302
0.001418216696
0.001418219243
0.001418220746
0.001418222455
0.001418224194
0.001418226123
0.001418228446
0.001418230176
0.001418231298
0.001418232785
0.001418235443
0.001418236534
0.00141823607
0.001418236307
0.001418239782
0.001418239699
0.001418236986
0.001418239408
0.001418237081
0.001418238329
0.001448594944
0.001579011847
0.002165225087
0.005467157744
0.9982140875
0.9991734168
0.9993075918
0.9992484351
0.9993096012
0.9992132252
0.9990620849
0.998835926
0.9988700643
0.9989261463
0.9990794652
0.9989183407
0.9986274833
0.9984555122
0.9984423627
0.9968445613
0.001903536824
0.001522966274
0.00141823573
0.001418237781
0.001418236041
0.001532999279
0.9971093414
0.9987186941
0.002132289644
0.001418229765
0.001418234641
0.001418236188
0.001418236873
0.001418235939
0.001418235411
0.001418233447
0.001418232932
0.001418231239
0.001418234246
0.001501354208
0.001874407193
0.004312126658
0.9986028154
0.9988908886
0.9992463772
0.9993404333
0.9993289048
0.9992263624
0.9991318962
0.9987202709
0.002709586074
0.001633353738
0.001418237903
0.001418235671
0.001418234596
0.001418231162
0.001881871952
0.9965653216
0.002084192964
0.001573544544
0.997995626
0.9990421103
0.9899991018
0.001475072187
0.001418226016
0.001418228993
0.001418231396
0.001418232557
0.001418232985
0.001418233133
0.001418233003
0.001418232902
0.001418232592
0.001418232503
0.001418231813
0.001418231962
0.001418230545
0.001418230501
0.001418228952
0.001418234033
0.001507593826
0.001874527999
0.003881486094
0.9982162994
0.9993144398
0.9994222177
0.9993212797
0.9992506265
0.9991684726
0.9988762619
0.9988240842
0.9985587293
0.9983603812
0.9988130011
0.9990981709
0.9976303043
0.9900820354
0.9910386619
0.9987232835
0.9985126841
0.00283194317
0.001418216576
0.001418219201
0.001418221011
0.001418222871
0.001418224514
0.001418226462
0.001418229383
0.001418231105
0.001418231552
0.001418232501
0.001418236289
0.001418237422
0.001418236364
0.001418235329
0.00141823861
0.001418236101
0.001418234982
0.001418257252
0.00151401455
0.001692690414
0.00284773986
0.7895648205
0.9986195429
0.9993777851
0.9994359761
0.9993696215
0.99941572
0.9993331619
0.9993089605
0.9992651546
0.9991828088
0.9991913356
0.9990976617
0.9990551123
0.9992734658
0.9993630129
0.9982209706
0.9841273548
0.9922020085
0.9968616357
0.00177468487
0.001418231354
0.001418235221
0.001418236956
0.001418236181
0.001418233677
0.001870831397
0.9992110342
0.9990482644
0.001637342337
0.001418235958
0.001418235984
0.001418236479
0.001418234255
0.001418232804
0.001418230196
0.001418232723
0.001496814395
0.001753894853
0.002794717382
0.9958530244
0.9989901786
0.9991657723
0.9991373779
0.9992849305
0.9993694915
0.9993422971
0.9991372201
0.9987097549
0.002720759057
0.001629845986
0.001418238038
0.001418237453
0.001418236068
0.001418233909
0.001418231178
0.001472308692
0.9388813651
0.9976038511
0.001628476839
0.002150519912
0.9993343271
0.9992742555
0.002404412072
0.001418228203
0.001418230326
0.001418232466
0.001418233092
0.001418233167
0.001418233213
0.001418232977
0.001418232943
0.00141823238
0.001418232741
0.00141823129
0.001418231211
0.001418229143
0.001418232452
0.001498607816
0.001812890534
0.003331208422
0.9978192996
0.9992203835
0.999410082
0.9994018298
0.9994502186
0.9993435086
0.9993704702
0.9992156703
0.9989007623
0.9989216643
0.9989154035
0.9960229296
0.9907919323
0.003986884816
0.002667462433
0.001903757002
0.002667714284
0.998761705
0.9983774299
0.002831943132
0.001418216517
0.00141821923
0.001418221497
0.001418223564
0.001418224919
0.001418226585
0.00141823046
0.001418232183
0.001418232081
0.001418232082
0.001418236034
0.001418234957
0.001418233777
0.001418237532
0.001418294482
0.001512040116
0.001621156635
0.002413945402
0.005786051162
0.9978495563
0.9989153859
0.9994491223
0.9994547124
0.9994194005
0.9994646661
0.9993935633
0.9993913997
0.9993615632
0.9994073895
0.9992949862
0.9991460855
0.9992200339
0.9992575309
0.9981183665
0.9970779259
0.006353622231
0.002715546385
0.001682925265
0.001907162227
0.996701986
0.002263160203
0.001418233738
0.001418235339
0.001418235844
0.001418235292
0.001418234074
0.001418241767
0.004346915055
0.9995008065
0.007139145988
0.00141827349
0.001418238206
0.001418236536
0.001418232662
0.001418236371
0.001507857751
0.001788945258
0.002935557895
0.9960704316
0.9988624324
0.9990974418
0.9990704476
0.9991372266
0.9990195295
0.9991537588
0.9992128066
0.9989920248
0.9983208762
0.002565509566
0.001626188894
0.001418239482
0.001418239311
0.001418238506
0.00141823604
0.001418233263
0.001418230914
0.001418228309
0.001735706604
0.9991203914
0.005380623192
0.001418272881
0.004401849699
0.9994082429
0.9989310604
0.001766761859
0.001418230507
0.001418233882
0.001418233735
0.001418233406
0.001418233401
0.001418232835
0.001418233217
0.001418231975
0.001418232326
0.001418230471
0.001418235729
0.001508357088
0.001802662095
0.003073011228
0.997358633
0.9991330855
0.9993725647
0.9993957562
0.9994861018
0.999445669
0.9994646127
0.9993570955
0.9994000904
0.9993303824
0.9974333218
0.9835251602
0.00284729225
0.002004715446
0.001572794321
0.001501285288
0.0014183115
0.001418273803
0.002070973259
0.9990189606
0.9985575401
0.002831943574
0.001418216702
0.00141821943
0.001418222226
0.001418224499
0.001418225515
0.001418226538
0.001418230701
0.001418230305
0.001418229762
0.001418232825
0.001418259989
0.001495040193
0.001562174104
0.001808642417
0.002984473729
0.009072499455
0.9979471479
0.99872795
0.9994562915
0.9994585113
0.9993805934
0.9994354988
0.9994507402
0.9993941321
0.999377181
0.9993512185
0.999406549
0.9993383935
0.9994074136
0.9993719647
0.9981026403
0.9951347299
0.003751765091
0.002260933232
0.001622254686
0.001520748422
0.001418285359
0.001418248962
0.001581858133
0.9973234116
0.9928059131
0.001493803223
0.00141823418
0.001418234049
0.001418233845
0.001418232987
0.001418232139
0.001582535517
0.9988400964
0.9992942255
0.00211843778
0.001418240459
0.001418263221
0.001536858739
0.001870715704
0.003382645527
0.9971233848
0.9989972074
0.9991979284
0.9992049761
0.999280901
0.9992736079
0.9990841412
0.9987002458
0.9986029725
0.9984040104
0.9957727827
0.00205821444
0.001576496123
0.001418239231
0.001418240231
0.001418240289
0.00141823816
0.001418234998
0.001418232116
0.001418229781
0.001418228184
0.001418238309
0.005176671915
0.9991263031
0.001745248768
0.00155824705
0.9981079558
0.9991645901
0.9975984455
0.001533978426
0.001418234707
0.001418234352
0.00141823359
0.001418233913
0.001418232442
0.001418232664
0.001418231011
0.001418237188
0.001515661263
0.001857891423
0.003441688581
0.9974251141
0.9990604362
0.9993230841
0.9993637966
0.9994764333
0.9994572405
0.9994970821
0.9994115126
0.9993986258
0.9992117736
0.9981798126
0.005408667401
0.00220434136
0.001557130255
0.001477714417
0.001418364809
0.001418362666
0.001418348926
0.001418308956
0.001418278523
0.001873269262
0.9986782727
0.9983024503
0.002831946468
0.001418217452
0.001418219908
0.001418222803
0.001418223942
0.001418224431
0.001418227474
0.001418248488
0.001490418097
0.00155757339
0.00179153711
0.002767431407
0.006142779126
0.9973699404
0.9983149762
0.9991953369
0.9995682419
0.9995354866
0.9994410035
0.9994696055
0.9994989707
0.9994203582
0.9993858059
0.9993286638
0.9992893468
0.9993162162
0.9992045751
0.9992518574
0.9990665103
0.9979958271
0.00545178283
0.002296353739
0.001582187252
0.001491423276
0.00141824804
0.001418240729
0.001418241135
0.001418240417
0.001418244279
0.001418264621
0.006593158696
0.9992368665
0.001845987231
0.001418237508
0.001418234645
0.001418231966
0.001418230268
0.001418230903
0.001418237236
0.002166369614
0.9981657716
0.9962704114
0.00179910211
0.002304227779
0.005717465511
0.9979990824
0.9991367664
0.9992812489
0.999274767
0.9993533701
0.9993687875
0.999309193
0.9993610393
0.9993379433
0.9977501813
0.9910528503
0.9980344295
0.002350656184
0.001482776778
0.001418236158
0.001418238916
0.001418240684
0.001418240008
0.001418237162
0.001418234069
0.001418231583
0.001418229781
0.001418228763
0.00141822966
0.001621285328
0.9975953685
0.9403685802
0.001468641114
0.001840700247
0.999043464
0.999376201
0.003733857947
0.001418247672
0.001418237838
0.001418234753
0.001418234145
0.001418231472
0.001418236014
0.00151193263
0.001859313818
0.003573015764
0.9977452789
0.9991566739
0.9993244684
0.9993126886
0.9994454846
0.9994470692
0.999506548
0.9994399371
0.9994398821
0.9992653446
0.9980597334
0.003754770566
0.001898334266
0.001533598543
0.001418486017
0.001418487181
0.00141850615
0.001418459328
0.001418426064
0.001418382921
0.001418325994
0.001418281921
0.001761507101
0.9980268856
0.997749263
0.0028319806
0.001418220655
0.001418220088
0.00141822842
0.001471753742
0.001535944895
0.001745010733
0.002611030458
0.005636346283
0.9974350098
0.9984028966
0.9992169308
0.9995657345
0.9995450579
0.9994723026
0.9995186386
0.9995669185
0.99959444
0.9995349063
0.9994990705
0.9994380555
0.9993727704
0.9992946762
0.9991471693
0.9990006179
0.9990266007
0.9987382584
0.9967240332
0.002892440497
0.001807032076
0.001526469093
0.001418258417
0.001418236459
0.001418234334
0.001418233223
0.001418235912
0.001418239386
0.001418239511
0.001418240915
0.001418248412
0.001935492217
0.9992402111
0.00738560144
0.001418279591
0.001418256223
0.001418306921
0.001505158976
0.001568438839
0.00188632573
0.002904078037
0.9982753768
0.9980694411
0.9967930825
0.9980333819
0.9993399102
0.999348244
0.9992941801
0.9993629273
0.9993575327
0.9992874071
0.9993027917
0.999172172
0.9981076788
0.006073078866
0.002385716361
0.001633570754
0.003884728825
0.003417906332
0.001418260786
0.001418242862
0.001418240606
0.001418241314
0.001418239835
0.001418236487
0.001418233545
0.00141823172
0.001418230865
0.001418230825
0.001418231711
0.001418231545
0.002055362262
0.9966746623
0.00185068474
0.001418237489
0.002676643965
0.9992754465
0.9992827602
0.002238895347
0.001418238831
0.001418235391
0.001418238636
0.001509619251
0.001832055129
0.003353092872
0.9975469686
0.9991461226
0.9993287703
0.9993409299
0.9994172422
0.9993841837
0.9994840036
0.9994498488
0.9994728952
0.9993340359
0.9983421994
0.004190988709
0.001906667209
0.001515879588
0.001418615205
0.001418662751
0.001418678006
0.001418635964
0.00141858726
0.00141850882
0.001418441408
0.001418385528
0.001418335818
0.00141829604
0.001680844681
0.9964757585
0.9967199186
0.003357375154
0.001538652411
0.001602458209
0.002101739136
0.003669208186
0.9969124834
0.9983760256
0.9992260472
0.999577903
0.999577282
0.9995271152
0.9995735323
0.9996202577
0.9996525503
0.9996236493
0.9996152943
0.9995985636
0.9995754196
0.999554473
0.9995196335
0.9994451678
0.9993456084
0.9991993365
0.9988829876
0.998168174
0.9975037822
0.006862162833
0.003253344401
0.00247042019
0.002249710647
0.002147708505
0.002106850346
0.002084294449
0.002069336055
0.002059069704
0.002054009289
0.002057541093
0.002078370694
0.002142863116
0.002385618264
0.002910116798
0.9973163434
0.9975208286
0.002275209992
0.002365168541
0.004004946919
0.007908982195
0.9962470304
0.9969984317
0.9988833027
0.9991339546
0.9991650218
0.9990838034
0.9990588375
0.9991493716
0.999258052
0.9992776848
0.9992164169
0.999222415
0.9990432895
0.9973782065
0.003561334256
0.001893863118
0.001539501011
0.00141826946
0.001418249739
0.002532579073
0.998746967
0.001655885072
0.001418245159
0.001418243478
0.001418241786
0.001418239596
0.00141823541
0.001418232826
0.00141823211
0.001418232722
0.001418234385
0.001418237064
0.00141823882
0.001514780796
0.9899945918
0.9954933029
0.001561701636
0.001544740739
0.9963435523
0.9987862178
0.9982749514
0.001795694114
0.00155884968
0.001879244467
0.003314208843
0.9972273984
0.9990786526
0.9992849513
0.9993027903
0.9993837597
0.9993612214
0.9993741337
0.9994016741
0.9994847973
0.9994051247
0.9985957397
0.005205755903
0.001983236924
0.001526807498
0.001418839404
0.001418912075
0.001418922528
0.001418869387
0.001418791946
0.001418696164
0.001418607844
0.001418520839
0.001418449385
0.001418393565
0.001418352514
0.001418318527
0.001648836059
0.9934461864
0.9945042069
0.9979165187
0.05808152223
0.9987145274
0.9990880575
0.9995362156
0.9995925913
0.9995810215
0.9996277248
0.9996722472
0.999703418
0.9996871645
0.999685621
0.9996801265
0.9996746395
0.9996744254
0.9996672435
0.9996432516
0.9996132761
0.9995858625
0.9995531049
0.9994949398
0.9994162658
0.9993126321
0.9991648442
0.9989952275
0.9988897416
0.9991873
0.9993769717
0.9993371883
0.9993690037
0.9993427192
0.9993211575
0.9993049165
0.9992914949
0.9992799612
0.9992704
0.9992636378
0.9992611095
0.9992654015
0.9992872645
0.9993854571
0.9993374329
0.999109181
0.9989741617
0.9992762573
0.9994298544
0.9995795658
0.9994364629
0.9991662748
0.9991439471
0.99926463
0.9992995186
0.9993001106
0.9992273866
0.9991200967
0.9990779148
0.9991363387
0.9989316898
0.9965362779
0.003071179016
0.00181156328
0.00151247123
0.00141823937
0.001418233607
0.001418233331
0.001418236361
0.00172982024
0.9731639767
0.001634498308
0.001418243117
0.001418243508
0.001418239027
0.001418234812
0.00141823138
0.001418229993
0.001418230561
0.001418232264
0.001418235008
0.001418239405
0.001418247618
0.001418265989
0.001897865586
0.9957001029
0.002265380143
0.001776123507
0.003051487772
0.9979978219
0.9980287126
0.9966717969
0.003507376782
0.9976980558
0.9990339059
0.9992279792
0.9992477056
0.9993388726
0.9993051487
0.9992905696
0.9992803211
0.9991489826
0.9989821744
0.9989483573
0.01129190451
0.002153530941
0.00154637711
0.001419210784
0.001419295166
0.001419335501
0.001419231429
0.00141908799
0.001418955574
0.001418837558
0.001418723856
0.00141862321
0.001418532778
0.001418460013
0.001418405029
0.001418369319
0.001418342231
0.00159093558
0.9147253526
0.9925078305
0.9991344125
0.9996258915
0.9997050041
0.9996957688
0.999729149
0.999756565
0.9997515207
0.9997521666
0.9997497559
0.9997471443
0.9997483399
0.999745644
0.9997338949
0.9997215342
0.9997135605
0.9997042654
0.9996841661
0.9996582115
0.9996318533
0.9996026555
0.9995637643
0.9995180087
0.9994697959
0.9994265963
0.9994066378
0.999420899
0.9994611746
0.9995595557
0.9995836177
0.9995880337
0.9995883388
0.9995857177
0.9995815322
0.9995768417
0.9995718134
0.9995663729
0.9995603399
0.9995535533
0.9995464367
0.9995425116
0.9995545094
0.999592617
0.9995667745
0.9995000153
0.9995068297
0.9995278305
0.9995334718
0.9995215961
0.9993931315
0.9993112982
0.9992723689
0.9992781947
0.9992274388
0.9990385199
0.9986657914
0.9981075478
0.9974924385
0.002980999393
0.001780460666
0.001501774271
0.001418235358
0.001418230535
0.001418230133
0.001418232981
0.001418235687
0.001418237807
0.00157402512
0.9745400502
0.001877255821
0.001418250234
0.001418263963
0.001418302807
0.001492526454
0.001518793263
0.001586842475
0.001648293217
0.001710122657
0.001778650681
0.001871102159
0.002052219483
0.002771374804
0.004207932772
0.9978371987
0.9966619776
0.991632505
0.9981543053
0.9987941594
0.9988505142
0.9986402679
0.9988696108
0.9991297329
0.9991307813
0.9992696585
0.999261857
0.9992667233
0.9992745537
0.9991451987
0.9990409463
0.9985544926
0.9785698003
0.002042817427
0.001646961858
0.001419912213
0.00141991468
0.001420030799
0.001419837906
0.001419580255
0.001419349679
0.001419148115
0.001418996486
0.001418875959
0.001418754487
0.001418645321
0.001418550146
0.001418475343
0.001418422808
0.001418392645
0.00141838686
0.001622620837
0.9966741692
0.9772527529
0.9995068782
0.9997454321
0.9998106602
0.9998161358
0.999819472
0.9998181718
0.9998171473
0.9998138115
0.9998052675
0.9997964349
0.9997907149
0.9997849949
0.9997740405
0.9997613078
0.9997497975
0.9997374824
0.999720326
0.9996995502
0.9996776109
0.9996543748
0.9996285913
0.9996025678
0.9995795873
0.9995640878
0.999560774
0.9995684496
0.999579803
0.9995936253
0.9996125443
0.999622681
0.9996257723
0.9996272418
0.9996266903
0.9996247237
0.9996217443
0.9996178251
0.9996129359
0.9996072754
0.999601991
0.9996006869
0.9996104979
0.9996338505
0.9996487324
0.999626499
0.9995790589
0.9995426886
0.9995149774
0.9994870676
0.9994637036
0.9994228388
0.9993673134
0.9993052238
0.9991698175
0.9987854573
0.9975703583
0.9945276204
0.003163112525
0.002573039096
0.002236087883
0.002148430799
0.002120799248
0.002110593481
0.002108970635
0.002118289967
0.002156307655
0.002309206754
0.002437139531
0.971392092
0.003063846911
0.002353245851
0.002709623908
0.004525427254
0.006828673799
0.9937150799
0.9912725898
0.9965307798
0.997764909
0.9983277338
0.9986650962
0.9989073193
0.9991157757
0.9993693105
0.9992431962
0.9989387091
0.9985077548
0.9983910648
0.9989178815
0.9991319283
0.999197604
0.9992066187
0.9992486524
0.9992004357
0.9992298496
0.9992795597
0.999180175
0.9991226074
0.9987759428
0.993785577
0.002437634423
0.001663470151
0.001462964472
0.001420663299
0.0014212486
0.001420888745
0.001420429187
0.001420019637
0.001419662135
0.001419384472
0.00141917734
0.001419041013
0.001418932966
0.00141879801
0.001418676279
0.001418570577
0.001418488263
0.001418432353
0.001418399819
0.001418373643
0.001519980118
0.007851994491
0.9973938814
0.9996730061
0.9998276878
0.9998539628
0.9998648989
0.9998665775
0.9998622493
0.9998570247
0.9998511048
0.9998423416
0.999832686
0.9998240126
0.9998153757
0.9998046476
0.9997925743
0.9997802907
0.9997671814
0.9997518739
0.9997348576
0.9997171435
0.9996991212
0.9996811208
0.9996646906
0.9996515461
0.9996434132
0.9996412038
0.9996431337
0.9996454997
0.9996473346
0.9996517991
0.9996580568
0.9996618865
0.9996641909
0.9996652093
0.9996650612
0.9996639644
0.9996620616
0.9996594907
0.9996566451
0.9996546145
0.9996556816
0.999662806
0.9996753923
0.9996829278
0.9996714665
0.9996388813
0.9995997701
0.999567007
0.9995435158
0.9995299994
0.9995123304
0.9994786666
0.999429667
0.9993434994
0.9991853291
0.9989556574
0.9987847919
0.9991066014
0.9993207983
0.9993628639
0.9993463733
0.9993359769
0.9993303187
0.9993263429
0.9993229399
0.9993206398
0.9993256096
0.9993766884
0.9992440189
0.9992081276
0.9993863617
0.9994571828
0.9995212777
0.9996062667
0.9994437601
0.9991419555
0.9990843318
0.9991235898
0.9991766537
0.9992231957
0.9992552936
0.9992693569
0.9992744804
0.9993068561
0.9992060538
0.9990543549
0.9988928961
0.9990020906
0.9991989449
0.9992847952
0.9993424741
0.9993098181
0.9993141321
0.9992303236
0.9992078809
0.9989468641
0.9959056399
0.002697770364
0.001725325801
0.001485044651
0.00142149752
0.001422333865
0.00142215173
0.00142189183
0.001421264712
0.001420601908
0.001420059748
0.001419681807
0.001419410078
0.001419207236
0.001419112447
0.001419032557
0.001418861331
0.001418719108
0.001418594667
0.001418498668
0.001418436976
0.001418402485
0.001418397786
0.001483737245
0.9676185746
0.9960122302
0.9997821979
0.9998798445
0.9998921925
0.9998961956
0.9998954185
0.9998906499
0.99988424
0.999876941
0.9998682852
0.9998588591
0.9998493883
0.9998396253
0.9998288485
0.9998172428
0.9998051217
0.9997922923
0.9997784167
0.9997638584
0.9997491782
0.9997347993
0.9997212655
0.9997095125
0.9997003721
0.9996944293
0.9996916476
0.9996908221
0.9996901717
0.9996893099
0.9996898259
0.9996921106
0.9996947028
0.9996969533
0.9996985835
0.9996995958
0.9997000526
0.9997000499
0.9996997269
0.9996993723
0.9996995959
0.9997014049
0.9997056833
0.9997113126
0.9997130384
0.99970425
0.9996835371
0.9996567937
0.9996317745
0.9996138065
0.9996032822
0.9995931046
0.999576952
0.9995533151
0.9995189894
0.9994760273
0.9994423319
0.9994413164
0.9994724923
0.9995614218
0.9995862375
0.9995947611
0.999597473
0.9995975232
0.9995961677
0.9995934206
0.9995891141
0.9995845741
0.9995868828
0.9996030783
0.9995642983
0.999587829
0.9995987969
0.9996030092
0.9995941846
0.9995746969
0.9994613185
0.9993858082
0.9993406829
0.9993169997
0.9992991077
0.9992756769
0.9992403177
0.9992018353
0.9991930154
0.999208669
0.9991561491
0.9990692006
0.9990987894
0.9992026766
0.9992774065
0.9993947521
0.9993322397
0.9993234381
0.9991555623
0.9972898299
0.003082214166
0.001783591981
0.001497086961
0.001422484539
0.00142357077
0.001423689964
0.001423321759
0.001422856054
0.00142251412
0.001421494452
0.001420719385
0.001420085885
0.001419686675
0.00141945214
0.001419275826
0.001419256693
0.001419233397
0.001418951825
0.00141877862
0.001418623775
0.001418506347
0.001418438509
0.001418401983
0.001418401457
0.001418391109
0.003368404433
0.9857380267
0.999861074
0.9999160452
0.9999194076
0.9999186501
0.9999153145
0.9999099241
0.9999032756
0.9998957582
0.9998873634
0.9998783267
0.9998688728
0.9998589161
0.9998482404
0.9998369322
0.999825112
0.9998127598
0.9997999039
0.999786886
0.9997741413
0.9997620751
0.9997511542
0.9997419243
0.9997347594
0.9997297754
0.9997267087
0.9997248131
0.9997232217
0.999721788
0.9997212637
0.9997219844
0.9997235
0.9997254097
0.9997273285
0.9997291197
0.9997307683
0.9997323131
0.9997338307
0.9997354417
0.9997373219
0.9997396502
0.9997423373
0.9997443548
0.9997431067
0.9997356817
0.9997217208
0.9997042041
0.999687286
0.9996745069
0.9996666468
0.9996606589
0.999653476
0.9996439192
0.9996314153
0.999618132
0.9996094638
0.9996091643
0.9996138352
0.9996208009
0.9996321799
0.9996394858
0.9996436063
0.9996451837
0.9996452621
0.9996443435
0.999642659
0.9996410982
0.9996426126
0.9996495871
0.9996497167
0.9996290272
0.9996076256
0.9995903644
0.9995689189
0.9995487887
0.9995317418
0.9994962332
0.9994510739
0.999410399
0.9993718604
0.9993307946
0.9992855694
0.9992434373
0.999219949
0.9992075988
0.999160281
0.9990724455
0.9990321168
0.9990776449
0.9992010228
0.9993404128
0.9991577205
0.9983192498
0.004240891973
0.001906859905
0.001512771287
0.001422459236
0.001423900151
0.001423859618
0.00142352486
0.001423144478
0.00142315913
0.001423220192
0.001422513594
0.001421251713
0.001420408019
0.001419804056
0.001419433451
0.001419239004
0.001419301452
0.001419821436
0.001419458158
0.001418992274
0.001418772635
0.001418598019
0.001418466179
0.001418404246
0.001418371573
0.001418399079
0.001418387019
0.002953104909
0.9983741974
0.9999214456
0.9999418969
0.9999382641
0.9999340987
0.9999291644
0.9999234153
0.9999169584
0.9999097985
0.9999019036
0.9998933488
0.999884188
0.9998743766
0.9998638696
0.9998527442
0.9998410969
0.9998290149
0.9998166835
0.9998044659
0.9997927909
0.9997820829
0.9997727601
0.9997651702
0.9997594394
0.9997554198
0.9997526919
0.9997506655
0.9997488767
0.9997473518
0.9997465502
0.999746739
0.9997478156
0.9997495724
0.9997517306
0.9997541129
0.9997566566
0.9997593775
0.9997623309
0.9997655645
0.9997690394
0.9997725021
0.999775306
0.9997762608
0.999773756
0.9997666164
0.9997552933
0.9997419888
0.9997295915
0.9997205468
0.9997155056
0.9997129516
0.9997110003
0.9997084783
0.9997048581
0.9997007347
0.9996972019
0.9996942357
0.9996901524
0.9996846544
0.9996813772
0.9996821325
0.9996838283
0.9996852448
0.9996863543
0.999687456
0.9996888876
0.9996909634
0.9996936048
0.9996948082
0.9996876437
0.9996650235
0.9996319896
0.9996025551
0.9995799611
0.9995684527
0.9995642486
0.999550199
0.9995186007
0.9994784128
0.9994345728
0.999389869
0.9993485985
0.9993168745
0.9992955095
0.9992659357
0.9991910751
0.9990332631
0.9987512474
0.9983115229
0.9981441689
0.998639019
0.006134879826
0.002362799856
0.00179101829
0.001577138655
0.001611542215
0.001756427119
0.0018129859
0.001681026584
0.001708347835
0.001744198401
0.001775849245
0.001535155152
0.001560317272
0.001686275581
0.00172531323
0.001629091131
0.0016910576
0.001624470185
0.001646864824
0.001593323243
0.001629872886
0.001589700867
0.001639031214
0.001600133911
0.001646879652
0.001629237474
0.001691837881
0.00182783219
0.00171091772
0.002299695011
0.9965318713
0.9998536509
0.9999245992
0.9998992017
0.9998845838
0.999873042
0.999861863
0.9998500264
0.9998369573
0.999822349
0.9998062407
0.9997886971
0.9997696582
0.9997490894
0.9997271628
0.9997040833
0.9996800694
0.9996555529
0.9996313156
0.9996082891
0.9995874114
0.9995695721
0.9995554523
0.9995452173
0.9995383945
0.9995339219
0.9995304503
0.9995270167
0.9995237027
0.9995214879
0.9995211488
0.9995227581
0.999526086
0.9995306259
0.9995359563
0.9995418673
0.9995483593
0.9995555697
0.9995636462
0.9995725364
0.9995816578
0.9995894936
0.999593369
0.9995899736
0.9995770749
0.9995556018
0.9995299052
0.9995059279
0.9994889777
0.9994810239
0.999479709
0.999481194
0.9994825533
0.9994820676
0.9994798516
0.9994764989
0.9994704849
0.9994582978
0.9994396138
0.9994221603
0.9994139225
0.9994130606
0.9994150418
0.9994181023
0.9994221621
0.9994279435
0.9994361913
0.9994459421
0.999450739
0.999436256
0.9993885051
0.9993122908
0.9992344295
0.9991785617
0.9991608577
0.9991695084
0.9991650765
0.9991234436
0.9990510158
0.9989599276
0.9988636576
0.9987799455
0.9987280856
0.9987084428
0.9986787036
0.998563617
0.9982667194
0.9975567872
0.9952195603
0.9891263393
0.00784138959
0.006631386338
0.9948838108
0.0047582493
0.9866909652
0.00475114946
0.9788035805
0.210045586
0.9684375478
0.01392653804
0.9531870703
0.2571741613
0.9007100178
0.002459175674
0.9214191845
0.07891649195
0.9684213551
0.01118450556
0.9814899854
0.004062556999
0.9823711608
0.004070413136
0.9932671111
0.004604649692
0.9869162918
-7.446338456e-09
0.9715824416
0.04762144708
0.9860996604
0.2663729296
0.9940340557
0.01608504962
