0.9982603148
0.9986913913
0.9981366654
0.9978320571
0.9975839995
0.9973373211
0.9970706601
0.9967777149
0.9964578812
0.996112591
0.9957457316
0.9953629335
0.9949704613
0.9945759324
0.9941880876
0.9938150723
0.9934631205
0.9931353986
0.9928308815
0.9925458388
0.9922752343
0.9920119935
0.991746391
0.9914676234
0.9911657114
0.9908321475
0.9904612759
0.9900671397
0.9896903272
0.9893754919
0.9891511528
0.9890314356
0.9890282187
0.989157268
0.989431905
0.9898484337
0.9903670735
0.9909222876
0.9914580238
0.9919448729
0.9923694553
0.9927155072
0.9929567741
0.9930705061
0.9930576337
0.9929450774
0.9927707627
0.9925800331
0.9924245162
0.9923527065
0.992390863
0.9925128541
0.9926292903
0.9926371266
0.9924738961
0.9921449873
0.9917024213
0.9911900743
0.9906337931
0.9900501845
0.9894395358
0.9887902634
0.988088679
0.9873220338
0.9864777668
0.9855420088
0.9844978409
0.9833235963
0.9819946007
0.9805079025
0.9789939794
0.9779223239
0.9779168406
0.9788691943
0.9799825374
0.9807019976
0.9809332929
0.980830841
0.9806642112
0.9807285216
0.9811763478
0.9816669789
0.9812711004
0.9786405174
0.9700600686
0.9515039924
0.3522638964
0.09848799966
0.837646
0.2980371709
0.8300309438
0.3793826863
0.7682972908
0.3778672006
0.6098842385
0.496033692
0.5221804007
0.4676698394
0.505743919
0.5168359715
0.5358664463
0.5402465906
0.5094859209
0.5017579004
0.588092066
0.6734341209
0.7130800903
0.7845110735
0.8009437644
0.7198634568
0.5879820924
0.7440218311
0.7890289541
0.4997959403
0.5450471006
0.9999991812
0.8530193598
0.6085595934
0.6621654823
0.1099035584
0.4132949605
0.9978605923
0.9991790332
0.9990174695
0.998862435
0.9987239748
0.998586903
0.9984428201
0.9982886027
0.9981232864
0.9979465943
0.9977595531
0.9975642666
0.9973631634
0.9971595128
0.9969574979
0.9967612506
0.9965742074
0.9963985445
0.9962344414
0.9960807662
0.9959360568
0.9957982746
0.995664582
0.9955318095
0.9953966463
0.9952551203
0.9951027359
0.99494319
0.9947928515
0.9946686688
0.9945784281
0.994523457
0.9945057493
0.9945321521
0.9946123489
0.9947516592
0.9949388862
0.9951481501
0.9953565196
0.9955534227
0.9957350456
0.9958932549
0.9960114971
0.9960736509
0.996076685
0.9960314828
0.9959525715
0.9958559998
0.9957627416
0.9956971531
0.9956790123
0.9957034087
0.9957265665
0.9956911405
0.9955613925
0.9953462871
0.9950949362
0.9948372565
0.9945815123
0.9943317996
0.9940852403
0.9938345743
0.9935742237
0.9933006438
0.9930114302
0.9927045858
0.9923776461
0.9920259162
0.9916386322
0.9911933224
0.9906633541
0.9901000801
0.9897721673
0.9897858548
0.9899199676
0.9899626262
0.9898563327
0.9896226703
0.989329707
0.9891108183
0.989123704
0.9893390111
0.9894152286
0.9889701403
0.9875736057
0.9845663714
0.9811321126
0.9748863876
0.05715952469
0.03241641307
0.02865174293
0.02771957457
0.02832147059
0.02731873847
0.02764042952
0.02716805151
0.027299953
0.02724107612
0.02735721679
0.02737187328
0.02743029867
0.02750652772
0.02764475299
0.02785001386
0.0283176023
0.02885096321
0.0291354189
0.02897854543
0.02877766166
0.02934815259
0.03002060061
0.02959516193
0.02943859729
0.02912963258
0.02912931946
0.03036594422
0.03169794336
0.03303463166
0.03235600992
0.0451996398
0.8407331032
0.9964770603
0.9985456445
0.9987132147
0.9986453795
0.998521507
0.9983775811
0.9982200772
0.9980523707
0.9978755404
0.9976884381
0.9974912641
0.9972855297
0.997072421
0.996854633
0.9966369863
0.9964244786
0.9962215082
0.9960311929
0.9958537978
0.9956883184
0.9955343473
0.9953913089
0.9952587779
0.9951379895
0.9950293878
0.9949276347
0.9948199869
0.994706785
0.9946086761
0.994539719
0.9944948587
0.9944615025
0.9944323
0.9944130594
0.9944220808
0.9944795924
0.9945806084
0.994695151
0.9948018995
0.9949039385
0.9950156438
0.9951367751
0.9952368969
0.9952807414
0.9952622842
0.9952008753
0.9951092035
0.9949913176
0.9948564926
0.9947331794
0.9946674671
0.9946716845
0.9946678271
0.9945426639
0.9942210817
0.9937216696
0.9932277682
0.9929565354
0.9928075147
0.9927239947
0.9926690321
0.9926205507
0.9925723378
0.9925245105
0.992477988
0.9924331855
0.9923892188
0.9923420712
0.9922799536
0.9921725141
0.9919490128
0.991481962
0.990774428
0.9902854306
0.9899261976
0.9894775398
0.9889176488
0.9882774793
0.9875537124
0.986840274
0.986595861
0.9870804369
0.9878121782
0.9883445781
0.9885026283
0.988104184
0.9873708107
0.9876255263
0.9859996681
0.974036229
0.03640965973
0.02463451867
0.02321034744
0.02317410617
0.02317591497
0.02317429515
0.02318561064
0.02320069476
0.02322120102
0.02324470999
0.02327028583
0.02329656232
0.02332323331
0.02335026335
0.02337754725
0.02340504877
0.02343041337
0.02345266756
0.02346956938
0.02348601658
0.02350764988
0.02352606139
0.02352919291
0.0235292542
0.02353503854
0.02356525419
0.02361714134
0.02377699601
0.02667095952
0.07429447116
0.926926439
0.9946060326
0.9977818247
0.9981339331
0.9982379849
0.9981854929
0.9980646383
0.9979079111
0.9977335495
0.9975491143
0.9973526259
0.997143694
0.9969241396
0.9966931481
0.996452367
0.9962087455
0.9959703209
0.9957443873
0.9955363769
0.9953460095
0.9951709513
0.9950106747
0.9948638567
0.9947305354
0.994620035
0.9945462657
0.9945027061
0.9944540715
0.994391262
0.9943490997
0.9943442596
0.9943558919
0.99435386
0.9943167376
0.9942411346
0.9941559764
0.9941124373
0.9941185346
0.9941262753
0.9941023368
0.9940660298
0.9940687894
0.9941411318
0.9942411485
0.994275095
0.9942199721
0.9941220778
0.9940042664
0.993856284
0.9936576679
0.9934098352
0.9932370839
0.993250581
0.9933096465
0.9931359391
0.9924892865
0.9911913147
0.9893909757
0.988385465
0.9894868229
0.9900129124
0.9904749073
0.9908617399
0.9911997031
0.991508251
0.9917971208
0.9920705851
0.9923299849
0.9925745167
0.9928003785
0.9929969185
0.9931319245
0.9930845568
0.9924444486
0.9904502518
0.9894374821
0.9884683313
0.987488865
0.9865397448
0.9855413574
0.9843064126
0.9833199962
0.9842118246
0.9860701453
0.9876614328
0.9886681943
0.988966567
0.9884642833
0.9877701228
0.9875583745
0.9874485793
0.9828427124
0.9435513729
0.03004428241
0.02323906066
0.0231766177
0.02317837022
0.02318944815
0.02320833661
0.02323226461
0.02326006896
0.0232897792
0.02332007479
0.02334985269
0.02337939323
0.02340954681
0.02344046045
0.0234708933
0.02350004725
0.02352605323
0.02354528482
0.02356004937
0.02357533764
0.02358690449
0.0235843038
0.02358399342
0.02358945943
0.0236028943
0.0236751446
0.02597058108
0.1642592568
0.9630353886
0.9915072167
0.9966576554
0.9973011896
0.9975778143
0.9976491071
0.9975930131
0.9974591022
0.9972925257
0.9971132379
0.9969150092
0.9966970758
0.9964641947
0.9962109638
0.9959356167
0.9956490328
0.9953657047
0.995102188
0.994869724
0.9946655207
0.9944831022
0.9943208506
0.9941704842
0.9940229693
0.9938971309
0.9938479808
0.9939044708
0.9939688034
0.9939960709
0.9940468139
0.9941405931
0.9942341856
0.9942839401
0.9942606474
0.9941407234
0.9939261984
0.99372359
0.9935876065
0.9934411022
0.9932102105
0.9929278
0.9927100815
0.9926481032
0.9927198707
0.9928232278
0.9927589788
0.9926362661
0.9925234216
0.9924045376
0.9922324037
0.9918823572
0.9913588573
0.9912682306
0.9915589274
0.9915950452
0.990777451
0.9883210654
0.9824514187
0.9693878947
0.9670059415
0.9775433596
0.9801302399
0.9821929962
0.9838625617
0.9852699965
0.9864807396
0.9875353236
0.988462763
0.9892872038
0.9900334294
0.9907345637
0.9914427202
0.9922051045
0.9928380149
0.9903392109
0.9862949162
0.9850310354
0.9839952894
0.9835077786
0.9833492199
0.9831496779
0.9822489838
0.9797342909
0.9828296781
0.9856926647
0.98760689
0.9886017873
0.9884937978
0.9877606125
0.9871674412
0.9872442052
0.9875158139
0.9867751218
0.9853042214
0.08038292032
0.02751697097
0.02318920386
0.02318998425
0.02320958425
0.02323442519
0.02326302583
0.02329344087
0.02332382884
0.02335297894
0.02338089175
0.02340853975
0.02343669302
0.0234652661
0.02349343637
0.02351837546
0.02353749011
0.02355045897
0.02355923079
0.02356270519
0.02355654695
0.02354502621
0.02353263463
0.02352227602
0.0235105689
0.02605048453
0.5405394375
0.9217945453
0.9840469647
0.9945067404
0.9961280213
0.9965089997
0.9967623367
0.9968684282
0.9967983171
0.9966680875
0.996526138
0.9963454438
0.996126974
0.9958884481
0.9956129337
0.9952876357
0.9949287384
0.9945575725
0.9942124876
0.9939423452
0.9937244186
0.993538487
0.9933853307
0.9932417924
0.9930575826
0.9928408895
0.9927172868
0.9928764294
0.9932561705
0.9935276873
0.993771171
0.9940145878
0.994205726
0.9943158801
0.9943356005
0.9942402328
0.9939594927
0.9934604242
0.9930282615
0.9926228543
0.9920601883
0.9913134367
0.99061076
0.9901318944
0.9897258609
0.9896823646
0.99052538
0.9904277028
0.9904159524
0.9904973316
0.9906761506
0.9907873267
0.9903349908
0.9884249956
0.9888243136
0.9898887653
0.9900617742
0.9880706043
0.9824871273
0.9686392468
0.8658043092
0.035988638
0.02970457956
0.03027528996
0.03102946168
0.03191082053
0.03290251146
0.03401493045
0.03527113281
0.03670803905
0.03840617398
0.04058056014
0.04391856163
0.05114150465
0.08578818606
0.3136457292
0.9251645864
0.9145622955
0.9453846329
0.9564746064
0.9652162908
0.9728530785
0.980086018
0.9728385001
0.973156308
0.979345888
0.9823198939
0.9848586135
0.9856587446
0.9873363471
0.9868931177
0.9871272281
0.9879334171
0.9886338013
0.9902342891
0.990632832
0.9847606343
0.04921406842
0.02657063577
0.0231995572
0.02322568938
0.02325879676
0.02329035532
0.02332118049
0.02334988443
0.02337621873
0.02340135135
0.02342662149
0.02345297754
0.02347977142
0.02350287462
0.02352086215
0.02353230866
0.02353601903
0.02353094223
0.02351659212
0.02349502432
0.0234688912
0.02344073573
0.02339559163
0.0265114691
0.5239412864
0.9019453004
0.8984099607
0.9825899492
0.9923070567
0.9943201908
0.994774438
0.9955992726
0.9959176748
0.9957575874
0.9957421676
0.9956208357
0.9954093345
0.9951861141
0.994901525
0.9945112318
0.9940397259
0.9934981778
0.9929353592
0.9925210741
0.9923694558
0.9921928966
0.9920622273
0.9919703592
0.9917634089
0.9913187249
0.9907925163
0.9906673321
0.9915219044
0.9932426309
0.9937720829
0.9941437176
0.994358038
0.9944776287
0.9945390931
0.9945545652
0.9944724738
0.9940420423
0.9924412006
0.9915081241
0.9905060036
0.9891207553
0.9874007219
0.9860133631
0.9838875549
0.9789977713
0.9790630132
0.9810591529
0.9809381671
0.9813911152
0.9830680161
0.9854474288
0.9883393711
0.9848955928
0.9807768673
0.9850898295
0.9890243629
0.9894070093
0.9864375271
0.9829931312
0.9808588559
0.9778113488
0.04204092298
0.02513260508
0.02314897567
0.02316562045
0.02317765915
0.02318403712
0.02319248934
0.02320304738
0.0232145943
0.02322632786
0.02324096809
0.02326788224
0.0233289635
0.02366509858
0.02474505556
0.02522840008
0.0262971437
0.02714463313
0.0280987269
0.02964028667
0.03395381077
0.05920485688
0.9256043555
0.9620226835
0.9706133843
0.9693983452
0.9643832364
0.9810743861
0.9868411019
0.9881973838
0.9883330052
0.9887024997
0.9894436967
0.9905328281
0.9911143561
0.989094979
0.9812991896
0.04395054696
0.02631350476
0.02323010224
0.02327419579
0.0233126306
0.02334096281
0.0233653772
0.02338757009
0.02340967818
0.02343392313
0.02345974958
0.02348069755
0.02349749546
0.02350767698
0.02350734239
0.02349532159
0.02347385766
0.0234444654
0.02340945615
0.02337155985
0.02331751098
0.02653508207
0.7939102682
0.9199663926
0.04777268276
0.02726230417
0.03365915218
0.08467719088
0.9792158342
0.9893652641
0.9936774203
0.9942109677
0.9943733343
0.9949162653
0.994510349
0.9943477377
0.9941101553
0.9936520115
0.993047372
0.9922422636
0.9911735156
0.9900685286
0.9896651064
0.9906491546
0.9900385866
0.9900916386
0.9900573483
0.9894906384
0.9879156011
0.9857566099
0.9845932592
0.9893950725
0.9930546642
0.992649521
0.9925494696
0.9925036535
0.992559958
0.9927548929
0.9931409689
0.9937918774
0.9918404014
0.988416631
0.9873232867
0.9863163845
0.9849338989
0.9814028908
0.9809492076
0.9759857955
0.9601808126
0.05508413794
0.03559199716
0.03027628942
0.03092681502
0.03283696844
0.03908897425
0.05557690498
0.9214580794
0.9617754523
0.9839564365
0.9874465947
0.9867496672
0.9864552446
0.985998009
0.9871658914
0.9853355216
0.9567516666
0.03124864491
0.02413885283
0.02317456328
0.02318238839
0.02318881329
0.02319834711
0.02320780102
0.02321283801
0.02321296495
0.02321066386
0.02320929939
0.02320083165
0.02318760489
0.02317394129
0.02317635643
0.0231902395
0.02320849902
0.02322477381
0.02452917383
0.04417363753
0.9729490735
0.9703511915
0.9694726781
0.9455555043
0.03413026697
0.03087506364
0.05509075039
0.9790448115
0.9863193833
0.9888561403
0.9893135968
0.9899889482
0.9904744934
0.990620026
0.9904307024
0.9878748159
0.9793360641
0.04357304738
0.0264433249
0.02326554316
0.02331778948
0.02335042136
0.02336901696
0.0233870363
0.0234095045
0.02343519203
0.02345312069
0.02346934271
0.02347962826
0.02347665143
0.02345959784
0.02343386244
0.0233999013
0.02336016
0.02331855472
0.02326462748
0.02684363364
0.8605580642
0.9204638935
0.04512677964
0.02313874735
0.02314430558
0.02318474841
0.02478266377
0.02882621202
0.05246511898
0.9388647614
0.9850759659
0.9918793909
0.9930458994
0.9927803806
0.9934553516
0.9928011424
0.9921392258
0.9911703571
0.9894082287
0.986627836
0.9826435804
0.9848538801
0.9877771113
0.986061875
0.9873556197
0.9880897893
0.987658375
0.9817910667
0.9701147062
0.9416311897
0.2191223963
0.1079422626
0.05495210124
0.04886219476
0.04738999621
0.04859888317
0.05416588885
0.09085555198
0.1818440684
0.9456306138
0.9457450505
0.9677115213
0.9787925716
0.9752175277
0.9781248389
0.9831143425
0.9840208895
0.9796650473
0.9681414654
0.04446683183
0.02886117049
0.02497754188
0.02331011944
0.02919881652
0.2850070765
0.9585566629
0.9752586751
0.1506489225
0.05607471139
0.9754868599
0.9855820121
0.9889115577
0.9886829241
0.9864108127
0.9781557226
0.8412905105
0.02818579127
0.02319100602
0.02318381453
0.02319260343
0.02320282641
0.02320672069
0.02320477604
0.02320161854
0.02320068185
0.02320249224
0.02320244102
0.023196824
0.02319482053
0.02319928874
0.02319662272
0.02321310347
0.0285564721
0.8980073911
0.9802031385
0.9816708094
0.9726881559
0.0397863887
0.02633916421
0.02320701452
0.02322413622
0.02659249889
0.04125705956
0.9757665339
0.9864407519
0.9896652519
0.9901891549
0.9903535214
0.9901976436
0.9898980958
0.9897682556
0.9875825669
0.979755202
0.04413978141
0.02645014367
0.02328895397
0.02333839975
0.02336054779
0.02338117996
0.02340899145
0.02342060871
0.02343705071
0.02345005135
0.02344622354
0.02342609804
0.02339992714
0.0233647513
0.02332327922
0.02328165391
0.0232314822
0.02731789286
0.9201927155
0.9331756282
0.04511310765
0.02312521927
0.02314025827
0.02314985846
0.02315596843
0.02315787652
0.02318306842
0.02399548998
0.02662102122
0.03624920661
0.1224429315
0.9788205557
0.9890813343
0.9913896582
0.9910558671
0.9910922263
0.9892454051
0.9857822431
0.978880337
0.9659668441
0.9208954229
0.9659640567
0.965305578
0.979044518
0.9872937611
0.986331492
0.9823701239
0.9819906312
0.9788701832
0.09086750358
0.03064422957
0.02467333458
0.02330758288
0.02330125344
0.02332530355
0.02335664729
0.02346752847
0.02475192858
0.02544840103
0.02745285765
0.03160342539
0.05409314392
0.9516107954
0.9666533729
0.9819303228
0.9843169854
0.9846988796
0.9827139262
0.9734714515
0.8988764273
0.04024190598
0.04188027176
0.9697259973
0.9760071561
0.9239411617
0.03370715403
0.02362183426
0.02639500668
0.04357656694
0.9826901481
0.9901878083
0.9897052052
0.9875765316
0.9856292621
0.9806337775
0.04762907318
0.02572695963
0.02317515136
0.02319597945
0.02320408307
0.0232020829
0.02320057643
0.02320237741
0.0232063048
0.023208092
0.02320528274
0.02320249768
0.02320128119
0.02319387927
0.02453526955
0.04494903407
0.977962956
0.9813490129
0.9800096568
0.06904090931
0.02774926421
0.02322337348
0.02321623203
0.0232042427
0.02319069228
0.02317826121
0.02591385383
0.04018987484
0.9778519163
0.9878686956
0.9904762255
0.9902154678
0.9895829339
0.9893924628
0.9895261064
0.9896637551
0.9874462305
0.9789894471
0.04285340215
0.0265529096
0.0233006623
0.023324719
0.02337981448
0.02338473118
0.02339813663
0.02341896805
0.02341745541
0.02339588875
0.02337462646
0.02334147603
0.0232999564
0.02325996341
0.02321388225
0.02811431268
0.9490216988
0.9456524845
0.0451101329
0.02312139253
0.02313549055
0.02314493039
0.02315287016
0.02315837192
0.02316665211
0.023176181
0.02317716259
0.02317770455
0.02326485505
0.02543399483
0.03168346734
0.0709948176
0.9784950532
0.9880479509
0.990661828
0.9886910031
0.9854811764
0.9813095861
0.9766908807
0.05700014225
0.03010213259
0.02923893269
0.0373384382
0.06574763285
0.9639909336
0.9852443729
0.9897907878
0.9908337112
0.9853885568
0.9473148226
0.03743962926
0.0263416571
0.02326128037
0.02324580413
0.02324806364
0.02325189054
0.02322995352
0.02319917467
0.02445762875
0.05602733298
0.9791457859
0.7387299543
0.03471002836
0.04862441398
0.9637624083
0.9765904678
0.9777696536
0.9725734632
0.9781159873
0.9787327924
0.9753500716
0.9754333645
0.04379870878
0.02507127766
0.02327733308
0.02323224723
0.0232070189
0.02749629957
0.09457454329
0.9863001562
0.9873325892
0.9879906589
0.9886432974
0.987195778
0.9697820432
0.03342010631
0.02439770086
0.02319936701
0.02320406227
0.02320270308
0.02320656282
0.02321150657
0.02321214551
0.02320829017
0.02320533657
0.02319875067
0.02321811964
0.02986488908
0.9446864713
0.9848258507
0.9831364201
0.9148288911
0.03092765874
0.02329180115
0.02321407624
0.02320662427
0.02320055051
0.02319305424
0.02318441262
0.02317644364
0.0231746576
0.02610565965
0.04399411225
0.9823021015
0.9896590411
0.989754327
0.9888123046
0.9888946539
0.9889648894
0.9890348927
0.9890629478
0.986466096
0.9778105101
0.04931904068
0.02856974519
0.02477892983
0.02332509943
0.02331707306
0.02335799536
0.02339156922
0.02337005032
0.02336122086
0.02333392761
0.02329257337
0.02325459517
0.02321011031
0.02925379834
0.9656077131
0.9575705538
0.04510957303
0.02312015575
0.02313283943
0.0231410635
0.0231488509
0.02315524655
0.02316235263
0.02317009663
0.02317491608
0.02317768673
0.02318306828
0.02318332118
0.02317860458
0.02321987626
0.02579674479
0.0352085215
0.8476088327
0.9859688709
0.9870383469
0.9870486574
0.987572214
0.9858816344
0.9647802188
0.03214022001
0.02421643073
0.02328762791
0.02540394831
0.03211178066
0.08759571964
0.9839831224
0.9881799601
0.986230214
0.9862661784
0.9805143295
0.05924192867
0.02891025329
0.02431511402
0.02324529653
0.02329805387
0.02327315503
0.0254677079
0.628880835
0.9815348836
0.05133057523
0.02499292349
0.02323716332
0.02563718157
0.03389188292
0.9364480653
0.9657667292
0.9827059693
0.9866876947
0.9795747693
0.7788401067
0.03055694968
0.02325607613
0.02326349068
0.02323513945
0.0232149254
0.02320458948
0.02328609693
0.0310012099
0.9530111982
0.9838471618
0.9884747502
0.9887592052
0.9873050691
0.9806311587
0.9228067695
0.02933693058
0.02322489919
0.02320535481
0.02321032093
0.02321807453
0.02321767084
0.02320925605
0.02320247468
0.02320690929
0.02486059561
0.05510809554
0.9835520727
0.9839321387
0.9739044241
0.03850600371
0.02444531067
0.02320681538
0.02319797955
0.02319468208
0.02319321708
0.02319062967
0.02318613679
0.02318158169
0.0231786955
0.02317722309
0.02318208268
0.02689026655
0.06054758161
0.9829184866
0.9857092579
0.9871974939
0.9876520211
0.9878817784
0.9878737301
0.9876665338
0.9874088726
0.9853340146
0.975378665
0.8819150699
0.04482683734
0.0321953386
0.02595932375
0.02435332607
0.02330820314
0.02331855948
0.02334031683
0.0233062331
0.02327129924
0.02322452107
0.03091418434
0.975166357
0.9669162488
0.04510960949
0.02311978064
0.02313145771
0.02313855426
0.02314583518
0.02315258588
0.02315956956
0.02316658374
0.02317211493
0.02317645999
0.02318128993
0.02318408916
0.02318483505
0.02318936466
0.02319099282
0.02318873806
0.02402568617
0.03331962813
0.9650638498
0.9845495356
0.9886267699
0.9886060858
0.9865864018
0.9784334896
0.842698685
0.02784479913
0.02324927817
0.02327139426
0.02333698167
0.02727336412
0.04295676102
0.9657233315
0.9858169691
0.9901602166
0.9901460967
0.9834833827
0.908212587
0.03456991726
0.0268302741
0.02354866046
0.02867845353
0.8390232017
0.9307753642
0.03188982556
0.0232403842
0.02321239336
0.02322302095
0.02530904497
0.04224667203
0.9548938605
0.9823225347
0.9881521612
0.9844919896
0.9399677485
0.02673631111
0.02325587558
0.02324708957
0.02322640808
0.02321521908
0.02320731821
0.02320206576
0.02319009542
0.02472482435
0.03695013226
0.9782826955
0.9890795405
0.9891967841
0.987544392
0.9861453166
0.9836431473
0.05972891775
0.02651454277
0.02319675561
0.02321606731
0.02322603913
0.02321049264
0.02319255595
0.02329731277
0.03074314975
0.957604504
0.9874967788
0.9833925215
0.7563795218
0.02737704115
0.02318715762
0.02320088417
0.02319702681
0.02319280806
0.02319102215
0.02318922182
0.02318626849
0.02318277613
0.02317979406
0.0231778536
0.0231763073
0.02317472997
0.02320146076
0.02871305819
0.8835178818
0.9782273761
0.9851640464
0.9863865558
0.9866283479
0.986112343
0.9849513688
0.983740285
0.9818954592
0.9730102678
0.9753884833
0.9812992462
0.9673452173
0.8017618603
0.03943399823
0.02828868318
0.02485109012
0.02332023645
0.02328454611
0.02326136292
0.03442711723
0.981026454
0.9737950979
0.04510980101
0.02311975309
0.02313083187
0.0231370934
0.02314385518
0.02315060837
0.0231575219
0.02316430723
0.02317021347
0.02317536154
0.02318025239
0.02318364595
0.02318573795
0.02318882016
0.02319065138
0.02319065791
0.02319404552
0.02319289532
0.02521218957
0.03885290742
0.9805400118
0.9898396089
0.9896270182
0.9874801689
0.9852028818
0.9786377347
0.04245751479
0.02484498506
0.02329081182
0.02330911496
0.02328012974
0.0251839744
0.03323921353
0.7643930341
0.9854220483
0.9889082724
0.985874493
0.9803273044
0.9748005283
0.08504237494
0.06826722412
0.978301123
0.8324599363
0.02594025801
0.02322583776
0.02321203598
0.02324527858
0.0292429704
0.8683922705
0.9600875027
0.9732485881
0.9800933496
0.9812406297
0.9820088854
0.05661223956
0.02333786312
0.02324719189
0.0232244893
0.02321694218
0.02320909614
0.0232018822
0.02319401533
0.02318136997
0.02317441861
0.02656029524
0.0634897644
0.984162907
0.9863066594
0.9875929564
0.9890878945
0.9887676757
0.9774903506
0.03833620361
0.02597034346
0.02322221469
0.02324042431
0.02319892613
0.02630019776
0.09091169028
0.9870508802
0.9887319087
0.9763860176
0.0327647164
0.0239698014
0.02318273563
0.0231936298
0.02319423597
0.02319265002
0.02319088819
0.02318900853
0.02318647048
0.02318345463
0.02318045321
0.02317776986
0.02317537133
0.02317359407
0.02317272085
0.02316588461
0.02422660583
0.03181305656
0.9502022958
0.9807724884
0.98611543
0.9858653651
0.984082741
0.9818911665
0.977930855
0.9663850142
0.9298057099
0.9632393189
0.9841504851
0.9831580796
0.981704497
0.9784329295
0.9324283295
0.0476040623
0.03447508474
0.02943818032
0.04343238812
0.9857403383
0.9787376958
0.04511004406
0.02311989867
0.0231306772
0.02313635102
0.02314267815
0.02314929098
0.02315611552
0.02316285294
0.02316905926
0.02317472647
0.02317994296
0.02318409932
0.02318742327
0.02319094852
0.02319381934
0.02319637348
0.02320112325
0.02320427471
0.02319899769
0.02319379034
0.02697227144
0.07796894804
0.9861868131
0.9875224186
0.9881227331
0.9885061125
0.9863565787
0.9530772135
0.02990958105
0.02331338788
0.02332342277
0.0233248385
0.02330206433
0.02387681385
0.02863559726
0.05141104995
0.9749280546
0.9804585082
0.9830984959
0.9864226954
0.9861267112
0.9849257834
0.07378045937
0.02486267466
0.02324227237
0.0232220533
0.0257988342
0.04854306689
0.9734683244
0.9689075671
0.9632004376
0.9358583695
0.8889021833
0.9838131398
0.9904903146
0.05931100514
0.02331269674
0.02322457778
0.02321598589
0.02320590341
0.02319626541
0.02318878574
0.02318017342
0.02317440024
0.02317454561
0.02321310972
0.02956498349
0.9298837694
0.9811441084
0.9874762611
0.9885314544
0.9875929185
0.9824744178
0.9695970644
0.04099138396
0.02719265013
0.02453928917
0.0314430688
0.9726965523
0.9883335311
0.9878526541
0.1497702925
0.026549412
0.02317137751
0.02319228485
0.02319839198
0.02319681315
0.02319478176
0.02319253059
0.02319014179
0.02318750506
0.02318468954
0.02318193684
0.02317948645
0.02317753685
0.0231764706
0.02317638905
0.0231739987
0.02316643359
0.02316157359
0.024995949
0.03487897634
0.9693556537
0.9855203905
0.9858865064
0.9833204476
0.9808487379
0.9749645011
0.9616568685
0.875606823
0.04431716369
0.05071172102
0.9456932106
0.9777281747
0.9796950848
0.9790123144
0.9750118484
0.9106817157
0.9409706947
0.9848814479
0.981855651
0.04511031239
0.02312014266
0.02313082276
0.02313608483
0.02314207552
0.02314852136
0.02315526302
0.02316202489
0.02316849644
0.02317459078
0.023180254
0.02318518649
0.02318956068
0.0231938702
0.02319781889
0.02320173162
0.02320642913
0.02320942215
0.02320777755
0.02320621718
0.02320724798
0.02325532209
0.03097511606
0.9580643856
0.9850994107
0.989289482
0.9895210162
0.9878299993
0.9852029132
0.07336202977
0.02716327369
0.02328782786
0.02332818705
0.02335013761
0.02331308588
0.02329467808
0.02613477241
0.03682641048
0.9670986135
0.9823667112
0.9872495764
0.9827897948
0.07862300788
0.02659433218
0.02323268749
0.02463436773
0.03233668776
0.962717269
0.9831414253
0.9767864514
0.9520287561
0.03738121214
0.02713404877
0.03990831474
0.9889851387
0.9915146129
0.05454363035
0.0242954633
0.02319442641
0.02319135421
0.02318347146
0.02317941914
0.02317435757
0.02317056058
0.02316960788
0.0231712603
0.02316808821
0.02442388158
0.03385325061
0.971507928
0.9875820832
0.9874093814
0.9835952052
0.9829579265
0.9800484155
0.9698503401
0.0453790659
0.8861469158
0.9798594158
0.9876130142
0.9658226172
0.03236457922
0.02338336825
0.0231833877
0.02319414714
0.02319975313
0.02319889057
0.0231966942
0.0231942522
0.02319167446
0.02318899982
0.02318633946
0.02318385854
0.02318173815
0.02318016066
0.02317931177
0.02317894117
0.02317717204
0.02317303191
0.02317151039
0.02317253336
0.02317233302
0.02580876388
0.04599791405
0.9781176697
0.9828150719
0.9835812025
0.9814192892
0.9794779187
0.9780208644
0.9734871305
0.04230860874
0.02886297994
0.02849266605
0.0388936897
0.9217036937
0.9554932222
0.9334740375
0.9550063351
0.9805755635
0.9761719246
0.0451105928
0.02312044055
0.02313115334
0.02313612469
0.0231418671
0.02314817006
0.02315485407
0.02316167307
0.02316837911
0.02317484211
0.02318095672
0.02318655605
0.02319173466
0.02319671137
0.02320136271
0.02320581971
0.02321015772
0.02321284283
0.02321266063
0.02321219159
0.02321375395
0.02321674069
0.02320746671
0.02488402025
0.03908611341
0.9811958425
0.9900941922
0.9903242142
0.9903478365
0.9901679949
0.9817685782
0.04175038454
0.02620750488
0.02330432825
0.02333796011
0.02331890893
0.02331354691
0.02917190802
0.104819105
0.9708940747
0.9787207609
0.9778055261
0.9669166931
0.9284165548
0.03144001219
0.03127668455
0.9119603577
0.9783393607
0.9842750913
0.9695036523
0.03585766956
0.02594679779
0.02318656344
0.02318672616
0.03556159556
0.9886288626
0.9883279591
0.8520216455
0.02473446172
0.023180339
0.02317110447
0.02317086114
0.02316904018
0.02316802774
0.02316856315
0.02317072052
0.02317159349
0.02316666645
0.02316571072
0.02586663809
0.0534337667
0.9830105056
0.9800459822
0.9770949704
0.978366576
0.9799303489
0.9774326682
0.9741104458
0.9820278457
0.9854186749
0.07857856387
0.02535449769
0.02320039446
0.02319416703
0.02319761507
0.02320047233
0.02320016323
0.02319829329
0.02319587211
0.0231932757
0.02319064362
0.02318811107
0.02318581624
0.02318388518
0.02318241814
0.02318143171
0.02318058841
0.0231788552
0.02317598614
0.02317438803
0.02317460085
0.02317567135
0.0231769169
0.0231898865
0.02846761312
0.9264644038
0.9823743064
0.9841654753
0.9821263011
0.9810538763
0.9819296026
0.9812168097
0.9666315555
0.03712033252
0.02637717256
0.02885714267
0.0412179341
0.9075141662
0.9607717821
0.9762815569
0.9612009314
0.04511087146
0.02312075789
0.02313158319
0.02313634897
0.023141918
0.02314812056
0.02315477903
0.02316167123
0.02316857982
0.02317535129
0.02318185708
0.02318797569
0.0231937305
0.02319918535
0.02320424939
0.02320892224
0.02321305454
0.02321580398
0.02321680961
0.02321753629
0.02321920826
0.02322161948
0.02322058329
0.02320936233
0.02319741128
0.02692148562
0.07020069362
0.9849507732
0.9877439262
0.9893716641
0.988887809
0.9846820206
0.9728424187
0.04156272724
0.02702863859
0.02329868741
0.02465849321
0.03352290915
0.9758809583
0.9639094908
0.9233016693
0.90970421
0.889310199
0.9124886601
0.8849714692
0.9183529287
0.9686556922
0.9795809385
0.9785724402
0.05273250525
0.02653469359
0.02318888244
0.02318527094
0.02318150965
0.02318708977
0.03504892873
0.9856770325
0.9875752212
0.07479273031
0.02514426529
0.02316027854
0.02316368928
0.02316384513
0.0231655001
0.02316783204
0.02317081356
0.02317368078
0.02317555475
0.02318260198
0.02320115003
0.02325300601
0.03232410578
0.9677124048
0.9784477159
0.9828299692
0.9858717608
0.9872399927
0.9858379014
0.9847428564
0.965511007
0.03353327472
0.02329879547
0.0232184462
0.02320752883
0.02320447149
0.02320332762
0.0232018318
0.02319978623
0.02319735304
0.02319477193
0.02319220051
0.02318976542
0.023187577
0.02318571705
0.02318422247
0.02318303241
0.02318186565
0.02318019394
0.0231780625
0.02317667737
0.02317638653
0.02317713146
0.02317946168
0.02318324604
0.0231783895
0.02470779612
0.03972768667
0.9734282389
0.9807016259
0.9809041563
0.9772889785
0.9768672584
0.9792575693
0.9753767977
0.9611084402
0.04630173649
0.8722970096
0.9300100661
0.9651441716
0.9738174401
0.9263727091
0.04511113283
0.02312106489
0.02313204469
0.02313666907
0.02314212964
0.02314827976
0.02315494574
0.02316191939
0.02316899825
0.02317601466
0.02318282529
0.02318931728
0.02319545992
0.02320121979
0.0232064944
0.02321122653
0.02321523967
0.0232181063
0.0232198072
0.02322111106
0.02322250488
0.02322349117
0.0232214264
0.02321420743
0.02320773623
0.02320388273
0.02323438796
0.02964986606
0.9510914315
0.9862341966
0.9873211771
0.9845266871
0.9841315475
0.9818864074
0.9745500145
0.04666426767
0.03327418838
0.877547294
0.9742546599
0.9526714071
0.03140134675
0.03535422652
0.8414146096
0.944946608
0.9614091933
0.9690449189
0.9771313015
0.9735636988
0.7651564515
0.02906677203
0.02322804425
0.02319435068
0.02318924308
0.02318836851
0.02319192976
0.02319288345
0.03371732821
0.9859468822
0.9869492468
0.9211080155
0.02541715725
0.0231534253
0.02315738501
0.02316247862
0.02316662224
0.02317009294
0.02317368288
0.02317833377
0.02318678697
0.02320284534
0.0232347452
0.02902961788
0.0736680121
0.9806479716
0.9870689457
0.9899430641
0.9910794535
0.9887125972
0.9829412816
0.06109856156
0.02555920683
0.02323444007
0.02322403841
0.02321191098
0.02320797009
0.02320540354
0.02320316129
0.02320089914
0.02319848252
0.02319597314
0.02319348888
0.02319114221
0.0231890239
0.0231871889
0.02318564582
0.02318432177
0.02318303307
0.02318154198
0.0231800051
0.02317910284
0.023179189
0.02318044798
0.02318333431
0.02318744468
0.02318880331
0.02318290878
0.02318570363
0.02776868354
0.8878976717
0.9798423738
0.9786095915
0.9689505402
0.9697778876
0.973596259
0.9776394378
0.9760365628
0.9617785545
0.9315384663
0.9440456824
0.9579998023
0.1436169191
0.04511136087
0.02312133531
0.02313248368
0.02313702072
0.02314243295
0.02314858063
0.0231552865
0.0231623456
0.02316956283
0.02317676015
0.02318378274
0.02319051714
0.02319689887
0.02320282089
0.02320815595
0.02321284171
0.0232167229
0.0232195977
0.02322158858
0.02322303048
0.02322402323
0.02322414141
0.02322159124
0.02321591485
0.02321032477
0.02320800346
0.02320765155
0.02319828562
0.02476146203
0.04366601091
0.9802008806
0.9786027976
0.9747234861
0.9765016165
0.9804035834
0.9803131089
0.9737141789
0.9550373576
0.9720368455
0.04521291514
0.0307639791
0.0360777642
0.9499106782
0.976388052
0.981955661
0.9819928674
0.9785760223
0.9565703435
0.0330737869
0.02430602892
0.02320364242
0.0231928127
0.02319095487
0.02319281882
0.02319661766
0.02319743127
0.02318972554
0.03239105802
0.981532842
0.9828575968
0.6019030445
0.02596059366
0.02315182829
0.0231609167
0.02316605323
0.02316880236
0.0231711224
0.02317373886
0.02317797773
0.02318426403
0.02576750628
0.04121657608
0.9772980477
0.9806403534
0.9862866562
0.9891084494
0.9904910003
0.9891333537
0.9778632725
0.03327022328
0.02326118334
0.02324544117
0.02323320857
0.02321874588
0.02321172236
0.02320757034
0.02320446364
0.02320181265
0.02319930018
0.02319682772
0.02319442364
0.02319215874
0.02319010287
0.02318829466
0.02318673845
0.02318537619
0.02318411262
0.02318285826
0.02318180167
0.02318134499
0.02318183948
0.02318344781
0.02318652685
0.02319016776
0.02319219173
0.02319078883
0.02319504515
0.02319519391
0.02461882011
0.04156101074
0.9767575141
0.9698852503
0.9689215703
0.9752446406
0.9806924349
0.9845116144
0.98374765
0.9706568838
0.9616863123
0.951105176
0.09749564095
0.04511154026
0.02312154658
0.02313285766
0.02313735958
0.02314278413
0.0231489823
0.02315575988
0.02316290477
0.02317022824
0.02317754213
0.02318468321
0.02319154566
0.0231980546
0.02320402588
0.02320930347
0.02321386531
0.02321755893
0.02322030326
0.02322234972
0.02322375941
0.02322452902
0.02322460354
0.02322238736
0.02321839979
0.02321417474
0.02321251814
0.02321247392
0.02321277785
0.02320829711
0.02321890473
0.03064128801
0.9431568292
0.959264519
0.9636948202
0.9720664671
0.9792350033
0.9822448094
0.9739677533
0.9386261488
0.04028847703
0.03697625234
0.9482538276
0.9686039808
0.9825591284
0.9879355728
0.985833408
0.9738808693
0.03919464588
0.02561109203
0.02319923064
0.02321368561
0.02320382789
0.02319989763
0.0232009256
0.02320361793
0.02320436352
0.02320201029
0.02319409726
0.03216905726
0.9803786343
0.982280081
0.9006205492
0.02590073903
0.0231584185
0.02316729143
0.02316874922
0.02316757239
0.02316602051
0.02316508909
0.02478847429
0.03298870532
0.954375685
0.9757305847
0.974790463
0.9781281895
0.9811086289
0.9825386058
0.9834703915
0.9844570715
0.05975439499
0.02326355872
0.02323033044
0.02322674035
0.02321823388
0.0232120548
0.02320786267
0.02320468337
0.02320201684
0.02319956456
0.02319719739
0.02319491009
0.02319274874
0.02319077508
0.02318902201
0.02318750636
0.023186187
0.02318503887
0.02318402634
0.02318334484
0.02318319906
0.02318395568
0.0231856138
0.02318877261
0.02319233752
0.02319562239
0.02319561499
0.02319866138
0.02320988056
0.02321815756
0.02324109722
0.03709165625
0.9565309773
0.9713224629
0.9794253141
0.984232739
0.9874487032
0.9880992845
0.983054847
0.9714851505
0.1019188782
0.1484633525
0.04511165715
0.02312168013
0.02313313556
0.02313765918
0.02314316242
0.02314946961
0.02315635032
0.02316357588
0.02317097145
0.02317833404
0.02318549598
0.02319238478
0.02319894636
0.02320487767
0.02320999435
0.02321438716
0.0232178344
0.02322030667
0.02322228412
0.02322356086
0.02322422009
0.02322490424
0.02322322656
0.02322069854
0.02321744083
0.02321685812
0.02321671617
0.0232199871
0.0232172017
0.02324042664
0.02324552175
0.03190994381
0.9006359877
0.9593034774
0.9721636537
0.9783867123
0.9807539714
0.9745624802
0.9516143109
0.06583451509
0.961933044
0.9567454051
0.9640252254
0.9749885452
0.9828822889
0.9837032289
0.0748202578
0.0268127971
0.02321042981
0.02321195446
0.02321965536
0.0232150556
0.02321149488
0.0232110875
0.02321203838
0.02321184568
0.02320972814
0.02320627976
0.02319587343
0.03106135657
0.9758279964
0.9784515245
0.8704517194
0.02641663828
0.02317126222
0.02317343403
0.02316739701
0.02316009164
0.02449889305
0.03061196023
0.9033068326
0.9707840743
0.9768832221
0.9687181007
0.9707758005
0.9686164795
0.9447041746
0.9348251034
0.9787569504
0.9814257483
0.0311444331
0.02321226737
0.02321957994
0.02321399781
0.02320967959
0.02320642364
0.02320371509
0.02320137975
0.02319918375
0.02319702231
0.02319490581
0.0231928808
0.02319101967
0.02318935533
0.02318793242
0.02318671303
0.0231857353
0.02318495159
0.02318458346
0.02318460236
0.02318550299
0.02318683427
0.02318971225
0.02319265863
0.02319747579
0.02319642232
0.02319228866
0.02320132295
0.02320280554
0.02600533914
0.0360655262
0.9387642396
0.968039677
0.9787884221
0.9832059945
0.9861464084
0.9869228382
0.9838323124
0.9781930254
0.1085294845
0.9561678521
0.04511169935
0.02312172215
0.02313329869
0.02313791066
0.02314356895
0.02315005287
0.02315706726
0.02316435874
0.02317178853
0.02317912185
0.02318619135
0.02319300964
0.02319959423
0.02320541016
0.02321025092
0.02321446967
0.02321763655
0.02321971249
0.02322156837
0.02322252313
0.02322294856
0.02322472563
0.02322320691
0.02322161013
0.02321776649
0.02321853764
0.0232153722
0.02322005762
0.02321826682
0.02333342772
0.0281477504
0.04218824998
0.9464935275
0.961608042
0.9727598475
0.976177049
0.9760761583
0.9675430846
0.9520577132
0.9631319994
0.9696240057
0.961421654
0.9567311267
0.9594115614
0.9608487506
0.9748474597
0.9714911073
0.02741039915
0.02320875626
0.02320759124
0.02321884088
0.02322108781
0.02322120553
0.0232208413
0.02322041876
0.02321895814
0.0232163308
0.0232126559
0.02320861378
0.02319567898
0.03046386486
0.972259512
0.9774175569
0.9189659319
0.0271045794
0.02319615462
0.0231759325
0.0245224962
0.03017761604
0.857838589
0.9697520747
0.9787066604
0.9796617257
0.9713294355
0.9625701438
0.9464508977
0.9558515335
0.03455637294
0.9375638906
0.9829784508
0.9627543246
0.02537810737
0.02320359854
0.02320426951
0.02320402604
0.02320299529
0.02320139608
0.02319978617
0.02319808492
0.02319626242
0.02319439229
0.02319254508
0.02319083111
0.02318928263
0.02318799524
0.02318690944
0.02318614848
0.02318557083
0.02318555785
0.0231856735
0.02318673684
0.02318757658
0.02319012864
0.02319070801
0.02319704377
0.0231963334
0.02319071286
0.02322931404
0.02672731648
0.0367368205
0.9437356715
0.9573242645
0.9601907219
0.971113025
0.9757896552
0.9792525853
0.9802724954
0.9770542779
0.9749255355
0.967061893
0.1310986399
0.04511165628
0.02312166496
0.02313334382
0.02313812427
0.02314402603
0.02315076704
0.02315794315
0.02316527108
0.02317269501
0.02317989924
0.02318672797
0.02319337557
0.02320001583
0.02320563388
0.02321004545
0.02321413882
0.02321697674
0.02321861579
0.02322055081
0.02322064504
0.02322035243
0.02322381269
0.02322037078
0.02321916456
0.02320985375
0.02320739919
0.02319774587
0.02321039661
0.02470210101
0.03130847152
0.07941437766
0.9747059631
0.9699564649
0.9659713308
0.9714827172
0.9737578257
0.9744785187
0.9729560183
0.9719638863
0.9739140797
0.9750066389
0.9669766585
0.9587943147
0.9512620795
0.0419915517
0.9328223855
0.9821185442
0.04977576254
0.02320026751
0.02320060548
0.02321769073
0.02322595439
0.02322891306
0.02322895266
0.02322752442
0.0232246461
0.02322107681
0.02321652196
0.02321265414
0.02320784744
0.0231977062
0.0296430754
0.966165158
0.9743316298
0.9386135478
0.02981143894
0.02502929287
0.03088385153
0.8774413149
0.972349874
0.9823736894
0.9849857149
0.9844942759
0.9774064981
0.7660060148
0.03965095426
0.977465436
0.06852133775
0.02983845437
0.9821678489
0.9889051439
0.06495284183
0.02324428231
0.023201089
0.02320018893
0.02319937212
0.02319823101
0.02319736986
0.02319630702
0.02319494017
0.02319339705
0.02319176651
0.02319022957
0.02318880564
0.02318768543
0.02318672129
0.02318623992
0.02318582238
0.02318623154
0.02318648667
0.02318797693
0.02318736325
0.02319065794
0.02318506929
0.02318786249
0.02317591925
0.02415174424
0.0289140595
0.05369113574
0.9690097244
0.9696343594
0.9624724029
0.9481884566
0.9548843351
0.9576219715
0.9607013513
0.9625560829
0.962889064
0.9672108705
0.9672138765
0.8624562274
0.04511151907
0.02312151022
0.02313328939
0.02313833366
0.02314457756
0.023151669
0.02315902491
0.02316634425
0.02317373963
0.02318066747
0.02318703225
0.02319341491
0.02320025433
0.02320549481
0.02320925489
0.02321347129
0.02321573056
0.02321678174
0.02321999312
0.02321853193
0.02321537399
0.02322256819
0.02321258847
0.02320801554
0.02319227323
0.02320064826
0.02450799133
0.02871564801
0.04523416845
0.9360730698
0.98157377
0.9826320353
0.9742903196
0.9662210811
0.9695347583
0.9722623359
0.9753485249
0.9790293008
0.981734274
0.9811137704
0.9774467413
0.9645278955
0.9256402343
0.03495716863
0.02698964936
0.02967894489
0.9834837407
0.9815020815
0.02795407745
0.02318349682
0.02321321603
0.02322730912
0.02323318009
0.02323391702
0.02323204061
0.02322791295
0.02322339799
0.02321755851
0.023213604
0.02320774391
0.02320835805
0.02320788496
0.0300810266
0.9629519568
0.9678370586
0.9631150548
0.04775325867
0.9316924462
0.9724777068
0.982955854
0.9862079326
0.9854155429
0.9812498196
0.06914637689
0.03026024566
0.02480775967
0.0469737241
0.978378324
0.02877858245
0.04201422216
0.9872575542
0.9874585657
0.03447676771
0.02319371381
0.02319324101
0.02319292729
0.02319288312
0.02319363022
0.02319373144
0.02319308158
0.02319199581
0.02319061845
0.02318928123
0.02318794377
0.02318702869
0.02318611497
0.0231859523
0.02318572216
0.02318681884
0.02318686258
0.02319092449
0.02318820079
0.02319384023
0.02318894806
0.02332221712
0.0263243827
0.03325764364
0.7909021561
0.9776926284
0.9816879436
0.9754679666
0.9612141359
0.9503297145
0.9453366818
0.9341798591
0.9267739776
0.919166325
0.9356911065
0.964861928
0.9752872588
0.9439986745
0.04511128314
0.02312127623
0.02313318607
0.02313860242
0.02314529404
0.02315283653
0.02316034513
0.02316759662
0.02317504873
0.02318147387
0.02318695141
0.0231930032
0.02320051237
0.02320486314
0.02320740004
0.02321268695
0.02321396774
0.02321311248
0.02321959305
0.02321786788
0.02320786144
0.02321723258
0.02319865691
0.02321736734
0.0246879129
0.02905557239
0.04590019327
0.9292215866
0.97856638
0.9837053215
0.9826438473
0.9809725099
0.9718139808
0.9705555947
0.9721144797
0.9734977781
0.9763273004
0.9802686255
0.9828837767
0.9818034311
0.9691386892
0.864931758
0.03260056274
0.02544379315
0.02321948947
0.0232405133
0.05937637035
0.9858142798
0.9115876144
0.02441646698
0.02320582039
0.02322503394
0.02323395005
0.02323549525
0.02323353394
0.02322838291
0.02322380952
0.02321603246
0.02321405964
0.02320532089
0.02320534492
0.02320320896
0.02524206857
0.04035773237
0.9613466095
0.9733600611
0.9787675966
0.9798196708
0.982815783
0.9860342261
0.9853578155
0.9792074124
0.04836685882
0.0279918962
0.02329240744
0.02322654927
0.02518460231
0.9210656925
0.8371475642
0.02644762378
0.8777847859
0.9845494866
0.9732871404
0.02651329187
0.02317353293
0.02318075673
0.02318489105
0.02318899712
0.02319087116
0.02319108175
0.02319047842
0.02318927641
0.02318812679
0.02318674262
0.02318599737
0.02318499823
0.02318509009
0.02318424497
0.02318683726
0.02318399033
0.0231880225
0.02318280663
0.02321614934
0.02493408613
0.03230778842
0.09745330137
0.9749516307
0.9800596358
0.9828580767
0.9824744716
0.9736216492
0.9654695453
0.9620783528
0.9592611456
0.9577566417
0.9443442442
0.9093830162
0.8586019985
0.9504918589
0.9787636982
0.9666662702
0.04511095871
0.02312101662
0.02313313561
0.02313902454
0.023146284
0.02315439274
0.0231618698
0.02316892002
0.02317686228
0.02318258908
0.02318629198
0.02319173432
0.02320127304
0.02320388582
0.02320324725
0.02321101041
0.02321178175
0.02320556298
0.02321251886
0.02320719943
0.02320484972
0.02337474759
0.02528154128
0.03087610658
0.05484692744
0.9489990721
0.980793029
0.9852101905
0.9846663699
0.9858262163
0.9838762989
0.9806771969
0.9762188376
0.9770359676
0.9781132794
0.980613184
0.9782295709
0.9774056406
0.9739010924
0.9679684003
0.8807531569
0.02985669215
0.02483921487
0.02319853909
0.02320957966
0.02320332571
0.02646845865
0.9736374071
0.9817102585
0.0362461102
0.02320343066
0.02322498465
0.02323422508
0.02323485304
0.02323257766
0.023225343
0.02322288374
0.02321519727
0.02321684479
0.02321440751
0.02339849179
0.02749900271
0.03590533764
0.9259457536
0.9721517159
0.9829092456
0.9857907172
0.9865874116
0.9862254624
0.9853595017
0.979077188
0.04611273148
0.02700260477
0.02323143985
0.02321978419
0.02321446411
0.02319586911
0.03136256757
0.9624201405
0.03551655831
0.02598124571
0.9689924981
0.9873788352
0.7971648367
0.0239697443
0.0231725944
0.02317978498
0.02318665501
0.02318936299
0.02318974247
0.02318930199
0.02318797707
0.02318689716
0.02318528094
0.02318463435
0.02318270828
0.02318367205
0.02317970044
0.02318167905
0.02317637163
0.02319631966
0.02463813749
0.03018097911
0.05824957017
0.9642276021
0.9861704599
0.9884613794
0.9869011279
0.9857594926
0.9837906647
0.97923741
0.9777807571
0.9738932271
0.9717099978
0.9762030795
0.979870785
0.963359792
0.9144457028
0.8863781631
0.9774930418
0.9721746731
0.04511060645
0.02312086141
0.02313333883
0.02313970546
0.02314767795
0.02315660452
0.02316350528
0.02316984083
0.02317931519
0.02318465481
0.02318547988
0.02318872425
0.0232020735
0.02320251657
0.02319499751
0.023201796
0.0231966989
0.02319041477
0.02321632908
0.02438078065
0.02610710439
0.03874814449
0.1302638307
0.9675865231
0.9846793375
0.9872489646
0.9864624098
0.9876682045
0.9863268198
0.9858718901
0.9849781451
0.9833297117
0.983006745
0.9812247902
0.9803489349
0.983778298
0.9843803319
0.9629410015
0.5648826493
0.9037859322
0.8945099239
0.02704378332
0.02317688959
0.02319565613
0.02320144036
0.02319343837
0.02317261736
0.03354045847
0.9812040481
0.9789741132
0.02741045316
0.02322641126
0.0232359317
0.02323140772
0.02322854684
0.0232171439
0.02321313219
0.02320380513
0.0232553701
0.02532962443
0.03414026442
0.1415276564
0.9770014192
0.9771422583
0.9816476755
0.9858303561
0.9879595647
0.9881076655
0.9855415257
0.9794254563
0.04724415234
0.02701216645
0.02323413058
0.02323085311
0.02322360437
0.0232116873
0.02319724882
0.02412507773
0.6733761717
0.9645103201
0.02630833918
0.03415320944
0.9887193711
0.9889218254
0.03813415671
0.02317667231
0.02318125725
0.02318839824
0.02318974181
0.02318919344
0.02318853809
0.02318681242
0.02318577332
0.02318313148
0.02318341682
0.02317834741
0.02317842944
0.02317219823
0.02318521498
0.02447837845
0.02925226042
0.05065804919
0.9559489473
0.9846962876
0.9884535481
0.9883237076
0.9891429474
0.9873216806
0.9875399357
0.9848001524
0.9810823607
0.9811904137
0.9783125943
0.9352360166
0.8454148325
0.09958345815
0.04841240519
0.03320350921
0.04571907279
0.9775370512
0.9700857518
0.04511051706
0.02312107875
0.02313420336
0.02314076845
0.02314949129
0.02315994652
0.02316543781
0.02316947132
0.0231816693
0.02318726939
0.02318586218
0.02318515355
0.02319783552
0.02318892406
0.02318329856
0.02321962678
0.02433335322
0.02567527878
0.03339473963
0.05516367079
0.926595026
0.9706348673
0.9889182822
0.9893179181
0.9878920964
0.9886936114
0.9874562787
0.9875270013
0.9870048106
0.9877406198
0.9856960681
0.9832088589
0.9839272405
0.9831887728
0.9541510925
0.9119021856
0.06509992305
0.03643896183
0.02718901331
0.033226365
0.9513612274
0.03386947751
0.02318739682
0.02319819333
0.02320002615
0.02319366313
0.02317682561
0.02412550426
0.8359545621
0.9870296666
0.08686869011
0.02328809112
0.02324058014
0.02322743099
0.02321743273
0.02320331881
0.02324344925
0.02511152364
0.03194840395
0.07272480095
0.9680442162
0.9866125672
0.9871963527
0.983861836
0.9834323964
0.9856445498
0.9868717388
0.9836337556
0.9742060523
0.04478420146
0.02702926173
0.02324551857
0.02324322795
0.02323755984
0.02322320439
0.02320720405
0.02319386155
0.02318221748
0.02855064256
0.9812542639
0.06052263964
0.02329909311
0.07083187953
0.9892555184
0.9780308756
0.02759832857
0.02317560331
0.02318923629
0.02318956519
0.0231885176
0.02318804839
0.02318523846
0.02318534934
0.0231798236
0.02317962725
0.02317254149
0.02318228557
0.02441636558
0.02865875675
0.04626682863
0.9463349695
0.9831021809
0.9878347852
0.9882967393
0.9898604284
0.9890754271
0.9893263633
0.987268874
0.9876626027
0.9857400778
0.9502094095
0.7553896431
0.04524782031
0.03180837697
0.02612325877
0.02502291201
0.02409594992
0.02356570026
0.03440908767
0.9818043928
0.9724813884
0.04511228357
0.02312223281
0.02313638879
0.02314253943
0.0231514414
0.02316423996
0.02316769065
0.02316748091
0.02317987287
0.02317926652
0.02317848922
0.02319364338
0.02335943039
0.02469691052
0.02623435441
0.03494428919
0.05906551386
0.9225916581
0.9646540586
0.9864992504
0.9876489592
0.9867942794
0.9881038145
0.9889434316
0.987476219
0.9873476346
0.9868996331
0.9879929475
0.986706766
0.9877207687
0.9865985515
0.9590757278
0.8711338709
0.05066899928
0.03351839059
0.0260396581
0.02465602386
0.02329750487
0.02322821726
0.02573325245
0.9517336541
0.7948772129
0.02433144318
0.02319892143
0.02319790463
0.02319531624
0.02318599148
0.02317295425
0.02701475678
0.9791720205
0.9852856263
0.03203314715
0.02323450184
0.02322459805
0.02327264309
0.02521558391
0.03184393733
0.06963417572
0.9663999025
0.9861710693
0.9882300166
0.9870886763
0.9863283298
0.9827688766
0.9796608814
0.9790642407
0.9770462771
0.9472139274
0.03526359778
0.02617877573
0.02324907689
0.02325189967
0.02324922387
0.02323520356
0.02321691156
0.02320081555
0.02318837183
0.02318089717
0.02321150009
0.06680254792
0.9816105005
0.02837111323
0.0256259961
0.9680817456
0.9850130865
0.9422845867
0.0247580756
0.02319048088
0.02319026249
0.02318836257
0.02318920389
0.02318297333
0.02318252025
0.0231753647
0.0231874381
0.02449643714
0.02859886336
0.0448032221
0.9371112763
0.9813799221
0.987024176
0.9878481851
0.9897532955
0.9893527104
0.9899534076
0.9882839992
0.9878729067
0.9837017953
0.9586007293
0.0668974186
0.03371527023
0.02557395536
0.02439015493
0.02332770185
0.0233175094
0.02331497459
0.02331241358
0.02330528612
0.0310347342
0.9760399772
0.9677282753
0.04512472599
0.0231262569
0.02314022847
0.02314513334
0.02315356298
0.02316526104
0.02316107735
0.02316659494
0.02322423086
0.02434130718
0.02541825699
0.02923120363
0.04603974869
0.1433523633
0.9576067329
0.97423234
0.9882593411
0.9886925471
0.9873570215
0.9881992987
0.9890670396
0.9879688123
0.9875011954
0.9863229751
0.985400819
0.9862599783
0.9845314896
0.985440674
0.9815780287
0.9562288395
0.07544142756
0.03512575292
0.02570780594
0.02434060123
0.02322034083
0.02320144661
0.02320590128
0.02320897309
0.02321706507
0.02323233668
0.05873746019
0.98135786
0.0292440744
0.0232075029
0.02319966357
0.02319275274
0.02318166702
0.02318396791
0.02322662325
0.04705388133
0.9815219871
0.9607629069
0.02747715858
0.02620693056
0.03404406573
0.08218701134
0.9677043502
0.986257712
0.9885378025
0.988007679
0.9885431837
0.9866723521
0.9835168268
0.9815863374
0.9781991593
0.9338269403
0.9754950595
0.04550773069
0.02459452765
0.02324107139
0.02324973884
0.02325409735
0.02324565972
0.02322779291
0.02321027959
0.02319661282
0.02318695879
0.02318165409
0.02318306461
0.02652417153
0.9697086433
0.6418451835
0.02404847065
0.03063894194
0.9835112641
0.987878999
0.05074059633
0.0232269912
0.02320279023
0.02319275027
0.02319018495
0.02317952388
0.02319120345
0.0245467238
0.02892043344
0.04671129052
0.9378044413
0.9804947353
0.9863073697
0.9872318809
0.9894452652
0.9893238006
0.990182387
0.9888216069
0.9886108582
0.9847092398
0.9567462907
0.0529623036
0.03004847419
0.02499261062
0.02335739888
0.02334278689
0.02336201216
0.02335595045
0.02337172624
0.02336176156
0.0233174061
0.02325529304
0.02924704966
0.9667373258
0.9592060472
0.04522522401
0.02314443001
0.02314235811
0.02314453615
0.0231739358
0.02362385474
0.02496495512
0.02733906741
0.03890448514
0.0766486864
0.9472439589
0.9694771585
0.9853344003
0.9917292173
0.991345808
0.9899816112
0.9904579568
0.9909718334
0.9900031578
0.9893818012
0.9882701779
0.9870915072
0.9856588583
0.9828445772
0.9798860963
0.9804876119
0.9744644179
0.9327032003
0.04562446667
0.02925962208
0.02487830228
0.02326785968
0.02318428912
0.02317403186
0.02317416246
0.02318438568
0.02320003472
0.02320513907
0.023209831
0.02322262024
0.02910667176
0.9798397792
0.07025748879
0.02328093073
0.02322966426
0.02327187438
0.02441927537
0.02527978393
0.0284342881
0.03996328874
0.9724318207
0.9765216338
0.8742367617
0.5945196593
0.9720888919
0.987028961
0.9885851081
0.9880087925
0.9888300074
0.987371441
0.9854009486
0.9823400275
0.9693241695
0.8471140763
0.04523960003
0.03124490335
0.06182664004
0.07523585589
0.0234685955
0.02328511285
0.02325553681
0.02325274164
0.02324027696
0.02322132376
0.02320548421
0.02319517241
0.02318959824
0.02318811847
0.02319022622
0.02318675109
0.03599751709
0.9633958035
0.0303322126
0.02322954502
0.04611042708
0.9868065543
0.9853777448
0.03446262203
0.023207372
0.0231966882
0.02320633383
0.02459927356
0.02900261572
0.04724961527
0.940676387
0.9813088767
0.9861533367
0.9866146498
0.9888909319
0.988966062
0.9901889924
0.9891755231
0.9892639498
0.986051317
0.9629570012
0.05686337155
0.0301604818
0.02478965539
0.02334342976
0.02336828168
0.02338151173
0.02341092886
0.02343005155
0.02340585614
0.02338437282
0.02335888719
0.02330907359
0.02324138286
0.02816086896
0.9511004596
0.9461985709
0.0454990591
0.02321656717
0.02416692294
0.02553351981
0.03120348468
0.05584986218
0.8669049834
0.9727269881
0.9839851415
0.9914902878
0.9917634075
0.9910269325
0.9918260485
0.9925756314
0.9930100782
0.9923270375
0.9919239571
0.9913171798
0.9907828954
0.9900430208
0.9885563176
0.9864777885
0.9832935072
0.9763718122
0.9596095505
0.9405709045
0.08787818345
0.04663572745
0.03659189763
0.03344908617
0.03230152152
0.03184556478
0.03159164995
0.03141073496
0.03127794084
0.03120809094
0.03124965066
0.03149693378
0.03226101608
0.03499396313
0.03988555952
0.904960484
0.9342427661
0.03376560288
0.03364213479
0.04461371864
0.06433614058
0.822998805
0.8867818637
0.966835687
0.9777686566
0.982148391
0.9832772627
0.9882966084
0.9878858373
0.9868102058
0.9878945338
0.9868984992
0.9853810374
0.9823507506
0.9692854759
0.709392814
0.03655084555
0.02673781724
0.02445403476
0.0232841625
0.03898562036
0.9748720234
0.02757317489
0.02326438625
0.02326096994
0.02324910456
0.02323523747
0.02321419043
0.02320068874
0.0231951594
0.02319535906
0.02320023055
0.02320939208
0.02321482838
0.02509150996
0.9062137188
0.8974290139
0.0250509546
0.0256792506
0.9472885445
0.9782354869
0.9662966175
0.02899839914
0.02532038726
0.02987858374
0.04872353734
0.9389025204
0.9809868995
0.9858782293
0.9865871129
0.9883380986
0.9880947242
0.9894976289
0.9891196014
0.9897030103
0.9872332131
0.9684834322
0.06595452575
0.03107549178
0.02492645895
0.02335720373
0.02339160641
0.02341360408
0.0234434305
0.02344912796
0.02344673622
0.02344717913
0.02342720103
0.02339851809
0.02336354121
0.02331274751
0.02324530487
0.02751619968
0.9263095356
0.927559916
0.1298679279
0.04234736205
0.08965618242
0.9662986169
0.9812065651
0.9904000878
0.9935276558
0.9934698899
0.9932190722
0.9937485112
0.9942267735
0.9939251614
0.9938399612
0.9936317281
0.9933848131
0.9932221879
0.9929234243
0.9923221354
0.9916921152
0.9909481211
0.9897254103
0.9880350337
0.9857200573
0.9823593115
0.978461962
0.975713924
0.9818033465
0.986002695
0.9851946477
0.9859217053
0.9853413235
0.9848327993
0.9844323919
0.98408907
0.9837846298
0.9835230514
0.9833245498
0.9832211609
0.9832638769
0.9836494802
0.9857632791
0.9846591697
0.9798219605
0.9754867309
0.9823809876
0.9860774394
0.9894806314
0.9871524874
0.9825842142
0.9817900547
0.9846546654
0.9870942341
0.9878061544
0.9873676881
0.98615154
0.984915605
0.9828876935
0.9806374226
0.9692437245
0.6623156639
0.03568363702
0.02640414238
0.02413070669
0.0232015311
0.02321436018
0.02322024405
0.02933885641
0.7939430117
0.02693952515
0.02323343702
0.02324793825
0.02322904738
0.02321111539
0.02319573447
0.02318706364
0.02318716059
0.02319195662
0.02320146613
0.02321796223
0.0232497243
0.02331884126
0.03261699077
0.9363263713
0.03527317754
0.02899364047
0.04973097299
0.9652263821
0.9647383971
0.9338016289
0.05278981711
0.9515318058
0.980567905
0.9850710909
0.985751428
0.9875769324
0.987466098
0.9879568115
0.9881742945
0.9890468705
0.9871523696
0.9738429569
0.08628028016
0.0324500766
0.02514745313
0.02337729507
0.0234020727
0.02343488999
0.0234688036
0.02347850781
0.02347829186
0.0234749491
0.02346785508
0.02346077384
0.02344390416
0.02341849205
0.02338291188
0.02333258782
0.02326570064
0.02691309358
0.8725844835
0.9071284274
0.9846910321
0.9913022024
0.993973319
0.9945259453
0.9943781704
0.9949244094
0.9953879368
0.9955439626
0.995341262
0.9952233677
0.9950867236
0.9950367926
0.9949224184
0.9946233453
0.9942908575
0.9940297845
0.9937479825
0.9932872183
0.9927472097
0.9921200811
0.9913007956
0.9903275009
0.9892775511
0.9883162532
0.9878383438
0.9880907794
0.9888325002
0.990674957
0.991196491
0.9913309754
0.9913482159
0.9912896115
0.9911956222
0.9910894634
0.9909746616
0.9908492497
0.9907081957
0.9905452411
0.9903629929
0.9902211781
0.9903703872
0.9910945562
0.9906727291
0.9892967932
0.9892909291
0.9896247511
0.9897178013
0.9895253875
0.9875828516
0.9866035646
0.9867183819
0.9878926368
0.9880622962
0.9859300302
0.980838626
0.9778436733
0.9687720485
0.7793447122
0.03501771906
0.02645714427
0.02411780976
0.02318814913
0.02317945572
0.02318576632
0.02320777229
0.0232185323
0.02692748157
0.9096634508
0.03110806381
0.023252477
0.0233020115
0.02341918656
0.02446658361
0.02494133255
0.02592737973
0.02665358423
0.02754032791
0.02853069325
0.02989595741
0.03257219721
0.04242240275
0.06398698354
0.9604810967
0.9357562607
0.8287407208
0.9662686381
0.9769199785
0.9784679282
0.9746446538
0.9783136065
0.9833240085
0.9834440846
0.9860415987
0.9861485351
0.9865182051
0.9867247504
0.9854355033
0.9827211674
0.9775993924
0.5158645488
0.03485458963
0.02565386517
0.02341659811
0.02340423462
0.02344524274
0.02348177031
0.023496336
0.02350283079
0.02350337515
0.02349866242
0.02349212242
0.02348471536
0.02347623034
0.02346194362
0.02344209042
0.02341484155
0.0233729529
0.02330294715
0.02684211675
0.8251773583
0.867374266
0.9908972248
0.9954301452
0.9962940738
0.9967181726
0.9966371793
0.9965990128
0.9965029364
0.9964068958
0.9963258887
0.9961825962
0.995981938
0.9958242337
0.995662807
0.9953978363
0.9950917398
0.99480565
0.9945104178
0.9941431092
0.9937232
0.9932535413
0.9927239279
0.9921788227
0.9916836721
0.9913309259
0.9912197949
0.9913361835
0.9915402998
0.991774942
0.9921083138
0.9923111604
0.9923781165
0.9924046717
0.9923893391
0.9923459011
0.9922820864
0.9921987
0.9920940938
0.9919703562
0.9918470527
0.9917911285
0.9919444566
0.992372505
0.9926705609
0.992250369
0.9913195409
0.9906031016
0.9900986108
0.9896432103
0.989349861
0.9889786864
0.9886338629
0.9882639707
0.9867167004
0.9814906578
0.9649255039
0.9346098876
0.07168406403
0.04574839657
0.0378215933
0.03479680341
0.03371684958
0.03331120714
0.03309385228
0.03302534748
0.03325697224
0.0345487632
0.03746997355
0.7716517338
0.05036334428
0.03594509655
0.04100935214
0.06226589061
0.09563751269
0.8651669754
0.8435535593
0.9333803583
0.9535291152
0.9656565884
0.9729096842
0.9780454196
0.9823082728
0.9873032605
0.9850720843
0.9793895044
0.9734762085
0.9727545548
0.9798183264
0.9837114659
0.9850006131
0.9849826239
0.9855675055
0.9847026408
0.9853597226
0.9861967647
0.9847046948
0.9830462507
0.9750277964
0.8150375516
0.0347093207
0.02695557518
0.02387889339
0.02339722996
0.0234385153
0.02347535456
0.02349395592
0.02350894554
0.02351699302
0.02351925087
0.02351767649
0.02351329019
0.02350683585
0.02349910297
0.02349029054
0.02347808128
0.02346317752
0.02344670234
0.02342809095
0.02337607734
0.02605948626
0.4496648273
0.891502857
0.9938792344
0.9967894633
0.9972985271
0.9974788463
0.9975062745
0.9974403108
0.9972899073
0.9971304194
0.9969901772
0.9968335125
0.9966399532
0.9964483292
0.9962490826
0.9960061859
0.9957359677
0.995463318
0.9951821907
0.9948732131
0.9945424331
0.99419301
0.9938338701
0.9934956286
0.9932136634
0.9930247307
0.9929507396
0.99296373
0.9929974308
0.9930273109
0.9931014525
0.9932116683
0.9932824183
0.9933239893
0.9933408739
0.9933361474
0.993313827
0.9932761026
0.9932248759
0.9931665782
0.9931204309
0.9931283304
0.9932475202
0.9934729919
0.9936117128
0.9933999953
0.9928083577
0.9921231167
0.9915733898
0.9911986815
0.9910153532
0.9908543668
0.9905462748
0.9899809125
0.9886419321
0.9857344124
0.9810074991
0.976823035
0.9822915812
0.9865897635
0.9866751773
0.987458688
0.9871546397
0.9868601392
0.986613206
0.9863841616
0.9861858745
0.9861537576
0.9870722452
0.9859614201
0.9851875103
0.9874443456
0.9888997366
0.9902219046
0.9917372404
0.9890601716
0.98490359
0.9840375043
0.9837590292
0.9843068101
0.98498052
0.985488755
0.9857064204
0.9857739934
0.9864734783
0.98477649
0.9820606411
0.979714117
0.9815134004
0.9850626593
0.9866366898
0.9874516002
0.9866539708
0.986581636
0.9851400842
0.9843651817
0.9784043686
0.9015115273
0.03938278562
0.02745788245
0.02425833764
0.02334713034
0.02342283484
0.02345342384
0.0234669922
0.02348591809
0.02350127221
0.02351434134
0.02352325027
0.02352755957
0.02352783235
0.0235246914
0.02351858284
0.02351026063
0.02350054481
0.02348859119
0.02347532811
0.02346480404
0.02346581053
0.02349205964
0.02521034885
0.60200417
0.8647226609
0.9959174339
0.9977506236
0.9979921424
0.9980635954
0.9980382005
0.9979531972
0.9978105353
0.9976470935
0.9974844024
0.9973138837
0.9971262435
0.9969302371
0.9967225734
0.9964928514
0.9962476424
0.99599604
0.9957380445
0.9954703951
0.9951979746
0.9949252816
0.9946615619
0.9944245665
0.9942319645
0.9940977784
0.9940248318
0.9939945217
0.9939762395
0.9939605236
0.993970533
0.9940109783
0.994057095
0.9940976739
0.9941275453
0.9941467363
0.9941562845
0.9941576587
0.9941530004
0.9941471078
0.9941506039
0.9941816352
0.9942571473
0.9943590411
0.9943937793
0.9942432019
0.9938905893
0.9934505155
0.993050681
0.9927668291
0.992606278
0.9924775664
0.9922800596
0.9919312781
0.9912943812
0.9903380835
0.9894230059
0.9891533987
0.9895814228
0.9912294694
0.9917825373
0.9920156807
0.9921063543
0.9920996553
0.9920458732
0.9919653544
0.9918658241
0.9917871846
0.9918681059
0.992220211
0.9916788885
0.9919004911
0.9920057488
0.9920768565
0.9919062132
0.9915375483
0.9897468899
0.9886337804
0.987697299
0.9870689567
0.9865643479
0.9860031408
0.9852748064
0.9845683815
0.984490067
0.9848814336
0.9839665066
0.982396273
0.9830235843
0.9850157212
0.9863726179
0.9881741104
0.9868380969
0.9863844616
0.9825637609
0.9388662706
0.04478025539
0.02845714534
0.02447611741
0.02333769098
0.02341866874
0.02343157636
0.02345260829
0.02346844524
0.02347040437
0.02347919943
0.02349440079
0.02351128317
0.02352471145
0.02353280305
0.02353628439
0.02353535135
0.02352954437
0.02351952909
0.02350734458
0.02349400069
0.02348026923
0.02347136066
0.02348234206
0.02354898486
0.02365433925
0.06336396254
0.937964051
0.9973978198
0.9984275167
0.99849417
0.9984786192
0.9984108032
0.9983063547
0.9981697884
0.9980149997
0.9978522257
0.9976808207
0.997498027
0.9973055006
0.9971011364
0.9968824237
0.9966534141
0.9964189276
0.9961810321
0.9959417985
0.9957064745
0.9954803768
0.9952709467
0.9950882275
0.9949406889
0.9948329897
0.9947630397
0.9947196562
0.9946883032
0.994664999
0.99465989
0.9946765335
0.9947063818
0.9947428272
0.9947796487
0.994814527
0.99484717
0.9948781871
0.9949088274
0.9949411455
0.9949782752
0.9950236367
0.995076308
0.9951191453
0.995107413
0.994991567
0.9947693393
0.9944949881
0.9942332915
0.9940326495
0.9939024813
0.9938001145
0.9936726162
0.9934766098
0.9931728574
0.9927869568
0.9924497758
0.9922908822
0.9922808151
0.9923732192
0.9926235866
0.9928107329
0.9929008626
0.9929539921
0.9929716365
0.9929672127
0.9929511308
0.9929443217
0.9929986606
0.993137754
0.9931300708
0.9927392267
0.9923049397
0.9919497832
0.9915419475
0.9911537679
0.9908140029
0.9901882678
0.9894076628
0.9886497849
0.9878766053
0.9870508365
0.9861652395
0.9853691575
0.9849475976
0.9847335175
0.9838984607
0.982442665
0.9819972625
0.9828968089
0.9844278921
0.9866564251
0.9828764197
0.9627899071
0.05674782973
0.03026932422
0.02476428944
0.02333432968
0.02337516216
0.02337741479
0.02339874549
0.02341223474
0.02341030973
0.02341714056
0.02342282989
0.02343113056
0.02343783129
0.02344782714
0.02346288368
0.02347781317
0.02348732909
0.02349081064
0.02348796335
0.02347857374
0.02346469303
0.02345130923
0.02344119641
0.0234353519
0.02344581789
0.02351767868
0.02361646841
0.04154139405
0.9652619629
0.9985298834
0.9989121346
0.9988453603
0.998765957
0.9986695102
0.9985564352
0.9984263532
0.9982829427
0.9981289508
0.9979642336
0.9977881178
0.9976008154
0.9974014164
0.9971900987
0.9969702064
0.9967456764
0.9965199075
0.996297078
0.9960829688
0.9958836351
0.9957057668
0.9955559178
0.9954380297
0.9953519716
0.9952927816
0.995251727
0.9952209751
0.99519965
0.9951933487
0.995204563
0.9952303228
0.9952668427
0.9953096829
0.9953561035
0.9954052085
0.9954574053
0.9955137925
0.9955753949
0.9956418856
0.9957094136
0.9957674975
0.9957962735
0.9957685937
0.9956652175
0.9954953261
0.9952957879
0.9951098007
0.9949700188
0.9948821423
0.9948200808
0.9947472777
0.9946327051
0.9944587204
0.9942398
0.9940197067
0.9938303884
0.9936631692
0.9935255846
0.9934831849
0.9935353258
0.9935984194
0.9936627297
0.9937242115
0.9937836434
0.9938457338
0.9939137942
0.9939807604
0.9940021635
0.9938515473
0.9934178062
0.9927990511
0.9922255196
0.9917626605
0.9914809023
0.9913196991
0.9910147257
0.9904412576
0.9897257428
0.988920549
0.9880836356
0.9873003407
0.9866740973
0.9861981641
0.9855160628
0.9839592116
0.9809777581
0.9764161044
0.9707045426
0.9653422378
0.9669910793
0.08632404898
0.03725598163
0.03052851148
0.02723167109
0.02908125129
0.02737874896
0.02829357849
0.02759978568
0.02829298165
0.0279274439
0.02834166915
0.02800509645
0.02826673391
0.02841546736
0.02857597462
0.02837416976
0.02837221517
0.02875296829
0.02922879223
0.02963577718
0.02992477775
0.02997572899
0.02966362425
0.02914323718
0.02890818218
0.02915726241
0.02951851333
0.03088166322
0.02969645358
0.03613169262
0.9127191586
0.9972646607
0.9985892392
0.9981154789
0.9978409294
0.9976178558
0.9973976399
0.9971583881
0.9968957821
0.9966095127
0.9962982
0.9959612171
0.9955992372
0.9952111401
0.9947979589
0.9943664086
0.9939246671
0.99348054
0.9930434895
0.992626004
0.99224129
0.991903221
0.9916243946
0.9914112705
0.9912610714
0.9911608328
0.991090915
0.991035406
0.9909930801
0.9909758068
0.9909919684
0.9910394903
0.9911132342
0.9912050185
0.9913085552
0.9914210378
0.9915430589
0.9916774866
0.9918274853
0.9919930834
0.9921656244
0.9923207295
0.9924141399
0.9923905704
0.9922137593
0.9919016273
0.9915259303
0.991175564
0.99092281
0.990788624
0.9907289061
0.9906688072
0.9905394188
0.9902987527
0.9899588958
0.989572127
0.9891669479
0.9887243902
0.9882743989
0.9879694833
0.9878977199
0.9879650532
0.9881015588
0.9882664217
0.9884493951
0.9886549915
0.9888871205
0.989113552
0.9892026262
0.9888975907
0.987973735
0.9865477344
0.9850652685
0.983921657
0.9833978967
0.9833257405
0.9830846984
0.982281333
0.9809920289
0.9793658975
0.9776271718
0.976096163
0.9750961638
0.9745659912
0.9736576663
0.9709114435
0.9644501317
0.9500821765
0.9104683681
0.7878302893
0.1091930085
0.09339986485
0.880992926
0.08802747254
0.8022936629
0.2841996913
0.608169804
0.3215368053
0.5589531732
0.4579726345
0.5989105751
0.546707667
0.624092363
0.5905216595
0.5902181028
0.5495512512
0.6075059344
0.6669872602
0.6474199787
0.6177701073
0.6321319845
0.6441973272
0.6308783315
0.5754864239
0.4765990302
0.434536462
0.4688228839
0.4607909837
0.5277545236
0.5365387627
0.6887604352
0.228500306
