0.9971087255
0.9978248509
0.9968738016
0.9963152124
0.9958405907
0.9953616742
0.9948434711
0.9942716763
0.9936394487
0.9929499243
0.9922149133
0.9914484547
0.9906676892
0.9898941122
0.9891478858
0.98844382
0.9877900401
0.9871844209
0.9866116531
0.9860522469
0.985501815
0.9849796821
0.9845165067
0.9841296136
0.9838049184
0.9835050726
0.9832057333
0.9829080922
0.9826247953
0.9823663575
0.982136927
0.9819380207
0.9817768201
0.9816753521
0.9816765767
0.9818421839
0.9822357617
0.9828895805
0.9837613286
0.9847292709
0.9856387959
0.9863450937
0.9867363328
0.9867567278
0.9864792625
0.9861348131
0.9859310852
0.9858912885
0.9859274283
0.9859882911
0.9860833174
0.9862128848
0.9863050537
0.9862280508
0.9858751216
0.9852411735
0.9844099506
0.9834782501
0.9825123598
0.9815466729
0.980565667
0.9795335237
0.9784259116
0.9772294811
0.9759331164
0.9745237307
0.9729853746
0.9712989712
0.9694414122
0.9673854048
0.9651053256
0.9626026703
0.9599880977
0.9576744639
0.9565258771
0.9572563168
0.959393065
0.9617679896
0.9637975587
0.9655459682
0.9670937188
0.9678973929
0.9666871189
0.9613813579
0.9457101374
0.9068184645
0.4198907166
0.274817349
0.5506461522
0.2428326446
0.6178588033
0.4565172235
0.4123339485
0.522553659
0.4850144571
0.5137449317
0.5875111736
0.5073092386
0.4094816522
0.4979170517
0.5872876377
0.6061339882
0.5173376724
0.4792049726
0.4990105382
0.5249102759
0.5759926011
0.5948780096
0.5810540083
0.573314476
0.5734052466
0.573125825
0.5719576636
0.5731468554
0.5756010071
0.573477401
0.5927118023
0.536058399
0.6548803213
0.2514306518
0.5975527175
0.99643989
0.9986378036
0.9983601152
0.9980814159
0.9978246089
0.9975652071
0.9972901493
0.9969937967
0.9966714163
0.9963220058
0.9959486361
0.9955550392
0.9951480156
0.9947393151
0.9943411265
0.9939621576
0.9936073016
0.9932769214
0.9929653671
0.9926640786
0.9923704214
0.9920929495
0.9918467922
0.9916421058
0.9914737169
0.99132345
0.9911789692
0.991040776
0.9909136209
0.9908005718
0.9907016449
0.9906150782
0.9905402605
0.9904814034
0.9904516801
0.9904754866
0.9905848497
0.9908065541
0.9911388521
0.9915429868
0.9919606413
0.9923235399
0.9925561229
0.992606198
0.9924913687
0.9923204609
0.992197453
0.9921338214
0.992089314
0.9920449956
0.9920138326
0.9920036877
0.991979011
0.9918640763
0.9915964207
0.9911848195
0.9907077093
0.9902193337
0.9897516579
0.9893180503
0.9889055838
0.9884894548
0.9880564828
0.9876020255
0.9871244888
0.9866227081
0.9860950189
0.9855389426
0.9849506875
0.984323686
0.9836451647
0.9828913015
0.9820335772
0.9811045315
0.9803388877
0.9800560701
0.980193632
0.980407997
0.980539783
0.9806919148
0.9809924411
0.9812957638
0.9811388833
0.9800011409
0.9772476383
0.9718331037
0.9641335882
0.948629145
0.1817618593
0.1192069336
0.1430936056
0.07183078149
0.1126355632
0.07361040652
0.06183773997
0.05841262937
0.05411199951
0.05594726014
0.07802471732
0.07993732313
0.05737489386
0.05158201486
0.05264927532
0.05804049895
0.06018794039
0.05712074161
0.05359306807
0.05170281719
0.05149262122
0.05198112295
0.05236920525
0.05261876748
0.05292934107
0.05325279432
0.05366005493
0.05417638607
0.0553379215
0.06080623685
0.07378215074
0.1522652824
0.6223295587
0.9941922697
0.9976021765
0.9978679279
0.9977268286
0.99749185
0.9972221333
0.9969275342
0.9966127102
0.9962726851
0.9959053159
0.9955141004
0.9950996054
0.9946659744
0.9942272159
0.9938001212
0.9933971343
0.9930240071
0.9926797985
0.9923544672
0.9920332042
0.9917120343
0.9914073666
0.9911478884
0.9909519166
0.9908085262
0.9906844203
0.9905634606
0.9904530432
0.9903608535
0.9902868971
0.9902252684
0.9901671178
0.9901035958
0.990028195
0.9899418057
0.9898626525
0.9898308444
0.9898977536
0.9900856154
0.9903722465
0.9907280385
0.9911129451
0.9914136198
0.9914675533
0.9912756518
0.9910252333
0.9908642136
0.9907501202
0.9905951836
0.9903858269
0.9901871211
0.9900527961
0.9899262064
0.9896371935
0.9890305492
0.9881151091
0.9871918608
0.9866352299
0.9862714784
0.9860713937
0.9859523568
0.9858514727
0.9857535439
0.9856576895
0.9855636948
0.9854716304
0.9853818272
0.9852944588
0.9852080242
0.9851164035
0.9850028983
0.9848278309
0.9845059049
0.9838926754
0.9828986214
0.98175883
0.9808447874
0.9798852855
0.9786975283
0.9775506264
0.977095112
0.977492013
0.9781986311
0.9787225174
0.9787569565
0.9779305442
0.9763214268
0.9757731069
0.972926632
0.9426521672
0.1006993422
0.05727767682
0.05182601035
0.04945612098
0.04712339781
0.04611197334
0.04541061456
0.0449627663
0.04505329625
0.046452288
0.04543885645
0.04481665352
0.0443947317
0.04425275564
0.04431936707
0.04430798766
0.0442237578
0.04408875508
0.04397492369
0.04390913238
0.04388042615
0.0438692138
0.04386924854
0.04388426397
0.04392371429
0.04402403223
0.04425714406
0.04465177414
0.05489457996
0.2280715793
0.8693631145
0.9914029046
0.9964046307
0.9969628326
0.9970728348
0.9969406253
0.9967067032
0.9964152704
0.9960991571
0.9957527944
0.9953706285
0.9949605305
0.9945174655
0.9940383917
0.9935416609
0.9930557163
0.9926080724
0.9922156761
0.9918720887
0.9915531094
0.9912220109
0.9908613284
0.9904987534
0.9901983905
0.9900141789
0.9899272898
0.9898640935
0.9897928789
0.9897302987
0.9896908945
0.9896722241
0.9896617537
0.9896425166
0.9895964253
0.9895038685
0.989346057
0.9891206742
0.9888768187
0.9887122308
0.9886898761
0.9887944155
0.98903308
0.9894588392
0.9900023933
0.9903163338
0.9900729071
0.9896210444
0.9892688897
0.9890133525
0.9886667924
0.988177373
0.9876699625
0.9873675063
0.9872212392
0.9868057927
0.9856091932
0.9832616378
0.9799760349
0.9779478934
0.9795332928
0.9802931116
0.9810679606
0.9817334424
0.9823350692
0.9829028533
0.9834362301
0.9839359197
0.9844067719
0.9848542122
0.9852816336
0.9856881594
0.9860665101
0.9863977937
0.986634437
0.9866391375
0.986001696
0.9839671386
0.9809413829
0.9788284668
0.976336388
0.9737144101
0.9719651659
0.9727127418
0.9749296369
0.9771870544
0.9788113784
0.9793124758
0.9783589625
0.9768955924
0.9764085958
0.9763687794
0.969079257
0.870254626
0.06003843553
0.04591094074
0.04636521606
0.04617022377
0.04571436146
0.04541268723
0.04521021034
0.04507802498
0.04502769615
0.04500169899
0.04477234354
0.04453568886
0.04437987713
0.04432845023
0.04431996528
0.04428816638
0.04422953563
0.04416307478
0.04410934232
0.04407270479
0.04404678696
0.04403001878
0.0440303873
0.04406618871
0.04418181849
0.04428235095
0.04919257698
0.6377182224
0.767479351
0.9861774329
0.9946640006
0.9959992595
0.996108494
0.9961163364
0.9959610249
0.9956941674
0.995398032
0.9950719876
0.9946869974
0.9942698153
0.9938039109
0.9932649631
0.9926745284
0.9920756921
0.9915231079
0.9910822117
0.9907637684
0.990493194
0.990190691
0.9897935777
0.9893318212
0.9889237442
0.9887112553
0.9887198359
0.988779551
0.9888141628
0.9888557224
0.9889158044
0.9889882264
0.9890552476
0.9890964072
0.9890911397
0.9890122855
0.9888185256
0.9884571679
0.9879167884
0.9873672167
0.9869489361
0.9866374187
0.9864437502
0.9865868948
0.9873181489
0.9885843502
0.9896361505
0.9890088606
0.9879625254
0.9868739779
0.986144351
0.9852491184
0.9842969942
0.9835952594
0.9836218558
0.983547398
0.982077309
0.977750114
0.9675405255
0.9444592831
0.9344358571
0.9516532791
0.9577177328
0.962026153
0.9654296072
0.9683464447
0.9709011846
0.9731292146
0.9750813143
0.9768085468
0.9783475025
0.9797290386
0.9809882553
0.9821720968
0.9833505321
0.9846130988
0.9857076706
0.9845579417
0.9796752495
0.9742116382
0.9717227133
0.9691126679
0.9671700545
0.9642405179
0.9685105085
0.9729329697
0.9763768658
0.9783332498
0.9781896513
0.9768730115
0.9758759058
0.9761832669
0.9770212736
0.9759844467
0.9720715656
0.1219712202
0.05245674512
0.04485546943
0.04526201061
0.04528427183
0.04508667581
0.04488387772
0.04479141297
0.04480788499
0.04470194028
0.04452472419
0.04436659633
0.0442883036
0.04427160306
0.04426138628
0.04423463209
0.04419096937
0.04414196702
0.04409702991
0.04405819637
0.04402704588
0.04400886701
0.04401472895
0.04405928625
0.04396114031
0.04944423307
0.7192164229
0.6377758455
0.9565757865
0.9924803361
0.9937912274
0.9953140217
0.9948832911
0.9950750279
0.9946414157
0.9944214783
0.9941599153
0.9938048448
0.9934114388
0.9929597474
0.9923621338
0.9916407739
0.9908485728
0.9900521323
0.9894143192
0.9890966421
0.9889801875
0.9888263317
0.9884888215
0.9879115251
0.9872719347
0.9868382091
0.9867956182
0.9871560034
0.9875123674
0.9877950381
0.9880774266
0.9882995208
0.9884716943
0.9885885175
0.9886447374
0.9886254619
0.9885033498
0.988170618
0.9874535055
0.9862334879
0.985005789
0.9837759501
0.9824064797
0.980921638
0.9799312491
0.9819962356
0.9867873957
0.9899999293
0.9862847608
0.9835760322
0.9812712135
0.9807200955
0.9801556837
0.9796571577
0.9781371852
0.9798481822
0.9803032342
0.9769563181
0.9685051502
0.9518823492
0.8494875153
0.07211962421
0.05437902038
0.05508205865
0.05608464356
0.05734188932
0.05878951225
0.06044483349
0.06234040774
0.0644992782
0.06695222478
0.06975919264
0.07305832055
0.07718994903
0.08308465848
0.09345403807
0.1190240953
0.2205397706
0.5501267858
0.8908950068
0.9004440974
0.9362411583
0.9492349557
0.9464200447
0.9495655573
0.9594743117
0.9653728879
0.9706732181
0.9728113217
0.9760287124
0.975424632
0.9759585374
0.9774590191
0.978784277
0.9814096986
0.9821575349
0.9713355374
0.09211808515
0.05070460613
0.04446830821
0.04477661677
0.04478213542
0.04469570179
0.04466116297
0.04458218956
0.044458279
0.04433761857
0.04426702557
0.04424452908
0.04423628342
0.04422214109
0.04419585719
0.04415719027
0.04411045145
0.04406168632
0.04401663754
0.04397992868
0.04395724559
0.04395177449
0.04377205452
0.05016758805
0.836008154
0.6836649056
0.09266057431
0.06522879668
0.1170034144
0.2015949557
0.9905761081
0.9926356403
0.9928610144
0.9925474347
0.9931746827
0.9926379184
0.9923246499
0.9919946507
0.9913917274
0.9905287997
0.9894665757
0.9882030992
0.9869456413
0.9862071357
0.9865269783
0.9867994215
0.9869288106
0.986560592
0.9855136766
0.9843859806
0.9833374432
0.9833771869
0.9857555504
0.9867589363
0.9873331108
0.9877886432
0.9880308219
0.9881850424
0.9882900009
0.9883505503
0.9884104237
0.9884274847
0.9882092658
0.9871104033
0.9834551055
0.9805347101
0.976740006
0.9720684468
0.9642581654
0.9478707173
0.8818253014
0.3071522574
0.4479671435
0.7462276403
0.9484869542
0.9464121742
0.9645345676
0.9685686185
0.9666541677
0.9691456751
0.9773743256
0.9781675789
0.9738002262
0.9699909884
0.9690217265
0.9688328027
0.1079262762
0.0487063998
0.04315018901
0.04312276254
0.04316326483
0.04319902484
0.04323998235
0.04329208434
0.04335150996
0.04341574755
0.04348309589
0.0435536359
0.04363575531
0.04375428437
0.04396989673
0.04449255448
0.04616197043
0.04751811375
0.04923507692
0.05350037828
0.06859699354
0.1516647337
0.8848816131
0.9275550915
0.9410751943
0.9375425715
0.9255689899
0.9646672138
0.9754121579
0.9779006753
0.9781828468
0.9788285117
0.9800653191
0.9819500764
0.9830980092
0.9796740763
0.9660513225
0.08487414112
0.05001960586
0.0442016749
0.04447823419
0.04454532639
0.0444717912
0.04437138778
0.04427999952
0.04422571908
0.0442077385
0.04419974747
0.04419151844
0.04417906269
0.04415148307
0.04410612724
0.04405121106
0.04399547411
0.04394268401
0.04389851185
0.04386509443
0.0436853039
0.05198047916
0.8812829284
0.7180466062
0.08292006148
0.04326075687
0.04345017909
0.04393549491
0.05085494285
0.07496722199
0.2990546161
0.984241437
0.9906616488
0.9906190149
0.9903672942
0.9909456307
0.9905789172
0.9895950402
0.9882702011
0.986290347
0.9838615038
0.9809721602
0.9802339129
0.9835216979
0.9850927652
0.9861501909
0.9859816437
0.982417572
0.978701708
0.972263373
0.9747945302
0.9803022336
0.9826681493
0.9822058654
0.9822641775
0.9823326507
0.9826040412
0.9828742442
0.9834345613
0.9842245385
0.9855355356
0.9869954747
0.9830870812
0.9763441482
0.9729939387
0.9667677219
0.966615776
0.961074385
0.9440642604
0.1833854737
0.07716441591
0.4822791306
0.06735343763
0.09096388401
0.06881753392
0.08400553296
0.1600643202
0.9273080793
0.9621169672
0.9711750103
0.9704965499
0.972821335
0.97346647
0.9773931886
0.9769878709
0.9506899142
0.06459365174
0.04519907752
0.04311658931
0.04316613862
0.04320753399
0.04326267113
0.04332534213
0.04339020808
0.04345002343
0.04349395421
0.04351691116
0.043519191
0.04351110619
0.04350523684
0.04348026809
0.04347841569
0.04354311225
0.04378630645
0.05111836193
0.6993910255
0.9383363192
0.9419251189
0.935946673
0.8800976326
0.06235939588
0.05792664965
0.1057931329
0.9605658222
0.9745183271
0.9790225436
0.9797627812
0.9808679605
0.9817610964
0.9821888295
0.9821300096
0.9780480372
0.9632251499
0.08153946704
0.04972518732
0.04407156608
0.04427719396
0.04428375831
0.04420513837
0.04415761511
0.04415085411
0.04414472979
0.04414074797
0.04414380252
0.04412938605
0.0440875975
0.04403169746
0.04397230321
0.043906762
0.04384420431
0.04380453104
0.04368594606
0.05515896886
0.9087853009
0.7769111496
0.08265885961
0.04307233582
0.04325330702
0.04331240004
0.04333896224
0.04325871616
0.04410744371
0.04984574295
0.06426934089
0.1299281397
0.9429950504
0.9859203281
0.988851064
0.9887740649
0.988072788
0.9854864873
0.9810636112
0.9738910338
0.9578672725
0.9585702571
0.9742968453
0.9830244957
0.9864379338
0.9831156563
0.9770300632
0.9726753783
0.9578044556
0.2187464812
0.09929055211
0.07389249754
0.06917930377
0.06870505806
0.06890421789
0.06951567393
0.07118219618
0.07395173355
0.08104451389
0.1123638002
0.2161143443
0.9259294069
0.9483960904
0.9546123183
0.963116115
0.9722624992
0.972096099
0.9680736562
0.959548815
0.1664402046
0.06583267853
0.05266179088
0.04819909578
0.05861025237
0.8532717168
0.9383807815
0.9421834119
0.1616079979
0.08290985622
0.9249135987
0.9674200551
0.9766004039
0.979081325
0.9781318948
0.9675669336
0.8630818692
0.05316341708
0.04329936581
0.04318968983
0.0432293435
0.04329013792
0.04335906563
0.04342494509
0.04347038586
0.04349084192
0.04349158601
0.04348482564
0.04349024819
0.04352409468
0.0435646719
0.0435413581
0.04423941114
0.06682906953
0.8921957992
0.9529946086
0.9556256827
0.9329594331
0.0716735259
0.04874409204
0.04342339115
0.04354948081
0.04988284878
0.07896766891
0.9546889341
0.9744319783
0.9800906101
0.9809680688
0.9813336172
0.9813628579
0.9812363465
0.9812403007
0.9775468606
0.9627933274
0.08002765746
0.04961903974
0.04392153013
0.04404588496
0.04405265495
0.04406338697
0.04406949473
0.04406325861
0.04408591374
0.04409051748
0.04405473469
0.04400571054
0.0439581947
0.04388898074
0.04380234398
0.04376746933
0.04378385214
0.06082157211
0.9277309672
0.8267720097
0.08259266737
0.04299949255
0.04315431251
0.04321863234
0.04325815961
0.04326363106
0.0432757969
0.0432903517
0.04329126045
0.04355554113
0.0474405757
0.05727248579
0.0990700242
0.7858609325
0.9840771083
0.9864693389
0.9828538324
0.9766966345
0.9666478032
0.9418272874
0.09222803576
0.06639864534
0.0872821809
0.1638750116
0.9453792503
0.9739262668
0.9789612883
0.9772190028
0.9696045895
0.2222810254
0.06026871332
0.04634035026
0.04336394158
0.0433537613
0.0433808214
0.04346806978
0.04361377518
0.04382762798
0.04450996423
0.04825529677
0.05613812145
0.1060396486
0.9120748044
0.9484011747
0.9667465795
0.9697546963
0.97362899
0.9715827099
0.9548080256
0.8730132046
0.09414450494
0.1467680615
0.9036758506
0.9449211404
0.8215174009
0.06039174935
0.04465957039
0.0474221531
0.06631881793
0.9436201713
0.9767508233
0.9818300941
0.980274576
0.9753786037
0.9661900483
0.1025685593
0.04910648906
0.04319094465
0.04322154033
0.04330521171
0.04339223524
0.04345397486
0.04348881375
0.04350401385
0.04350920615
0.04351414199
0.04353139499
0.04352919056
0.04357747253
0.04792013617
0.177557574
0.9717604887
0.9646524831
0.9543240825
0.112445471
0.05117467257
0.04351343191
0.04346210996
0.04339955914
0.04332257807
0.04326675202
0.04860950578
0.08075873186
0.9580788802
0.9764692895
0.9809913189
0.9808139608
0.980299906
0.9802904555
0.9806103879
0.9809531806
0.9772064682
0.9614087197
0.07925942667
0.05001239867
0.04383980882
0.04378074071
0.04392909329
0.04396905581
0.04398899234
0.04402376909
0.04400792821
0.04397109272
0.04395864725
0.04391352422
0.04379859556
0.0437472962
0.04399052121
0.07153076072
0.9415993897
0.8677802267
0.08257197446
0.0429688623
0.04309749672
0.0431583733
0.04321012362
0.04324321736
0.04327011375
0.0432880939
0.04329685956
0.04333381776
0.04336595447
0.0433415988
0.04349141063
0.04739686543
0.06462023308
0.3812289544
0.979356245
0.9796424642
0.9784351986
0.9758670137
0.9747343689
0.1702888251
0.05031038673
0.04400519945
0.04823935471
0.06083345092
0.1431477166
0.9676843316
0.9773182905
0.9795430345
0.9711935073
0.9070818255
0.06929111581
0.04854838559
0.04339752982
0.04333132464
0.04350727534
0.04364844358
0.04376494439
0.04432608086
0.04807429307
0.1497019896
0.9345131786
0.8314992869
0.09293756288
0.3395265766
0.9471529673
0.9658149731
0.9648179653
0.9560458292
0.958634814
0.9504546912
0.9452687275
0.9464657755
0.1035456678
0.04804927229
0.04377542447
0.04354389883
0.04340477046
0.04825732027
0.08162307954
0.9729826734
0.9833766049
0.9823264244
0.9809774269
0.9791036208
0.9586818401
0.07021685858
0.04653399424
0.04319545167
0.04334347126
0.04344413155
0.04350101396
0.04353608511
0.04354943089
0.04353292919
0.04350360184
0.04342228092
0.04434502773
0.06160639728
0.9381383825
0.9756281485
0.9647519924
0.7165702951
0.05503525839
0.04372844713
0.04344009604
0.04340890731
0.04338105383
0.04333929786
0.04328721531
0.04323805771
0.04325725802
0.04922946906
0.1050265305
0.9641182847
0.9785117031
0.9797104452
0.9789438264
0.9791749054
0.9794903585
0.9798575206
0.980108975
0.976151887
0.9612034926
0.09394628881
0.05463009682
0.0468915915
0.04393429406
0.04373138165
0.04375521198
0.04391315118
0.0439514757
0.04395789987
0.04397619641
0.04390048849
0.04381290902
0.04431790747
0.09448196067
0.9517034058
0.9003244326
0.08256425738
0.04295378857
0.04306421594
0.04311840205
0.0431711972
0.04321398379
0.04324890632
0.04327285629
0.0432881128
0.04331261249
0.04333568127
0.04333726332
0.0433510535
0.04337272011
0.0433800572
0.04495672164
0.06403318734
0.9420272314
0.9781748792
0.9796287138
0.9811278494
0.98084216
0.9608948259
0.06813986156
0.04552757132
0.04344526609
0.04381475576
0.0504420766
0.07406461565
0.9430429121
0.9706844361
0.9713416444
0.9721917644
0.9563550961
0.09217136051
0.05283983534
0.04547227276
0.04365235553
0.04417248952
0.04402735965
0.04983928532
0.4431571258
0.980576313
0.2920077973
0.05057542316
0.04577036395
0.05218305272
0.10019434
0.9348991494
0.9525717456
0.9705817722
0.9757225125
0.965177502
0.8680988066
0.05855295495
0.04401841663
0.0437285779
0.04358381538
0.04351782066
0.04351654271
0.04352066663
0.05181553684
0.1290479585
0.9758249846
0.9796771225
0.9809843124
0.9797555406
0.9706176344
0.9147802259
0.05905756837
0.04512244928
0.04339738636
0.04353006161
0.04359589145
0.0436180131
0.04357415165
0.04347666788
0.04337190928
0.04934753101
0.2912478396
0.9743149107
0.9765988431
0.946625604
0.0620474228
0.04520906413
0.04337393522
0.04336323594
0.04335600413
0.04334930793
0.04333333097
0.04330435194
0.0432732635
0.04324919014
0.04323002411
0.04337630886
0.05126474037
0.2442611075
0.9653324165
0.974132547
0.9765392504
0.9771541919
0.9776574531
0.9778576888
0.9778305817
0.9778733184
0.9750563248
0.9594747943
0.8577744727
0.1005794142
0.06372860971
0.04950186981
0.04610969907
0.04389339577
0.04376657069
0.04382771861
0.04405532338
0.04448115009
0.04480952082
0.1625939265
0.9584136126
0.9248651222
0.08256073063
0.04294543586
0.04304369491
0.04309160529
0.04314154237
0.04318658768
0.04322515405
0.0432544463
0.04327623418
0.04329895189
0.04331756227
0.04332495352
0.04333482963
0.04334542489
0.04334578064
0.04335270649
0.04333048274
0.04731139507
0.08422669485
0.9653651867
0.9765390981
0.9803735907
0.979722429
0.9706025187
0.8277652968
0.05181670443
0.04339967438
0.04342072289
0.04338945852
0.04730776293
0.06457937561
0.8719259528
0.9682228622
0.9789603937
0.9778571455
0.9632348522
0.7458777913
0.06503579767
0.05229184948
0.04796582554
0.05785342702
0.8640338282
0.9357632458
0.09386794429
0.04640092193
0.04474095852
0.04459750819
0.05147763432
0.1368492697
0.9364196587
0.9712176521
0.979701226
0.9772976781
0.4126265312
0.04937091805
0.04389482612
0.04372331953
0.04358513288
0.04355121091
0.04356466633
0.04358546417
0.04359338841
0.04372825755
0.0573965196
0.8715938254
0.9753800296
0.9807183871
0.9794115593
0.9743630305
0.9603969766
0.7859828199
0.05403064592
0.04373923804
0.04361158833
0.04372886605
0.04361219702
0.0434778663
0.04496859693
0.0625746705
0.9505183019
0.9767756475
0.9737874618
0.206967481
0.04913971316
0.0432668067
0.04337090383
0.04336451862
0.04335020748
0.04334195292
0.0433304741
0.04331126192
0.04328827249
0.04326762407
0.04325261779
0.04324034627
0.04322038669
0.04388886517
0.05470234104
0.7444865812
0.9613473384
0.9725256503
0.9748171555
0.9752583202
0.9746555546
0.9731394587
0.9715459676
0.9689618103
0.9573775634
0.9615442272
0.9686459891
0.9449957048
0.8720821292
0.09655226381
0.06037857846
0.04913116923
0.0472803982
0.04708436929
0.04884772287
0.2105101467
0.9647228099
0.9429757135
0.08255883613
0.0429404628
0.0430306101
0.04307348694
0.04311986108
0.04316440988
0.0432045609
0.04323791787
0.04326521949
0.04329017564
0.04331046922
0.04332418924
0.0433383014
0.04335193824
0.04336099761
0.04336927002
0.04334885347
0.0432833295
0.0433050986
0.05283908335
0.8374309153
0.9733916107
0.9806929374
0.9802282181
0.9750503685
0.9591154655
0.07858497572
0.04640276097
0.04341094192
0.04345490312
0.04341050368
0.0456826113
0.0558730112
0.1148559658
0.965044878
0.9740921179
0.9701648412
0.9580648529
0.9290624317
0.2286222257
0.3377655711
0.93427562
0.7326327883
0.06376562756
0.0450853773
0.04512308001
0.04548834693
0.06198808028
0.8472188752
0.9322543609
0.9538718062
0.9655780045
0.9727383611
0.9759756377
0.09066955597
0.0442098382
0.04379125057
0.04360722177
0.04356948155
0.04358112033
0.04359685543
0.04361595817
0.04363570596
0.04358119867
0.04612215267
0.07203401431
0.9663177727
0.9815728128
0.9805836217
0.9764440479
0.9724133231
0.9631363703
0.1405806653
0.05283018206
0.04402422931
0.04386303573
0.04359294062
0.05151551345
0.7187652874
0.9685027526
0.9760132632
0.930919309
0.05921957321
0.04389884937
0.04329962175
0.04335124686
0.04335676978
0.04334876973
0.04334019739
0.04332984371
0.04331500541
0.04329709462
0.04327916361
0.04326342828
0.0432502636
0.04323901587
0.04322767233
0.04319626268
0.04512181866
0.05852260638
0.8788231932
0.9630246668
0.973093645
0.9733259177
0.9710082223
0.9679204148
0.9617658904
0.943406541
0.9033088909
0.9366807167
0.9701351137
0.9687747521
0.9687725873
0.9675965812
0.9107553457
0.7415654364
0.1977330685
0.09797880237
0.7693991077
0.9634590369
0.9569445789
0.08255776571
0.04293744961
0.04302219936
0.04306127877
0.04310449784
0.04314781884
0.04318870059
0.04322510441
0.04325698081
0.04328574059
0.04331033108
0.04333061197
0.04335023419
0.04336863598
0.04338328464
0.04339266314
0.04338044509
0.04334181698
0.04331524955
0.04327248331
0.04577801028
0.07032469482
0.9668514512
0.9825035781
0.9818949448
0.9792978942
0.9748769106
0.911734639
0.05644909227
0.04370497436
0.04355226497
0.04359854438
0.04355402158
0.0437226486
0.05033781826
0.07730060652
0.9404416423
0.9558975587
0.9565373331
0.962111502
0.9600355853
0.9515711973
0.4215222506
0.05375483951
0.0452126153
0.0454925439
0.05088060547
0.1863844251
0.9500148307
0.9430522226
0.9323949329
0.8728426306
0.8849184549
0.9761288569
0.982389854
0.09535224736
0.04417470604
0.04358153742
0.04354245326
0.04356191445
0.043586992
0.04361825695
0.04365255983
0.04366902629
0.04363774111
0.04354498407
0.05039314753
0.1264485522
0.974671424
0.9766085484
0.9762069939
0.9754822403
0.9747114825
0.9638778971
0.1459578053
0.05587987969
0.048522082
0.07379105029
0.9490700451
0.9703849922
0.9702103371
0.117421352
0.04701561583
0.04332267636
0.04332371506
0.04334497555
0.04335014171
0.04334803564
0.04334151268
0.04333195621
0.04331926064
0.04330438925
0.04328905158
0.04327476835
0.04326239187
0.04325238211
0.04324462419
0.04323185737
0.04320763205
0.04318015594
0.04613463796
0.06300116167
0.9303451409
0.9703124748
0.9727603076
0.9697637164
0.9662954204
0.9585236173
0.9432516256
0.8101223002
0.08327231397
0.08840792146
0.8545388833
0.9518425624
0.958014482
0.9447977772
0.9364716428
0.9433651635
0.9112694035
0.9613289912
0.9536513707
0.08255721997
0.04293570233
0.04301691275
0.04305321318
0.04309396294
0.04313609606
0.04317740485
0.04321613998
0.04325177071
0.04328457668
0.04331397862
0.04334020289
0.04336505715
0.04338801102
0.04340715329
0.04342000667
0.04341824126
0.04340253345
0.04339284535
0.04338124976
0.04335668519
0.04335592629
0.05083404128
0.1929008236
0.9773008964
0.9796196003
0.9803524915
0.9769599941
0.9704334888
0.134860717
0.05096477714
0.04356619881
0.04364633456
0.04377262996
0.04377187622
0.04380295515
0.04976083774
0.08667319975
0.9067487248
0.9547544518
0.9666641323
0.9508446122
0.2666627841
0.06537378119
0.04670665651
0.04886552
0.07132955501
0.9365225136
0.9663915218
0.9502877866
0.8917414051
0.0700231885
0.05172344163
0.1562412448
0.9822871732
0.9847313181
0.1419464612
0.04628060496
0.04338935246
0.04347174594
0.04352776702
0.04358533049
0.0436371029
0.0436663779
0.04365805056
0.04362963872
0.04358388474
0.04368855895
0.05741979188
0.9043357323
0.9714695944
0.971589982
0.9688643349
0.9723920362
0.9701849864
0.9577883501
0.1423963904
0.9062479556
0.9648671339
0.9721772433
0.9164074437
0.05762632885
0.04355864444
0.04337391579
0.04336603705
0.04336448602
0.04335926155
0.04335379948
0.04334646994
0.04333674459
0.04332484919
0.04331160238
0.04329808889
0.04328534497
0.04327414539
0.04326495161
0.0432573916
0.04324818774
0.04323655643
0.04323048746
0.04322903006
0.04322054795
0.04760314354
0.08061756201
0.954835311
0.9685452656
0.970240073
0.9673973281
0.9656918292
0.9642038539
0.9567296609
0.08963540722
0.05519695429
0.0525140222
0.07091050276
0.7978527793
0.8450050221
0.8905614567
0.9351772331
0.9593868338
0.9390819203
0.08255704868
0.04293481879
0.04301378985
0.04304809414
0.04308703778
0.04312825837
0.04316990664
0.04321044983
0.04324908507
0.04328550574
0.04331921053
0.04335027356
0.04337938654
0.04340589843
0.0434281899
0.04344395875
0.04344889871
0.04344421701
0.04343846672
0.04342661387
0.04340618359
0.04340362279
0.04339970161
0.04390353194
0.06239260494
0.950466584
0.9793640618
0.9801473741
0.9794662634
0.9792336339
0.9627708054
0.07951415022
0.04922832547
0.04372367308
0.04388645798
0.04384450073
0.04620664801
0.0643921589
0.8155773558
0.9187365346
0.9528965575
0.9447242112
0.9092149506
0.7362212437
0.09591830758
0.07168864867
0.8463720847
0.9633817849
0.9665880002
0.9206391181
0.06549105579
0.04806282542
0.04339624966
0.04385193327
0.0821548549
0.9802385298
0.9801588565
0.8002832163
0.04716638899
0.04329904994
0.04343849938
0.04353285218
0.04360777728
0.04364995081
0.0436507438
0.04362259978
0.04358487551
0.04355805884
0.04346967535
0.04657747447
0.08070369074
0.9549416888
0.9555004179
0.9591315922
0.9643766297
0.9671567321
0.9633702849
0.957920075
0.9654976534
0.9649810204
0.1061337614
0.04673702664
0.04338670573
0.0433966045
0.04338237816
0.04337865049
0.0433706027
0.04336227437
0.04335325359
0.04334286664
0.04333113452
0.04331865611
0.04330618532
0.04329442721
0.04328392784
0.04327494421
0.04326706364
0.04325859514
0.04324945936
0.04324384558
0.043244013
0.04324719968
0.04324799335
0.04330487166
0.05226918166
0.8109079274
0.9654353946
0.9699917094
0.9679149158
0.9663059986
0.9678924737
0.967009417
0.9466709045
0.09332542354
0.05534105535
0.06597334273
0.5105252017
0.87791331
0.940439441
0.9557533662
0.9019169947
0.08255714648
0.04293452433
0.04301217325
0.04304506942
0.04308276451
0.0431233803
0.04316535321
0.04320729602
0.04324824836
0.04328756957
0.04332466631
0.04335932237
0.04339152226
0.04342045412
0.04344465886
0.0434621957
0.04347059712
0.0434704887
0.0434651859
0.0434521975
0.04343239817
0.04342010601
0.04341563542
0.04342006045
0.04337110273
0.04801483755
0.1367567962
0.970909429
0.9733024263
0.9755165906
0.9761893672
0.9688274888
0.9419167933
0.08169284337
0.05158750773
0.04482696587
0.05197963079
0.2505706158
0.8897263345
0.8763054658
0.882890801
0.8640933406
0.7691888852
0.8450458064
0.6734568983
0.8343496681
0.9518615916
0.9718775362
0.9601029276
0.08005203109
0.048206945
0.04336665109
0.04336578071
0.04335715036
0.04346065606
0.06812364047
0.9736441663
0.9707678884
0.8267002237
0.04892408097
0.04333993962
0.04350452108
0.04359188616
0.04364050309
0.04364286895
0.04361156018
0.0435659672
0.04353082149
0.04350977745
0.04348194064
0.04358360923
0.06192742233
0.8921575237
0.9533029743
0.9679406465
0.9741111614
0.9763165554
0.9728398481
0.9680456138
0.9094853873
0.05880875002
0.04364837989
0.04347845497
0.04345826239
0.04342313826
0.04340314489
0.043387587
0.04337432118
0.04336212071
0.04335004385
0.04333771839
0.04332531924
0.04331325592
0.04330195459
0.04329175109
0.04328275841
0.04327468748
0.04326675571
0.04325926095
0.04325436808
0.04325340702
0.04325678322
0.04326712286
0.04328408091
0.04325037217
0.0457720507
0.06995206485
0.9429057399
0.9649749248
0.9651398541
0.9588640151
0.9587353904
0.9625271862
0.9579632677
0.9304128018
0.7272078648
0.8339611095
0.8902108579
0.9390937482
0.9430816192
0.7217220015
0.08255742421
0.04293460941
0.0430115792
0.04304351486
0.04308041622
0.04312071005
0.0431630183
0.04320603344
0.04324869137
0.04329013757
0.04332963868
0.04336671211
0.04340089934
0.04343126366
0.04345647587
0.04347492027
0.04348494127
0.04348663652
0.0434811675
0.04346778367
0.04344849615
0.04343134017
0.04341742855
0.04340769774
0.04338016091
0.04331074997
0.0435590283
0.05897860819
0.9181646323
0.9628168052
0.9664903343
0.964580044
0.9653090185
0.9597888485
0.9389738006
0.1150063457
0.1049526067
0.7931122915
0.9285640414
0.7980824979
0.2298394139
0.2131911296
0.7824515889
0.8949025428
0.9288472055
0.9490271743
0.9627406827
0.9657694777
0.2726109998
0.05287063659
0.04349316215
0.04342741895
0.04340876689
0.04338577181
0.04339649404
0.04341238306
0.06450439367
0.9668527195
0.9670302535
0.8979348316
0.05100131633
0.04343210957
0.04360269196
0.04364362761
0.04363478634
0.04358752513
0.0435177692
0.04345037584
0.04340390106
0.04340665176
0.04551237986
0.06221975474
0.8023129024
0.9499362628
0.9725199554
0.9794567951
0.9819885811
0.9768289913
0.9606622451
0.09469694406
0.04734648188
0.0435294682
0.04350243025
0.04346866458
0.04344230551
0.04341991818
0.04340095128
0.04338479641
0.04337032116
0.04335676433
0.04334371827
0.04333112997
0.04331916432
0.04330804579
0.04329797965
0.04328902977
0.04328110567
0.04327397277
0.04326819621
0.04326512513
0.04326607566
0.04327193744
0.04328516922
0.04330570027
0.0433123942
0.04329756528
0.04331572091
0.05094728484
0.770741658
0.9622893463
0.9595857768
0.9463334894
0.9485136854
0.9547272371
0.9582130568
0.9478167687
0.9291999327
0.9072685062
0.9335656105
0.8927620759
0.2681953581
0.0825578039
0.0429349067
0.04301164048
0.04304297598
0.04307946963
0.04311970153
0.04316237561
0.0432062057
0.04325004476
0.04329288434
0.04333386431
0.0433723256
0.04340755136
0.04343854874
0.04346414172
0.04348296903
0.04349369419
0.04349609911
0.04349042182
0.04347688936
0.0434574757
0.04343723336
0.04341690185
0.04339645157
0.04336488673
0.04332068748
0.04329749403
0.04325817968
0.04853389606
0.7578740676
0.9517109471
0.9494713587
0.9422475722
0.9475249538
0.9541624188
0.9520742929
0.9377335262
0.9247447539
0.8994547023
0.5097615913
0.0945914851
0.1445071568
0.9009840822
0.9506547059
0.9640553331
0.9657984921
0.9574925508
0.8354869609
0.06177584107
0.04481189555
0.04355149385
0.04348527082
0.04344255944
0.04341173033
0.04340454055
0.04339568617
0.04337245872
0.05987766298
0.956134598
0.9649244941
0.9278066807
0.05421036803
0.0435343469
0.04366429382
0.04363062077
0.04355875954
0.04345952489
0.04336437701
0.04330718346
0.04349710598
0.05289395986
0.4444552375
0.9358800727
0.9502351887
0.9707329546
0.9773387735
0.9803707893
0.9772465991
0.9479816842
0.05870356205
0.04359570688
0.04358121923
0.04354774241
0.04349562006
0.0434611486
0.04343469204
0.04341221888
0.04339333058
0.04337696142
0.04336221034
0.04334854842
0.04333575009
0.04332381091
0.04331280993
0.04330288343
0.04329407857
0.04328649178
0.04328014833
0.04327579165
0.04327421852
0.04327663976
0.0432829209
0.04329452558
0.04330987349
0.04332029298
0.04333516505
0.04338475467
0.04338945961
0.04663278188
0.09955566434
0.9571214239
0.9505442098
0.951835657
0.9605426227
0.9671491329
0.9691070012
0.96447387
0.9434895225
0.9364078099
0.6471236501
0.4016498751
0.08255822035
0.04293528263
0.04301208128
0.04304313774
0.04307958374
0.04312001333
0.04316311103
0.04320756407
0.04325214755
0.0432957259
0.04333735325
0.04337631272
0.04341175323
0.04344270217
0.04346821058
0.04348712123
0.04349813496
0.04350091062
0.04349511064
0.0434815672
0.04346178509
0.04343983294
0.04341591073
0.04339202364
0.04336237479
0.04333391159
0.04332189343
0.04333122581
0.04329483614
0.04755485624
0.2701741012
0.9268586081
0.9187841232
0.9277886391
0.939204088
0.9516006449
0.9573746184
0.9369133529
0.8468297946
0.1027935386
0.24601445
0.8948127646
0.9349459112
0.9629614515
0.9746496547
0.969429749
0.9101076641
0.06655849243
0.04658409779
0.04370403933
0.04360661773
0.04351771784
0.04346719709
0.04343244821
0.04341253771
0.04339166974
0.04336800757
0.04331539758
0.05595778814
0.9401387249
0.9637680655
0.9483177755
0.06003057497
0.04360497656
0.04361513187
0.04352402036
0.0433906224
0.04327480181
0.04325710919
0.04846489368
0.08918904314
0.9396447687
0.94939496
0.9508854989
0.9645974488
0.9662898502
0.9662113825
0.966782557
0.9662687673
0.09184593124
0.04358026474
0.04350732158
0.04352002917
0.04349351131
0.04346471281
0.04343896404
0.04341633362
0.0433969682
0.0433801795
0.04336518673
0.04335147861
0.04333878266
0.04332704793
0.04331628307
0.04330662127
0.04329806749
0.04329088042
0.04328508363
0.04328160941
0.04328065729
0.04328373854
0.04328883727
0.04329642168
0.04330310962
0.04330852809
0.04333407286
0.04337586643
0.04342883837
0.0436111944
0.04774334254
0.1112875718
0.9404305661
0.956861844
0.9661550795
0.9717820961
0.9744409507
0.9731017269
0.9612472512
0.9360417481
0.212394149
0.7727802101
0.08255861739
0.04293563372
0.0430127058
0.04304380887
0.04308058489
0.04312149717
0.04316511017
0.0432100547
0.04325502659
0.04329875994
0.04334027724
0.04337894707
0.04341383625
0.04344406577
0.04346906528
0.04348786687
0.04349895949
0.04350208903
0.04349621585
0.04348282123
0.04346250209
0.04344008632
0.04341419299
0.0433905791
0.04336445056
0.04334766733
0.04333538155
0.04336336491
0.0433964009
0.0435921248
0.05265050674
0.5434663295
0.8923386742
0.9255779291
0.940057413
0.9502822669
0.9536132443
0.9359906595
0.8403598534
0.6769884008
0.8832602525
0.9185655924
0.9321645356
0.950610472
0.9634440288
0.9619830707
0.1072362944
0.04885521186
0.04380249527
0.04381285579
0.04369077219
0.04357786635
0.04350460702
0.04345858006
0.04342709718
0.04340017209
0.04338502869
0.04338158388
0.04334732016
0.0535438132
0.9123538291
0.9639049902
0.9606500882
0.0652647822
0.04352551162
0.04348920533
0.04332675769
0.04321302806
0.04698299331
0.06651870697
0.9232922833
0.9552725853
0.9524084663
0.9505554858
0.955840861
0.9510521839
0.9062110706
0.893133208
0.9583496831
0.9574737142
0.05573106128
0.04341373208
0.04348035559
0.04347245974
0.04345503154
0.04343329634
0.04341264354
0.04339482203
0.04337921157
0.04336510262
0.04335210011
0.0433399846
0.04332878301
0.04331849373
0.04330933789
0.04330119725
0.0432945003
0.04328896468
0.04328592901
0.04328450223
0.04328750308
0.04329049641
0.04329457123
0.04328858056
0.0432744664
0.04329206715
0.04330250353
0.04329496363
0.04589078448
0.05770261887
0.6002365491
0.9231136359
0.9523159562
0.9640475462
0.9693143378
0.9718832314
0.9709748304
0.9623541445
0.9428398263
0.2719410683
0.8014931073
0.08255895203
0.04293588416
0.04301339366
0.04304491538
0.04308245986
0.04312418601
0.0431684368
0.04321379427
0.0432588721
0.04330222402
0.04334290948
0.043380576
0.04341413087
0.04344285583
0.04346685678
0.04348534948
0.04349628698
0.04349988806
0.04349368193
0.0434806554
0.04345930792
0.04343709159
0.04340945821
0.04338686492
0.04335780476
0.04335038124
0.04332017772
0.04334551951
0.04343313923
0.04741483796
0.06417621461
0.6808476915
0.8826511348
0.9261763121
0.9394810957
0.9456191593
0.9451268935
0.9284559284
0.8941736606
0.8953656071
0.9233655327
0.9284296966
0.9300334422
0.9283481464
0.9144662416
0.9437139591
0.8764978593
0.049991738
0.04385221495
0.0437656894
0.0436909568
0.04362492141
0.043541141
0.04347995548
0.04344132217
0.04340494271
0.04340611044
0.04345261588
0.04352405519
0.0437982765
0.05942375123
0.8714054201
0.9627098303
0.9530836068
0.05557567672
0.04341950117
0.04333923754
0.04705970737
0.06341963848
0.9040534508
0.9573124317
0.9645379957
0.9622703998
0.961877824
0.957870415
0.915740014
0.9196350378
0.07195535091
0.9202247144
0.9657421216
0.8986048865
0.04703482555
0.04340084564
0.04342605535
0.04342946028
0.04341629705
0.04340038374
0.04338640498
0.04337373276
0.04336173022
0.04335025626
0.04333924848
0.04332897827
0.04331947384
0.04331119063
0.04330376097
0.04329794255
0.0432924989
0.04328998228
0.04328723618
0.04328993173
0.04328898189
0.04329417472
0.04328235225
0.04324098957
0.04324964609
0.04322784445
0.0459089727
0.05688170954
0.6242634924
0.9174330121
0.9266181548
0.9356018377
0.95129588
0.9575642391
0.9600592839
0.9595901657
0.9524627318
0.9430967325
0.903860299
0.5930491543
0.08255918875
0.04293598497
0.04301410186
0.04304650326
0.04308535921
0.04312828673
0.04317330733
0.04321903995
0.04326401458
0.04330646808
0.04334559858
0.04338164465
0.0434130106
0.04343918492
0.04346155379
0.04347946159
0.04348965406
0.04349403503
0.04348674084
0.04347402909
0.04345117303
0.04343035324
0.04339777977
0.04338236809
0.04334016108
0.04333694362
0.04331981318
0.04415468178
0.05006693798
0.06995774667
0.8388602384
0.899650724
0.9067294699
0.9242802665
0.9356735324
0.9403147175
0.941973034
0.9413771425
0.9436549719
0.9453151862
0.9489156657
0.947336866
0.9386532509
0.9035601425
0.1040114764
0.8469341208
0.9518035135
0.0709731787
0.04373269274
0.04368451017
0.0436912343
0.04365211845
0.04357539826
0.04348021385
0.04342578858
0.04335529635
0.04331144351
0.04336063693
0.0454731945
0.0544901586
0.08039747646
0.8102268442
0.9098746405
0.9573851598
0.9082907344
0.05089364219
0.04879328746
0.06579118513
0.9019868371
0.9593075973
0.9695219662
0.9703212456
0.9651701225
0.9565006252
0.2221800901
0.08698825089
0.9593021128
0.1537027109
0.06982618632
0.9616487208
0.9739209881
0.09896561342
0.04352678014
0.04341189907
0.04341273366
0.04339597852
0.04338200859
0.04337273065
0.04336428305
0.04335537518
0.04334611856
0.0433366311
0.04332764255
0.04331922275
0.04331234329
0.04330599485
0.04330206253
0.04329701875
0.04329572401
0.04329125194
0.04329610825
0.04328612289
0.04329241765
0.04328657132
0.04324905089
0.0434028183
0.0480078272
0.06106718983
0.7932890136
0.929113441
0.9382985007
0.9256267441
0.9236862091
0.933507239
0.9364114585
0.9321183196
0.9333701029
0.9364474154
0.9398197356
0.932987465
0.560153321
0.08255929207
0.0429359173
0.04301487899
0.04304875513
0.04308961412
0.0431341759
0.04318006083
0.04322615799
0.04327089528
0.04331191368
0.04334876049
0.04338278969
0.04341099825
0.04343318659
0.04345306646
0.04347002645
0.04347815322
0.04348339268
0.04347378142
0.04346140527
0.04343202287
0.04341871591
0.04337002485
0.04335209176
0.04330210282
0.04341597374
0.04643194103
0.05770801181
0.1953286434
0.9222216777
0.9343119102
0.9270285186
0.9151356985
0.9244572991
0.9346996066
0.9397225591
0.9448682155
0.9532691308
0.9632288308
0.964563627
0.9604602262
0.9451103122
0.8687877603
0.07414205176
0.05247174955
0.06196075302
0.9646781281
0.9560629116
0.05004509534
0.04363997661
0.04368042463
0.04366482116
0.04358377343
0.04345379307
0.0433705439
0.04329256508
0.0440243259
0.05039572602
0.06324991721
0.6121672828
0.9008246414
0.6305353511
0.1015447858
0.9401910282
0.9361796413
0.6242889783
0.08499915683
0.9186955298
0.9584615401
0.9697389911
0.9719149899
0.9666715779
0.9463677852
0.0846771976
0.05459349102
0.04552491163
0.2082676176
0.9590601606
0.06095298642
0.4460630129
0.9707594048
0.9698243374
0.05886193435
0.04335218089
0.04337800102
0.0433590541
0.04335212444
0.04335259662
0.04335111176
0.04334654134
0.04334007771
0.04333228511
0.04332479496
0.0433175307
0.04331280906
0.04330792877
0.04330705431
0.04330330324
0.04330591244
0.04329416622
0.04330722074
0.04327778067
0.04326633205
0.04322442779
0.0452113086
0.05344534573
0.09313468573
0.9221901626
0.945986664
0.94977766
0.9399458323
0.9261528882
0.9212922145
0.9191266124
0.9111132518
0.8808045859
0.8781943364
0.906929976
0.9352141103
0.9463347057
0.8560966253
0.08255922192
0.04293570488
0.04301590115
0.04305203382
0.04309577658
0.04314238032
0.04318910538
0.04323561729
0.04328004913
0.04331891458
0.04335280822
0.04338511213
0.04340890284
0.04342508055
0.04344182374
0.04345690906
0.04346047192
0.04346718286
0.0434486248
0.04344225684
0.04339452827
0.04337914055
0.04332327136
0.0433884238
0.04604953076
0.05408170756
0.0884307759
0.8822107736
0.9553377914
0.9614394084
0.951944534
0.9374921929
0.9309242808
0.9351745306
0.9422893783
0.9453113757
0.9481201008
0.9551676086
0.9655147225
0.9670100162
0.9519672047
0.7389996229
0.06382591196
0.0481230031
0.04391790017
0.04430306335
0.239560853
0.9768085058
0.1138715271
0.0436931713
0.04371967339
0.04368070662
0.0436227528
0.0434139454
0.04349627709
0.04700393345
0.05813057145
0.2619235768
0.9163567529
0.8281355487
0.09071885245
0.05735701655
0.05508434503
0.7491674905
0.9366169917
0.9252015122
0.9404964122
0.9589183742
0.9672224077
0.9709606636
0.966796857
0.9439081143
0.07457318359
0.04948153057
0.04369053855
0.04367052416
0.04818122167
0.9081525566
0.8884572224
0.05380549131
0.8288209253
0.9703596665
0.9448805777
0.04859618071
0.04329685879
0.04330116933
0.0433141583
0.04333080104
0.04333772968
0.04333730434
0.04333324114
0.04332650338
0.04332049346
0.04331412659
0.04331220692
0.04330970046
0.04331478117
0.04331026317
0.0433304297
0.04331044708
0.04333607481
0.04331170373
0.04434335111
0.0500955143
0.0655544251
0.7885425574
0.9571953393
0.9658777195
0.9631887128
0.9559823761
0.9455489804
0.9373607735
0.9309094307
0.9202423588
0.9030960446
0.8528014299
0.8719870324
0.845889464
0.9194012927
0.9521386459
0.9113724036
0.08255893101
0.04293544895
0.04301753071
0.04305696807
0.04310472987
0.04315351547
0.04320073269
0.04324802587
0.0432922831
0.04332748327
0.04335761333
0.04339063584
0.04340860323
0.04341461216
0.04342904081
0.04344259867
0.04343178553
0.04344577344
0.04340518021
0.04339303859
0.0433383267
0.04341311245
0.04627621969
0.05432227034
0.08440768867
0.859386993
0.9586930914
0.9681076897
0.9663247326
0.9639775712
0.9536739774
0.948982986
0.9472680201
0.94842602
0.9525024157
0.9541026179
0.9546816042
0.9513883442
0.9514943033
0.9505103026
0.943939746
0.07011506923
0.04691327653
0.04378746509
0.04375270888
0.04353327639
0.04923121421
0.9544658228
0.9659763907
0.05544983352
0.04383166441
0.04380576894
0.04359751442
0.04550959345
0.05383543174
0.0895254998
0.8358573898
0.9102268748
0.1979629182
0.06631924686
0.04998654181
0.04507433383
0.05184974544
0.1070425291
0.954824645
0.9619963302
0.9667794213
0.9701220624
0.9709617982
0.9676239525
0.947616914
0.07523428351
0.04871947027
0.04348734181
0.04354711182
0.04351960985
0.04332428049
0.06094744958
0.9414469307
0.1172780374
0.05194235835
0.948010676
0.9786138119
0.1843045371
0.0437710933
0.04327431177
0.04329471043
0.04332092535
0.04333022242
0.0433300821
0.0433265915
0.04331921459
0.04331398795
0.04330809329
0.04330969426
0.0433056547
0.04332434057
0.04330818451
0.04333275536
0.04330691711
0.04359953218
0.04755846559
0.06367106757
0.2873707242
0.9571419091
0.9673929029
0.9714138315
0.9714713328
0.9671371425
0.9643585969
0.963309414
0.9592686849
0.9517253704
0.9403581692
0.9282034012
0.8990038406
0.9164444628
0.6417200955
0.8764336256
0.9523958403
0.931541053
0.08255844045
0.04293544431
0.0430203814
0.0430645323
0.04311798605
0.0431682804
0.04321457802
0.04326387746
0.04330941153
0.04333763101
0.04336105642
0.0434013961
0.04341503219
0.04340333783
0.04341212247
0.0434339096
0.04339662901
0.04340219228
0.04334410518
0.04344840842
0.04655256819
0.05559574407
0.08995052678
0.8989724882
0.96457298
0.9734579095
0.9722748433
0.9730332807
0.9695051077
0.9650129147
0.9598392482
0.9597649917
0.9605675777
0.9630430058
0.9622742624
0.959912616
0.9610522138
0.9583264143
0.9135942491
0.5740177118
0.9140326162
0.0825037917
0.04498822235
0.04396655977
0.04370486018
0.04347533321
0.04329170982
0.06811039665
0.9575956507
0.8671227324
0.04737431545
0.04413509415
0.04869698652
0.06675716138
0.5337547624
0.9120513939
0.613602685
0.07611405991
0.05682602005
0.04604188486
0.04925917154
0.0614298998
0.1296934632
0.9464263859
0.9701117245
0.9770118342
0.9771063086
0.9761271052
0.9707416696
0.95452855
0.0812846809
0.04922475603
0.04348607556
0.04352967138
0.04354665432
0.04346622539
0.04332833109
0.04507915893
0.745809074
0.9403470694
0.05488294912
0.06694981203
0.9783649403
0.9796536406
0.06605330832
0.0432689068
0.04328455059
0.04331841599
0.04332510071
0.04332266996
0.04331876334
0.04330933222
0.04330415043
0.0432943178
0.04330466142
0.04328689948
0.0433054225
0.0432784486
0.0434535554
0.04668088434
0.05925810265
0.1360617913
0.9469590584
0.9752170187
0.9789249424
0.9773145447
0.9765032663
0.9747453046
0.974236884
0.9714655441
0.9731319215
0.9754351696
0.9613465569
0.9208895703
0.8573476367
0.7271043201
0.7389094354
0.09712777503
0.8255153824
0.9468169445
0.9323046954
0.08255813832
0.04293656294
0.04302546218
0.0430758781
0.04313816277
0.04318805078
0.04322904569
0.04328192599
0.04333423693
0.04335259506
0.04335980673
0.04341355937
0.04343024336
0.04340397551
0.0433964245
0.04340485873
0.04338272734
0.04366135638
0.04728480405
0.05724485644
0.09769674172
0.9242460213
0.9715072048
0.9769414867
0.9754656348
0.9768308952
0.9744056583
0.9727595516
0.9710437936
0.969039738
0.968457385
0.9655569223
0.9637461734
0.967142939
0.9675423878
0.9399399505
0.8659852779
0.3794404781
0.08256819761
0.0644599788
0.8682184368
0.8085968869
0.0472028633
0.04385587238
0.04364281067
0.04346507957
0.04338097382
0.04755188788
0.8884513353
0.9555896444
0.09357266626
0.05604101894
0.09284334225
0.8502821955
0.8419725073
0.1364637996
0.05979985936
0.04937827517
0.05076850633
0.05954704109
0.1108792451
0.9138461404
0.967595103
0.9730757654
0.9754905062
0.9777660015
0.9773440694
0.9706817036
0.9531362152
0.08577874152
0.05001548241
0.04356759312
0.04357743151
0.0435899282
0.04354566313
0.04344534305
0.04334160129
0.04326111015
0.05366846185
0.9562493692
0.4137710611
0.04546170205
0.1516389628
0.9780535265
0.9515225366
0.05017296487
0.04322018808
0.04329953576
0.04331240723
0.04331213454
0.04330949214
0.04329339649
0.04329179806
0.04326662163
0.04327521791
0.04324902801
0.04337013491
0.04624794279
0.05694577121
0.1124496511
0.9363687468
0.9743930173
0.9797197152
0.9791998716
0.9800732494
0.9779029768
0.9780781715
0.9753948902
0.9749900009
0.970646366
0.927361468
0.4224988462
0.1003523053
0.0617789058
0.05354504694
0.05214831148
0.05169544895
0.05403585221
0.4397906668
0.9487236536
0.9189868393
0.08255988583
0.04294110426
0.04303494781
0.04309168913
0.04316864217
0.04321620783
0.04324386602
0.04329673694
0.04336239589
0.04337747884
0.04336470628
0.0434135529
0.04340001662
0.04340340945
0.04356661962
0.04605910892
0.04981982858
0.06457599092
0.1333460888
0.9442441708
0.9757693815
0.9792951236
0.978245007
0.9793657053
0.9768210791
0.9760709037
0.9747031081
0.9746731993
0.9717342952
0.9682544328
0.9692681894
0.9666135858
0.929639525
0.8408386218
0.3302255809
0.07776475117
0.05290895468
0.04785299965
0.04692964584
0.04974831254
0.7059205169
0.806587962
0.05114836962
0.04358102933
0.04377575796
0.04334229816
0.04328225054
0.04371956822
0.06400006802
0.9188325863
0.9248788094
0.4246042746
0.8572741507
0.7515707165
0.06352247068
0.05269443696
0.05180521866
0.06130225037
0.1219136499
0.9157278556
0.9674633593
0.9742947932
0.97313095
0.9743591802
0.9704375788
0.9702687087
0.9638186615
0.923385124
0.07386406742
0.04970760728
0.04370460472
0.0436713019
0.04365883461
0.04361460924
0.04353630138
0.043439719
0.04335679608
0.04331683346
0.04382554344
0.1918129388
0.9580549175
0.05568816405
0.04793414676
0.9372698237
0.9707553845
0.8631406715
0.04597442258
0.04329555572
0.04331171092
0.04330738461
0.04330755841
0.04327070948
0.04326112309
0.04322646714
0.04330663268
0.04589602121
0.05520287238
0.09940974901
0.9256177513
0.9718119908
0.9787173917
0.9791577199
0.9811515114
0.9795547717
0.9793697383
0.9762002228
0.9749256243
0.9664928963
0.8979054237
0.1004056805
0.05865368571
0.04861551806
0.04604228086
0.0443585408
0.04408729454
0.04393841213
0.04388042984
0.04404124852
0.1033855216
0.9570577747
0.910352389
0.0825735126
0.04295341323
0.04305422612
0.04311257665
0.0432086926
0.04325188439
0.04326442746
0.0433067132
0.04334233082
0.04334161919
0.04339566796
0.04374421308
0.04623245135
0.04966741087
0.06099783975
0.1094437596
0.5797476271
0.9656183202
0.9838252056
0.982511267
0.980245013
0.9807807748
0.9785070741
0.9773920757
0.9755487574
0.9763716922
0.9731074345
0.9731735251
0.9697482988
0.9372873757
0.8387240233
0.1757101484
0.06773759132
0.0503760983
0.04699390521
0.04533570667
0.04425425959
0.04419897008
0.04414512959
0.0459484013
0.2908080748
0.956148222
0.07078798505
0.04417201202
0.04353456843
0.04391529905
0.04551554045
0.04960285862
0.0728292715
0.8729506173
0.9202079672
0.9029184539
0.607558319
0.05959681652
0.05469462565
0.06492187544
0.129909594
0.9259118958
0.9695508651
0.9759212018
0.9754064013
0.9775751462
0.9733487249
0.9725136056
0.9673288289
0.9425560593
0.9329773997
0.07094963208
0.04742079503
0.04390166096
0.04384503963
0.04376598675
0.04369137984
0.04361660862
0.04353084317
0.04344232748
0.04337422614
0.04334423007
0.04335129516
0.0506118939
0.9401658163
0.809198349
0.04548049841
0.05738177348
0.9671017641
0.9745742508
0.0918299027
0.04354297063
0.04337571603
0.04333131871
0.04330733766
0.04324577791
0.04329230873
0.04568659628
0.05375926037
0.08913227963
0.9112195281
0.968950616
0.9773916928
0.9784682819
0.9810674806
0.9800622922
0.9803580279
0.9772476582
0.9753085108
0.9646751708
0.9055029837
0.08770122237
0.0540481191
0.04680041012
0.04400609449
0.04396970545
0.04401609537
0.0441510685
0.04424231089
0.04419277237
0.0440445623
0.04395388938
0.07820337334
0.9554714605
0.9053151245
0.08266005347
0.04298446317
0.04308591066
0.04314692887
0.04323603337
0.04323245494
0.04328428703
0.04355220832
0.04592335281
0.04863748725
0.05402366845
0.07682878762
0.1485911112
0.9097422866
0.9668933351
0.9844658998
0.9871171378
0.9854952246
0.9836644804
0.9833609791
0.9800998954
0.977620306
0.9746244378
0.9728393451
0.9713730619
0.9714334303
0.9628720146
0.8992547957
0.3626267635
0.07091665815
0.05044561867
0.04668773691
0.04471466024
0.04419126729
0.04419785942
0.04420475639
0.04407656478
0.04407507953
0.04409390107
0.04468984884
0.08637437424
0.9437349865
0.0945608955
0.04846151977
0.04930909751
0.05913635885
0.200507731
0.6059470374
0.865019881
0.9218044143
0.9295082844
0.9095536628
0.09603165905
0.08286420163
0.1516975558
0.9421240803
0.9717716041
0.9766536082
0.9760096056
0.9781354513
0.9742084022
0.9727850514
0.962923563
0.8940944593
0.2195609319
0.08137559514
0.1267008812
0.07570952262
0.04485611405
0.04442081463
0.04399822918
0.04383219271
0.04370777254
0.04361816336
0.04352989487
0.04344757753
0.04339525231
0.04337990174
0.04340371902
0.04343156238
0.07826347218
0.9411893114
0.05981357031
0.04353043556
0.08759904446
0.9727299805
0.9681202583
0.06459830251
0.04345755321
0.04336881746
0.04341792591
0.04602834481
0.05345390673
0.08383858685
0.8932547432
0.9658040874
0.9759796861
0.9776510071
0.9807109079
0.9801324412
0.9809455033
0.9782055164
0.9767867939
0.9669795139
0.9032480699
0.08237642617
0.05331165326
0.04618030044
0.04385453522
0.04395233051
0.04405346092
0.04424639818
0.04433367972
0.04430685663
0.04428115868
0.04422571163
0.04409288689
0.04387019775
0.06487840655
0.9446480672
0.886147586
0.08380179282
0.04309851434
0.0431045305
0.04327085706
0.04450428865
0.04748974265
0.05168710428
0.06904321264
0.1354435913
0.6255698182
0.9687053766
0.9814380517
0.9902225431
0.9878304034
0.9864913035
0.9865735465
0.9871225316
0.9862601873
0.9841418165
0.981441609
0.9777714381
0.9729613982
0.9645706256
0.9525937069
0.9367844539
0.9171552791
0.09520835784
0.05651702788
0.04786443248
0.0456942149
0.04427146506
0.0441179739
0.04414497611
0.04425711846
0.04454416439
0.04504244842
0.04601640232
0.04708998963
0.04790939153
0.05159240359
0.07555426769
0.9040236563
0.7869306898
0.1934673914
0.4590960608
0.8720682728
0.9404448459
0.9580727801
0.916286644
0.8654788591
0.5942695709
0.8100828278
0.905594455
0.9421753795
0.9766796598
0.9780073602
0.9752781732
0.9776651983
0.9737856678
0.9718726263
0.9593405736
0.8842342467
0.09679913608
0.05663570571
0.04894255393
0.05068226699
0.7242819205
0.8088896804
0.05123132137
0.04450503442
0.04418303897
0.04388412094
0.04370924608
0.04359971667
0.04351217235
0.0434396283
0.04341225007
0.04342834155
0.04348122891
0.0435353306
0.04786200341
0.915678408
0.9091118329
0.04817257626
0.04874652265
0.9045563209
0.9581371634
0.9350554096
0.05490167401
0.04782611693
0.05627691313
0.0915921845
0.8935020555
0.9634067108
0.9745766985
0.9767053036
0.9802241293
0.9800705527
0.981333475
0.9790011473
0.9782432704
0.9703172708
0.9078774054
0.08540428268
0.05383281984
0.04603764596
0.04371016011
0.04382754353
0.04396581814
0.04418248136
0.04428724219
0.04435838673
0.04442563206
0.04441355482
0.04436293987
0.04428440962
0.04413985018
0.04383874138
0.05815462004
0.9295453873
0.8566366832
0.09237055452
0.046318812
0.04918260026
0.05968214304
0.1051488318
0.352165723
0.9711185765
0.9804643949
0.9889530004
0.9903457967
0.9896020366
0.9890900161
0.9896979818
0.9901040206
0.9892159774
0.9885377861
0.987449509
0.9860731467
0.9844315041
0.9817909051
0.9777763128
0.9718576754
0.9607163734
0.9391838935
0.9152224844
0.295875425
0.1753972166
0.117918255
0.09897774589
0.09508759428
0.09243679263
0.09084200858
0.09069663399
0.09209216736
0.09672589329
0.110881892
0.1613006492
0.334070406
0.8894035706
0.8798690352
0.9332125783
0.9548540073
0.943804975
0.9262633117
0.9541774442
0.9180352257
0.9099464394
0.4745903796
0.4584704001
0.7236065354
0.9498032396
0.9639719939
0.9667046288
0.9684746413
0.9708007923
0.9746884869
0.9702030389
0.9694069499
0.9558450753
0.8664553414
0.08286025109
0.05318510268
0.04608627454
0.04389167184
0.0441997674
0.04510379681
0.06863233575
0.7387404162
0.05403327568
0.04458886405
0.04431325882
0.04398846454
0.04368492485
0.04349816203
0.04340641971
0.04336661766
0.0433692899
0.04342642417
0.04354599048
0.04378680201
0.04467806315
0.07189632861
0.9326022868
0.08159464796
0.05549336384
0.09581169601
0.9370904204
0.9391725031
0.8877415065
0.1140568818
0.9212253699
0.9667608343
0.9742651155
0.9749973296
0.9790355726
0.979533047
0.9814097147
0.9796037305
0.979460395
0.9731258632
0.9224105119
0.09503686166
0.05519923763
0.04619516346
0.04360640404
0.04368421382
0.0438134002
0.04401718697
0.04415480865
0.04426574261
0.04436679076
0.04443753606
0.0444962503
0.0445104504
0.04448083306
0.04440223931
0.0442405589
0.04386708803
0.05451151862
0.9087143759
0.8140938865
0.6727410838
0.1967149076
0.9703378448
0.9795933012
0.9890327438
0.9923875271
0.9918850318
0.9910943784
0.9916316294
0.9921608939
0.9920550894
0.9916114551
0.9911748248
0.9906596557
0.9903062951
0.9897653341
0.98867068
0.9873419639
0.985917583
0.9841021125
0.9818018681
0.9792614207
0.9767664031
0.9756329462
0.9767950649
0.982291355
0.9859959325
0.9873768324
0.9869721022
0.9866523374
0.9864941576
0.9864505109
0.9864787688
0.9865610826
0.9867048176
0.986939251
0.9873360251
0.9874410101
0.9825440669
0.9769763884
0.9763889391
0.9784322214
0.9768381758
0.9724341471
0.9710250096
0.9694535143
0.964655164
0.9705692421
0.9782342644
0.9779609093
0.9755006016
0.9736090562
0.972903741
0.9703298974
0.9661184094
0.9632409856
0.9488727223
0.8617381395
0.07869796648
0.05230786817
0.04567698331
0.04348378354
0.04348825155
0.04367510963
0.04416620554
0.0451854608
0.06033817629
0.9551441117
0.09170775366
0.04539099909
0.04423684846
0.0442311727
0.0446538587
0.04610578713
0.0469723487
0.04797361322
0.05016999043
0.05222254018
0.05530257078
0.06128351211
0.08097710127
0.1817162325
0.9378216384
0.9279361133
0.6928009104
0.9390991848
0.9555095348
0.9608002374
0.9566948548
0.9634620537
0.9723710722
0.9727961322
0.976746461
0.9769716918
0.980177287
0.9795395386
0.9802408131
0.9753754321
0.9363368613
0.1067850761
0.05701665044
0.04647862422
0.04358470409
0.04357851138
0.04366766789
0.04383324869
0.04396503452
0.04408551404
0.044214192
0.04432026145
0.04441683194
0.04450078931
0.04457078542
0.04461078473
0.04461768675
0.04457647204
0.04443335308
0.0439884053
0.05220661714
0.8834704938
0.752809316
0.98267831
0.9921305344
0.9927479974
0.9926661571
0.9933401281
0.9938953961
0.9940975619
0.9937595248
0.9935356315
0.9932508379
0.9930328283
0.9928213944
0.9924009711
0.9918422975
0.9913458776
0.990806075
0.98996955
0.9889765751
0.9879486419
0.9868700861
0.9858113522
0.9849781547
0.9846222333
0.9849771952
0.9859519179
0.9871275045
0.9890240589
0.9897822694
0.9901395029
0.9903078136
0.9903702877
0.9903885505
0.9903733463
0.9903107097
0.9901694318
0.9898976104
0.9894274311
0.9887114793
0.987686002
0.9855098998
0.9845263313
0.9844279767
0.9841121484
0.9823590929
0.9798508621
0.9784778905
0.9787372752
0.9788305677
0.9802844205
0.9807811745
0.9799109263
0.9771334845
0.972772661
0.9634736445
0.9404097469
0.8977628
0.1488586959
0.08425019457
0.06750196207
0.06228862494
0.0611308877
0.06075567665
0.06066713765
0.06094027457
0.06180503946
0.06448516096
0.07726914624
0.4222426056
0.1467329942
0.066835462
0.07204997544
0.08083488875
0.1043505759
0.2082147942
0.497607688
0.866106697
0.8734915243
0.9229254462
0.9425370464
0.9554283029
0.9650017068
0.9746415542
0.9708292582
0.9625683904
0.9567432827
0.9576996789
0.9639449944
0.9705913109
0.9734375466
0.9737429761
0.9750739443
0.9744032945
0.9763091907
0.9776602881
0.9800738623
0.9771982925
0.9480492188
0.1296143614
0.05937220109
0.04686782322
0.04361900407
0.04354061902
0.04358924909
0.04369932267
0.04378812552
0.0438845794
0.04400693332
0.04412175704
0.0442390455
0.04434957183
0.04445225083
0.04454549981
0.04462894102
0.04469542659
0.044746475
0.04477551843
0.04473461349
0.04435127353
0.05016456734
0.8378363689
0.6864614034
0.9891233254
0.9943492511
0.9955004953
0.9955273816
0.9955157966
0.9953474511
0.9951468276
0.9949886958
0.9947434222
0.9943780756
0.9940340036
0.9937269661
0.9933395132
0.9928529382
0.9923514025
0.9918114247
0.9911604621
0.9904501241
0.9897455717
0.9890885672
0.9885481156
0.9882122299
0.9881531705
0.9883907614
0.9888101825
0.9892141918
0.9895377499
0.9898868376
0.9901626868
0.9903840527
0.9905067982
0.9905490269
0.9905259854
0.9904333931
0.9902518453
0.9899572738
0.9895486946
0.9891023096
0.9887604006
0.9884995526
0.9881058515
0.9878153293
0.9874195807
0.9864957013
0.9851765666
0.9841968921
0.9838582606
0.9836005554
0.9830697622
0.9826585034
0.9822292495
0.9809553225
0.9781000461
0.9728087368
0.9647679269
0.9573874068
0.9652923916
0.9731919713
0.9730079934
0.9748357207
0.9741120241
0.9734047315
0.9728193094
0.9722924917
0.9718369678
0.971643886
0.9727998102
0.9749151055
0.973838143
0.9728574643
0.9755123607
0.9787035656
0.9812782638
0.9833367564
0.9830368927
0.978221919
0.9732165354
0.9725514449
0.9723987561
0.9726411789
0.9727062727
0.972787224
0.9742501448
0.9726075408
0.9684791437
0.9654133834
0.9671553277
0.9729351609
0.975924276
0.977072154
0.9757075631
0.9751721222
0.9734176817
0.9692356291
0.9614590452
0.2083452846
0.0643997608
0.04763876971
0.04373843901
0.04355502795
0.04357951753
0.04366526328
0.04371860307
0.04375730009
0.04382643835
0.04391004548
0.04401614884
0.0441284103
0.04424167067
0.04435120554
0.04445778251
0.04455892238
0.04465283053
0.04473704583
0.04482027497
0.04491911387
0.04503317159
0.04512147658
0.04949880317
0.7651294134
0.5925826186
0.9928301141
0.9960878412
0.9965626969
0.9967011977
0.996629237
0.9963884364
0.996111103
0.9958554964
0.995577774
0.9952286948
0.9948632458
0.9945008378
0.9941061765
0.9936655718
0.9931997068
0.9927055536
0.9921736367
0.9916367523
0.9911299748
0.9906853914
0.9903422017
0.9901342488
0.9900761304
0.9901508787
0.9902881002
0.990387395
0.9904096372
0.9904332544
0.9905317639
0.9906529609
0.9907407874
0.9907778868
0.990764851
0.9907018275
0.9905854665
0.9904180256
0.99022713
0.9900833625
0.9900566697
0.9900931677
0.9900506874
0.9898946961
0.9896056502
0.9890726269
0.9883635473
0.9877240159
0.9872726104
0.9868501595
0.9863438893
0.9858760992
0.9854959231
0.9848523307
0.9836441439
0.9819401607
0.9803108266
0.979722004
0.9803599972
0.9830805844
0.984141568
0.9845749845
0.9847272937
0.9846920548
0.9845659305
0.9843909156
0.9841849056
0.9840169877
0.9841255078
0.9847385411
0.9845935347
0.9843981182
0.9843446611
0.9847973651
0.9850646121
0.9849271609
0.9842485333
0.9827176297
0.97997821
0.9780522732
0.9763508254
0.9747775959
0.9731667022
0.9719328233
0.9721077965
0.9731183102
0.9717959143
0.9688447223
0.9692775917
0.9725481622
0.9749289825
0.9769668594
0.9745281455
0.9722101553
0.9612949286
0.8289450206
0.06787517104
0.05049335715
0.04430028526
0.04365077785
0.04358614229
0.0436402182
0.0436905338
0.04373335694
0.04378614991
0.0438183973
0.04385985407
0.04392348341
0.04401279326
0.04411638382
0.04422564951
0.04433395035
0.04444142933
0.04454704111
0.04464782017
0.04474006775
0.04482649149
0.04496153354
0.04516677144
0.04597382851
0.04954272932
0.2701486718
0.8519771264
0.9955138416
0.9973094517
0.9974508693
0.9974291429
0.9972996475
0.9970691526
0.9967959488
0.9965117257
0.9962081114
0.9958689283
0.9955077001
0.9951327669
0.9947361644
0.99431641
0.9938814083
0.9934334789
0.9929798847
0.9925445918
0.9921508682
0.9918182821
0.9915641621
0.9913968576
0.9913107117
0.9912836256
0.9912733661
0.9912305485
0.9911392778
0.9910472635
0.9910098603
0.9910217153
0.9910447336
0.9910586099
0.9910571697
0.9910416368
0.9910172325
0.9909956217
0.9910003179
0.9910640305
0.9911980469
0.9913489657
0.9914327016
0.9914103627
0.9912575663
0.9909514219
0.9905352467
0.9901060807
0.989716918
0.9893365765
0.9889455524
0.9885926519
0.9882826858
0.9878961292
0.9873314738
0.9866349461
0.9860180292
0.9856979816
0.9856607749
0.9858059437
0.9862107638
0.9865320037
0.9866802598
0.986775073
0.9868120978
0.9868114403
0.9867896435
0.9867788892
0.9868626711
0.9870997047
0.9871743286
0.9866685587
0.9859222691
0.985352972
0.9847749915
0.9840495816
0.9832378277
0.9824694729
0.9815395023
0.9801310472
0.9785103813
0.9768615243
0.9752044938
0.9738500674
0.9732483752
0.9729875349
0.971634952
0.9691496568
0.9680737171
0.9692923327
0.970374319
0.9724373835
0.9637762751
0.904639541
0.08238002806
0.05339613232
0.04556608855
0.0435754472
0.04357540187
0.04359976762
0.04354140194
0.04355195751
0.04360757201
0.04367534627
0.04378643362
0.04386365494
0.04386140218
0.04383929375
0.04386033135
0.0439284689
0.04402407839
0.04412420543
0.04422250057
0.04432434626
0.04443783993
0.04457331333
0.04473835115
0.04498460992
0.04541064623
0.04728051518
0.0502075799
0.13595191
0.9216391011
0.9974985664
0.9981657253
0.9980703419
0.9979369285
0.9977562939
0.9975292472
0.9972721123
0.996993113
0.9966895701
0.996358109
0.9960038239
0.995629423
0.9952347253
0.9948237167
0.9944039791
0.9939826939
0.9935724372
0.9931936306
0.9928653572
0.992601264
0.9924071582
0.992277183
0.9921926243
0.9921242532
0.9920380291
0.9919083814
0.9917383995
0.991567409
0.9914385396
0.9913621839
0.9913240263
0.9913094856
0.9913123349
0.9913354137
0.99138937
0.99149066
0.9916566006
0.99189306
0.9921755446
0.9924429542
0.9926297357
0.9926997326
0.9926363287
0.9924411417
0.9921510144
0.9918206503
0.9914875866
0.9911634386
0.9908619013
0.990603321
0.9903708623
0.9901023854
0.9897554479
0.9893473063
0.988945148
0.9886097882
0.988338647
0.9881338426
0.9880767388
0.9881627317
0.9882669667
0.9883799794
0.988495146
0.988611382
0.9887340827
0.9888673032
0.9890006348
0.9890680783
0.9888744519
0.9882231365
0.9871963067
0.9860799835
0.9849668756
0.9839510182
0.9831694488
0.9826498217
0.9821120351
0.9812123834
0.9799534608
0.9785890435
0.9772914321
0.9762186074
0.9753098226
0.9739485524
0.9710882324
0.9660420383
0.9591323474
0.9530743759
0.942108243
0.9133089472
0.2364941034
0.07494099295
0.05782995511
0.052829481
0.05476051417
0.05207790816
0.05361982378
0.05581638573
0.05446692135
0.05288379524
0.05335446324
0.05410556377
0.05570117343
0.05856318008
0.05945791023
0.0576276554
0.05551034687
0.05453710755
0.05460454298
0.0550898664
0.05548561523
0.05573984364
0.05601895493
0.05657239039
0.05736589137
0.058858704
0.05873266
0.07237084203
0.08581496754
0.09285339146
0.8578375571
0.9953289367
0.9976198285
0.9968717931
0.9964228181
0.9960149845
0.9955701808
0.9950835411
0.9945522334
0.9939679911
0.9933274192
0.9926405506
0.9919132858
0.9911477044
0.9903533829
0.9895458293
0.9887396664
0.9879587556
0.9872430603
0.9866329537
0.9861577553
0.985827203
0.9856232852
0.9854982996
0.9853812178
0.9851927924
0.9848774357
0.9844437134
0.9839781546
0.9835852958
0.98331263
0.9831504966
0.9830732371
0.9830632376
0.9831230621
0.9832774564
0.9835680483
0.9840363106
0.9846887528
0.9854558272
0.9861922288
0.9867502787
0.9870481015
0.9870557114
0.9867821413
0.9862976707
0.9857042008
0.9850819497
0.9844766198
0.9839357726
0.9835035026
0.9831484564
0.9827549414
0.9822346001
0.9815928573
0.9809034736
0.9802242249
0.9795493077
0.9789188251
0.9785167563
0.978430935
0.9785252574
0.9787268035
0.9789818759
0.9792766991
0.9796162171
0.9800064554
0.980404163
0.9806148548
0.9802251847
0.9788234502
0.9764556764
0.9735779146
0.9705595617
0.9678918524
0.9661237822
0.9653926523
0.9649970908
0.9639921144
0.9621390087
0.9598919755
0.9578373334
0.9564085566
0.9552781464
0.9528666415
0.9464468346
0.9320433557
0.9014904721
0.8447371696
0.6166594972
0.2031353284
0.1980650661
0.6797709666
0.4109912911
0.6919497809
0.5325670957
0.6263359821
0.6303097962
0.5590083375
0.5460335228
0.6044268109
0.5909065816
0.579963956
0.5791845167
0.5470764227
0.5292059662
0.5357719987
0.5571983166
0.5772483751
0.5841734633
0.5806878894
0.5784134906
0.5805591662
0.5843153458
0.5893056525
0.5891236174
0.5926738029
0.5827903875
0.652514584
0.4741942492
0.6711490929
0.3964326987
