0.9920849053
0.9942363485
0.9919038041
0.9901527939
0.9882191995
0.9859793915
0.98337399
0.9803234918
0.9768023632
0.9729054321
0.9687259947
0.9644213809
0.9603398304
0.9567974963
0.9537622359
0.9517043855
0.9504392197
0.9492785899
0.9484276578
0.9480751265
0.9472335503
0.9464903036
0.9458532827
0.944902224
0.9441003381
0.9431335006
0.9424561076
0.9417654377
0.9414608588
0.9414788576
0.9420115165
0.942916946
0.944062355
0.9454291393
0.9467671692
0.948167852
0.9494561058
0.95067084
0.9515463539
0.9521841013
0.9525434944
0.9526908715
0.9529326719
0.9532469287
0.9535754236
0.953629994
0.9530768629
0.9518286748
0.9500575663
0.9480575821
0.9464084453
0.9452353064
0.9443159664
0.9437626862
0.943767893
0.9440289938
0.9444485235
0.9446880275
0.9445292327
0.9438032177
0.9429962651
0.9418150829
0.9408214371
0.9398982754
0.9385798546
0.9373202352
0.9356816811
0.9333160368
0.930800398
0.9303370631
0.9274391077
0.9242611277
0.9194401605
0.9171779089
0.9108134679
0.9027905728
0.8935318895
0.8814280359
0.8644547161
0.8378684064
0.8021181475
0.755791737
0.7003209332
0.5722393265
0.4389624216
0.3217354196
0.2651828088
0.2653892994
0.2899139977
0.4634623369
0.4498939351
0.4344671725
0.5334154809
0.5991077213
0.4779091232
0.5380174513
0.4836575521
0.5584731498
0.5130448205
0.5244137002
0.5568655786
0.5730017954
0.5711291003
0.5787517635
0.5591124721
0.5638841223
0.5264294023
0.5835190954
0.5817919102
0.5951782861
0.6222651967
0.63977364
0.5415905259
0.5265572799
0.428506729
0.3766409955
0.2689299455
0.2910007443
0.1942150931
0.2165933451
0.4103577262
0.9892802563
0.9961301685
0.9954266559
0.9945341769
0.9935228367
0.9923770729
0.9910803413
0.9895908064
0.9878794372
0.9859751163
0.9839256048
0.9817989232
0.979733883
0.9779043386
0.9764777131
0.9753648403
0.9744021984
0.9737723832
0.9734130914
0.973067995
0.9727529369
0.9724861527
0.9718883525
0.9713974865
0.9710236232
0.9706882778
0.9704512277
0.9701062815
0.9698163066
0.9696870184
0.9698492069
0.9701417891
0.9705729315
0.9711636088
0.971814021
0.9724349294
0.9729516626
0.9733602635
0.9736810766
0.9739130821
0.9740415025
0.9741270245
0.9741663517
0.9741392829
0.9741695208
0.9741266115
0.9737913106
0.9730812559
0.972155691
0.9711771487
0.9703491695
0.9696309735
0.968999412
0.9685018736
0.9681931836
0.9681501703
0.9681409206
0.9679686071
0.967801924
0.9676779986
0.9673988958
0.96657843
0.9657229457
0.9648950188
0.9644576471
0.9639055502
0.9636653795
0.9632406434
0.9620600053
0.9615894319
0.9626281138
0.9619590727
0.9592146955
0.9584107712
0.9568879262
0.953839851
0.9501891338
0.9474676946
0.941144843
0.9327029644
0.9241985326
0.911455665
0.8994493139
0.8785317974
0.8224268374
0.6808339179
0.4803340375
0.4090866562
0.1896145529
0.1995931079
0.194277574
0.27596076
0.2620126287
0.2131786876
0.2136570918
0.2172729472
0.1921864656
0.1345233822
0.1142146778
0.121694276
0.1188176856
0.123778776
0.1205461502
0.122685812
0.1299746229
0.1232832324
0.1305890243
0.1227989216
0.117774132
0.1222352596
0.1361429903
0.1478683616
0.1527123205
0.164413811
0.1814148367
0.1615500325
0.1683933508
0.1797300067
0.1569349069
0.1206928475
0.3846294068
0.9797515941
0.9920217036
0.9932578597
0.9928199968
0.9918450965
0.990696179
0.9894531999
0.9880279766
0.9863749784
0.9844913856
0.9823804929
0.9800930237
0.9778340698
0.9758516886
0.9742521484
0.973040666
0.9720770916
0.9714357256
0.971030541
0.9707458096
0.9703200843
0.9699859303
0.9695642362
0.9691465133
0.9688742888
0.9686114841
0.9682948428
0.9679162705
0.9676493229
0.9672802273
0.9670388726
0.9672484341
0.9676908973
0.9682259359
0.968863567
0.9693552241
0.9696992111
0.9699725391
0.9701114016
0.9701282209
0.9700167526
0.9698075031
0.9695675248
0.9694499418
0.9694937832
0.9692902818
0.9687609852
0.9676286287
0.9660377568
0.964766118
0.9638442908
0.9631344435
0.9618617781
0.960724359
0.9591805562
0.9584544917
0.9580244659
0.9574413151
0.9567502791
0.9565792714
0.9562487402
0.955918233
0.9541883929
0.9521303768
0.9508227487
0.9516718523
0.9514336693
0.9532243941
0.9526698036
0.9514354471
0.9517849711
0.9548851617
0.9541562981
0.9502342635
0.9520915997
0.951565835
0.94866389
0.9466921092
0.9424157367
0.9366983424
0.9342216971
0.9339517919
0.935952531
0.9414115098
0.9391746762
0.9424232893
0.9769050573
0.842608514
0.4069776777
0.409980438
0.1550511556
0.1407831134
0.1429691799
0.1509656309
0.1276851153
0.1277432641
0.1115192228
0.1059356006
0.09481964389
0.09392508723
0.08598452652
0.07876548295
0.07494176291
0.07470743826
0.077687478
0.08537447596
0.09885605847
0.08418148542
0.09107447034
0.1053895567
0.1149638028
0.1262968763
0.140708805
0.1330830508
0.15155064
0.2449375218
0.227305192
0.1978067535
0.2234082522
0.1616452038
0.7296987059
0.9523388497
0.9833101859
0.9873186329
0.9891772146
0.9890238878
0.9879476292
0.9870015686
0.9858365694
0.9843151153
0.9825044395
0.9802485053
0.9774668723
0.9744660418
0.9718963893
0.9700417689
0.9686351469
0.9676963164
0.9672067779
0.9669443384
0.9667561617
0.966609459
0.966366124
0.9659396921
0.9656610363
0.9655119401
0.9654591824
0.9652439478
0.9646832093
0.9640836483
0.9630754773
0.9623920917
0.9618687249
0.9624995169
0.9636491844
0.9643408651
0.9655147627
0.965593216
0.9655418117
0.9653053529
0.9650879776
0.9645441461
0.9639439185
0.9630344613
0.9621250947
0.9623431025
0.9623462039
0.9614963322
0.9600942944
0.9576790977
0.9539446649
0.9511351858
0.9516720375
0.9491573337
0.9444695678
0.9394557939
0.9336752123
0.9315225818
0.9281542563
0.9256956343
0.9218408943
0.9222408002
0.9227799356
0.9220277278
0.9160233971
0.9076340573
0.9046997572
0.9087750353
0.9107851741
0.9146237255
0.918357542
0.9156659659
0.9135227151
0.9140776236
0.906230081
0.90794406
0.9268676179
0.9234509666
0.9299374366
0.9291696256
0.9246537272
0.9291140373
0.9234328112
0.933454745
0.9429065551
0.9520230634
0.9545787469
0.9534042695
0.9547108984
0.9477747264
0.9210174061
0.7939547137
0.7524876213
0.1994836413
0.135767695
0.1172186023
0.1065954566
0.1094197953
0.1057504237
0.1102579484
0.1138600671
0.1013056252
0.08585553507
0.08224012965
0.0788245154
0.07832891243
0.07569915917
0.09571965677
0.08782613905
0.09312630591
0.07514530977
0.1078918723
0.1071657515
0.1620753763
0.1160269176
0.09291533925
0.1172288762
0.1930094747
0.2321058267
0.1528704175
0.2278060966
0.7748440733
0.1695058318
0.2629586494
0.947458296
0.9728183
0.981892891
0.9826931035
0.9826552413
0.9829247089
0.9818164763
0.9802072144
0.9781477538
0.9747348175
0.9700387707
0.9651579904
0.962320151
0.9612070117
0.9600343281
0.9604681243
0.9608378913
0.9610098244
0.9612582467
0.9615466574
0.9616045218
0.9612815411
0.9611596408
0.9613493662
0.961653311
0.9616936415
0.960604721
0.9588966915
0.9565776204
0.9538769622
0.9517842381
0.9532260426
0.9549903152
0.9568722891
0.9586025755
0.9571456049
0.9558800019
0.9548735195
0.9537813563
0.9523159877
0.9508900735
0.9480071928
0.9432551112
0.9430060865
0.9442565184
0.9436220228
0.9453337164
0.9405172308
0.9209677275
0.9125666512
0.9196999194
0.9054358967
0.8755103445
0.8378298022
0.7923046965
0.7180172905
0.6995575837
0.6322919894
0.5263936783
0.5305258772
0.4349057748
0.5450683021
0.7080939783
0.6888201545
0.4539910181
0.5328272182
0.3011526633
0.33758004
0.3605869283
0.5596251268
0.6686314905
0.5782389065
0.6933389071
0.2391735417
0.3953784941
0.6972139435
0.6664284154
0.8400095149
0.8752434762
0.8941419959
0.8952685947
0.8875587524
0.9204925847
0.9307502675
0.9411219534
0.9504681268
0.9496400622
0.9398587374
0.9320416104
0.9181114644
0.9150726152
0.885244115
0.6848407841
0.3518547226
0.2468713455
0.1891299095
0.1154765286
0.1071208126
0.0967469952
0.1092670238
0.09694358089
0.09312840092
0.08342017224
0.08552295632
0.06999683237
0.0814865297
0.1026073508
0.1006327152
0.1041843724
0.1030679887
0.1217820058
0.1661826481
0.1262860231
0.1115747082
0.118770513
0.1524786355
0.1553908852
0.4383981891
0.7676072177
0.128218525
0.07055141912
0.07374520952
0.08784861133
0.1630459167
0.9281267766
0.959675591
0.9733845435
0.9770437492
0.976658662
0.9765499638
0.9743459524
0.9678474079
0.9574622649
0.9468748602
0.9449620331
0.9404562482
0.9394514508
0.9459532617
0.9470408058
0.9476247582
0.9484496229
0.9503393427
0.9512918472
0.9495403204
0.949517099
0.9502632296
0.9520006782
0.9535570804
0.9504937658
0.9463069457
0.9419846595
0.9329399393
0.9155600018
0.8993598547
0.8923133364
0.8760629716
0.885542025
0.8617776952
0.8505914132
0.8461622675
0.8436160111
0.8513163872
0.8670705482
0.8321029052
0.7900800298
0.780784153
0.820352343
0.8623661486
0.8705066179
0.8822533507
0.8245346805
0.7214170869
0.840271539
0.8611517474
0.7422995687
0.5584791443
0.2248339572
0.1316169016
0.1216440421
0.2160882501
0.1528424191
0.1314946593
0.1245056938
0.1430668458
0.1892926794
0.3256282694
0.1948744512
0.1434925039
0.1627191969
0.1362120518
0.1716279445
0.1793622935
0.3889458134
0.3046284007
0.4364006902
0.5402314909
0.2640218314
0.2024801678
0.1761091914
0.2225253707
0.2552069891
0.7626704342
0.7870489806
0.7887124791
0.4665757537
0.6554142664
0.8199762227
0.9059630234
0.9234194509
0.9233101212
0.9368101116
0.9444192772
0.9376364564
0.9153988603
0.8907269111
0.6668765269
0.571936249
0.730801518
0.1961144031
0.1172188338
0.09404102298
0.09393486205
0.1187137994
0.1231627512
0.1086490631
0.08244638132
0.06606445526
0.06565219217
0.07834355756
0.1043621523
0.1517516265
0.1100463244
0.1032393788
0.119097726
0.1834073701
0.1278043381
0.1189942279
0.1219795311
0.354036161
0.8291153901
0.1269126929
0.0693585763
0.06964008814
0.06963087013
0.07002318509
0.07382157435
0.08446267697
0.125330627
0.6968385209
0.941017771
0.9646019222
0.9727715795
0.9717546202
0.9623598175
0.9422825593
0.9282035066
0.8915298986
0.8061808076
0.7138836828
0.7640116267
0.7805713759
0.7960725221
0.8248024182
0.8596203874
0.8216191626
0.7909459386
0.7958669673
0.8344079687
0.8405728747
0.8759178737
0.8922225733
0.8887544285
0.8952237151
0.8766569591
0.8561429706
0.6706852734
0.3603845443
0.1602009689
0.1348952563
0.1671177955
0.1744948785
0.1490832238
0.1794078723
0.2290291436
0.2010999906
0.6851464335
0.5896365167
0.2893796297
0.2196717031
0.2392482879
0.8468841158
0.8515968303
0.8312738185
0.429383137
0.8018691896
0.9081749711
0.9177542793
0.9074801005
0.8802793399
0.1910503213
0.1580278739
0.5202744821
0.522058475
0.3548723943
0.1580886037
0.2135890747
0.8501236246
0.7998895755
0.2240437295
0.4539716616
0.1899097075
0.2347795852
0.1867166498
0.3264582901
0.2849433024
0.1937612281
0.5081666672
0.4763757921
0.5557873225
0.6158876908
0.1753441803
0.2807754232
0.4532676823
0.1773564189
0.5856515067
0.7529232529
0.8372324196
0.4102711006
0.482325678
0.7573686214
0.8523304044
0.8657564627
0.9083680963
0.9451547118
0.9476672138
0.9330962155
0.90116887
0.7976572445
0.243471826
0.8717795915
0.7835005533
0.2167685765
0.09955481411
0.0880964652
0.09704415812
0.1080913339
0.1397002453
0.116021963
0.09464428402
0.07464154238
0.07391927577
0.05379488407
0.09406180692
0.1556158156
0.100329223
0.1063118124
0.1064898661
0.113072883
0.1263007191
0.7486519938
0.6644567587
0.1268572438
0.06931143778
0.06964573445
0.06974648937
0.06978496707
0.07004213055
0.07004447589
0.07045346795
0.07390298419
0.09235089925
0.1430492701
0.3721211427
0.9444552556
0.9656414752
0.9589493323
0.9513471422
0.9300289365
0.8988495461
0.5865158934
0.1204782073
0.1005114326
0.09254300652
0.1051635998
0.115499998
0.1204451024
0.09648543721
0.1200527191
0.1105666692
0.1168706785
0.1238478814
0.2108922384
0.2507427855
0.6078780433
0.8533721195
0.9112726941
0.9173483991
0.924797272
0.8476617185
0.2312488447
0.1713353629
0.2509762256
0.2174162909
0.2339446867
0.1792918691
0.2602948092
0.511210865
0.557580223
0.8617225972
0.5229700888
0.5902316853
0.3495154845
0.4140960477
0.8287420962
0.8994536298
0.4764230796
0.1765295538
0.6692851125
0.7976887856
0.8652357057
0.9216672247
0.9015912558
0.1831536781
0.2967776989
0.1896343394
0.2256377617
0.4817700553
0.4783764018
0.2090917699
0.572102682
0.445589606
0.1619991034
0.4268117788
0.1925214806
0.4596674389
0.2383390821
0.5009917972
0.2106219316
0.2799932977
0.6129200781
0.2420472814
0.2551147087
0.4579893349
0.358664108
0.167380916
0.1662915885
0.1535739763
0.4564980422
0.643471467
0.7354580757
0.207027274
0.7800112919
0.840917197
0.8309919179
0.3741325362
0.8955523133
0.9347176635
0.9439035529
0.9387422449
0.8833355929
0.2689823833
0.7720060244
0.8779516147
0.8339271004
0.2607768848
0.1037142619
0.1059822768
0.09501736996
0.1107933174
0.1392377751
0.1340533974
0.1183084001
0.08907500553
0.07889895105
0.09567348931
0.1142228481
0.1298674887
0.1023787002
0.1079963252
0.2808948056
0.6331608675
0.639240329
0.1268841313
0.06931335378
0.06961007696
0.06970871962
0.06976404401
0.06982475217
0.07010986852
0.07034384857
0.07040599845
0.07131748113
0.08005749472
0.1022307718
0.09728853077
0.1935529783
0.9304754338
0.9565963548
0.9568765267
0.9512410329
0.9274108649
0.9003488715
0.4341468589
0.1016412461
0.09359438972
0.0927546155
0.09967210907
0.1066229397
0.133795011
0.1403590218
0.103600213
0.1111057956
0.1200088861
0.1420454047
0.1568352682
0.1412974393
0.2654066621
0.7592309633
0.9118203551
0.9101021424
0.9105683437
0.8399572655
0.4151366069
0.4453977357
0.3153663625
0.1872245104
0.2043209799
0.616965638
0.3024383498
0.3702126627
0.4653763642
0.7361713384
0.5671458987
0.2056064233
0.2394710651
0.4648967163
0.9007308403
0.8610127789
0.3875439671
0.2013664616
0.7305760518
0.3097199211
0.9237664553
0.9144214861
0.8005279527
0.6164041121
0.3553679629
0.1916236163
0.1865280026
0.1031600214
0.1644939738
0.5871897464
0.6244248723
0.4860812136
0.205528904
0.4107046757
0.2424698476
0.4310206801
0.2752085214
0.6181881515
0.2406080721
0.2357357309
0.231995701
0.5248113326
0.4756048448
0.2340422737
0.402532816
0.3808914083
0.2073171103
0.1722355739
0.4181650561
0.5558586134
0.5963325649
0.3749746161
0.8914508529
0.8528252902
0.475015515
0.1549298496
0.8592331898
0.9254904516
0.9532506058
0.948537678
0.4042276674
0.2411515032
0.770700654
0.862456917
0.8388329299
0.2354540914
0.1347405184
0.110790361
0.1109799313
0.1334840991
0.160065353
0.1510726236
0.2202915542
0.07787717555
0.1007412185
0.1104065518
0.1322116619
0.1338109866
0.1852852346
0.8109251411
0.5662602355
0.1269453309
0.06930417846
0.06955359548
0.06968619502
0.06981630304
0.06980288665
0.06993836796
0.07008747471
0.07018810449
0.07029599605
0.07099987512
0.07919314854
0.09534908199
0.07356296779
0.08862716784
0.8244810455
0.9483925396
0.9585906752
0.9306918792
0.9327626898
0.9248232582
0.8706795391
0.6227945441
0.1536739932
0.1173627106
0.1091134953
0.1139446853
0.136157177
0.1376074561
0.1208304306
0.1271273461
0.1345087648
0.1301748768
0.1427766733
0.1704760721
0.1458160787
0.1920431014
0.298639444
0.8072500906
0.8769412566
0.9016921929
0.8435825897
0.6194749802
0.4480539678
0.6703063694
0.3141127544
0.2519551048
0.4739936924
0.4900263465
0.1794633418
0.2964667388
0.7267038836
0.5979670514
0.2000129656
0.2547544952
0.7206322397
0.8738382198
0.5794940802
0.2233744376
0.513186635
0.3097297891
0.6876822514
0.8943915252
0.7827932494
0.7836044975
0.7737844639
0.7389545275
0.1697409609
0.3987220912
0.1675517597
0.174127459
0.7105959261
0.5328218143
0.5991890082
0.4414952272
0.2155301246
0.6024348615
0.5276203057
0.4172982292
0.2740312263
0.5512553044
0.4510571482
0.2788283387
0.1950759098
0.4244979048
0.2120551638
0.3207609998
0.2682349186
0.4160798122
0.2985676847
0.5312896443
0.2235456035
0.3271351056
0.8136661617
0.9047536006
0.3233868916
0.1363722891
0.2047158784
0.9212198542
0.9472244451
0.9542469585
0.9069491916
0.4633276365
0.4996686727
0.8254200589
0.8909774402
0.8053002652
0.3176928065
0.1492533577
0.1153731125
0.1315549287
0.1297199892
0.1280842926
0.1339918897
0.08609408653
0.1081242667
0.1092589661
0.1242627762
0.4748270098
0.8407731784
0.4037736329
0.1268791554
0.06930107411
0.06953465514
0.0696371266
0.06975791077
0.06980579312
0.06987577464
0.06992495404
0.07007200625
0.07015033552
0.07030899032
0.07162588206
0.09370911661
0.08600583497
0.07206498055
0.0780138915
0.2688628282
0.9339896932
0.953555883
0.9181211694
0.8729706175
0.9389747226
0.9324859525
0.9054274039
0.3902447535
0.14509236
0.1257655735
0.1227157174
0.1309897357
0.1286795705
0.1243085523
0.1694757319
0.1372502234
0.1282373325
0.1652604876
0.1982893027
0.2445182757
0.1888992295
0.3879273601
0.2163703556
0.8023228382
0.8960695933
0.8830146084
0.6767305959
0.4627543467
0.6984585375
0.491283187
0.3361967608
0.4584954032
0.238452156
0.2971837437
0.5157175943
0.5091638837
0.3575272338
0.2528709932
0.4394860339
0.6550692719
0.8504768823
0.8368274105
0.2401233995
0.7545555531
0.1836267384
0.7275437349
0.7857114823
0.6690344989
0.4938980023
0.4034166811
0.8062966128
0.7073346523
0.359791204
0.2932147281
0.2175548595
0.2350375428
0.6787191841
0.2678234512
0.714524327
0.2939890823
0.3007416757
0.2577800395
0.4143999882
0.5129113506
0.3980520806
0.3814050523
0.3988172854
0.4092759025
0.2158495683
0.3241056934
0.2159768751
0.3444749797
0.2384951316
0.5639303824
0.2831254421
0.5809351758
0.1692488336
0.8209196642
0.9113053372
0.7497114231
0.1169434449
0.2376544161
0.3752688166
0.9060942645
0.9335924352
0.8912149716
0.814695173
0.4332634085
0.70955977
0.9032964039
0.8329332628
0.8004881969
0.5744690698
0.1525831464
0.1293329753
0.2396198788
0.1147821702
0.1160161587
0.1122038916
0.1042742408
0.1359338025
0.6042093995
0.7856261994
0.3752670323
0.1269563608
0.06930457532
0.06955248056
0.0695864287
0.06973483753
0.06981317812
0.0698433472
0.06990280623
0.06998362807
0.07004265551
0.07017602033
0.0701528271
0.07309614183
0.09230471873
0.08398804188
0.07103842735
0.07357016918
0.1246737633
0.8306086409
0.9427410844
0.9403856001
0.8685843196
0.9144405099
0.9426934574
0.9222266796
0.8513548588
0.2471504064
0.2822418125
0.445535019
0.1730058775
0.2747084474
0.185946087
0.1646288143
0.1368214318
0.1419556209
0.1873345218
0.2104737564
0.1820739734
0.2245531162
0.1803743365
0.2429245691
0.4175281334
0.8942695287
0.8798701747
0.8688483909
0.7480613337
0.6709240811
0.6224902468
0.3713368213
0.2330912386
0.634000756
0.2411590952
0.5200281825
0.2775396903
0.424509558
0.3703652683
0.2244973469
0.2436515669
0.785358896
0.7901582411
0.3060936066
0.7426218018
0.2353533743
0.6235101161
0.8573912418
0.5953560963
0.8724994175
0.6312136529
0.7335832827
0.2378220867
0.5155351083
0.3045817033
0.2341704001
0.5471059466
0.5424579487
0.4126964596
0.7146308681
0.4123953591
0.2421343676
0.4879004562
0.4542503185
0.3759669493
0.2332688882
0.3977083239
0.5254511456
0.1835374511
0.4043023259
0.3106534455
0.4984176094
0.4994285552
0.2778341494
0.1744936176
0.2480213721
0.3048382787
0.1583135124
0.3780173035
0.9116456866
0.8143113313
0.1743098855
0.101828701
0.122333999
0.6972574065
0.9247120417
0.9014359838
0.822675982
0.639614017
0.4233718793
0.872514156
0.8378712052
0.4235697625
0.8690811664
0.4447565595
0.1335234596
0.09531630401
0.2831367833
0.06991281695
0.1385367213
0.1502715509
0.6627842097
0.7702172534
0.4211726331
0.1268038053
0.06931052824
0.06957224877
0.06961828861
0.06968880975
0.06979669639
0.06982211466
0.06987224244
0.06994598798
0.07007178472
0.07009724711
0.07015157219
0.07012493664
0.07255703161
0.08946059536
0.07413628001
0.07039743447
0.0728114168
0.09705231434
0.342895512
0.9080252103
0.9444568819
0.9087550436
0.9025327795
0.9157691733
0.9149193782
0.8659878261
0.7962997977
0.4300960335
0.4451660634
0.289023405
0.5138336679
0.4321082783
0.2972379014
0.2162074684
0.1774920591
0.3179201145
0.2471363864
0.4337933381
0.1654228431
0.329865226
0.1507575581
0.2141777033
0.7897596179
0.8189373831
0.790710152
0.6991346336
0.7996663076
0.2879173519
0.2647806569
0.4126690318
0.3477433691
0.5734445381
0.3373500455
0.5694885478
0.278415598
0.2191182334
0.6815319335
0.2445602253
0.5858477789
0.8531578948
0.3542089535
0.8153003288
0.266337314
0.2606318306
0.7748308912
0.4234615239
0.7943127967
0.7882188449
0.8224919105
0.2689151188
0.3214744491
0.6379841299
0.4200297616
0.3831974362
0.64437699
0.2126436472
0.2434407703
0.6880880287
0.6770890424
0.3229353992
0.2428179762
0.3802307064
0.535347822
0.2906006892
0.1739640835
0.2640024185
0.2597956953
0.4994682188
0.2247255449
0.3074924595
0.2053249597
0.4215725445
0.2321689082
0.2080299325
0.1369533185
0.2684932606
0.8755961527
0.925280867
0.2802958197
0.1026123694
0.1001882143
0.4823277026
0.9192163904
0.8955502544
0.7414121133
0.8629657094
0.5649686356
0.8547502089
0.8248082062
0.7068793414
0.8457675198
0.7765206776
0.1479796835
0.1753164457
0.2920202141
0.2957793906
0.484574042
0.748899672
0.7594303989
0.4728653683
0.126777108
0.06930048123
0.06958874812
0.06963991837
0.06968117235
0.06978924139
0.06983565338
0.06988048975
0.06992885389
0.07004483584
0.07010816967
0.07018611945
0.07010497437
0.07010323996
0.07284327364
0.0909154324
0.07413322897
0.07060683479
0.07357533287
0.1130359272
0.2033655249
0.7874460271
0.940528598
0.9247084619
0.9001621292
0.9104855894
0.8972931966
0.8994355909
0.7541461848
0.6809470028
0.6258387617
0.2357778541
0.434352789
0.4863104678
0.3714287674
0.6101045611
0.3075041349
0.2900106672
0.1571119887
0.1555609092
0.3437640144
0.1461092783
0.402622459
0.2120006236
0.7337201884
0.6484257667
0.7245622973
0.7100859405
0.7977873713
0.7171736288
0.4753248759
0.3565058466
0.3838181202
0.2523588255
0.2406052334
0.3110010274
0.5671666585
0.1741945522
0.2320175208
0.245458028
0.615428996
0.6072663492
0.3157547804
0.7543977077
0.6237208442
0.7626964435
0.782485096
0.2952670365
0.6690602753
0.6983897476
0.8609708626
0.2462197639
0.2579324405
0.263950299
0.5518601554
0.4653262267
0.4963176662
0.2624735843
0.618221447
0.3518969345
0.2086609466
0.427722953
0.4658253674
0.2971510427
0.1810377169
0.23398551
0.6258432814
0.5403089531
0.461628287
0.2484318649
0.4801190456
0.2217309688
0.2298128842
0.1566562794
0.2266191628
0.2279408586
0.1532836518
0.1307556412
0.8457406002
0.9281043357
0.6258874391
0.1068651981
0.1044044632
0.2624324083
0.9044646937
0.8603700516
0.2639060583
0.5881198288
0.4262558945
0.7341594846
0.7631693158
0.2111141587
0.8325346812
0.8521521109
0.8656482576
0.3261151952
0.6299624774
0.5961175867
0.7795659738
0.6748865889
0.4922766002
0.1269328952
0.06926495597
0.06953858788
0.06964483759
0.06974462253
0.06979954976
0.06986072416
0.06990256768
0.06995307224
0.07001481748
0.07009620461
0.07011525557
0.07018483157
0.07010884425
0.0701794389
0.07456294384
0.09301341881
0.0770850461
0.07225136722
0.0841246063
0.1077478913
0.3053147276
0.4792966784
0.9350601724
0.9323930881
0.8731869819
0.8821244667
0.8759183649
0.904186492
0.8854636826
0.6585711289
0.757823999
0.6182891639
0.464734861
0.2785481218
0.2263455926
0.536373527
0.5687352777
0.5260497176
0.4366943281
0.2241686539
0.1734508731
0.2271725293
0.5623647138
0.540969041
0.5175056947
0.5942286384
0.4361881937
0.6683707486
0.8108802563
0.6252294375
0.3746859399
0.5596288272
0.3917942509
0.5350021958
0.2144533027
0.3872002226
0.3945341573
0.1748357581
0.4712045376
0.1592626396
0.7186638584
0.8111933402
0.1683513944
0.6210325494
0.3638320676
0.4465592688
0.7882791147
0.6564930998
0.5508046881
0.4068287697
0.8688330404
0.731986101
0.7167748319
0.4576557424
0.284292923
0.3155839043
0.5701122287
0.5707995284
0.2024550242
0.6605289713
0.6598236819
0.3555711922
0.3369609364
0.2469885807
0.5263931955
0.2463675758
0.2501520899
0.3215655019
0.2486481697
0.2220576392
0.2190137445
0.3020465788
0.1826097499
0.1489653279
0.1833261253
0.147169194
0.1065852733
0.155095735
0.2500897808
0.9226816242
0.7259626667
0.1243004203
0.09463997591
0.1218602735
0.8360502222
0.8708607709
0.7101509016
0.5711266695
0.4632427834
0.7530968195
0.7042063469
0.156280081
0.2029459597
0.6106871663
0.6636437223
0.7493633488
0.7526442874
0.7267036795
0.6676290414
0.6260351731
0.1268467041
0.0692859047
0.06953001973
0.06964551344
0.06971864004
0.06983406313
0.06987565767
0.06991445382
0.06993946956
0.0700160367
0.07007013687
0.07013490856
0.07017388189
0.07018202344
0.0701928563
0.07070198094
0.08178839093
0.1109687056
0.08639066553
0.07428902261
0.0897006193
0.1354025959
0.1571674837
0.2191303646
0.9120218108
0.9152004733
0.8621416229
0.8781771826
0.8676408492
0.8892345914
0.8742603827
0.7311892075
0.6443570459
0.6127468758
0.7488287312
0.746305665
0.2172476694
0.3981207404
0.3511496627
0.4011191843
0.2877523139
0.1901619129
0.6769678346
0.3638916015
0.5805956397
0.3309588746
0.7130034555
0.3584200277
0.4539340149
0.510994311
0.8420805833
0.8405216948
0.3172820559
0.4464427767
0.1712914854
0.2567082453
0.4891915632
0.1704661845
0.4181707766
0.1731070761
0.4465839561
0.1684794997
0.2969825895
0.8625008508
0.2903835996
0.6144052676
0.7680630312
0.7464595211
0.476583532
0.4676733632
0.7860056529
0.2850200467
0.8264587719
0.2609064722
0.520042689
0.3542599445
0.3258086811
0.5747454372
0.3784919376
0.2695604438
0.6232519111
0.2825618453
0.4975336627
0.4504239757
0.2140017689
0.2356492536
0.5739492804
0.5862370611
0.2511963641
0.5228655516
0.2958524767
0.2523173523
0.3229427614
0.1681619198
0.1530777601
0.1276179244
0.1857453294
0.1684202412
0.1088943269
0.1073686317
0.1499949295
0.7954293505
0.9094633876
0.1612533046
0.09887924419
0.1138347437
0.7443888293
0.8586493142
0.4666862894
0.4387532193
0.4270519811
0.7313949759
0.8533616004
0.2360359295
0.6650897317
0.6919627539
0.8123996801
0.674084313
0.8434621681
0.6801251831
0.5383654832
0.1270297073
0.06931066648
0.06955416131
0.06963295568
0.06973163243
0.06980145363
0.06987062197
0.06991370953
0.07000494643
0.07006950551
0.07006947193
0.0701380569
0.07011862548
0.07023887025
0.07031223288
0.07059023483
0.07328249109
0.1049971476
0.1066560985
0.08291098648
0.07580620169
0.1031954002
0.110395998
0.4572635802
0.2615750857
0.8683856396
0.8899068041
0.7256454136
0.85008056
0.8856422321
0.9078788943
0.8963455256
0.8310854273
0.5237261705
0.4028762925
0.4708057254
0.7473893874
0.4669200521
0.6184981524
0.5208439344
0.6249212113
0.6373144519
0.4060209145
0.4947491236
0.4766402511
0.7189359038
0.2137275193
0.54934393
0.4686175527
0.2075892093
0.687832955
0.6015862227
0.8349673506
0.4467804191
0.505670212
0.5480948323
0.1881715923
0.2076400353
0.209127352
0.4741576497
0.1773811641
0.213717133
0.1724280586
0.2413890843
0.7835817081
0.2655927148
0.4590084979
0.4906710449
0.5983393062
0.7908258289
0.5424531765
0.7062910915
0.2492852338
0.8504440457
0.6720335727
0.6486628532
0.6490574547
0.4425332861
0.2487077072
0.7596971613
0.4499836542
0.4686685906
0.4862659314
0.3313497156
0.2614477666
0.7659379826
0.3885744339
0.2596058166
0.2659132018
0.2437998122
0.1717664467
0.3277297619
0.2417247872
0.2035073281
0.1727373394
0.1320474091
0.1084550768
0.1375969343
0.1478433559
0.1324164992
0.1088540533
0.1188773379
0.682147348
0.9162711322
0.7116114765
0.09947509571
0.1101642473
0.6966608068
0.8443157733
0.7086527324
0.1855202767
0.1916591058
0.6284197762
0.8167910912
0.4823270062
0.4716333241
0.6393201379
0.8119309766
0.7637972198
0.4778313853
0.5228532469
0.1269520151
0.06931409649
0.06958390199
0.06962972411
0.0696924596
0.06978426341
0.06989901211
0.06995187939
0.07001324829
0.0700580883
0.07014798768
0.07020551697
0.0702538122
0.07031072015
0.07046856827
0.07086240053
0.07246812991
0.08087293451
0.1125867186
0.0927586039
0.08503060588
0.09412354772
0.1055290204
0.1363700739
0.1374193738
0.5930865447
0.6574175792
0.8415235951
0.8417653339
0.7058617336
0.8405297838
0.8872558282
0.8708932554
0.8074508226
0.7898139864
0.45833463
0.540694838
0.6540671104
0.4847299781
0.375355837
0.2011184097
0.6701134611
0.5760561181
0.2771942767
0.7484637136
0.2172310745
0.4142873702
0.1886141802
0.590234632
0.7289528937
0.1886989059
0.5228660377
0.7176908226
0.7491209348
0.2451050179
0.2584452719
0.1717503755
0.213537085
0.5121232853
0.2600183319
0.1790606718
0.2873377923
0.3125572908
0.3623845296
0.4913058415
0.8285368945
0.3763437373
0.4060210266
0.7767446824
0.6435663631
0.6146190593
0.5931451994
0.8074195791
0.3451110369
0.6688441264
0.3194867774
0.5268618023
0.3532856169
0.5547735882
0.5168260067
0.5665327321
0.3365271079
0.2636684208
0.2008150422
0.5925142447
0.4780803541
0.3002845409
0.3308523884
0.2442108255
0.2317970396
0.2374560313
0.3958594426
0.1828930526
0.140359036
0.2128784268
0.1582662429
0.08300086441
0.08507602937
0.1386400535
0.1420926872
0.122555333
0.09172919073
0.1246357639
0.3261006936
0.9199853228
0.7401056662
0.1124300502
0.1037220216
0.5506577236
0.842441133
0.8511989032
0.3965313847
0.2681661748
0.6726477693
0.8430610189
0.7385633656
0.8393302143
0.8237894574
0.7704915978
0.4488699389
0.6072478884
0.1269998356
0.06932017905
0.06953623864
0.06964944368
0.06969447456
0.06979770824
0.06988646402
0.06995325786
0.07003353182
0.07013015911
0.07017244562
0.07031409952
0.07030144448
0.07042651848
0.07053071604
0.07090623572
0.07146309118
0.07410053361
0.07949276263
0.0922812599
0.08772519186
0.09110613434
0.09958331714
0.1269822983
0.1347607292
0.2356917032
0.4578489399
0.6754030121
0.6305072567
0.8032134463
0.7785851159
0.7389672615
0.8857755902
0.8138845371
0.7829892635
0.7867798991
0.3328459335
0.5232260848
0.7467265836
0.3233022209
0.8512049914
0.2769884672
0.6068649752
0.7364373099
0.6505813218
0.2726270394
0.3535027592
0.5718101706
0.506997967
0.4652660105
0.4509248808
0.3993686108
0.2223764017
0.7370418693
0.8548877315
0.7508177103
0.1918737345
0.554243715
0.1863463515
0.1628259095
0.2022055516
0.2099445936
0.2551580632
0.3662476646
0.1674178043
0.1993601486
0.75184047
0.3711339674
0.4418147461
0.3358067623
0.8450673563
0.6744291903
0.4454169055
0.7044230839
0.4353183444
0.797420893
0.6772281364
0.5587991763
0.7572699764
0.6408302438
0.2892371828
0.5203209879
0.4021982594
0.4695918658
0.6598628445
0.4697095487
0.221062173
0.3281416923
0.2694773286
0.2251085482
0.4601476916
0.1843654579
0.2137241792
0.181850554
0.1445645488
0.1627927204
0.1572509819
0.1060305255
0.1238394094
0.1307918275
0.1194331755
0.112847976
0.1033497284
0.1078336341
0.1542733489
0.8570211214
0.8828653382
0.1435216381
0.1283006896
0.2608308966
0.7445835814
0.8000791523
0.7084241503
0.577094344
0.6577313296
0.796676799
0.8424810639
0.707502392
0.4501723901
0.6101000579
0.3421669895
0.1270326458
0.0693024457
0.06959355473
0.06959969647
0.0697056786
0.06980505846
0.06989953825
0.06992663994
0.07007029161
0.07012512965
0.07026581076
0.07030416213
0.0703759639
0.07058677544
0.07071469701
0.07130520377
0.07153512958
0.07179880526
0.07618845912
0.08559304576
0.09182921627
0.1097416521
0.1059586437
0.127878087
0.1504763236
0.1536418047
0.1281640272
0.5340301438
0.4056595985
0.7345921472
0.7666975921
0.6376829017
0.7322864242
0.8427740401
0.8325072533
0.7524662649
0.8409640955
0.7312573557
0.52386761
0.726876094
0.3507483339
0.7056886872
0.4528017225
0.7405237367
0.2442031299
0.2460933177
0.6352864998
0.3067734378
0.6951597842
0.1846998639
0.6319070449
0.2993866991
0.2377077844
0.297906626
0.3492294674
0.4339336624
0.7467884913
0.3752697189
0.1568039789
0.1979229309
0.3341778236
0.4255338557
0.3745484684
0.3887409312
0.2929981846
0.2852262565
0.7196954931
0.7833237748
0.4512721329
0.74433396
0.3312927499
0.7617866696
0.8212222101
0.3820524735
0.8327683635
0.3890881151
0.5596293673
0.5571678239
0.4673444639
0.2621258203
0.4491404591
0.2711314561
0.5031321158
0.6681418259
0.2720579256
0.1987745348
0.24197561
0.1918788218
0.2377213817
0.3851088056
0.1886465523
0.2542761415
0.1820349099
0.2042844203
0.2154536349
0.1178072842
0.160117703
0.1309159207
0.1340045062
0.1204641222
0.1204960545
0.1211154119
0.1148627233
0.1135275388
0.1140602515
0.1365348389
0.6532874529
0.8771049673
0.586343072
0.2711756112
0.5228304255
0.7974172797
0.7598969595
0.7548903216
0.8188482338
0.8591876453
0.8687374518
0.8039488733
0.8272338445
0.2578410523
0.5641192085
0.1268932188
0.06930373776
0.06952243827
0.06964463853
0.06974884889
0.06979308042
0.06990820631
0.06994429563
0.07009584298
0.07015100921
0.07028288972
0.07032903587
0.07044550542
0.07060581155
0.0707161746
0.07152087537
0.07197319499
0.0727869131
0.07333852973
0.08190822951
0.09912431261
0.1024231269
0.1166178485
0.1179657324
0.1464821824
0.1450223706
0.1439078885
0.3423963244
0.7173694641
0.5436573365
0.731867803
0.8180700388
0.4161641191
0.6367219916
0.8740564857
0.3536385084
0.8011717397
0.6983016457
0.4629430228
0.5864448029
0.8439503511
0.6276693441
0.7876307123
0.2967616157
0.3906615836
0.7667571111
0.576077246
0.6672067727
0.3076182629
0.2640658154
0.3046719919
0.2269622266
0.2955975309
0.4712236941
0.5109117025
0.7388139085
0.5636263898
0.6090753248
0.4358572813
0.5610889463
0.2378006764
0.2280857422
0.1875956328
0.184437013
0.2044255656
0.7027476078
0.2451121871
0.34365028
0.7015758975
0.1818242187
0.6482979341
0.2356354662
0.8151736366
0.7770048594
0.4819003724
0.4432589923
0.7507027046
0.602470583
0.7845565575
0.2877274429
0.7204294244
0.2157746838
0.707198236
0.2848566889
0.5919374607
0.1886068107
0.2858043145
0.4617400303
0.3532123376
0.1933497197
0.2751087661
0.1394178095
0.2718989481
0.1706627052
0.1834124745
0.136263579
0.1484945981
0.1380747665
0.1651732318
0.1022858456
0.1552639301
0.1167764634
0.1200143895
0.1116101718
0.1234631402
0.1136572374
0.1440761827
0.5549150798
0.8643445333
0.4593279522
0.5477369952
0.3063136799
0.7711113043
0.8207816986
0.8623346263
0.8274548708
0.8397353728
0.4030213625
0.5870221667
0.6114207396
0.4987326864
0.1267864021
0.06926923514
0.06951654976
0.06958525356
0.06973829456
0.06982734042
0.06985869113
0.06996606277
0.07005590381
0.07015335336
0.07025180553
0.07033698851
0.07035177477
0.07052242111
0.07061717008
0.07109790886
0.07123691276
0.07421116508
0.08216070819
0.09667229458
0.1060909652
0.1213494259
0.1297098253
0.1298746566
0.1473393988
0.1411709407
0.2252481295
0.5246082852
0.2906146488
0.5909816736
0.3990426966
0.6143042963
0.8125167521
0.2248084817
0.7117028185
0.8225036937
0.8131131866
0.7952250453
0.845065822
0.7939056768
0.7887066176
0.3540728299
0.5062947997
0.4622156933
0.7311770076
0.4335648983
0.4244003993
0.4280712997
0.1768004876
0.1972495584
0.1807957784
0.5866047624
0.5759999073
0.4293963176
0.2857530816
0.16419134
0.1926425677
0.6162381877
0.546544098
0.3103506118
0.4428008152
0.2356454795
0.6012731642
0.359173289
0.6006544915
0.5373593129
0.4970703046
0.5549713295
0.4467940686
0.7761913245
0.2519390795
0.7976504685
0.3190645561
0.7485786512
0.8143090346
0.5924824186
0.7833131428
0.3422273708
0.7694035097
0.2973845521
0.2822356006
0.5911916496
0.6933112551
0.2243289292
0.4338631231
0.2262271897
0.5485657791
0.2359301303
0.2066595565
0.2142064401
0.1551552909
0.2805329927
0.2869126585
0.2549619041
0.1405937981
0.1920630905
0.1718789976
0.1307909874
0.1376006522
0.1276117539
0.1283066466
0.1086777702
0.1203736039
0.1145228243
0.1467881437
0.1287266744
0.1353307954
0.1758261481
0.4022816969
0.8301641284
0.7872315077
0.7736556453
0.8050597671
0.8477368218
0.8510913508
0.8367846757
0.7949187271
0.8325093731
0.8548337276
0.4179717482
0.6520225175
0.1269737736
0.06925645787
0.06952077143
0.06959088597
0.06969694936
0.06979633479
0.06990693171
0.06994863851
0.070094872
0.07013135816
0.07027656552
0.07028756967
0.07045052212
0.07052998155
0.07082037554
0.07162068467
0.07226709514
0.07932727458
0.09864090422
0.1571196161
0.1196932273
0.1198944187
0.1211677291
0.1295938939
0.1467877778
0.1919406752
0.3384732996
0.6528358161
0.3333124773
0.6000251349
0.5552446779
0.3333512572
0.715857529
0.7137871492
0.3028740194
0.7041810779
0.813213304
0.6606434378
0.8091685747
0.6769679862
0.5520529853
0.5772159552
0.8013167221
0.6788350904
0.6789954074
0.4068381039
0.6629574344
0.1994730807
0.5453500416
0.3274042919
0.6885263405
0.1857106634
0.4283175022
0.1925205859
0.2064727066
0.2865132797
0.6460905651
0.2305644795
0.6749098775
0.4640236857
0.6951015348
0.565450514
0.2228848982
0.3148629298
0.5573079846
0.4740853627
0.2414813603
0.3109104293
0.4233335107
0.2231266447
0.7531335208
0.2245700291
0.7496520682
0.3866012673
0.8310400457
0.7757521727
0.4740223582
0.6355066932
0.4432950062
0.5003536276
0.808528251
0.4761195637
0.3667015232
0.2733498148
0.2336231095
0.5134710158
0.6658980452
0.2896773167
0.3366700918
0.3810168656
0.2720152437
0.2830323014
0.3668343257
0.1592995055
0.1735412038
0.1597926129
0.1582657835
0.1281408636
0.1311662129
0.123606779
0.1173324048
0.1069066516
0.1246274181
0.1331817032
0.1166975142
0.1134100926
0.1443409187
0.1558079591
0.3958411448
0.8006800828
0.768570187
0.6538324673
0.8571007748
0.8010672004
0.8442060733
0.7913624901
0.8636311425
0.4379923719
0.7323644848
0.34485806
0.6642835891
0.1268090409
0.06926435868
0.06949777039
0.06957372415
0.06966886308
0.06974424787
0.06984891626
0.06996549689
0.06999534282
0.07015220915
0.0701754761
0.0702794011
0.07041677563
0.07068085515
0.07093808745
0.07173638308
0.07628925642
0.08751075966
0.1191055282
0.1927838615
0.1634704448
0.138656827
0.1333547096
0.2604749857
0.2123893039
0.3869613579
0.654690735
0.4304134068
0.322645662
0.1723652903
0.4338919429
0.297507312
0.1785198048
0.7926584479
0.8002987413
0.7274794304
0.8297985355
0.7455113726
0.8629610249
0.8179873835
0.8278250117
0.8168069132
0.7710699322
0.3277291649
0.3937264102
0.5299559885
0.2512608831
0.3935532636
0.3069310514
0.3245301974
0.1898967522
0.2230336017
0.1735378816
0.5478228644
0.4645537365
0.2742832083
0.2128070021
0.1879049456
0.2128888993
0.682709032
0.2208053257
0.541699126
0.5003053077
0.639616539
0.6971905009
0.3976546847
0.2962952998
0.6802577702
0.2711146762
0.785393794
0.3758561412
0.8000891607
0.4471845716
0.8328824108
0.4665469653
0.7637698344
0.6282551816
0.521014361
0.4270259881
0.5721506334
0.7117003245
0.3505429986
0.3506611835
0.3678043907
0.7298270301
0.2037675182
0.3899588571
0.2113737788
0.2800734531
0.1774005535
0.1839017951
0.1820441708
0.1884901836
0.1707233326
0.1505921079
0.1946357384
0.1246145238
0.1106344064
0.1184695875
0.1216938213
0.1202804464
0.1229060199
0.1224297221
0.1125357709
0.1128422885
0.12380083
0.1920398667
0.3124866821
0.696812621
0.3425273719
0.7167873075
0.8782666996
0.8684636283
0.8792514341
0.8554042771
0.8353747067
0.6131487431
0.8165861465
0.7043211001
0.6320440277
0.7357108155
0.1267767321
0.06922474024
0.06946462854
0.06953892449
0.06967371407
0.06971909385
0.06983207225
0.06987988326
0.07001069566
0.07012132219
0.07012802216
0.07027307517
0.07033107604
0.07078396819
0.07104510379
0.07398515437
0.08435976985
0.1293908888
0.1666408247
0.1763995399
0.154017311
0.1308246601
0.2576965055
0.2103151519
0.4412605903
0.5764858813
0.5327196437
0.1594667484
0.1649787883
0.275356394
0.1706640464
0.3717366858
0.7345559246
0.6782811359
0.8533012668
0.8265079264
0.5785887267
0.8410767017
0.7629886269
0.8091218879
0.6532173692
0.5370316077
0.7290229368
0.2288727959
0.7957363195
0.2587920047
0.7401913735
0.2550443933
0.5247956343
0.3937710795
0.5294040802
0.3707914223
0.6046963629
0.171151697
0.2129875769
0.1807104864
0.3520784693
0.2034082066
0.7379954343
0.2910196897
0.8381802166
0.3143096804
0.7783224954
0.4672047686
0.1995494436
0.3152225588
0.4736209649
0.6980253637
0.3889111146
0.6509075768
0.4808968134
0.619486044
0.7476415677
0.58552423
0.7152218975
0.5501776997
0.7369839413
0.6221342326
0.6310994055
0.6376875901
0.4730965429
0.2326413088
0.6070803612
0.2948848039
0.2018135491
0.2191753777
0.3870410494
0.2532920051
0.4547487207
0.1746287284
0.389322923
0.170702124
0.2337731431
0.1799872442
0.1830779439
0.1244562765
0.1386318848
0.1127775311
0.1293601586
0.1406475989
0.1253561986
0.1181153737
0.1152316451
0.1095622327
0.1395469714
0.1717881661
0.4707388509
0.5669723613
0.4228448543
0.7801792175
0.8685113681
0.8814461833
0.8719561153
0.8574302087
0.8285381715
0.4310137645
0.7956563546
0.4982937205
0.635640688
0.4741280566
0.6799917904
0.1267659099
0.06923177877
0.06944969718
0.06957446675
0.06966091718
0.06969733707
0.06979493115
0.06981722312
0.06992488346
0.06998547116
0.07004476452
0.07007094184
0.07003555543
0.07100049945
0.07321025662
0.08773047799
0.1230587693
0.1726864593
0.1780070765
0.1334817513
0.1269011853
0.4074672909
0.3407245559
0.5407631724
0.455259252
0.6748489351
0.1681917875
0.1352403601
0.1830866019
0.1651280701
0.2264889517
0.5573492881
0.8152695519
0.8372675927
0.8107452128
0.8072380195
0.815028354
0.7577958019
0.8472934429
0.6985896791
0.8063818648
0.8274013994
0.6773492577
0.7460036535
0.6472195707
0.2369255024
0.2081281464
0.3392364534
0.3772921373
0.3331159664
0.3196853332
0.2228411702
0.1434729926
0.1647503916
0.1678605746
0.5806379166
0.2315711
0.5845550862
0.2387637939
0.6072576593
0.2857963577
0.5385229213
0.3449256353
0.5798851703
0.5775118921
0.2357798294
0.7738766883
0.4065654885
0.7396612092
0.4937805322
0.673199593
0.8262439299
0.4960779289
0.8219343878
0.7023368403
0.5540256865
0.3873820133
0.7990024523
0.444337003
0.6479779758
0.2053507287
0.3929982276
0.6305064818
0.3748947575
0.4795470805
0.2891835785
0.4753305463
0.1978932359
0.2091745971
0.2282282183
0.1751192527
0.1634952846
0.1677334637
0.2381275342
0.1499020273
0.1207119848
0.1274158938
0.1228291749
0.1339922288
0.1356682975
0.1170278683
0.09622472658
0.1005149283
0.1234867345
0.211291319
0.6085549187
0.5220230622
0.592207581
0.8886852803
0.88292571
0.9113943867
0.8979905418
0.8704826618
0.8953391825
0.7491265926
0.8342370605
0.5083030031
0.6270185544
0.7267925928
0.7288007864
0.7041628464
0.1269437799
0.06925472742
0.06948919609
0.06955619202
0.06961376044
0.0696954217
0.0697575216
0.06983573657
0.06986749599
0.06989414723
0.06997285048
0.0701101265
0.07025794508
0.07321559888
0.07882374191
0.1190516619
0.2308958954
0.1982276493
0.1210956808
0.1719289859
0.2249404926
0.4224360654
0.4305489281
0.3770646272
0.7180645958
0.2005895292
0.1189233753
0.1192515707
0.1698152701
0.2291890103
0.7962709657
0.8737032867
0.888425221
0.8100485917
0.8146815371
0.7660471206
0.815901573
0.8119444974
0.7440262178
0.8076587785
0.7669966368
0.7488627767
0.2284866571
0.5365415935
0.2290899443
0.2460520859
0.5915255465
0.5184575832
0.4642278573
0.4300363611
0.4946526596
0.1957067289
0.4632933415
0.2384525719
0.6071144099
0.2946396713
0.3892360562
0.4675399463
0.6729889909
0.3263706653
0.6754175685
0.7316495562
0.7230038443
0.3398246393
0.360821596
0.6156215492
0.3121298341
0.6700211328
0.326413702
0.7967292367
0.7898899752
0.776822146
0.7280471486
0.4315654218
0.4057196617
0.2515808316
0.7765934294
0.3904320819
0.8448113727
0.2876652015
0.4818968443
0.727529784
0.3660771833
0.3115146198
0.220885909
0.1743601101
0.1558556991
0.3036153272
0.3141116436
0.2261512109
0.2328998901
0.2630913803
0.333450679
0.1650560585
0.1878629903
0.12672708
0.1280373935
0.129222771
0.1487556181
0.1256260372
0.1066751501
0.1109243749
0.1313867433
0.2601009075
0.7577480353
0.652891248
0.8205373858
0.9163096253
0.9380572177
0.9268702131
0.9289434483
0.9263464756
0.7622740571
0.6441422851
0.317604261
0.5124135131
0.3977074819
0.1863750567
0.6923786764
0.4754581294
0.7300589293
0.1267570772
0.06924190229
0.06947221735
0.06951582475
0.0695894883
0.06967988307
0.06972049524
0.06975612577
0.06978159083
0.06980500888
0.06988023492
0.06999653918
0.07114935133
0.07887027958
0.1034835328
0.2025132892
0.4485337535
0.2468451446
0.2049713535
0.3011477065
0.2330943603
0.5302906163
0.3170978483
0.7480602055
0.2425485102
0.1916069022
0.1346135541
0.2029742579
0.6055412826
0.867785535
0.9002840789
0.8680225053
0.8694615335
0.6603357581
0.8381316194
0.8007347601
0.7907250498
0.7607928491
0.7767360339
0.8035637375
0.7595974853
0.6259771269
0.2502037914
0.7305928199
0.4856983929
0.7737269116
0.5042648584
0.2398378245
0.4663249212
0.1798242908
0.2283823903
0.2111879045
0.1397315701
0.2002066923
0.2094389793
0.2602442689
0.5811758014
0.4071886836
0.7023248379
0.4519778866
0.635973227
0.2521151064
0.3113882865
0.2141159096
0.6054752408
0.6891393648
0.7979092932
0.6619548295
0.8236586106
0.8133800147
0.6352565873
0.33714049
0.264878808
0.6939108536
0.2982289311
0.825883857
0.311337298
0.7904869209
0.2539553045
0.7656603216
0.402089492
0.2554637739
0.2196454271
0.4481499486
0.4924895981
0.1709066801
0.4531354987
0.1504113039
0.4416258071
0.1666777277
0.3119645455
0.1611490234
0.1615002505
0.1706352303
0.1666374281
0.2098662006
0.1376810171
0.1445570142
0.1291462115
0.1315226331
0.1223421547
0.1232064416
0.2224901454
0.8528183835
0.7094737077
0.9045511399
0.9243361744
0.9413582218
0.9423631484
0.9253158525
0.8796069581
0.3385950413
0.1825033057
0.09628557041
0.1390201121
0.34773179
0.4566196886
0.7687221188
0.2091018285
0.8454501247
0.6172615652
0.1268876258
0.06921882398
0.06943674515
0.06949459032
0.0695980751
0.06969117351
0.06973432675
0.06970216528
0.06973242274
0.06971426417
0.06988790759
0.07065529259
0.07754383139
0.111759076
0.2056678551
0.2304385604
0.2008260149
0.4017364013
0.2545267906
0.2493413153
0.2841042961
0.6652775403
0.4564544435
0.2775289891
0.1741896175
0.4338435248
0.7760531649
0.8843913444
0.9140778077
0.9174412222
0.8858807413
0.8710523854
0.8064857422
0.7968463516
0.8520338008
0.7665159315
0.7860750676
0.7846927583
0.7705428702
0.7500223984
0.6288545144
0.4149679786
0.5586498347
0.563987099
0.4421795445
0.5107034184
0.2319370524
0.2894497615
0.1580447276
0.533598439
0.3473478215
0.4564008561
0.4305108054
0.285997639
0.7623525659
0.5533784508
0.7826827324
0.7228948537
0.605520325
0.3918753317
0.5783592945
0.3876458501
0.5499241612
0.787310821
0.6737214389
0.8631646885
0.6121178957
0.696208466
0.7502188773
0.4066043049
0.179933099
0.2089733681
0.6274348769
0.7780303114
0.6481987283
0.8077085757
0.6170943879
0.2353056663
0.7609576107
0.3252886183
0.601261084
0.592122784
0.2046573666
0.6577862127
0.3442522687
0.2546029572
0.170136674
0.1856343093
0.1505854122
0.2611508307
0.1772810104
0.2473367172
0.2166364712
0.386845931
0.2088915189
0.1470532448
0.1997840189
0.1283946458
0.1241543962
0.1250089336
0.1579799456
0.4057750349
0.9089998428
0.924682952
0.9373950255
0.9399449439
0.9382931507
0.9253151811
0.8922857332
0.5130678323
0.24054171
0.1279557829
0.09359615675
0.07982104984
0.05239077675
0.1273400703
0.6109500891
0.2471214389
0.3773978426
0.4035548035
0.7123174949
0.1267764289
0.06925413224
0.06949062291
0.06951653782
0.06959366573
0.06964163053
0.0697461367
0.06977748253
0.06976609011
0.06984326094
0.07170473735
0.07673527808
0.1079538908
0.4520660414
0.4250267613
0.1851082482
0.1387358011
0.2352882978
0.5400717872
0.4991128719
0.8221296521
0.7468301404
0.242462944
0.6287767185
0.6163879654
0.8919226736
0.9265606511
0.9331362868
0.9188678122
0.9155705535
0.8938847615
0.8739878101
0.8422001991
0.8497917055
0.8196128432
0.7262187305
0.8448771332
0.770609745
0.7103672155
0.7057864754
0.4002537352
0.5470449539
0.5222523313
0.519412977
0.3528262241
0.698312251
0.3579324458
0.41392684
0.182677373
0.1633363532
0.362491962
0.2544635176
0.6111986302
0.7462771003
0.4628320075
0.7640624022
0.5413151598
0.1816974091
0.2009510439
0.1940314902
0.3230050226
0.3045599726
0.5181143706
0.6766737031
0.872695179
0.7136295698
0.6376297238
0.7736597758
0.4905124491
0.2215591016
0.3406550892
0.6320981297
0.7154557334
0.2994903211
0.5815105935
0.6476264265
0.406915703
0.7451594385
0.399089542
0.7688771598
0.3660874044
0.2863335827
0.3298556128
0.2723244574
0.2291475347
0.3663742523
0.1696133205
0.3065570063
0.1823511706
0.208136243
0.4786399673
0.1828051375
0.2791510342
0.2375911853
0.2036908442
0.2261126702
0.1247169609
0.1260258543
0.1422258583
0.1681567896
0.8016189703
0.9280908056
0.9537149689
0.9452778744
0.9445785557
0.9292060186
0.8839799631
0.6016245398
0.2721022242
0.1720805014
0.1529172448
0.1190614244
0.1127913097
0.1239461846
0.1118053872
0.1091815793
0.1435176565
0.7457784708
0.2548480155
0.8491169109
0.6192338334
0.1267745685
0.06924114734
0.06952398401
0.0695709206
0.06967274434
0.06973814526
0.06976779558
0.06989497803
0.07015295417
0.07200439627
0.08200782579
0.108269147
0.2085486934
0.3461990517
0.3236146718
0.2226022397
0.1922291242
0.6512462111
0.6210914309
0.7961908098
0.7468905348
0.6348012827
0.6671106911
0.8906539773
0.8783401609
0.9132037433
0.9367169664
0.9379801834
0.9271463215
0.9245200188
0.9163573486
0.8872243559
0.8529964136
0.7954475208
0.7416693388
0.6713769036
0.6208784279
0.4811482362
0.3044460076
0.5536174222
0.2721552674
0.3817190483
0.621331039
0.4628017079
0.6449231817
0.4644639076
0.6175015134
0.1715009994
0.160772086
0.1528551855
0.5300463627
0.6839629054
0.8543079757
0.7864332866
0.799620869
0.4866583012
0.2586044483
0.2297847137
0.3896784626
0.2857485036
0.7599805884
0.5235307398
0.9033689716
0.897057018
0.8697696459
0.4487228472
0.6877851247
0.3874748414
0.1604064417
0.2690440579
0.4202051593
0.6068481128
0.5603071981
0.5124968308
0.7817571309
0.4367882801
0.2833536161
0.5865301665
0.489756478
0.562970915
0.5731349794
0.259659661
0.4894810862
0.4748051164
0.1847264294
0.6630146964
0.1567266957
0.2945762814
0.1519472228
0.3180964976
0.1684641951
0.2173230818
0.1805178533
0.3117278723
0.3200123451
0.1735330988
0.1244678746
0.210563466
0.6454688786
0.9390093307
0.9432302879
0.950627595
0.9447557887
0.9361890404
0.8952433869
0.7628910689
0.2366331592
0.1790140615
0.1784223456
0.1301706482
0.1553466531
0.1313148745
0.1159188714
0.1227601087
0.1255822866
0.1374656787
0.1364647505
0.5925537026
0.5623832117
0.5240803204
0.5093282674
0.1268487222
0.06926453166
0.06952404626
0.06963660781
0.06974389838
0.06975409803
0.06974978033
0.06992306976
0.07058642608
0.07663179727
0.1117013428
0.1730412938
0.3297731363
0.2102789582
0.2339679088
0.4289165169
0.7516336583
0.7427012191
0.8705991584
0.8528117517
0.8360239861
0.8676378895
0.9169926014
0.9233930077
0.8924085727
0.9300811619
0.9311018188
0.9333754042
0.9228847582
0.9074310212
0.8379937492
0.8027333441
0.4293969366
0.5275135931
0.2517767822
0.202862285
0.232188449
0.171998704
0.511408159
0.2236309429
0.6262285478
0.5478280775
0.5740478592
0.5614884145
0.5136051689
0.6479417001
0.4867911583
0.4319708685
0.3122717355
0.7642779123
0.7643909836
0.8448370733
0.806071354
0.4956134605
0.1986455667
0.1602665183
0.1680708282
0.4255066478
0.342217556
0.8047307232
0.6173798948
0.8488546578
0.8673337733
0.5458495163
0.3129857468
0.3104329486
0.4679021291
0.1589805541
0.4274003889
0.3925421053
0.8283064686
0.6578333975
0.598258347
0.6225105023
0.2182733466
0.2290961639
0.2492097557
0.1703763476
0.2075675007
0.6355745362
0.6085522589
0.6482854632
0.1905319829
0.2090576357
0.3736919793
0.1874322663
0.4325478393
0.2428730486
0.1756752817
0.1922271649
0.2159624006
0.3149052421
0.4114946368
0.1475765836
0.1731863314
0.3677972716
0.6535391528
0.9134943462
0.9565898184
0.9613683338
0.9541230145
0.9301282361
0.9099004015
0.7618763345
0.5331355002
0.1427375555
0.1347209067
0.1401140605
0.1303735596
0.1319815147
0.1316421863
0.1382844919
0.131285171
0.1357214638
0.1267059692
0.1424476563
0.1303336797
0.2353713422
0.5607049392
0.7180134681
0.4890937139
0.1270571289
0.06925651741
0.06955634877
0.0697481414
0.06990995624
0.0700448932
0.07014421848
0.0721628338
0.0797829737
0.1163126727
0.2290926864
0.409482698
0.4616088948
0.2608904481
0.5618511678
0.8782482954
0.8931900894
0.8917805676
0.8846310658
0.9074486377
0.9047589482
0.9200218505
0.9346893833
0.9232223425
0.9213917255
0.9188529053
0.9050879604
0.8622706112
0.7418185898
0.4832809653
0.2855016751
0.2339595633
0.3005815986
0.1748256004
0.1667259223
0.1918202957
0.1800939494
0.2669155215
0.4160370276
0.5992216471
0.5040219217
0.4876767206
0.2901245558
0.2992400898
0.5473523761
0.3615273613
0.7021835387
0.5443966679
0.8393353155
0.7945751312
0.7706196552
0.4998791173
0.2965747304
0.1593266227
0.1743916763
0.2059643631
0.7510527006
0.6739645716
0.9042922751
0.8437025517
0.8444504549
0.7878892147
0.5578129465
0.3875285962
0.5390379689
0.6641400903
0.4332172427
0.4043974265
0.6676002793
0.811612321
0.4807946421
0.2935134412
0.1849886518
0.2174628254
0.1936411887
0.1593296406
0.3777879673
0.1847463293
0.1571732116
0.316541434
0.7838286261
0.7580223374
0.2440562371
0.5529107776
0.3170813743
0.6065006424
0.3040944056
0.4627059559
0.1821341141
0.2409334138
0.1679083117
0.2055047467
0.1759973678
0.2238409193
0.7354441254
0.9096334693
0.9450212425
0.9565336246
0.9543342512
0.9409342263
0.8916065922
0.76552351
0.3392174735
0.1686147504
0.1384862604
0.1136329201
0.1223498663
0.1179884771
0.1264280841
0.1279822868
0.1355262266
0.1478675669
0.1353316282
0.138316866
0.1453615932
0.136503393
0.1331631314
0.1587929127
0.6767371298
0.5302638477
0.4334085623
0.1269390356
0.06932077574
0.06958102434
0.06993084342
0.06995453752
0.07017847413
0.071383363
0.07637660394
0.1032121562
0.1893211994
0.4181815191
0.6548395806
0.5739426838
0.7532657822
0.9288989089
0.9092938937
0.9256263907
0.9164195018
0.9119888824
0.9178765666
0.9242070448
0.9286971861
0.9215556773
0.9019377179
0.8547273728
0.684899724
0.297295365
0.1488293644
0.1173581109
0.1163948079
0.1210721767
0.1502150892
0.1338932361
0.1125970973
0.1073919723
0.1353042267
0.2014657086
0.3127708066
0.7775453358
0.5647575206
0.8541806015
0.4220379652
0.6834991248
0.6392161161
0.7621445826
0.760653988
0.8102359946
0.8638313466
0.8731615354
0.8367913872
0.6490084081
0.6285702846
0.3485472173
0.6096569256
0.7327776933
0.8756064264
0.8795913697
0.8875070082
0.8667141789
0.7870547523
0.6842027776
0.4714509342
0.3919545446
0.2473808463
0.3805477548
0.2067919256
0.2493450478
0.6718156906
0.7086568088
0.2868396044
0.235866651
0.158271527
0.2037979272
0.6303018259
0.2883736088
0.3640829385
0.1724142992
0.1466301842
0.2582598088
0.1589363386
0.288180866
0.3090542313
0.5913887573
0.3794454694
0.5207489235
0.4855180829
0.2833039789
0.230287355
0.1959181456
0.1502996777
0.2033785249
0.4300062595
0.827410388
0.9206915406
0.9505408673
0.9562238323
0.9535964175
0.9465640566
0.9159597114
0.750891325
0.3088885073
0.125529482
0.1305746476
0.1028601264
0.1112313751
0.1040398468
0.1184057157
0.11446685
0.1386054257
0.13681173
0.1449987038
0.1422812758
0.1336801972
0.1279209368
0.1100533515
0.1212658238
0.1219614845
0.1267892794
0.3537029151
0.6961121213
0.4071995318
0.1270271724
0.06916150174
0.06974291983
0.07060916759
0.07396765576
0.07964419547
0.09425394521
0.1579312446
0.4919377142
0.9250001072
0.9442777087
0.9446671367
0.9475883794
0.9537842035
0.9585339978
0.9557555972
0.9570141157
0.9565962057
0.9531987827
0.9491458331
0.9450700787
0.9392389045
0.923392855
0.8942539449
0.8427789724
0.6542245755
0.5773995355
0.5284319321
0.4643975106
0.2185308509
0.2235934605
0.1686503387
0.1345649016
0.1364087507
0.1432236861
0.2720505138
0.2831764629
0.482630792
0.4440730897
0.5232374664
0.3867377439
0.3143978965
0.5136138892
0.6117485202
0.6835152513
0.6230859521
0.8310350284
0.7043090515
0.6149807082
0.2310902231
0.2324232948
0.5462107051
0.648082617
0.8216265309
0.8873829768
0.7807272595
0.8748373598
0.4418368635
0.6244141939
0.4335800921
0.2681116198
0.2105590267
0.1890710695
0.2677639094
0.4000747548
0.6307662514
0.742621645
0.6565052414
0.2329384961
0.2268330622
0.2333648593
0.2861654545
0.2767591407
0.2069403747
0.5703959144
0.2439258719
0.1483524194
0.3234879914
0.1604825675
0.4697117957
0.3713488945
0.8325021462
0.7595358322
0.5662879716
0.3789691064
0.2844529757
0.3025610284
0.2159592262
0.5639535739
0.6263572315
0.8693082917
0.9330230216
0.9524020995
0.9557218299
0.952186715
0.9415004766
0.9238892506
0.827532345
0.2416965524
0.124671425
0.1056132661
0.1222999733
0.09796124424
0.09631903735
0.1045123033
0.1045177864
0.1085814315
0.1172569506
0.1380521382
0.21525708
0.1556600883
0.111571989
0.1316904182
0.1240380681
0.1323639006
0.1272048903
0.1309771841
0.09871215384
0.3433934395
0.6991750252
0.5312248675
0.1548189917
0.07802135102
0.08423077633
0.1132239511
0.2229853901
0.9351511169
0.9425921407
0.9607286681
0.9714406924
0.9736585479
0.9733553017
0.9751814261
0.9732972319
0.9694074671
0.9678924371
0.9654159547
0.9639903977
0.9622661209
0.9598959752
0.9567118727
0.9519761306
0.9465993632
0.9401825241
0.9361816099
0.9331670516
0.9320235832
0.9334117342
0.934334864
0.9333073065
0.9343365396
0.9344242863
0.9314519309
0.9315005194
0.9289504373
0.9264596667
0.9273335879
0.921903582
0.9204534303
0.9052226911
0.889232108
0.8796064819
0.8742026186
0.878004637
0.8601516499
0.8266952618
0.8329118198
0.7925200095
0.7298963176
0.535827951
0.5669319168
0.7050291688
0.8261804278
0.8282882624
0.8372321683
0.7848620705
0.7182461684
0.5332378148
0.52195903
0.4529596824
0.2017771682
0.2318095434
0.1844932869
0.2388396362
0.3072197661
0.53034469
0.5039234297
0.3120458251
0.1399982669
0.1261015586
0.1222712349
0.1518419302
0.1810626847
0.190611882
0.1852984951
0.3672149474
0.4454518824
0.3538592876
0.3439603641
0.5999660529
0.4804724903
0.6932483033
0.4340276078
0.3250003617
0.4748040539
0.2776137399
0.5011932506
0.4085792832
0.8357631772
0.8801640037
0.9330319304
0.94962969
0.9512076632
0.9489550433
0.9366135895
0.9098244071
0.8508623552
0.5830942206
0.1440127279
0.1137058235
0.1092739745
0.1222922217
0.1060687829
0.0995635899
0.09784468078
0.1008077996
0.1072503691
0.1152650532
0.107670477
0.09552448828
0.1244478124
0.1407168032
0.1235983258
0.1178789624
0.1281826807
0.1339488371
0.1248364181
0.1175918065
0.167478845
0.1595148826
0.6481489492
0.4947875072
0.8963299002
0.94380995
0.9502911999
0.9670543343
0.9788375376
0.9817863791
0.9820473027
0.9818971103
0.9809328005
0.9802567529
0.9791598114
0.9782237708
0.9774049538
0.9748918577
0.9723059162
0.9699538047
0.968021974
0.9658724049
0.9637589011
0.9615161779
0.958901477
0.9559831889
0.9538199753
0.9531134075
0.9537566288
0.9547414924
0.9562119377
0.9564316696
0.9569202423
0.9573943519
0.9589033442
0.9590485878
0.9601445037
0.9599989991
0.9589886597
0.9589754271
0.9599348174
0.9602761095
0.9579570821
0.9580329464
0.955222769
0.9523331629
0.9483887813
0.9431132069
0.9381571459
0.929137653
0.926634902
0.918397441
0.9181841961
0.9192998474
0.9178065842
0.9199587795
0.9165025287
0.9060549546
0.8823088926
0.8717983751
0.8573013543
0.8153456678
0.7755280465
0.77377298
0.7885180393
0.7916366369
0.7872415022
0.7714539353
0.6798964828
0.6206004489
0.6180378228
0.6156456556
0.3579153412
0.3997960802
0.3829214308
0.5239835615
0.5900595236
0.4524250207
0.612746147
0.6537136115
0.6314065845
0.6415152391
0.446940529
0.6114265869
0.3663278236
0.6173816567
0.6766117165
0.8854954661
0.8984096116
0.9104727263
0.937704694
0.9399092243
0.9415061242
0.9474415807
0.9489876
0.9388650715
0.9090694869
0.7979251761
0.6251368838
0.1760997908
0.1533683767
0.1308808973
0.1239626363
0.1269503848
0.1130262099
0.09735586289
0.1018776339
0.1157126764
0.1188136164
0.1076860773
0.1054417367
0.08146270676
0.1104618638
0.1181563749
0.1298092665
0.1405750789
0.1294255953
0.1050231149
0.1201905487
0.1091702671
0.1376216251
0.1847130308
0.1741352041
0.5549695471
0.6442871116
0.9719980971
0.9840950546
0.986419195
0.9870370138
0.9875340848
0.9877441891
0.9871192919
0.9862362222
0.9848948406
0.9834068163
0.9820939655
0.9807448847
0.9791688383
0.9774804366
0.9754512886
0.973280591
0.9713567876
0.9694478307
0.9676628056
0.9659855103
0.9643713586
0.9629215481
0.9619109923
0.961591042
0.9618836333
0.9625895831
0.9631319827
0.963396972
0.9636370699
0.9640676837
0.9645876504
0.9650647601
0.9655401875
0.9659535553
0.9658116381
0.9659165344
0.9660646159
0.9668162446
0.9665889694
0.9667230101
0.9662053208
0.9650435387
0.963208478
0.96128696
0.9597261122
0.9583541625
0.9568028804
0.9578418913
0.9568317111
0.9538352064
0.9520706753
0.9487394494
0.9507159237
0.9485713003
0.9396867636
0.9407568491
0.9386575214
0.933042569
0.9296867016
0.9276911328
0.9276707043
0.9246320078
0.9218005772
0.913422562
0.9047039296
0.8964424576
0.8993986034
0.9099731707
0.9110334202
0.8988060964
0.8971274469
0.8937770958
0.8879173969
0.88873914
0.8815338361
0.8784633931
0.8925995359
0.8749696033
0.8870233534
0.8879890831
0.9065856282
0.9256713841
0.931730742
0.9477578629
0.9491927588
0.9572295416
0.951771905
0.954383639
0.9492120337
0.9300220668
0.8512451147
0.6964869978
0.35319906
0.1238127339
0.1061554929
0.1155597607
0.1391015938
0.1439020093
0.1419708207
0.1114574443
0.09879054012
0.09598880382
0.09834828036
0.0891520333
0.08308929889
0.109386805
0.1046286537
0.1159696483
0.1147118878
0.1181573002
0.1381431097
0.1416835259
0.1374696423
0.1422457812
0.1450692454
0.1565946355
0.1645316771
0.2195815691
0.1269217866
0.2929119974
0.7216910699
0.9864994584
0.9916629558
0.9923724254
0.9920643904
0.9914188007
0.9905699881
0.9896520437
0.9885847924
0.9872742615
0.9858075963
0.9842961964
0.9827663689
0.9811119388
0.9794026996
0.9776143633
0.9757640553
0.9739436215
0.9722404726
0.9707601877
0.9694359856
0.9683178463
0.9674587723
0.9669110695
0.9667242905
0.9669205475
0.9673173218
0.9677527432
0.9680544469
0.9683495913
0.9687259842
0.9690184345
0.9693656063
0.9697341934
0.9700686454
0.9703278279
0.9705148999
0.9707798013
0.9711706798
0.9716371807
0.9719158075
0.9718983549
0.9715094581
0.9708368326
0.970084156
0.9694187239
0.9688681228
0.9683709409
0.9677515285
0.9673142319
0.9655403952
0.9636990289
0.962125694
0.9605259283
0.9602793046
0.9580862741
0.9569333478
0.9564771329
0.9551694651
0.9540590902
0.9531041548
0.952092579
0.95087672
0.94961616
0.9482855879
0.9476599892
0.9482553648
0.9489141338
0.9537735775
0.9530536961
0.9533881119
0.9507102126
0.9505275718
0.950582586
0.9493514142
0.9487609619
0.9478833338
0.9494498417
0.9514851002
0.9461361727
0.9459216326
0.9431231986
0.9438765091
0.943708601
0.9454073287
0.9479628265
0.9488479385
0.9427131141
0.9999981528
0.9622302574
0.717951265
0.1928419516
0.09538290134
0.1037754697
0.108679872
0.1097695472
0.1114789988
0.1245119255
0.1242881569
0.1318519456
0.1208930676
0.1057191468
0.1038912148
0.0868341788
0.06999756428
0.09038977553
0.09943380098
0.1104576199
0.1192819274
0.1158249973
0.1048739055
0.1114535879
0.1307202483
0.1347322645
0.1262674575
0.1037255522
0.1315651031
0.1279232044
0.09641977156
0.05171624752
0.1380247413
0.786832902
0.9932844846
0.9950661865
0.9948882582
0.9943712203
0.9935758758
0.9925813463
0.9914861687
0.9902977785
0.9889529549
0.9874638252
0.9858755792
0.9842244762
0.9825033093
0.9807312212
0.9789044311
0.9771634783
0.9755140568
0.9737625818
0.9723457802
0.9712271269
0.9703547253
0.9697573482
0.9694967589
0.9695693038
0.9697863007
0.9701563345
0.9706045086
0.9710692854
0.9714130223
0.9717556199
0.9721085211
0.9723924991
0.9727228543
0.9730503935
0.9733885362
0.9737832754
0.9742437854
0.974763255
0.9753305768
0.9758368611
0.9761565221
0.9761823932
0.9759752198
0.9757220746
0.9754683154
0.9751485102
0.9746776593
0.9739784209
0.9730323863
0.9718770885
0.9703427353
0.9687701659
0.9673105227
0.9661922619
0.9656645561
0.9651190677
0.9646522616
0.9642633837
0.9638116813
0.9632452746
0.962488143
0.9617541258
0.9612814696
0.9612514516
0.9617583016
0.962944024
0.9638194839
0.9644882645
0.9665263038
0.9662789962
0.9639245861
0.9626749819
0.9618171248
0.9611755777
0.9602538332
0.9595002562
0.9577537507
0.9590226997
0.956802244
0.9490986674
0.9447289566
0.9378142766
0.9279066124
0.91854121
0.9097574506
0.9064655385
0.8405702902
0.5460375976
0.3299259391
0.2487034136
0.25627076
0.2456631361
0.3037354869
0.2265753703
0.1998261709
0.1872943135
0.1710084054
0.1786368809
0.1746752918
0.1818181138
0.2013077348
0.1541976216
0.1169953225
0.09271885892
0.1010799934
0.1043264848
0.1264592975
0.1562233108
0.1493102591
0.1317465854
0.125722586
0.1112332496
0.1327902658
0.1231337571
0.133996748
0.1444856725
0.106668891
0.1457786641
0.1318620779
0.2189115148
0.5566077408
0.9880039962
0.9939080013
0.9923514337
0.9910491413
0.9894699752
0.9875216419
0.9853215112
0.9829299714
0.9802767246
0.9773419982
0.9741495294
0.9707515566
0.9671766851
0.9635043395
0.9597767007
0.9560047597
0.9520094887
0.9485874798
0.9459780004
0.9435705776
0.9418918697
0.9407189151
0.9405187644
0.9407069566
0.9414767519
0.9426227837
0.9438445817
0.9447739378
0.9456409906
0.9464786848
0.9470850175
0.9478321467
0.9485034467
0.949231982
0.9499744667
0.9507899198
0.9516818582
0.9529117485
0.9544091078
0.9558447955
0.9568258017
0.9572009412
0.9573086884
0.9572095184
0.9570042295
0.9566158184
0.955873663
0.9545738955
0.9527317202
0.9503717285
0.9474819687
0.9442825275
0.9411554994
0.9388401074
0.9377162692
0.9373482158
0.9367200825
0.9362562257
0.9360055597
0.9352344858
0.9341411525
0.9329098016
0.9321654841
0.9323020221
0.9333956441
0.9355656709
0.9375298869
0.9388433537
0.939065092
0.9409040101
0.937594124
0.9349887147
0.9320377103
0.9290911956
0.9261028913
0.9227168063
0.9159947533
0.914306654
0.9022274381
0.8972232157
0.8747232042
0.8596366672
0.8238495281
0.7804802553
0.6901869073
0.6515529265
0.4021216306
0.3559668112
0.2873002418
0.3638137897
0.427007438
0.6540878937
0.7878967814
0.9371212104
0.764218058
0.6835659398
0.6309763886
0.6237403708
0.5983831686
0.6126222282
0.5482645515
0.4891218044
0.5263746168
0.5432744869
0.5779545886
0.5911048505
0.5658739044
0.6079848556
0.6536514297
0.6317478348
0.5535729636
0.5695767252
0.6020486781
0.5166550158
0.5565922174
0.4817737398
0.4840410536
0.4063827198
0.418577955
0.4835521405
0.2847718097
