0.9987161622
0.999034457
0.9986247089
0.9984008815
0.998221234
0.998045149
0.9978556103
0.9976447953
0.9974089155
0.9971481068
0.9968670481
0.9965731408
0.9962745168
0.9959797287
0.9956963755
0.9954282085
0.9951731947
0.9949237885
0.9946694677
0.994403942
0.9941292404
0.9938543497
0.9935920186
0.9933593756
0.9931792921
0.993076038
0.9930631435
0.9931248161
0.9932161357
0.9932891251
0.9933151363
0.9932882364
0.9932191401
0.9931286111
0.9930411303
0.9929770294
0.992944713
0.9929364994
0.9929340988
0.9929414742
0.9929948654
0.9931405955
0.9934005457
0.9937483042
0.994100195
0.9943618211
0.9944845659
0.9944574983
0.994287835
0.994009482
0.9936904527
0.9934161171
0.9932530352
0.9932225976
0.9932955289
0.9933992764
0.9934470246
0.9933813819
0.9932030853
0.9929286854
0.992572813
0.9921490391
0.9916653135
0.9911228174
0.9905176699
0.9898422632
0.9890856402
0.9882328793
0.9872634569
0.9861495612
0.9848647396
0.9834585612
0.9822746798
0.9819526826
0.982598381
0.9835804948
0.9843900767
0.9849362517
0.9852999024
0.9854411157
0.9849348434
0.9827841609
0.9767500352
0.9580123157
0.8900476698
0.06233526265
0.05227178211
0.8512701088
0.04380198506
0.818676706
0.05944964135
0.8548285528
0.05559239083
0.8554754025
0.05486018608
0.8557027038
0.05456480371
0.8549277105
0.0551005902
0.8615103661
0.05506538773
0.8531501585
0.05572280493
0.8602257503
0.06613376674
0.8546988016
0.08453705285
0.80893531
0.09971982553
0.8246388351
0.1644092319
0.8588824859
0.1846433785
0.7398069855
0.2548661312
0.646397961
0.4913762547
0.3401787813
0.7019091463
0.09162291645
0.2376802207
0.9984180025
0.9993936692
0.9992739695
0.9991592064
0.9990577008
0.9989585353
0.9988551208
0.9987436955
0.9986217831
0.9984885923
0.9983456354
0.9981958295
0.998042495
0.9978895856
0.9977414263
0.9976011864
0.9974695224
0.9973441715
0.9972207175
0.9970960218
0.9969703897
0.9968463189
0.9967267624
0.9966160919
0.9965223969
0.9964568497
0.9964285301
0.9964341262
0.9964555317
0.9964718659
0.9964703647
0.9964477102
0.9964074452
0.9963580128
0.9963111709
0.9962788131
0.9962673723
0.9962727774
0.996281441
0.9962885844
0.9963062687
0.9963549601
0.9964501275
0.9965887625
0.9967365216
0.9968472566
0.9968960976
0.9968757347
0.9967844506
0.9966326811
0.9964492138
0.9962730251
0.9961361628
0.9960529916
0.9960238803
0.9960362837
0.9960452225
0.9960109477
0.9959294538
0.995810245
0.9956588179
0.995483374
0.9952893268
0.9950790025
0.9948529184
0.9946106202
0.9943510684
0.9940725524
0.9937717502
0.9934408512
0.9930611642
0.9925990917
0.9920621706
0.9916837199
0.9916131444
0.9916911169
0.9917358745
0.9917180379
0.9917079167
0.9917568626
0.9917360644
0.9913171524
0.9900637423
0.9873282908
0.9826213829
0.9779758165
0.9763513239
0.06037847567
0.03088555285
0.02175249607
0.02081326015
0.01839698011
0.01869295183
0.01835316971
0.01862305172
0.01828941917
0.01860265309
0.0182746128
0.01865423708
0.01845085269
0.01890146484
0.01863128053
0.01913488725
0.01911945215
0.02013585467
0.01980439291
0.02054619939
0.01998660859
0.02028559246
0.02003718891
0.02081234301
0.02094064066
0.02002854271
0.01948802641
0.01940474774
0.02057885596
0.01798990745
0.01945791002
0.01845326971
0.02977786823
0.8360831418
0.9973868828
0.9989226693
0.9990463915
0.9989946924
0.9989023752
0.9987971796
0.9986838105
0.9985624966
0.9984311454
0.9982884645
0.9981362041
0.9979771685
0.9978136153
0.9976492125
0.9974898573
0.997341529
0.997207524
0.9970864632
0.9969723654
0.9968612405
0.9967539762
0.9966518503
0.9965523441
0.9964522723
0.9963555648
0.9962761917
0.9962316317
0.9962221907
0.9962248515
0.9962152553
0.9961834836
0.9961307064
0.9960624815
0.9959875209
0.9959196778
0.9958779334
0.9958777978
0.9959118148
0.9959451179
0.9959593525
0.995964135
0.9959815385
0.9960399214
0.9961551013
0.9962849019
0.9963622623
0.9963647289
0.99629102
0.9961309134
0.9958885458
0.9955997499
0.9953140094
0.9950619807
0.9948417349
0.9946454128
0.9945203887
0.9945157497
0.9944738444
0.9943937687
0.9943095846
0.9942247194
0.9941489788
0.9940842904
0.9940276546
0.9939765615
0.99392961
0.9938860383
0.9938449523
0.9938038832
0.9937554563
0.993679378
0.9935221706
0.9931592514
0.9925229601
0.9920391334
0.9916551918
0.9911788907
0.9906258549
0.9902046118
0.9902869367
0.9908496024
0.9913178744
0.9912334682
0.9903729154
0.9890135126
0.9882196152
0.9892049549
0.9909968286
0.9900290713
0.9821333111
0.9680291034
0.04356183023
0.02268886473
0.01777656791
0.0164368721
0.01643936171
0.01644229872
0.01647373103
0.01652919437
0.01664268935
0.01677113451
0.01700800478
0.01721578449
0.01745421098
0.01769631013
0.0176725466
0.01772000845
0.01752642316
0.0174485232
0.01726112086
0.01717674227
0.01704117102
0.0168873084
0.01678173112
0.01670248186
0.01666904756
0.01664225071
0.01669432615
0.01692076322
0.04101313892
0.9330032113
0.9959834946
0.9983517982
0.9986121335
0.9986854725
0.9986430825
0.998553751
0.9984426874
0.9983189861
0.9981816274
0.9980285254
0.9978633859
0.9976904948
0.9975104052
0.9973257426
0.9971449086
0.9969794578
0.9968405137
0.9967296948
0.9966350378
0.9965475687
0.996469159
0.9964012587
0.9963343764
0.9962530519
0.9961506178
0.996045641
0.9959775495
0.9959587473
0.9959539783
0.9959250578
0.9958614125
0.9957697727
0.995658546
0.9955351205
0.9954142131
0.9953279422
0.9953230534
0.9954129729
0.9955135005
0.995567639
0.99557744
0.9955616376
0.9955566107
0.9956407841
0.9957705842
0.9958280054
0.9957864436
0.9956509911
0.9953802997
0.9949532818
0.9944270655
0.9938982803
0.9934150966
0.9929198441
0.9922734879
0.9914244189
0.9909404211
0.9915991258
0.9915413813
0.9915844046
0.9917126031
0.9919228424
0.9921853979
0.9924669667
0.9927492768
0.9930240417
0.9932878408
0.9935391827
0.9937768535
0.9939985196
0.9941983895
0.9943602962
0.9944162223
0.9940588595
0.9922898558
0.9913424186
0.9902819135
0.9891449058
0.9881765728
0.9880427588
0.9895007551
0.9912104605
0.991893145
0.9914821558
0.9902451091
0.9891474388
0.9889238112
0.9897494372
0.9915142335
0.9908436507
0.9902418085
0.991714481
0.9903288117
0.9745007721
0.02901555013
0.01877129014
0.01645760804
0.01650905113
0.01658706025
0.01671762243
0.01686681367
0.01709393299
0.01730146124
0.01750251553
0.0176851682
0.01764694727
0.01772878622
0.01755157625
0.0175054761
0.01731803556
0.01722247901
0.01704145828
0.01692658072
0.01682133823
0.01674214185
0.01669203039
0.01667678986
0.01670134164
0.01757831619
0.04909634637
0.9812199207
0.9936373367
0.997508655
0.997988433
0.9981852841
0.9982258102
0.9981790885
0.998088662
0.9979786532
0.9978466711
0.9976869372
0.9975088622
0.9973211409
0.9971195492
0.9969024726
0.9966802757
0.9964703398
0.9963009378
0.9962007577
0.9961464243
0.9961097626
0.9960904232
0.9960905209
0.9960908432
0.9960612109
0.9959746951
0.9958290919
0.9957037827
0.9956544568
0.9956328793
0.9955754007
0.995469207
0.9953298988
0.9951688427
0.9949841585
0.9947733666
0.994571148
0.9944796517
0.9946197067
0.9949178545
0.9951464805
0.9952545367
0.9952621609
0.9951828675
0.9951053212
0.9951611928
0.9951569288
0.9950572473
0.9948921782
0.9945315428
0.9938413443
0.9929003442
0.991927538
0.9910690104
0.9901889187
0.9888055322
0.9858412197
0.9784533421
0.9759180988
0.9763399259
0.9752063495
0.9771115011
0.979691003
0.9821046472
0.9841577732
0.9858724295
0.9873078007
0.9885195608
0.9895529086
0.990444322
0.9912260403
0.9919331492
0.9926158756
0.9933618563
0.9942623674
0.9923897737
0.9889266416
0.9875790731
0.9860885488
0.985181572
0.9849584436
0.9848176801
0.9890094172
0.9917045187
0.9919115878
0.9918134842
0.9897238966
0.9889977047
0.9887346782
0.9890563158
0.9899515124
0.990490694
0.9912734073
0.9924562642
0.9912054498
0.9898466578
0.9847492926
0.03089201532
0.01874964108
0.01657692619
0.0167472823
0.01690328327
0.01710458599
0.01727790127
0.01744722903
0.01755955141
0.01756230688
0.01756999099
0.01746726127
0.01738913817
0.01725363998
0.01714026686
0.01699704003
0.01688512949
0.01679238049
0.01672206351
0.01667613569
0.01666083303
0.01668804395
0.01803545025
0.8451051865
0.9057602736
0.9878731062
0.9958773974
0.9971201464
0.9973901863
0.9975498223
0.997582886
0.997536416
0.9974782162
0.9973856176
0.9972338156
0.997049768
0.9968550221
0.9966320688
0.9963676261
0.9960723003
0.9957589738
0.9954637573
0.995293765
0.9953422524
0.9954528155
0.9955757763
0.9957144746
0.9958390187
0.9959156808
0.9959152218
0.9957841884
0.9955071512
0.9953158338
0.9952175696
0.9950953154
0.9949226586
0.9947291775
0.9945312287
0.9943103476
0.9940123298
0.9935891493
0.9931691563
0.993073154
0.9936244556
0.9947775714
0.995220007
0.9953499534
0.9953156735
0.9950680458
0.9942457126
0.9940542116
0.9937580506
0.9937085272
0.9934938013
0.9927106241
0.991260078
0.9895999419
0.9883182735
0.9874754539
0.9866159868
0.9850661236
0.9805845959
0.9744337617
0.04231322032
0.02295742537
0.01930384979
0.01967893174
0.02011145439
0.02056735016
0.02106235799
0.021606135
0.02220710463
0.02287495558
0.02362254718
0.02447522159
0.02549794749
0.02688771534
0.02935308871
0.03795572411
0.04988246386
0.9089021712
0.890378317
0.9489775963
0.9653144241
0.9707820533
0.9683209294
0.9756696366
0.9859491494
0.9881042742
0.9913772617
0.990717543
0.9887190782
0.9893772451
0.9875818296
0.9877161302
0.9892265754
0.9903768819
0.9909605109
0.990880845
0.9906524471
0.9913276354
0.9900535115
0.9837169163
0.02893984217
0.0185841316
0.01679096077
0.01706895251
0.01722882281
0.01737869285
0.01745022661
0.01746754145
0.01744854799
0.01737400055
0.0172958501
0.01718739667
0.01708088672
0.01695853228
0.01685416188
0.01676645468
0.01669959167
0.01665591543
0.01663875359
0.01664021416
0.01828885674
0.09060919906
0.9674555538
0.8950431139
0.9863820109
0.9942473783
0.9958037698
0.9961243746
0.9966528755
0.9965889153
0.9966476219
0.9967340619
0.9966397319
0.9964675427
0.9962935363
0.9960627792
0.9957366606
0.9953325508
0.9948313255
0.9941949792
0.9935124516
0.9933693088
0.9944267224
0.9949141794
0.9953109463
0.9956116622
0.9958344437
0.9960014033
0.9960883924
0.9958945063
0.9949419549
0.9945266397
0.9942597189
0.9939937265
0.9937694387
0.9936046635
0.9934606593
0.9932340759
0.9926974074
0.9915194259
0.9900286626
0.9890573101
0.9917770431
0.9939384218
0.9946292229
0.9942994919
0.9943326348
0.9923377791
0.9907914829
0.9902605361
0.99015285
0.9916462455
0.9915649187
0.991131009
0.9881598381
0.9859669428
0.9853965438
0.9859345894
0.9865996917
0.9873650893
0.9885827842
0.9889067921
0.98248808
0.02517258177
0.01727532625
0.01643795644
0.01643900613
0.0164410515
0.01644348251
0.01644493126
0.01644649476
0.01644811545
0.01644954084
0.0164509812
0.01645262777
0.0164551343
0.01646023187
0.01647649294
0.01730440854
0.01773977818
0.01860250237
0.01967159113
0.02280929181
0.03708009072
0.9629250187
0.9525324136
0.02857118301
0.02701442054
0.04143647403
0.9604649541
0.982990423
0.9865833607
0.9835258015
0.9860178581
0.9889248795
0.9894687937
0.9883567744
0.9878885178
0.9888420325
0.990107295
0.9910247854
0.9892682302
0.9807042002
0.02682889801
0.01844280062
0.0170083066
0.0172853367
0.0173446063
0.017373323
0.01733856596
0.01728375766
0.01721223542
0.01712592586
0.0170326101
0.01692473628
0.01682756957
0.01674357439
0.01667719179
0.01663296491
0.01661320979
0.01660111349
0.01814575006
0.9264455697
0.9711748439
0.03397167814
0.01910208484
0.02331500518
0.05502234661
0.9851426545
0.9927833203
0.9945001373
0.9946624598
0.99554586
0.9960956464
0.9957751477
0.9956777247
0.9954884901
0.995088124
0.9945675148
0.9938667883
0.9927295381
0.9906743099
0.9869050066
0.988442547
0.9915787162
0.9929551042
0.9934648685
0.9939399823
0.9944377843
0.9950383044
0.9957126853
0.9945290213
0.9924757209
0.9920078467
0.9918762562
0.9918991142
0.9920676551
0.9923113972
0.9925654917
0.9927028037
0.9921732362
0.9882483276
0.9817689166
0.9723870758
0.5137613697
0.1025040965
0.04370063674
0.03931242372
0.06828066816
0.9718452354
0.964541501
0.9682004713
0.9797880155
0.985049969
0.9896544226
0.9888653906
0.9853315184
0.9828326151
0.9841836516
0.9848020071
0.9844444284
0.9881398909
0.9894055677
0.9900043316
0.9858358316
0.8881089522
0.01941083118
0.01643907374
0.01643969427
0.01644340473
0.01644479867
0.01644626054
0.01644774865
0.01644845986
0.01644860291
0.01644812265
0.01644691822
0.01644546867
0.01644439259
0.01644418386
0.01643888551
0.01643941091
0.01645014478
0.01924566953
0.8930565028
0.979395933
0.6296287881
0.01965371657
0.01646040846
0.01646604524
0.01762425576
0.02011030196
0.02949405376
0.9497086659
0.9626381164
0.9824575546
0.9864267145
0.9833808778
0.9768405097
0.9843139068
0.9876320348
0.9894119879
0.9903156067
0.9906117065
0.9879736804
0.9756234977
0.02505211142
0.01828429581
0.01710112192
0.01728257106
0.01724741665
0.01720821145
0.01714155208
0.01707569514
0.01699738164
0.0168982033
0.01680756175
0.01672585297
0.01665735437
0.01660926673
0.01658343935
0.01656401575
0.01860961676
0.7427040609
0.9468220533
0.03228509832
0.01642755242
0.01642972405
0.01644458449
0.01760499866
0.02120336153
0.03848457727
0.9746785614
0.9879052363
0.9943112383
0.9949067754
0.994658741
0.9951744246
0.9946055402
0.9939918206
0.9933434422
0.9923019822
0.9903156916
0.9854292412
0.976283409
0.05158425625
0.03247772967
0.02891081516
0.02900344303
0.03060115924
0.03487225374
0.05525253098
0.1482341456
0.9636187553
0.9628896066
0.9751921767
0.9799273782
0.9829671123
0.9852915667
0.9874348403
0.9898217251
0.9926804573
0.9912715913
0.9877168722
0.9868244304
0.9813451321
0.9806842923
0.05396589488
0.02982909301
0.0288547572
0.964160509
0.02958214007
0.03323750883
0.9004298209
0.02535332065
0.02478364275
0.03672201373
0.9643706102
0.9716917281
0.9803027127
0.9828869883
0.975969829
0.9757483038
0.9877376758
0.9908173419
0.9906041898
0.9880267071
0.981632729
0.02843362246
0.0175345619
0.01643997703
0.0164417711
0.01644318806
0.01644484986
0.01644531011
0.01644529865
0.01644483447
0.01644380492
0.01644283108
0.01644277048
0.01644369313
0.01644305875
0.01643917704
0.01698118214
0.02612273238
0.9620538478
0.9487100021
0.02500458144
0.01731207699
0.01646054958
0.01645855764
0.01645436819
0.01644535355
0.01783048074
0.02723193227
0.8992097102
0.9585525492
0.9735738949
0.9792500313
0.9626747287
0.9406651377
0.9829826919
0.9884362245
0.9895645383
0.9900189938
0.9901243618
0.989839704
0.9861319716
0.967164631
0.02364301738
0.01811379372
0.01703773086
0.01713360013
0.01708577677
0.01704142017
0.01697856046
0.01688058983
0.01679701934
0.0167169192
0.01664427013
0.01659020954
0.01655631895
0.0165311231
0.01859121184
0.9236996025
0.9642580998
0.03228067026
0.01642319221
0.01642848
0.01643154755
0.01643300546
0.01643312276
0.01644237131
0.017385223
0.0191084314
0.02788527624
0.1103543076
0.9849742214
0.9923181686
0.993931537
0.9935795518
0.993181064
0.9928361536
0.9922396458
0.991019415
0.9898473305
0.9878955431
0.9779855543
0.02425922273
0.01782503009
0.01646332811
0.01647624111
0.01649511016
0.01657956654
0.0175310629
0.01796665211
0.01890136132
0.01969246933
0.02035672148
0.02100517112
0.02185153038
0.02353545335
0.03045850907
0.05293735585
0.9710634894
0.9857991623
0.9883873251
0.9882874573
0.9910647309
0.9901794327
0.9809749315
0.9706639637
0.04439753585
0.967466898
0.9421416052
0.02059313972
0.01646647753
0.01647025603
0.01929933683
0.02903554017
0.9650858505
0.9747634774
0.9741760102
0.9455612092
0.03959643673
0.9873049852
0.9919754642
0.9916081608
0.9906246776
0.9888853387
0.9530435812
0.01996216286
0.01644161738
0.01644096157
0.01644297252
0.01644304673
0.01644316783
0.01644310729
0.01644239879
0.01644170656
0.01644159157
0.01644162757
0.01644104134
0.01644092085
0.01792003386
0.5328889441
0.9859008841
0.766729069
0.0189800258
0.0164576524
0.01646001804
0.01645824375
0.01645479869
0.01689876762
0.0206680211
0.9430369789
0.9668022969
0.9466892979
0.02567551959
0.02690564762
0.9723626645
0.9488323556
0.03154632155
0.9782211813
0.9864314884
0.989706055
0.9900319621
0.9900486828
0.9896752282
0.9887946381
0.9838093773
0.9568464606
0.0234300406
0.01834192588
0.01685934942
0.0169438741
0.01697228268
0.01687334188
0.01680028589
0.01672120019
0.01664250821
0.01658181615
0.01653618172
0.01650462639
0.01897303037
0.9453188186
0.9649152867
0.0322798103
0.01642207871
0.01642719719
0.01643050376
0.01643322921
0.01643536849
0.01643859338
0.01644094507
0.01644114093
0.01644720124
0.01651081272
0.01809732153
0.02267699946
0.05493518651
0.9860097703
0.9903448373
0.9921457213
0.9934148967
0.9930349286
0.9923667327
0.9918740395
0.9913559165
0.9880684393
0.9734938481
0.02500357602
0.01808126631
0.01645666706
0.01646367143
0.01646250344
0.01645409579
0.01644899389
0.01644950456
0.01645072159
0.01645149162
0.01645227797
0.01645394987
0.01645959865
0.01648189637
0.01786021993
0.0209139381
0.03072221212
0.9272625318
0.98132045
0.9876864531
0.9848680717
0.9835808372
0.9772018115
0.9580975917
0.03085116341
0.01796852458
0.01647207901
0.01648629929
0.02194672695
0.8865363554
0.9808195825
0.9745260571
0.9166700833
0.9738536407
0.9678116217
0.03125513385
0.05534532626
0.9893650256
0.9900733486
0.9904818307
0.988363394
0.9825128566
0.02831954907
0.01749194545
0.0164402476
0.01644114359
0.01644173685
0.01644235418
0.0164418304
0.01644111463
0.01644081518
0.01644059607
0.0164382483
0.01645005892
0.02148117282
0.9342741568
0.980063837
0.02958441223
0.01725217982
0.01645965841
0.01645853368
0.01645555834
0.01646191631
0.02043808396
0.6938509501
0.9809488828
0.970792195
0.02422856105
0.01838027151
0.01645555432
0.02153418427
0.9723213113
0.9630274872
0.02376596878
0.02650637957
0.9738328103
0.9874417618
0.9904294762
0.9904161867
0.9898673477
0.9887516871
0.9873780853
0.9827953612
0.9697115881
0.02899578305
0.01986217132
0.01771395272
0.01674310876
0.01675345231
0.01673583979
0.01665438335
0.01659330285
0.01653186772
0.01648629996
0.01943811403
0.9673873142
0.9726697985
0.03227978302
0.01642186495
0.01642666411
0.01642969454
0.01643262572
0.01643519819
0.01643800196
0.01644039673
0.01644199212
0.01644476922
0.01644813618
0.0164474241
0.0164442284
0.01646316352
0.01854791604
0.02573722365
0.9589320253
0.990757179
0.9937553069
0.9941295798
0.9936588712
0.9930870185
0.9922811204
0.991219556
0.9882353829
0.9788749426
0.02739322987
0.0184050521
0.01645917625
0.01646493428
0.01646296321
0.01646034868
0.0164592303
0.01645778061
0.0164563855
0.01645537524
0.01645542199
0.01645708301
0.0164558422
0.01644722356
0.01644981662
0.0173726537
0.0195857251
0.03036360456
0.9642478076
0.9809019864
0.9868389487
0.9798679874
0.8972165392
0.01789845375
0.01648466079
0.01847932607
0.04879628269
0.9848560257
0.9822991885
0.04612622046
0.02110095306
0.02457591048
0.9695869754
0.9866712051
0.0674407791
0.03403310081
0.9766212012
0.9885699054
0.9892493448
0.9889257187
0.9874013467
0.9377268406
0.01979018148
0.01644109179
0.01644088371
0.01644248157
0.01644181428
0.01644086926
0.01644000992
0.0164395102
0.01643852245
0.01740624576
0.04618369192
0.9890202049
0.9330456355
0.01975553649
0.01645772297
0.01646255811
0.01646184295
0.01645317089
0.01889962375
0.0424169948
0.9855855853
0.9839577191
0.03542467213
0.01887604721
0.01645166531
0.01645337448
0.01644617148
0.02043458315
0.966852533
0.9736640523
0.02376393156
0.01806730944
0.02596947389
0.9791223011
0.9889962336
0.9911341965
0.9899424463
0.987607121
0.9867827006
0.9875599996
0.9865008563
0.9772381313
0.8770422162
0.02886754303
0.02012182865
0.01753376132
0.01660291085
0.01658832436
0.01656256632
0.01649086409
0.02009550158
0.9777113975
0.9785401812
0.03227993793
0.0164219193
0.01642650351
0.01642915351
0.01643194365
0.01643459505
0.01643723174
0.01643951187
0.01644137952
0.01644375981
0.0164466088
0.01644815533
0.01644822479
0.01644927519
0.01644910813
0.01644583147
0.01742663539
0.02207429162
0.07332080463
0.9912427174
0.9938090833
0.9944612427
0.9936464439
0.9925163283
0.9917855751
0.9915428071
0.9896110999
0.9825551619
0.02896903102
0.01863288769
0.01646183763
0.01646520484
0.0164654017
0.01646142413
0.01645800619
0.01645564377
0.01645453706
0.01645512832
0.01645506372
0.01645154188
0.01644842921
0.01644605892
0.01645054617
0.02152679407
0.8777731601
0.9670284674
0.9817100812
0.9862394222
0.9853307282
0.08822062422
0.02198356287
0.02193659598
0.9785169495
0.9849010959
0.8172626723
0.02135680632
0.01648399626
0.01644500639
0.01874327054
0.845337052
0.9881195897
0.983591657
0.9611622189
0.2377538282
0.9831436879
0.9848195794
0.9875239396
0.9866125693
0.9814166557
0.02832850288
0.01756534783
0.01644142216
0.01644220587
0.01644133167
0.01644059644
0.01643885724
0.01644250735
0.01924511401
0.9049793723
0.9897213123
0.05928522666
0.01762559284
0.01645991004
0.01646295084
0.01645660643
0.01717305107
0.02366846141
0.9769919658
0.9838151876
0.5313911011
0.02017065765
0.01645510534
0.01644894809
0.01644784923
0.01644341513
0.01643671278
0.01907313935
0.8999286173
0.9862109573
0.03437321646
0.01739657836
0.01832127698
0.02810066263
0.9839966124
0.9908142116
0.9889277027
0.9824666341
0.9863449905
0.9864858933
0.9844125449
0.97755904
0.9851639819
0.9849684304
0.9395295894
0.02783066858
0.01986314356
0.01766845622
0.01654624415
0.02162147634
0.983702643
0.9829689443
0.03228010418
0.01642204058
0.01642651028
0.01642882846
0.01643139681
0.01643398665
0.01643655878
0.01643892042
0.01644110786
0.01644358891
0.01644631621
0.01644849517
0.01645004715
0.0164520351
0.01645393014
0.01645505891
0.01645529131
0.01645626518
0.01648980425
0.02018134843
0.04973210065
0.9916053468
0.9942206904
0.9935755497
0.9923003742
0.9918935587
0.9916584792
0.9916814876
0.9899993516
0.9842902598
0.03210258166
0.01920023246
0.01646512314
0.01646373223
0.01646014503
0.01645664015
0.01645449452
0.01645417033
0.0164531155
0.01644986149
0.01644618552
0.01644138669
0.01716873586
0.02935848006
0.9823638858
0.9593665206
0.8874094749
0.03740955531
0.9819724204
0.9857587949
0.9817983244
0.951563027
0.9844261748
0.9772847083
0.02133373008
0.01694730414
0.01644907892
0.01644189287
0.01643749579
0.01684292397
0.02142917802
0.910306442
0.9739131061
0.9826712256
0.9808136902
0.9789344018
0.9855725679
0.987185462
0.9887472942
0.987751308
0.9552550782
0.02051075878
0.01646368752
0.01644254985
0.01644120596
0.01643933745
0.01717428334
0.027306362
0.9746353741
0.9409368121
0.02297978757
0.0164761502
0.01646021401
0.01645888956
0.0168185017
0.02038918026
0.9111150692
0.9761377275
0.9217050532
0.02015324556
0.01682615005
0.01644249053
0.01644289936
0.01644250218
0.01643960725
0.01643510003
0.01642945225
0.01745959531
0.8637716533
0.9874814842
0.919566824
0.01787139592
0.01646062925
0.01876877769
0.03823649994
0.9870536553
0.9781640491
0.9726515217
0.9869386764
0.9843959543
0.9685530758
0.9662249411
0.9865443494
0.9882754628
0.9874599399
0.9791413055
0.8682036968
0.03247340967
0.03641716754
0.9885920115
0.9860737722
0.03228024151
0.01642216227
0.01642658116
0.01642864595
0.01643100866
0.01643349942
0.01643603771
0.01643850566
0.01644093743
0.01644355578
0.01644630675
0.01644881153
0.01645103935
0.01645336768
0.0164553983
0.01645665678
0.01645707435
0.01645800717
0.01646051413
0.01645998291
0.01646466086
0.02032815211
0.08405614058
0.9906222693
0.9908472795
0.9912034882
0.991018766
0.9908427973
0.9909536344
0.9915829802
0.9909268582
0.987690024
0.0376821849
0.0193487392
0.01645754219
0.01645624768
0.01645385273
0.01645334201
0.0164517247
0.01644880062
0.01644442452
0.01644473669
0.02021863601
0.9501064713
0.9873926273
0.9696141505
0.022267993
0.01780917128
0.02048486488
0.966321766
0.9868127751
0.9878181098
0.9883729994
0.04478108701
0.01830757316
0.01644595047
0.01645290118
0.01644821643
0.01644542841
0.01644509733
0.01644851804
0.01717141588
0.0198759809
0.02912378345
0.9689722735
0.9765284677
0.9858084376
0.987157455
0.9878327891
0.9890442463
0.9885468469
0.9853522202
0.03277536884
0.01845583156
0.01644354355
0.01644129509
0.01874294578
0.6771039883
0.9853230524
0.6528265912
0.01806766222
0.01646195053
0.0164610537
0.01645836403
0.02035238172
0.5295424746
0.986040863
0.9791733595
0.0243395275
0.01723147097
0.01643604638
0.01644167486
0.01644179469
0.01644099156
0.01643907652
0.01643638964
0.01643364798
0.01643193897
0.01710849932
0.028737843
0.9822379492
0.9350470392
0.02095812287
0.0164555423
0.01646042133
0.02266058285
0.968668681
0.9702327015
0.05200573004
0.9821116847
0.9806972129
0.9765951398
0.04601379924
0.03962156708
0.9781836906
0.9827197028
0.9733580186
0.9699391719
0.9833801538
0.9891532055
0.9876812763
0.03228034405
0.01642226188
0.01642666312
0.01642854423
0.01643074163
0.01643313387
0.01643564033
0.01643817912
0.01644075835
0.01644346547
0.01644624069
0.01644888089
0.01645134196
0.01645370147
0.01645564929
0.01645687159
0.01645735985
0.01645785782
0.01645913811
0.01645956463
0.01645790297
0.01645338849
0.01648672148
0.02152821051
0.952746672
0.9860754797
0.9897839759
0.9895585501
0.9890153198
0.9894733789
0.9909374079
0.9924091768
0.9918766048
0.9875291886
0.031398614
0.01843529367
0.01644846596
0.0164510721
0.0164498352
0.01644705641
0.01644569012
0.0173451964
0.03164713808
0.9838772939
0.98556859
0.03732941717
0.01832575441
0.01646721268
0.02054423143
0.04813288764
0.9869757381
0.9898565761
0.9886479784
0.03698740727
0.01648339585
0.0164586344
0.01645716353
0.01645241165
0.01644898696
0.01644784613
0.01645138118
0.01645450184
0.01645089844
0.01645292588
0.01812089276
0.02373855804
0.9675752185
0.9870216579
0.9887865386
0.9891070644
0.9893569258
0.9897783523
0.9884974885
0.9736907989
0.02600982955
0.01925902247
0.02245943804
0.9370276756
0.9711135407
0.02705727763
0.01707226661
0.01647138217
0.01645944296
0.01821292925
0.0330827088
0.9841961771
0.9868400899
0.04823991258
0.01912072563
0.01643783965
0.01644039403
0.01644309863
0.01644257049
0.01644119879
0.0164394894
0.01643760903
0.01643590641
0.01643515597
0.01643940613
0.01644863079
0.02160460005
0.9453371155
0.9802340657
0.02723332457
0.01703616952
0.01646034699
0.02007576397
0.9641864564
0.9775346678
0.03483089173
0.9639742443
0.9872684697
0.98728374
0.9619405326
0.02417435373
0.02485132463
0.909791195
0.9254250541
0.9745794318
0.9859722493
0.9823809664
0.0322804135
0.01642233147
0.0164267275
0.01642847849
0.01643055051
0.01643285675
0.01643532625
0.01643789283
0.01644053872
0.01644327691
0.01644604228
0.01644870544
0.01645120586
0.01645350785
0.0164553927
0.01645667702
0.01645739886
0.0164579665
0.0164586909
0.01645875883
0.01645753335
0.01645485681
0.01645195973
0.01644552808
0.01732235845
0.02351927919
0.9721673917
0.9873058694
0.9872164877
0.9855258252
0.9878775819
0.9901198768
0.9913357716
0.9918684728
0.9894227838
0.9771491142
0.02447108525
0.01785767441
0.0164462588
0.01644830321
0.01646314329
0.02138626251
0.9633617093
0.9882165975
0.9627381884
0.02132585498
0.01647290888
0.01895182928
0.03518725951
0.9875814812
0.9866243038
0.9825083483
0.9820339928
0.9854160622
0.02384445614
0.01645197322
0.01645344476
0.01645064274
0.01644800844
0.01644643425
0.01644697973
0.01644764298
0.0164479891
0.01645192668
0.01645297697
0.01644998368
0.01808171673
0.02839504983
0.9807180094
0.9869615289
0.988502868
0.9870814906
0.9854228409
0.9840231197
0.9786331091
0.9560735128
0.8455543191
0.9716701264
0.9222373897
0.01931236431
0.01646132016
0.01646859873
0.01698691554
0.02199662936
0.9683303565
0.9804169486
0.7130940211
0.0202719549
0.01645658811
0.01643958614
0.01644070006
0.01644235862
0.01644201765
0.01644099415
0.01643961703
0.01643814267
0.01643681131
0.0164360899
0.0164374492
0.01644075179
0.01643835864
0.01803784168
0.9344928871
0.9877581805
0.8288667035
0.0173780999
0.01648267229
0.01915674553
0.9321007968
0.9812124323
0.03228517804
0.03099603698
0.9821911775
0.9828795368
0.9770641902
0.03093090626
0.02871649952
0.912848268
0.9715587511
0.981152101
0.9662404076
0.03228045236
0.01642236817
0.01642675832
0.01642841875
0.01643039933
0.01643263564
0.0164350652
0.01643762695
0.01644028323
0.01644300646
0.01644572779
0.01644835025
0.01645080812
0.01645303592
0.01645489086
0.01645627657
0.0164572401
0.01645799404
0.01645864315
0.016458768
0.01645804465
0.01645641268
0.01645434283
0.0164503324
0.01644452653
0.01644073999
0.01798052504
0.02768632501
0.9768548502
0.9723674214
0.9802148214
0.9866973932
0.9888103972
0.9892320716
0.9884771154
0.9870287492
0.9805511783
0.9454433005
0.02287659459
0.0179399102
0.01849645652
0.03754260195
0.9857168243
0.9837606186
0.0315081481
0.01734993758
0.01835092708
0.03002885605
0.9856180911
0.9873413428
0.9787312375
0.02776888274
0.02273073723
0.9764152951
0.9848257876
0.0222428129
0.01644718201
0.01644716744
0.0164449798
0.01644338558
0.01644301415
0.01644326919
0.01644447472
0.01644838312
0.01645182399
0.01645425334
0.01645835218
0.01953844251
0.02519283747
0.9621410875
0.9865990133
0.987810396
0.9823691419
0.9785044075
0.9798982759
0.9826930267
0.9792080432
0.9739735487
0.03211943852
0.01785282202
0.01646222927
0.01650370084
0.02047697205
0.8537908284
0.9775522687
0.9505465741
0.02072616857
0.01688599033
0.016438215
0.0164375265
0.016439305
0.01644085659
0.01644111175
0.01644063277
0.01643974338
0.01643873512
0.01643790503
0.01643769347
0.0164389378
0.01644157425
0.01644248623
0.01643954803
0.01747848264
0.03831612411
0.9877394278
0.8895027132
0.01921569259
0.01651778826
0.01812371189
0.9004306275
0.9842351276
0.9381278202
0.02653942751
0.9585411783
0.9793124717
0.9847759148
0.979492603
0.9605103332
0.9701007646
0.9748817741
0.9037322023
0.03228046274
0.01642237116
0.01642674698
0.01642834671
0.01643026452
0.01643244865
0.0164348407
0.01643737881
0.01644001104
0.01644268794
0.01644533829
0.0164478815
0.01645025666
0.01645240155
0.01645422939
0.01645569896
0.01645685423
0.01645779321
0.016458531
0.01645882174
0.01645846305
0.01645732216
0.01645538407
0.01645192262
0.01644747756
0.01644488255
0.01644477145
0.01644823747
0.02024550487
0.846260393
0.9570820848
0.9787425829
0.9845441184
0.9862337526
0.9845038814
0.9807929775
0.9781930559
0.977597669
0.9684838488
0.9066621635
0.02840470225
0.9751173752
0.987921625
0.9548777239
0.02032081386
0.01784944528
0.02681796501
0.9834149249
0.9878699157
0.9821944568
0.0258298816
0.01823075254
0.01644408348
0.01999569949
0.9790550703
0.9836239496
0.02140347499
0.01644086955
0.01644061175
0.01643939019
0.01643899939
0.01643942484
0.01644109158
0.01644414762
0.01644747836
0.01645004388
0.01933216554
0.02310651123
0.9252270073
0.02189760185
0.02992307898
0.985206994
0.9842170467
0.9782382587
0.9813143072
0.9856098693
0.9866133213
0.9816579423
0.9557815644
0.02109373013
0.01646456762
0.02035940841
0.1045122172
0.989663741
0.9838311315
0.02740996012
0.01759087856
0.01643607687
0.01644044634
0.01643965911
0.01644006419
0.01644074412
0.01644089084
0.01644060165
0.01644002676
0.01643939357
0.01643896504
0.01643908587
0.01644018995
0.01644212706
0.01644338398
0.01644337411
0.01644756151
0.01646746555
0.02497614837
0.9726519378
0.9739555905
0.02557669425
0.01655686768
0.01734627707
0.02678266938
0.9729108608
0.9532463429
0.0341056179
0.9592315564
0.9847926002
0.9887696073
0.9843673649
0.9749934782
0.9821014541
0.0848914889
0.03228044645
0.0164223408
0.01642668981
0.01642825294
0.01643013361
0.01643228513
0.01643464815
0.01643715598
0.01643974638
0.01644235808
0.01644491768
0.01644735457
0.01644961951
0.01645166363
0.01645343891
0.01645494126
0.01645621416
0.01645728719
0.01645814356
0.01645860912
0.01645852039
0.01645761669
0.01645563811
0.0164522181
0.01644799713
0.01644446326
0.0164421017
0.01644083281
0.01775281587
0.02661021717
0.9706100624
0.2105566318
0.9806798574
0.9809268519
0.9836313393
0.9743518005
0.9657145204
0.9646197979
0.9684129756
0.974155954
0.9765352121
0.9773518952
0.9832613267
0.02924291203
0.01881578716
0.02502481086
0.9808814837
0.9879619759
0.9848851935
0.02861036502
0.01813081979
0.01644154079
0.01644236353
0.01643772486
0.02031567119
0.9808879388
0.9820936715
0.02072148191
0.01643534362
0.01643528399
0.01643523334
0.01643604341
0.01643799536
0.01644114082
0.01644471071
0.01914872107
0.0228764362
0.9235940855
0.02195440056
0.01855121434
0.01645581193
0.02306794626
0.9789489462
0.9801695371
0.9820202107
0.9854944305
0.9852520593
0.9791988192
0.9684608156
0.9694164677
0.02503339263
0.03026391038
0.9850391767
0.9895032957
0.1000317602
0.01998571266
0.01644134103
0.01644071446
0.01644233792
0.01644168557
0.01644126859
0.01644119432
0.01644104698
0.01644075221
0.01644033847
0.01643993589
0.01643972008
0.01643989888
0.01644062406
0.01644165375
0.01644214408
0.01644182678
0.01644270447
0.01644629765
0.01644571816
0.01905115258
0.884278733
0.9882350199
0.04032997746
0.01765914812
0.01652213441
0.02010706961
0.9295395466
0.9746919951
0.9728305692
0.9847839193
0.9901129481
0.9889168193
0.9817433359
0.07643335713
0.08078378154
0.03228040522
0.01642227829
0.01642658669
0.0164281346
0.01643000291
0.016432144
0.0164344921
0.0164369724
0.01643951526
0.01644205309
0.01644450812
0.01644681675
0.01644894768
0.01645086541
0.01645254773
0.01645402038
0.01645533395
0.0164564711
0.01645743667
0.01645810394
0.01645835977
0.01645779484
0.01645601154
0.01645283369
0.01644893482
0.01644481801
0.01644095181
0.01789101836
0.02474714908
0.9578100828
0.9735879123
0.9821309045
0.06109433781
0.0289840021
0.9770930894
0.9768027121
0.962355096
0.9639134841
0.9729332837
0.9803832188
0.9848050012
0.9824993238
0.9440762288
0.02460149935
0.02545015217
0.9804429359
0.9883312575
0.9869058585
0.03269441835
0.01868149586
0.01644320184
0.01644487759
0.01644501877
0.01644255416
0.01644079426
0.02090561524
0.982544061
0.9803959839
0.02014337135
0.01643141563
0.01643224167
0.01643339529
0.01643616371
0.01643997064
0.01897137969
0.0226199557
0.9234879376
0.02221215544
0.01869119201
0.016450368
0.0164557616
0.01645254427
0.02468516625
0.9714893946
0.9814982579
0.984788861
0.9824183121
0.9707423184
0.9490254311
0.9639270646
0.9466337785
0.966307442
0.9787171294
0.8297882228
0.02007934223
0.01649610544
0.0164398436
0.0164401394
0.016441747
0.01644182985
0.01644172252
0.01644152948
0.01644126294
0.01644094548
0.01644060325
0.01644031762
0.01644018577
0.01644031018
0.01644068826
0.01644110349
0.01644113509
0.01644072428
0.01644080204
0.01644145202
0.01643952496
0.01643206088
0.01731785119
0.8149086314
0.9877614303
0.9343062326
0.01868124821
0.02041619169
0.03485852884
0.9701236674
0.9802849976
0.9828047905
0.987430453
0.9868312164
0.9808185025
0.9781534163
0.06307943375
0.03228034072
0.01642218544
0.01642644029
0.016427994
0.01642987567
0.0164320318
0.01643438391
0.01643684579
0.01643934409
0.01644180873
0.01644415086
0.01644631181
0.01644828774
0.01645005098
0.01645159752
0.01645298556
0.01645427617
0.01645538501
0.01645641325
0.01645731555
0.01645812084
0.01645818118
0.01645693763
0.01645437592
0.01645092425
0.01644967115
0.01873140002
0.02804666235
0.9681437555
0.9775876578
0.03902334725
0.02903756564
0.9818634649
0.02414544261
0.02208690014
0.976763757
0.9755245896
0.9740560085
0.9799698015
0.9843699597
0.9863544397
0.982984505
0.9571939114
0.03619211356
0.9826089452
0.988353557
0.9880817027
0.03738325067
0.01927735621
0.01644985215
0.01644850914
0.01644949398
0.01644857654
0.0164465051
0.01644620751
0.01644528628
0.02161431153
0.9840374415
0.9785007034
0.01968403086
0.01643006082
0.01643234021
0.01643648281
0.01879695449
0.02238646179
0.9234592076
0.02244869243
0.01885620385
0.01644891941
0.01645194418
0.01645038675
0.01822925407
0.02532991779
0.9592450606
0.978340076
0.984363092
0.9819752038
0.9690483524
0.9659563696
0.9775455916
0.9748372559
0.9732700961
0.9625474066
0.02159173635
0.01691374001
0.01643968537
0.01643957207
0.0164403703
0.01644163744
0.01644207008
0.01644210962
0.01644189649
0.0164415438
0.01644116348
0.01644081365
0.01644056163
0.01644044648
0.01644051132
0.01644066269
0.01644075787
0.01644067034
0.01644041618
0.01644062268
0.01644105468
0.01644059486
0.01643808397
0.01643997166
0.01703515105
0.02798045728
0.979835062
0.9419331266
0.03625383952
0.9798182461
0.9737636731
0.9751681651
0.9770641323
0.9816876597
0.9814796322
0.9757296786
0.9724291018
0.09548460679
0.03228025446
0.01642206451
0.01642625571
0.01642783784
0.01642976084
0.01643196161
0.01643434002
0.01643679527
0.01643925792
0.01644166038
0.01644388758
0.0164458831
0.01644768809
0.01644926836
0.01645063789
0.01645191085
0.01645315563
0.01645411129
0.01645505255
0.01645609631
0.01645766131
0.01645855783
0.01645781716
0.01645495154
0.01645563795
0.01938937611
0.03281715645
0.9742698997
0.9738170592
0.0324054893
0.01978437344
0.01651762929
0.02561327348
0.9785132937
0.02410473801
0.03753108061
0.9798365906
0.981157494
0.9836921651
0.9857783011
0.9866588117
0.9845236919
0.9786210512
0.9803266559
0.9885287804
0.9884073072
0.04111712999
0.01976863854
0.01645833157
0.01645392904
0.01645374061
0.01645314526
0.01645161844
0.01644976962
0.01644895588
0.01644963193
0.01645081921
0.0225009981
0.9853143678
0.9759959357
0.0195900648
0.01643279979
0.01865751884
0.02206382424
0.9231428008
0.02271222465
0.01903871062
0.01645589145
0.01645501492
0.01645064139
0.01815312297
0.02437441461
0.9537106581
0.9716125983
0.9735967667
0.9831947413
0.9840562973
0.9737929516
0.9700867372
0.9826807906
0.9830613315
0.9709619445
0.02937169761
0.0182910585
0.01644251107
0.01644616116
0.01644433777
0.01644344066
0.01644331167
0.01644312651
0.01644282617
0.01644238157
0.01644185586
0.01644135279
0.01644093194
0.01644066274
0.01644053261
0.01644056804
0.01644058282
0.01644049559
0.01644040353
0.0164403057
0.01644071324
0.01644103204
0.01644179214
0.01644018393
0.01644369606
0.01645545276
0.0178893887
0.02863155083
0.9677447927
0.9797635699
0.9802570298
0.9656237509
0.9405245319
0.9404768173
0.9655078177
0.9703085447
0.9721366641
0.975192
0.9317111134
0.0322801474
0.01642191811
0.01642604065
0.01642767732
0.01642967288
0.01643195296
0.01643438099
0.01643683861
0.01643927701
0.01644164087
0.01644375895
0.01644557533
0.01644720582
0.01644856981
0.01644971289
0.01645087197
0.01645214565
0.01645282826
0.0164534381
0.01645415982
0.01645651942
0.01645830759
0.01645706287
0.01645564725
0.01935446436
0.03556459846
0.9790657948
0.9694728807
0.02786855645
0.01869774947
0.01649225475
0.01649571185
0.01846676829
0.03579159712
0.9563779951
0.9563642392
0.9761505847
0.981893629
0.9836341286
0.9850548087
0.9863913047
0.9873146826
0.9874294468
0.9851862438
0.9849325489
0.04442646269
0.02033733082
0.01646706508
0.01645946933
0.01645810051
0.01645657472
0.01645498494
0.01645328655
0.01645156008
0.01644984954
0.01644880886
0.01645259018
0.01646184769
0.02444714201
0.9866858999
0.9693168088
0.02140699662
0.0227075814
0.9271505256
0.02288463253
0.01922466531
0.0164732217
0.01646650539
0.01651066407
0.01953782086
0.02781246163
0.9717594039
0.9788504386
0.9778873069
0.9717303168
0.9824112077
0.9845940766
0.9817266471
0.9703859208
0.9745248611
0.9838270971
0.9737120024
0.02110056032
0.01645067121
0.01644884235
0.0164496992
0.01644798596
0.01644624131
0.01644517183
0.01644433845
0.01644358952
0.01644284159
0.01644209607
0.01644143632
0.01644089871
0.01644058548
0.01644042638
0.0164404709
0.0164403783
0.01644017414
0.01644009267
0.01644007263
0.01644112659
0.0164410775
0.01644323691
0.01644328322
0.01646444735
0.01876432095
0.02397394374
0.9164111396
0.9698572788
0.9823999365
0.9838306304
0.9683360127
0.9467946545
0.9430950426
0.9615542311
0.9655280753
0.9712801648
0.980774172
0.9617061099
0.03228001946
0.01642174921
0.01642580618
0.01642752932
0.01642963285
0.01643203384
0.01643453087
0.01643698852
0.01643941278
0.0164417764
0.01644379355
0.01644542839
0.0164469254
0.01644802312
0.01644884692
0.01644992131
0.01645144076
0.01645183319
0.01645201503
0.01645167398
0.01645398546
0.01645604316
0.01645728646
0.01903175982
0.0335442616
0.9798945568
0.9737179775
0.02608995117
0.01793715396
0.01655318975
0.01798916649
0.02210426635
0.03929084505
0.9713767616
0.9749347477
0.9738667045
0.9723060362
0.9736588283
0.9785945867
0.980884439
0.9826828762
0.9862342633
0.9883604285
0.9866205754
0.9525656264
0.02065552121
0.01647585221
0.01646207917
0.01646002329
0.01645813926
0.01645660593
0.01645462546
0.01645308743
0.01645163497
0.01644934806
0.01644612808
0.01644955764
0.0164551914
0.01753253872
0.03806192774
0.9838570757
0.9520564538
0.9060210671
0.0240966629
0.0194566337
0.01648320614
0.01646978425
0.01717141021
0.02224190844
0.07761635146
0.9864714906
0.9881529925
0.9871438274
0.9849416263
0.9800530164
0.9841385231
0.9818737159
0.9784638013
0.9665197522
0.02948015612
0.9698601692
0.9877370256
0.03677800897
0.01645656384
0.01645008601
0.01645172179
0.01644976715
0.01644789854
0.01644648983
0.01644529428
0.01644419901
0.01644317968
0.01644221557
0.01644139153
0.01644068459
0.01644028705
0.01644006566
0.01644018192
0.01643985593
0.01643942288
0.01643942477
0.01643864845
0.01643979564
0.01643921436
0.0164444763
0.01741307606
0.02163903921
0.04563016734
0.9788844784
0.9792986473
0.9817939415
0.9835352538
0.9839115951
0.9752919769
0.9570407793
0.9342595726
0.9485031254
0.08548904836
0.9737163826
0.9848455343
0.9770923974
0.03227986918
0.01642156197
0.01642556836
0.0164274175
0.0164296712
0.01643224755
0.01643481687
0.0164372439
0.01643966458
0.01644208954
0.01644398377
0.01644543403
0.01644698037
0.01644778639
0.01644804745
0.01644907359
0.01645132173
0.01645133687
0.01645196026
0.01645051403
0.01645340103
0.01645490141
0.01942716256
0.03329884453
0.980498429
0.9790043289
0.02829897114
0.0197143276
0.01923025846
0.02928531568
0.08350359651
0.9737325729
0.9873562969
0.9878132977
0.9846396361
0.9816835909
0.9789672029
0.9762498063
0.9760833962
0.976299467
0.9743223617
0.9786785307
0.982383137
0.9853680195
0.9832859901
0.02178153815
0.0164541328
0.01645528331
0.01645571238
0.01645553951
0.01645478332
0.01645244654
0.01645113038
0.01644974848
0.01644697583
0.01644306633
0.01645185016
0.01840964575
0.02192031759
0.6409829598
0.9699380179
0.9822420269
0.03479218057
0.01919427761
0.0164987772
0.01660672829
0.01916004574
0.02510989509
0.9546926744
0.9901981552
0.9921481184
0.9919501894
0.9893125272
0.9880317855
0.9854092431
0.9715662787
0.04634920417
0.9779167528
0.9791425212
0.0214677841
0.02089225511
0.987074152
0.9887004795
0.02201745638
0.01645013486
0.01645287573
0.01645027809
0.01644828984
0.01644700075
0.01644577058
0.01644451489
0.01644333562
0.01644220136
0.01644125881
0.01644033854
0.0164397759
0.016439323
0.01643963036
0.01643889602
0.01643753916
0.01643745016
0.01643609864
0.0164382657
0.01719676143
0.02003282971
0.03129059419
0.9571525151
0.9878312823
0.9898288542
0.9874897835
0.9862496955
0.9866305917
0.9877336829
0.9831269011
0.9768345482
0.9766678604
0.975850625
0.9651875835
0.9680054316
0.9856752185
0.9812989437
0.03227969377
0.01642136521
0.01642535308
0.01642737125
0.0164298286
0.01643267226
0.0164352773
0.01643756664
0.01644000356
0.01644263175
0.01644427375
0.01644542555
0.01644744609
0.01644818118
0.01644748802
0.01644793769
0.01645173431
0.01645051763
0.01645122195
0.01644985931
0.01646217624
0.01873468832
0.02434327339
0.9469074452
0.9605275027
0.04230073231
0.0333969885
0.05582445348
0.9663588023
0.9807642723
0.9923104172
0.9917434732
0.9894792076
0.989009751
0.9857349909
0.9841575583
0.9833182938
0.982138034
0.9816632006
0.9797549768
0.9718465451
0.9712521361
0.9562172302
0.9695635495
0.9841376718
0.03503403547
0.01646150573
0.01645354609
0.01645320784
0.01645350206
0.01645320538
0.01644949187
0.01644771143
0.0164458807
0.01644051084
0.01691837899
0.02111244529
0.03191293747
0.9396047449
0.9382656887
0.03034043481
0.9771622361
0.9853454044
0.01998845528
0.0173849403
0.02270872465
0.111317121
0.9861999256
0.9898235956
0.9916690694
0.9925027319
0.9915186034
0.9886997322
0.9604693404
0.03696463927
0.02239344935
0.01858217182
0.02639716596
0.9869195881
0.03489653157
0.01645368839
0.02860361169
0.9888901545
0.9821522115
0.01887655811
0.01645144917
0.01644827152
0.01644705853
0.01644656989
0.0164456839
0.01644447178
0.01644329909
0.01644208703
0.01644112518
0.01644001425
0.01643929751
0.01643810735
0.01643849439
0.01643722173
0.01643484409
0.01643424673
0.01705962788
0.01931738476
0.0274541072
0.9284902216
0.9849171093
0.9894838422
0.9896319641
0.9904117889
0.9883871947
0.9893822276
0.9889339197
0.9902051671
0.9892453055
0.9559630807
0.7461684135
0.03529251188
0.02583169793
0.0379629634
0.9857448675
0.9801065945
0.03227949091
0.01642117997
0.01642521291
0.01642742358
0.01643014026
0.01643345287
0.01643601162
0.01643786838
0.01644028803
0.01644350671
0.01644468041
0.01644499641
0.01644801956
0.01644915738
0.01644785884
0.01644675112
0.01645002447
0.01644619795
0.01645212495
0.01746129876
0.02093222079
0.03610874682
0.9670529442
0.9545995686
0.857392129
0.9449004856
0.9810824302
0.9920272498
0.9918316163
0.9903939326
0.9911460376
0.9913699034
0.9895294884
0.9885506903
0.9875078821
0.9886630255
0.9870625206
0.9851317588
0.9854343434
0.9858410733
0.9720241339
0.9313602656
0.03101257709
0.9399482764
0.9806444595
0.9418038809
0.01769311743
0.01644925915
0.01644994249
0.01645116162
0.01645260089
0.01644719073
0.01644534025
0.01644405566
0.01762472233
0.02247075221
0.6136501201
0.9786864696
0.6181204652
0.02281054634
0.01882533676
0.02613261585
0.9852687556
0.05519931343
0.02920028774
0.9632372874
0.9901417954
0.99221964
0.992629394
0.9913677053
0.9887589386
0.9828047308
0.04995630281
0.02187490142
0.01759768741
0.01646271013
0.01645131824
0.01790043489
0.9796427533
0.9853473205
0.01902321891
0.01730258925
0.9186492576
0.9915428667
0.09549459394
0.01651026034
0.01644605474
0.01644527903
0.01644574685
0.01644526423
0.01644414903
0.01644311514
0.01644195711
0.01644121384
0.01643982013
0.016439607
0.01643737368
0.0164374684
0.01643457204
0.01696390396
0.01879728681
0.0244807454
0.8506530537
0.9818004825
0.9883947931
0.9894919442
0.9911773837
0.9905556332
0.990752865
0.9887018702
0.989414443
0.9877439401
0.9721730235
0.05262639733
0.02496684429
0.01835799452
0.01751362039
0.0165383585
0.02514233172
0.9888744173
0.9824239559
0.03227928801
0.0164210465
0.01642526532
0.0164276306
0.01643058911
0.01643478689
0.01643726455
0.0164381866
0.01644015997
0.01644448097
0.01644524253
0.01644390039
0.01644715032
0.01644739311
0.01644688849
0.01645311571
0.01664346145
0.01795372259
0.02147478813
0.0350847267
0.9521492291
0.9847740284
0.986013935
0.9801906622
0.9776172313
0.9828101682
0.9880350807
0.9904392437
0.9914850437
0.9906657821
0.9907294891
0.9901720429
0.9896915106
0.9881668202
0.9867651098
0.9892860381
0.9900749045
0.9766496786
0.9373152646
0.4914742078
0.02882143594
0.01988691691
0.01807749457
0.0260583953
0.985817665
0.9799061342
0.01991945286
0.01644237341
0.01644560735
0.01644755119
0.01645117759
0.01644630199
0.01644795839
0.01820516605
0.02429623679
0.8233114956
0.9662304473
0.03357006822
0.02122143218
0.01711299116
0.018248954
0.02284938309
0.9776313503
0.9853461486
0.9868453269
0.9898948879
0.9912413186
0.9923016278
0.9916047532
0.9886758901
0.925055269
0.02311567769
0.01850168273
0.01646745139
0.01645065433
0.01644986381
0.01644907243
0.01644339343
0.02626057884
0.987106005
0.03086345338
0.01644469755
0.01811775812
0.9823776755
0.9921859931
0.02558160743
0.01644253866
0.01644223168
0.01644431682
0.01644440217
0.01644352014
0.016442881
0.01644173568
0.01644196992
0.01644022873
0.01644078589
0.01643957143
0.01645777733
0.01810756563
0.02268139246
0.5344386922
0.9796363269
0.9873782759
0.9893073899
0.9911314162
0.9909877549
0.9916193975
0.9901263958
0.9896157418
0.9854110708
0.9560672874
0.03708704635
0.02182858742
0.01790781678
0.01653855661
0.01651851316
0.01650772734
0.01648894298
0.02266027529
0.9858391957
0.9799820612
0.03227935543
0.01642105152
0.01642571331
0.01642816573
0.01643108652
0.0164366964
0.01643901871
0.01643883062
0.01643962647
0.01644301358
0.01644146375
0.01644115648
0.01645262525
0.01717090041
0.01785717712
0.02043509899
0.03369392857
0.2339804696
0.9767854231
0.9882593783
0.9897479124
0.988168664
0.9876624832
0.9839764638
0.9843963523
0.9871706406
0.9887143015
0.9893639878
0.9893329684
0.9901308422
0.9893747797
0.9887752161
0.9889397319
0.9847801732
0.9536146378
0.9068797466
0.04138635134
0.02637292664
0.01935432922
0.01783685908
0.01718463561
0.01648428137
0.01646795969
0.01935905435
0.9764446296
0.9865520023
0.02799555622
0.01644769345
0.0164461301
0.01644562511
0.01644647344
0.01664191471
0.0193695331
0.02501080301
0.9058417141
0.9181005458
0.02465248205
0.0203590384
0.01854497443
0.02660447766
0.06120512519
0.9763959799
0.9856620406
0.990269357
0.9907344142
0.9917682004
0.9903961289
0.9881991685
0.9829270766
0.04645959026
0.02097913182
0.01700831553
0.01644045187
0.01644289658
0.01644730149
0.01644919334
0.01644729714
0.01644354744
0.01816960046
0.9819372231
0.9836071242
0.01851053993
0.01644662155
0.02299792613
0.9911970504
0.9846257965
0.01859745997
0.01643681094
0.01644201084
0.01644310815
0.016442435
0.01644280273
0.01644120143
0.01644175051
0.01643992729
0.01644782103
0.01752956288
0.02172894295
0.04808611618
0.97936738
0.9881592402
0.9905066538
0.9914486266
0.9914767511
0.9921255515
0.9909653036
0.9907450195
0.9872587042
0.9555870789
0.03208226611
0.02056116883
0.01761427163
0.01656252061
0.0165628928
0.0165446478
0.01653361018
0.01651275341
0.01647705363
0.02131790032
0.9809129065
0.9750333375
0.03228126794
0.01642153149
0.01642676371
0.01642917553
0.01643183362
0.01643827296
0.0164378684
0.01643798339
0.01644606155
0.01679322633
0.01764877747
0.01885447587
0.02516345782
0.04048957686
0.9371979687
0.9699588076
0.9877707342
0.9936274735
0.9930541155
0.9913704534
0.991177004
0.9891060573
0.9872736356
0.9851905073
0.9856650217
0.9870462516
0.98777588
0.9885237654
0.9871546709
0.9879990425
0.9857369832
0.9539468856
0.6270890674
0.02980796217
0.02112597768
0.01805325927
0.01735245467
0.01649270992
0.01647877428
0.01647516739
0.01647657337
0.0164749302
0.01648848265
0.01785533601
0.9264611793
0.980045394
0.9381772304
0.01777383713
0.01645341268
0.01646272204
0.01743552557
0.02300310136
0.397495378
0.9771139083
0.9316167684
0.02541672846
0.0247320017
0.0327137733
0.9256671079
0.9750187644
0.9912932893
0.9912995925
0.9912010356
0.9924435329
0.9929284509
0.9926038461
0.9898739297
0.9422284307
0.02372669574
0.01861005651
0.01646052148
0.01644756411
0.01644799596
0.0164471391
0.01644763157
0.01644843095
0.01644752882
0.01644613919
0.01644298369
0.02868527912
0.9870583875
0.02793318352
0.0164480004
0.01646947054
0.05201207777
0.9908709656
0.9530471438
0.01757992125
0.01644138242
0.01644292007
0.01644154689
0.01644214181
0.01644047925
0.01644742693
0.01749343168
0.02113508659
0.03794699523
0.9699966847
0.9901442154
0.9921762326
0.992198682
0.9923786949
0.9926505934
0.9917000997
0.9916371112
0.9890019034
0.9670730827
0.03531017863
0.02083659641
0.01753152586
0.01661555673
0.01663840941
0.01661696118
0.01660223087
0.01656742312
0.01653043834
0.01649853064
0.01646648729
0.02039586474
0.9726595523
0.9673203083
0.03229295809
0.0164243638
0.0164272725
0.01642856097
0.0164344179
0.01647375873
0.01733297764
0.01821521665
0.02162913172
0.03710060654
0.5849189103
0.9742585777
0.9844888471
0.9924540681
0.992662392
0.9918458655
0.9925508327
0.9931695456
0.9932628379
0.9918537797
0.990590172
0.988743032
0.9867213058
0.984102441
0.9830540099
0.9833339644
0.9836114015
0.9825555573
0.9722589954
0.8663422203
0.03072069949
0.02107725638
0.01782319881
0.0171447374
0.01648040787
0.01648110978
0.01648615
0.01648240244
0.01648891782
0.01648985566
0.0164812607
0.01647085087
0.01645686302
0.01757982275
0.03917336071
0.9766227395
0.961257957
0.02205121075
0.01738943023
0.01827590568
0.02286353441
0.01126350811
0.9674723138
0.1690711853
0.1152002415
0.1011552768
0.9768165307
0.9878653602
0.9897411489
0.9897296333
0.9910347254
0.9916579569
0.9901987927
0.9902817775
0.9891650613
0.9865721474
0.06672419333
0.02207400026
0.01710336116
0.01644415023
0.0164446846
0.01644758882
0.01645050733
0.01644956819
0.01644890736
0.01644867445
0.01644816174
0.01644827377
0.01644922387
0.0186305783
0.9838166641
0.9813520769
0.01812051267
0.01645831352
0.0183718843
0.9767193888
0.9893768166
0.03357218771
0.01644944179
0.01644502035
0.01644173804
0.01644684446
0.01745166373
0.02105077122
0.03699505053
0.9684301385
0.9890358433
0.9915634831
0.9922361747
0.993100004
0.9930217688
0.9922651094
0.9921539106
0.9900383187
0.9733968488
0.0407443371
0.02165935415
0.01775157819
0.01670794192
0.01674592892
0.01671508194
0.01669670883
0.0166509914
0.01660288126
0.0165589543
0.01652044389
0.01648930167
0.0164624776
0.01976456841
0.9580584537
0.9554218902
0.03234119973
0.01643610242
0.01695158588
0.01767775357
0.02004273925
0.03010482454
0.07725348901
0.9728406292
0.9832465432
0.9915870037
0.994720699
0.9944539957
0.9937972493
0.9941860496
0.9946046311
0.9941810565
0.9939722295
0.9935087082
0.9927774595
0.9919379886
0.9907824693
0.9888020346
0.9860883795
0.9814574598
0.9734381296
0.9565519955
0.9350689624
0.9257932154
0.023982543
0.01871964649
0.01730104208
0.01649027965
0.0164751772
0.01647777696
0.01647445987
0.01647856886
0.01648316483
0.01647985365
0.0164838767
0.01649970632
0.0165298842
0.01732465356
0.01772429142
0.01930267556
0.4894449894
0.9781028537
0.9677654968
0.8515050849
0.02926496633
0.7027462265
0.9176234407
0.9725957083
0.9553426637
0.9682896723
0.9860443081
0.9912886955
0.9923098019
0.9911211941
0.9923876218
0.9912223958
0.9911446745
0.9911052942
0.9879122916
0.9764986187
0.9712440692
0.02405663598
0.01903306647
0.01648553408
0.01645788461
0.01645487992
0.01645068376
0.01645027667
0.01645177322
0.01645167676
0.01645120379
0.01645069353
0.01644992546
0.01644938653
0.01645470456
0.01648323213
0.02962010301
0.9866220032
0.02652358014
0.0164539454
0.01646562616
0.02082401598
0.9871396139
0.9887758795
0.02259472064
0.01645002224
0.01739829277
0.02075618593
0.03495272266
0.9653551437
0.9884783994
0.991342296
0.9917532187
0.9927921562
0.9932470058
0.9926935074
0.9924409112
0.9906052607
0.9757855887
0.0453600456
0.02237482944
0.0180543638
0.01686410731
0.01691724574
0.01687912567
0.0168393864
0.01676791027
0.01670141647
0.01664220034
0.01659133655
0.01654837093
0.01651328818
0.01648608205
0.01646397339
0.01926349211
0.9255445297
0.9387323837
0.0638639549
0.02503792478
0.03829668788
0.959418372
0.9813956693
0.9911077112
0.9950558715
0.9951823693
0.9947359957
0.9951950423
0.9956308712
0.9958110505
0.9955117772
0.9953353614
0.9951187696
0.9949820876
0.9947447672
0.9941877618
0.9934257684
0.992603823
0.9916246888
0.9900979586
0.987885782
0.9843351817
0.9781801558
0.9656653762
0.9605683666
0.0903076696
0.06566499142
0.03985835754
0.03312844346
0.03103747547
0.03010272922
0.02959600348
0.02925574665
0.02901372614
0.02888178508
0.02895463319
0.02956042575
0.03187972034
0.04447751723
0.05734047294
0.8646348363
0.8759168722
0.9681409573
0.9818640592
0.9829120324
0.9780408115
0.97859201
0.9842365189
0.9810413125
0.9800037339
0.9796374963
0.9809446448
0.9865098787
0.9892137514
0.991553316
0.9900526932
0.9911903479
0.9902884343
0.9763265113
0.9169542713
0.0339289662
0.02716714974
0.02493630689
0.0172351422
0.01646009325
0.01645841974
0.01645791878
0.0164573243
0.01645428122
0.01645327955
0.01645400007
0.01645447144
0.01645483197
0.01645509961
0.01645504577
0.01645267956
0.01645363377
0.01646148107
0.01993169923
0.9839593887
0.9811656111
0.01879813094
0.01646727873
0.01651558323
0.03583846775
0.9864593199
0.9652319986
0.02450640842
0.03305267646
0.9588812349
0.9873164647
0.9907409614
0.9910854498
0.9923574869
0.9924026595
0.9925708817
0.9929357589
0.9915509378
0.9776978728
0.04908925012
0.02288820999
0.01841587417
0.01712101862
0.01719594997
0.0171592664
0.01707954262
0.01696130186
0.01685378507
0.01676031077
0.01668675629
0.0166271904
0.0165799827
0.01654195312
0.01651145105
0.01648797611
0.01647084366
0.01950633132
0.9024550662
0.908501044
0.9869064376
0.9923162939
0.9948114404
0.9954687892
0.9954642791
0.9959921856
0.9964282813
0.9967199178
0.9965502589
0.9964966888
0.9963914924
0.9962909691
0.9962304556
0.9960919736
0.9958464787
0.9956229605
0.9953637889
0.9949141138
0.9943283321
0.9937000002
0.9930182701
0.9921950253
0.9912717337
0.9903569035
0.9897498259
0.9898606979
0.990803679
0.9934760494
0.9948978841
0.9951034808
0.9947651008
0.9945419615
0.9943999188
0.9942996172
0.9942194659
0.9941493985
0.9940869633
0.9940358252
0.9940060863
0.9940176757
0.9941160568
0.9946113352
0.992574648
0.9894778291
0.9897779994
0.990874937
0.9913409931
0.9907556987
0.9889485846
0.9882642544
0.9862506096
0.9847968381
0.9832297267
0.9833863363
0.9836352746
0.9831931519
0.9848523609
0.9809337577
0.963600073
0.04002496675
0.02340861077
0.01819970494
0.017203021
0.01893262323
0.9604237888
0.02006313335
0.01647093883
0.01645716734
0.01645403739
0.01645293632
0.016451684
0.01645135109
0.01645207799
0.0164532401
0.01645512261
0.01645841158
0.01646478422
0.01647873493
0.01651303047
0.01749237188
0.01902779564
0.06564460889
0.9817828245
0.03018224355
0.01982734421
0.02670024324
0.0599762589
0.9860717158
0.9830233537
0.9768055742
0.9869997583
0.9899146452
0.9901052527
0.9916758021
0.9913151478
0.99168141
0.9911189861
0.9895887823
0.9838392818
0.07214203174
0.02414736785
0.01892126079
0.01753709551
0.01767329557
0.01763542666
0.01747119784
0.017276379
0.0171082555
0.01695761046
0.01683889878
0.01674353007
0.01667103792
0.01661457691
0.01657138048
0.01653844036
0.01651315898
0.01649356895
0.01647264472
0.01897007102
0.6974693546
0.9163493419
0.9928648391
0.9963884387
0.9970936758
0.99745931
0.997431861
0.9974327639
0.99738469
0.9973230245
0.9972897363
0.9972170273
0.9970576062
0.9968972418
0.9967755404
0.9966375065
0.9964312272
0.9962041451
0.9959441365
0.9955984355
0.9951882863
0.9947639826
0.9943476034
0.9939483415
0.993622322
0.9934492357
0.993519673
0.9938563915
0.9943592624
0.9948965521
0.9958304766
0.9960747273
0.9961519238
0.9961674192
0.9961543625
0.9961315581
0.9961039584
0.9960716246
0.996031562
0.9959771391
0.9958960748
0.9957674444
0.9955606849
0.9952576443
0.9949129085
0.9939366717
0.993662457
0.9938241515
0.9939176789
0.9935756173
0.992606678
0.9909432208
0.989204191
0.9878109839
0.9857799304
0.982951744
0.9771520086
0.9590910775
0.9342484276
0.0441236071
0.02960152163
0.02401216331
0.02193290711
0.02157249321
0.02146547007
0.02210024748
0.02913466291
0.02553526518
0.02053102363
0.02111327904
0.0215357339
0.02195508788
0.02240133779
0.02288488395
0.02341171738
0.02399091226
0.02464739161
0.02545793026
0.02668447383
0.02940710338
0.04197658434
0.0550965434
0.8750821567
0.9641507492
0.9824349172
0.9773693114
0.9634151332
0.9797334313
0.9903176447
0.9911019495
0.9908271598
0.9903188956
0.9899783099
0.9908127748
0.9904125243
0.991160625
0.9897250423
0.9885723705
0.9834954469
0.8756985359
0.0251923732
0.02004977322
0.01802193125
0.01836026887
0.01843109591
0.0181457534
0.01779349063
0.01751030904
0.01727490814
0.01710054818
0.01694680273
0.01682612639
0.01673046299
0.01665903177
0.01660503539
0.01656537417
0.01653664462
0.01651549408
0.01650234782
0.01648802621
0.01902014458
0.8889248861
0.9271182156
0.9954065515
0.9975780933
0.9979744224
0.9981196116
0.9981488762
0.9981096718
0.9980055802
0.9978881645
0.9977913169
0.9976915417
0.9975443362
0.9973834561
0.9972342675
0.997079292
0.9968950995
0.9966897691
0.9964590164
0.9961909305
0.9959012359
0.9956167942
0.9953584887
0.9951455526
0.9950075527
0.9949720901
0.9950543012
0.9952338157
0.9954470799
0.9956228913
0.9957834722
0.9959802598
0.9961091358
0.9961919702
0.9962306385
0.9962418212
0.9962368702
0.9962198847
0.9961893958
0.9961388924
0.9960568815
0.9959284735
0.9957441731
0.9955298509
0.9953709342
0.995309463
0.995246066
0.995228222
0.9951563012
0.9948589814
0.9942107407
0.9931674009
0.9919420991
0.9907910199
0.989404568
0.9876021922
0.9849594129
0.9815232121
0.9791231155
0.984737504
0.9882873409
0.9870922353
0.9872207761
0.9866572148
0.986201916
0.9861011283
0.9873599011
0.9860158215
0.9845244331
0.9851603888
0.9863792638
0.9873829309
0.9882640124
0.9890506161
0.9897564748
0.9903910551
0.990961839
0.9914748134
0.9919360147
0.9923603826
0.9928077102
0.9937405876
0.9910936123
0.9876023784
0.9889893132
0.9885017963
0.9870610802
0.986633122
0.987972705
0.9903537217
0.9913061363
0.9921561242
0.9918777019
0.9916793109
0.9901535581
0.989734625
0.9852759796
0.9277465414
0.0273971233
0.02085454438
0.01910055403
0.01879449548
0.01927564197
0.01917733955
0.01866516147
0.0182216943
0.01779819673
0.01750786615
0.01727558348
0.01710911294
0.01694547255
0.01682057292
0.01672230575
0.01665148808
0.01659900282
0.0165626603
0.01653784662
0.01651993311
0.01651253579
0.01652170485
0.01766187621
0.8465245263
0.1311806053
0.9970142172
0.9983492023
0.998532032
0.9985873751
0.9985704864
0.9985100475
0.9984066117
0.9982856774
0.9981673143
0.9980460771
0.9979054996
0.9977535003
0.9976000337
0.9974409433
0.9972683992
0.9970835389
0.9968844055
0.9966710128
0.9964553878
0.9962534919
0.996079033
0.995944533
0.9958625314
0.9958401306
0.9958751286
0.9959493325
0.9960273892
0.9960723945
0.9960895858
0.9961301041
0.9962079042
0.9962799454
0.996328648
0.9963554221
0.9963665857
0.996366316
0.9963551332
0.9963302948
0.9962870269
0.9962217947
0.9961402719
0.9960704629
0.9960566115
0.9960986387
0.9961274688
0.9960996348
0.9959960264
0.9957554494
0.995322234
0.994686352
0.993936088
0.993174284
0.9923851858
0.991587115
0.9908390106
0.9903982726
0.9905667181
0.991175539
0.992650007
0.9929800288
0.9929494749
0.9928694584
0.9928147117
0.9928119763
0.9929213538
0.9929635454
0.9927163722
0.9925787613
0.9927170026
0.992911625
0.9931086431
0.9932997944
0.9934823783
0.9936534857
0.993807117
0.9939306216
0.9939992517
0.9939690475
0.9937740749
0.993373346
0.9929146406
0.9915540615
0.9913061481
0.9911912316
0.9901506435
0.9885119791
0.9874679361
0.9881042643
0.990472468
0.9923132575
0.9916970201
0.9914853667
0.9884905476
0.9607483386
0.03215185813
0.02083152255
0.01860496473
0.01849149464
0.02010207751
0.02033165414
0.01955712031
0.01939809335
0.0187866155
0.01829793037
0.01782699945
0.01754755627
0.01730187428
0.01714944829
0.01695506843
0.01682340689
0.01671930263
0.01665031109
0.01659766954
0.01656441562
0.01654424732
0.016529103
0.01652733069
0.01654411965
0.01657597867
0.03796043993
0.9433080732
0.9981271335
0.9988658982
0.9989167986
0.998906318
0.9988569147
0.9987804198
0.9986798578
0.9985649998
0.9984447779
0.998318838
0.9981822337
0.9980373125
0.99788709
0.9977307765
0.9975668181
0.9973964864
0.9972205111
0.9970422118
0.9968706098
0.9967161157
0.9965872895
0.9964904505
0.996429102
0.9964018461
0.9964017338
0.9964153106
0.996423548
0.9964094065
0.9963776642
0.9963594609
0.9963747639
0.9964102514
0.9964456053
0.996473863
0.9964948768
0.9965104356
0.9965219104
0.9965299126
0.9965351208
0.996540142
0.9965523614
0.996585326
0.9966491569
0.9967271809
0.9967773241
0.9967685949
0.9966827942
0.996497714
0.9961947706
0.9957770485
0.995286524
0.9947762341
0.9942789764
0.9938378055
0.9934986479
0.9933315296
0.9933658959
0.9935076137
0.9936898765
0.993933566
0.994051319
0.9940746705
0.9941038855
0.9941476196
0.9942153132
0.9942369381
0.9941302946
0.99396674
0.9938667396
0.9938165851
0.9937835004
0.9937537361
0.9937231444
0.9936889233
0.9936459066
0.9935832032
0.9934800946
0.9933033837
0.9930186193
0.9926563425
0.9923944465
0.9923408867
0.9921274356
0.9916034963
0.9904968577
0.988748699
0.9872175256
0.9876147003
0.9881664694
0.9904449771
0.9897748121
0.9744759889
0.04119108355
0.0215708309
0.01786234034
0.01727647713
0.01821739367
0.01908269015
0.01977365296
0.02029388602
0.01988715815
0.01931050037
0.01851005036
0.01804360932
0.01764672196
0.01743854744
0.01728965006
0.01708924865
0.0168931938
0.01676630754
0.01668119188
0.01661727242
0.01657801628
0.01654946451
0.01653253482
0.01652873787
0.01652730183
0.01656000571
0.01657943967
0.0288828392
0.9742646652
0.9989514091
0.999224787
0.9991794387
0.9991231891
0.9990532712
0.9989702302
0.9988738275
0.9987668464
0.9986519273
0.9985290404
0.9983971527
0.9982574976
0.9981112529
0.9979585647
0.9978000248
0.9976376876
0.9974742964
0.9973148987
0.9971674641
0.9970402264
0.9969393093
0.9968675202
0.9968233205
0.9968000652
0.9967867497
0.9967698564
0.9967368471
0.9966821084
0.9966153833
0.9965603987
0.9965348022
0.9965370314
0.9965556178
0.9965810755
0.996608801
0.9966377362
0.9966689765
0.9967052065
0.9967507862
0.9968118513
0.9968953132
0.9970049573
0.9971334977
0.9972560966
0.9973394313
0.9973589462
0.9972995418
0.9971505708
0.9969086775
0.9965833636
0.9962022887
0.9958029119
0.9954235647
0.9951042204
0.9948748779
0.994751695
0.9947192023
0.9947272982
0.9947516604
0.9948187501
0.9949138453
0.9949908522
0.995064704
0.9951356383
0.9951879973
0.9951798079
0.9950773355
0.9949074429
0.9947171576
0.9945239811
0.9943292189
0.9941276403
0.9939161648
0.993693761
0.9934607045
0.9932192322
0.9929763264
0.9927509687
0.9925894093
0.9925782367
0.9927723214
0.9929923238
0.9928439603
0.9920009077
0.9901448249
0.986764658
0.9818227898
0.981179373
0.9801900787
0.9459084783
0.0630277449
0.02684000884
0.02071603524
0.01902583915
0.01894002171
0.01963661199
0.01960639763
0.02031905259
0.0211642912
0.02234332424
0.02345381599
0.02438020207
0.02093835914
0.02083187333
0.02040137209
0.02127214996
0.02141110617
0.02197181302
0.01943095563
0.01966923693
0.01928936644
0.02042153136
0.01908133638
0.01995109887
0.01958038245
0.02005070256
0.021094809
0.0217030036
0.0202964346
0.02521401442
0.9356956669
0.9980531991
0.9989979696
0.9986695582
0.998477606
0.9983177872
0.9981564125
0.997978362
0.9977811543
0.997565744
0.997331439
0.9970774541
0.9968066348
0.9965213013
0.9962220879
0.9959106012
0.9955912843
0.995270523
0.9949593938
0.9946745359
0.9944331496
0.9942479785
0.9941240226
0.9940560149
0.9940268527
0.9940094016
0.9939711072
0.9938828969
0.9937333449
0.9935446615
0.9933702626
0.9932572725
0.9932160951
0.9932299969
0.9932768525
0.9933402046
0.993412369
0.9934932173
0.9935888838
0.9937112389
0.993876903
0.9941029109
0.9943956027
0.9947338707
0.9950617814
0.9953097242
0.9954259862
0.9953801094
0.9951526137
0.9947389337
0.9941570474
0.9934551588
0.9927036673
0.9919826962
0.9913774948
0.9909492919
0.9907164189
0.9906304498
0.9905947779
0.9905677578
0.9906092613
0.9907449262
0.9909178254
0.9911115208
0.9913027608
0.9914476834
0.9914626671
0.991279403
0.9909268614
0.9904774912
0.9899688593
0.9894213868
0.9888358475
0.988205527
0.9875253849
0.9867969102
0.9860368079
0.985296351
0.9846963606
0.9844636372
0.9848790735
0.9859591967
0.9870968328
0.9873854893
0.9861011679
0.9822596311
0.9732120018
0.948340157
0.9051411898
0.1379324172
0.06107495936
0.7915434488
0.06240714531
0.9011909119
0.06283674248
0.9137501052
0.0615106695
0.9133314681
0.06114377351
0.9078891953
0.08920447265
0.894414759
0.2552939213
0.872456733
0.1110146084
0.8404614881
0.246593771
0.8477560435
0.3533435784
0.7945347963
0.3241613885
0.6918112078
0.6616845243
0.616961337
0.398657828
0.5923223911
0.6360569447
0.498031635
0.6557572541
0.7227851433
0.6904817418
0.1669150898
