0.9987172563
0.9990354152
0.9986263682
0.9984029742
0.9982236434
0.9980478253
0.9978585367
0.9976479688
0.9974123392
0.9971517841
0.996870982
0.9965773455
0.9962790413
0.9959846945
0.9957020353
0.9954350291
0.9951819067
0.994935336
0.9946848291
0.9944237924
0.9941534745
0.993881446
0.9936183516
0.9933787117
0.9931832019
0.9930561621
0.9930154319
0.9930549095
0.9931389758
0.9932205027
0.9932647705
0.9932590896
0.9932097888
0.9931354676
0.9930596511
0.9930022341
0.9929716981
0.9929613291
0.9929547756
0.9929598408
0.9930147403
0.9931639083
0.9934261427
0.9937736438
0.9941234037
0.9943823283
0.9945025879
0.9944735168
0.9943023477
0.9940228186
0.993702659
0.9934269957
0.9932623529
0.9932303211
0.9933019377
0.9934048781
0.9934523914
0.9933870396
0.9932094339
0.9929359792
0.9925812351
0.9921587724
0.9916765704
0.9911358532
0.9905327937
0.9898598519
0.9891061576
0.988256904
0.9872917253
0.9861830306
0.9849046347
0.983506061
0.982329255
0.9820099094
0.9826527907
0.98363036
0.9844366971
0.9849816035
0.9853455775
0.9854882072
0.9849852295
0.9828430728
0.976830089
0.9581456558
0.8901717418
0.06227059122
0.05219916599
0.8513495765
0.04369375046
0.8235614156
0.05899348028
0.8557100264
0.05507386816
0.8564355357
0.05435620184
0.8567529389
0.05416389265
0.8547168331
0.05455434769
0.8735997575
0.05450865298
0.8520672248
0.05621263446
0.8594859001
0.06496505292
0.8468634807
0.08874460073
0.8335797556
0.1204736251
0.7939089138
0.1696322397
0.7542824345
0.173904977
0.7464712402
0.2315897041
0.6363027341
0.4794016315
0.3475837854
0.700211383
0.09111781437
0.2404556521
0.9984190278
0.9993941618
0.9992746639
0.999160078
0.9990587193
0.9989596858
0.9988563971
0.9987450949
0.9986233053
0.9984902369
0.9983474003
0.9981977144
0.9980445088
0.9978917589
0.9977438334
0.9976039843
0.9974729828
0.9973486707
0.9972266732
0.997103777
0.996980073
0.9968576729
0.9967388963
0.9966270667
0.9965289468
0.9964549453
0.9964152052
0.9964105595
0.9964276761
0.996446532
0.9964517682
0.9964372313
0.9964047357
0.9963619101
0.9963201587
0.9962911283
0.996280995
0.9962857461
0.9962924605
0.9962982845
0.9963164535
0.9963665471
0.9964626365
0.9966011123
0.9967479224
0.9968574817
0.9969052385
0.9968839873
0.9967920332
0.9966397515
0.9964558
0.9962790333
0.9961414635
0.9960575249
0.9960277225
0.996039649
0.9960483986
0.996014204
0.9959329872
0.9958141587
0.9956631687
0.9954882133
0.9952947087
0.995084986
0.9948595688
0.9946180097
0.9943592774
0.9940816718
0.9937818869
0.9934521468
0.993073841
0.9926135331
0.9920788136
0.9917020839
0.9916320103
0.9917098871
0.9917547273
0.9917373726
0.9917280553
0.9917778397
0.9917578767
0.9913405294
0.9900902421
0.9873588765
0.9826496337
0.9779836275
0.9763016251
0.05992790706
0.03076623274
0.02167750122
0.02073199788
0.01834394548
0.01862776351
0.01829575791
0.01855986165
0.01823573339
0.01855578881
0.01824955065
0.01863514809
0.01840335653
0.0188428881
0.01866847863
0.01922414802
0.01911017584
0.01992122247
0.01966774936
0.02063892057
0.02018084403
0.02077010848
0.02063087459
0.02032670706
0.02042107448
0.02018250964
0.02009570084
0.01945791979
0.02071042661
0.01822437656
0.02057161734
0.01872724401
0.0299082264
0.8400405045
0.9973873929
0.9989231242
0.9990469266
0.9989953128
0.9989030867
0.9987979915
0.9986847313
0.9985635308
0.9984322955
0.9982897282
0.9981375692
0.9979786115
0.9978151037
0.9976507085
0.9974913395
0.9973430551
0.9972093015
0.9970888625
0.9969758604
0.9968662997
0.9967610093
0.9966612246
0.9965643872
0.9964666773
0.9963699041
0.9962852938
0.9962297255
0.996209162
0.9962081862
0.9962027751
0.9961781565
0.996131926
0.9960686885
0.9959974244
0.9959324553
0.9958929558
0.9958939453
0.9959268646
0.9959567973
0.9959689028
0.9959745841
0.9959938233
0.9960528727
0.9961672028
0.9962954861
0.9963714861
0.9963729589
0.9962985951
0.9961381529
0.9958956605
0.9956067338
0.9953206636
0.9950680571
0.9948470724
0.9946499902
0.9945243311
0.9945194228
0.994477674
0.9943979084
0.9943139592
0.9942292371
0.9941536058
0.994089015
0.9940324672
0.9939814511
0.9939345643
0.993891044
0.9938499965
0.9938089576
0.9937605665
0.9936845691
0.9935275938
0.993165329
0.9925303658
0.9920475719
0.991664409
0.9911890279
0.9906371158
0.9902171795
0.9903007391
0.9908641506
0.9913331882
0.9912501025
0.9903902165
0.9890273662
0.9882233289
0.9891978738
0.9909768579
0.9899862444
0.9819805707
0.967558431
0.04313301915
0.0226236564
0.0177513886
0.01642242007
0.01642870904
0.016442999
0.01649058092
0.01656218904
0.01670380382
0.01684669905
0.01709424905
0.01731041034
0.01749628987
0.01770041617
0.01765871581
0.01772788312
0.0175356168
0.01745534977
0.01725266431
0.0171134044
0.01697822186
0.01684237539
0.01675904985
0.016682109
0.01664540165
0.01661685224
0.01666830074
0.01689947067
0.04070255524
0.932743276
0.9959813458
0.9983514807
0.9986121147
0.9986855791
0.9986432567
0.9985539997
0.9984430302
0.998319434
0.9981821874
0.998029195
0.9978641397
0.9976912743
0.9975111059
0.9973262042
0.9971449428
0.9969789733
0.9968396815
0.9967290138
0.9966352254
0.9965493434
0.9964731889
0.9964083682
0.9963460959
0.9962715884
0.9961763948
0.9960718577
0.99599125
0.9959556888
0.9959457043
0.9959239781
0.9958704008
0.9957855197
0.9956771046
0.9955541414
0.9954331032
0.9953473788
0.9953439765
0.9954339267
0.9955282359
0.9955773724
0.9955879477
0.9955745035
0.9955698948
0.9956522563
0.9957796569
0.9958353031
0.9957926352
0.9956566375
0.9953859935
0.9949594843
0.9944338493
0.9939052998
0.9934218565
0.9929259877
0.9922788442
0.9914286777
0.9909435829
0.991602369
0.9915456503
0.9915887404
0.9917164235
0.9919260646
0.9921880615
0.9924691198
0.992750964
0.9930253034
0.993288714
0.9935397022
0.9937770517
0.9939984266
0.9941980315
0.9943596939
0.9944153979
0.9940579207
0.992289527
0.9913422792
0.990281903
0.989144545
0.9881762013
0.9880440112
0.9895064657
0.9912198757
0.991905292
0.9914957243
0.9902575473
0.9891540768
0.9889221246
0.9897384443
0.9914930015
0.9908061094
0.9901925232
0.9916698933
0.990271725
0.9742846967
0.02891661705
0.01875210054
0.01645910538
0.01653405754
0.01663189002
0.01678777013
0.01695167775
0.01718394253
0.01738912751
0.01755095859
0.01772042014
0.01767413824
0.01772456301
0.01753588603
0.01749680187
0.0172902499
0.01717666555
0.01700899101
0.01688644098
0.01677577661
0.01670364746
0.01666179382
0.01665086077
0.01667610359
0.01754795591
0.04868997163
0.9811288461
0.9936259718
0.9975056958
0.9979866374
0.9981840222
0.9982247867
0.9981782194
0.9980879418
0.9979780782
0.9978462399
0.9976866428
0.9975086754
0.9973209777
0.9971192096
0.9969015882
0.9966783399
0.9964669593
0.9962962052
0.9961954435
0.996141728
0.9961067137
0.9960896766
0.9960927272
0.9960979892
0.9960778245
0.9960077925
0.9958801835
0.9957468565
0.995670246
0.9956373453
0.9955899955
0.9954974778
0.9953645501
0.9952025838
0.9950132306
0.9947973521
0.9945921676
0.9945022122
0.99464891
0.9949468337
0.9951626241
0.9952664468
0.9952741063
0.9951933091
0.9951130186
0.9951662175
0.9951603056
0.9950595244
0.994893931
0.9945336461
0.9938446827
0.9929052968
0.9919337049
0.991075547
0.9901951717
0.9888113166
0.9858458918
0.9784509337
0.9759097809
0.9763377188
0.9752036751
0.9771043906
0.9796819826
0.9820952341
0.9841484092
0.985863269
0.9872989103
0.9885109701
0.9895446296
0.9904363572
0.9912183893
0.9919258167
0.9926088843
0.9933552669
0.9942562201
0.9923812271
0.9889128046
0.9875628911
0.9860688611
0.9851578749
0.9849340191
0.9848026209
0.98901299
0.9917132432
0.9919210079
0.9918228902
0.9897346647
0.9890089259
0.9887416835
0.9890474665
0.9899271399
0.990461429
0.9912458832
0.9924317407
0.9911762747
0.9898102842
0.984682097
0.03081003519
0.01875099031
0.01660656577
0.01681119744
0.01698030733
0.01718504545
0.01735018298
0.01749500588
0.017592331
0.0175831301
0.01756889248
0.01745235739
0.0173716767
0.01722837703
0.0171092259
0.01697126461
0.01685622799
0.01675726736
0.01668679151
0.01664538436
0.01663344151
0.01666147201
0.01800484874
0.847905353
0.9042387473
0.9878164768
0.9958649709
0.9971132286
0.9973852633
0.9975458659
0.9975795356
0.9975335218
0.9974757137
0.9973834393
0.9972318875
0.9970480721
0.9968535382
0.9966305358
0.99636535
0.9960681362
0.9957517686
0.9954531297
0.9952808307
0.9953294633
0.9954418426
0.9955668298
0.9957069848
0.9958340907
0.9959175159
0.9959336528
0.9958412851
0.9956148049
0.9953897653
0.9952558615
0.9951393017
0.9949806983
0.9947883596
0.9945803989
0.9943452456
0.9940335338
0.9935997776
0.9931757695
0.9930935558
0.9936806636
0.9948640423
0.9952297113
0.9953519286
0.9953130866
0.9950626569
0.994240516
0.9940491648
0.9937525565
0.9937028063
0.993488886
0.9927075807
0.9912595524
0.9896017896
0.9883213275
0.9874784843
0.9866184797
0.9850679116
0.9805850119
0.9744371717
0.04231433589
0.0229447682
0.01928539694
0.01965921372
0.02009047884
0.02054493813
0.0210383081
0.02158020218
0.02217898988
0.02284431108
0.02358895051
0.02443809573
0.02545635525
0.02683969891
0.02929267523
0.03784263318
0.04967458103
0.9080293109
0.8891977155
0.9486622775
0.965166029
0.9706263661
0.9682256593
0.9756696212
0.9859737113
0.9881145045
0.9913852583
0.9907314288
0.9887453495
0.9894115699
0.9876084047
0.9877072852
0.9892087748
0.9903653967
0.990951024
0.9908676449
0.9906343337
0.9913081359
0.9900284116
0.9836610252
0.02889404767
0.0186046588
0.01684041455
0.01714010702
0.01729098215
0.0174238606
0.01748020991
0.01748481529
0.01744994027
0.01736468703
0.01728104437
0.01716665276
0.01705722948
0.01693627573
0.01682940393
0.01673799932
0.01667017216
0.01662816893
0.01661269994
0.0166147866
0.01826004283
0.09009856636
0.9671304113
0.8923257772
0.9862626709
0.9942169019
0.9957872341
0.9961119024
0.9966435512
0.99658101
0.9966409704
0.9967286775
0.9966349966
0.9964632684
0.9962900113
0.9960600237
0.9957336662
0.995327076
0.9948205012
0.9941763834
0.9934852293
0.9933383239
0.9944011806
0.9948911957
0.995287116
0.995586179
0.9958080058
0.995976192
0.9960783503
0.9959751192
0.9952955033
0.9946734167
0.9943627451
0.9940938686
0.9938509976
0.9936561135
0.9934828409
0.993231852
0.9926729161
0.9914674015
0.9899501449
0.9890479823
0.9919705494
0.9940242153
0.9945560968
0.9942517175
0.9942942614
0.9923020955
0.9907606745
0.9902319193
0.9901267655
0.9916266125
0.9915506433
0.9911215578
0.988152221
0.9859612312
0.9853920803
0.9859311882
0.9865981758
0.9873657679
0.9885849656
0.9889116184
0.9825266559
0.02516326848
0.01726199647
0.01642378376
0.01642482579
0.01642685232
0.01642928353
0.01643072867
0.01643229063
0.0164339205
0.01643535568
0.01643677092
0.01643838396
0.01644086143
0.01644593096
0.01646216552
0.01728742176
0.01772129127
0.01858140233
0.01964896024
0.02277006332
0.03702303773
0.9632226538
0.953019981
0.02858940235
0.02699402528
0.04149631138
0.9607600124
0.9831215045
0.9866818941
0.9835809881
0.9860118646
0.9889359207
0.9894880089
0.9883696381
0.9878850786
0.9888304221
0.9900934462
0.991009767
0.9892453982
0.9806392499
0.02680684974
0.01846824871
0.0170514979
0.01733024862
0.01737356639
0.0173905313
0.01734287469
0.01727932859
0.0172017622
0.01711003433
0.01701352578
0.01690479579
0.01680541327
0.01671914437
0.01665220124
0.01660876226
0.01658976574
0.0165781944
0.01811544967
0.9258753627
0.9710390188
0.03392361763
0.01906207399
0.0232294449
0.05422092931
0.9850210582
0.9927445227
0.9944768246
0.9946433433
0.9955323847
0.9960875501
0.9957666661
0.9956704449
0.9954837447
0.9950859196
0.9945644361
0.9938573624
0.9927079108
0.9906301564
0.9868084853
0.9883433921
0.9915058638
0.992883247
0.9933889367
0.9938528313
0.9943284533
0.9948912544
0.9955214868
0.9950010034
0.993351755
0.9921310529
0.9919496285
0.9919214123
0.9920467988
0.9922653887
0.9925065854
0.99263512
0.9920882887
0.988058263
0.9812994706
0.972186106
0.3131776406
0.09578698565
0.04217738083
0.03863309072
0.06725863793
0.9716907428
0.9642357006
0.9679567428
0.979666031
0.9849887841
0.9896324168
0.9888489358
0.9853146075
0.9828153146
0.9841691536
0.984792712
0.9844435158
0.9881469169
0.9894103309
0.9900096884
0.9858254629
0.8890763023
0.01941266001
0.01642499566
0.0164255274
0.0164292484
0.01643063773
0.01643209573
0.01643360256
0.01643434684
0.01643445574
0.01643392643
0.01643269602
0.01643122848
0.01643012833
0.01642988298
0.01642453309
0.01642500592
0.01643564933
0.01923188214
0.8936789753
0.9794795352
0.6420268275
0.01965456248
0.01644641128
0.01645203007
0.01761221774
0.02011574698
0.02961094801
0.9494941707
0.9626149134
0.9825275097
0.9865104014
0.9834668906
0.9768987292
0.9843202405
0.9876299671
0.989405639
0.9903057002
0.9905984855
0.9879506714
0.975543414
0.02503861049
0.0183004775
0.01712500467
0.01730370108
0.01725559134
0.01720832821
0.01713523361
0.01706412234
0.01698186639
0.01688036646
0.01678749307
0.01670416218
0.01663541389
0.01658793907
0.01656268605
0.01654371167
0.01857986669
0.74421824
0.9462491149
0.03225870867
0.01641311395
0.01641530306
0.01642980766
0.01758114965
0.02114939735
0.03818668936
0.9743982845
0.9878202462
0.9942885053
0.9948913406
0.9946428567
0.9951637263
0.994601978
0.9939971937
0.9933473229
0.9922973701
0.990298327
0.9853877634
0.9761561857
0.05095626093
0.03213606435
0.0286190378
0.0286704683
0.03006118476
0.03359405919
0.04710393597
0.1295654042
0.9660127672
0.9648815538
0.9719094128
0.9787042422
0.9822765455
0.9848767794
0.9871785656
0.9896722668
0.9926134778
0.9912089238
0.9876389379
0.9867730561
0.9815548941
0.9810680079
0.05301452324
0.02964248907
0.02882580785
0.9643148513
0.02952867034
0.03311525904
0.8979031321
0.02527569704
0.02473395003
0.0366198295
0.9642447229
0.9716159733
0.9802540087
0.9828515486
0.9759200968
0.9757629594
0.9877611163
0.9908262483
0.9906025775
0.988028639
0.9818054007
0.02856425492
0.01752813243
0.01642580695
0.01642761129
0.01642900549
0.01643069368
0.01643121408
0.01643113919
0.01643060294
0.01642955314
0.0164285718
0.01642847992
0.01642934737
0.01642864626
0.01642473985
0.01696717805
0.02608285308
0.9620980546
0.9489643361
0.02505444651
0.01730482099
0.0164468891
0.01644449045
0.01644003816
0.01643164876
0.0177247167
0.02669888236
0.8939197105
0.9593883618
0.974100246
0.979448867
0.9629336629
0.9409247437
0.9830159236
0.9884486782
0.9895670491
0.990015649
0.9901169166
0.989828509
0.9861105697
0.9670666255
0.02362943787
0.01811941179
0.01704542851
0.01713804854
0.01708333906
0.01703362781
0.01696606448
0.01686479366
0.01677880883
0.016697235
0.0166244252
0.01657091382
0.01653763141
0.01651293804
0.01856857114
0.9231342576
0.9640254503
0.03225435005
0.01640880988
0.01641410069
0.01641719643
0.01641868831
0.01641882662
0.01642796508
0.01736407805
0.01907238356
0.02773664563
0.1065895055
0.9848556501
0.992271361
0.9939099442
0.9935800006
0.9932355796
0.9928670128
0.9922568262
0.9910337018
0.9898603098
0.987894712
0.97788589
0.02421740845
0.01780595129
0.0164472714
0.01645934488
0.01647691448
0.01654107094
0.01756718307
0.01798910273
0.01857090408
0.01942256864
0.02014924454
0.02084150969
0.02171183389
0.02339766101
0.03025053443
0.05241226527
0.9708920937
0.9856832829
0.9883292966
0.9883290074
0.9909930795
0.9900822444
0.9808186178
0.9705108671
0.04417671536
0.9672074256
0.940927738
0.02054789509
0.01645207319
0.01645591918
0.0192770027
0.02896364224
0.9648200981
0.9746443682
0.9740890626
0.945274249
0.03962297941
0.9873364138
0.9919762178
0.9916105327
0.9906709697
0.9889839209
0.9541278076
0.01998614282
0.01642763083
0.01642674357
0.01642879862
0.01642899822
0.01642899154
0.01642882308
0.01642811307
0.01642743136
0.01642727741
0.01642724472
0.01642659319
0.01642647036
0.01790222726
0.5364013686
0.9858862161
0.7667714917
0.01897781419
0.01644418559
0.01644676305
0.01644458133
0.01644057477
0.01688850236
0.0206740785
0.9365665742
0.9671313162
0.9499880384
0.02589296977
0.02699995468
0.9725281258
0.9490668214
0.03156295783
0.9783145967
0.9864565798
0.989714943
0.9900343213
0.9900466219
0.9896696473
0.9887858917
0.9837916342
0.9567431588
0.0234153688
0.0183385891
0.01685498826
0.01693781355
0.01696280807
0.0168597173
0.01678385846
0.01670309765
0.01662416608
0.01656389254
0.01651892342
0.01648792731
0.01895120659
0.9451740718
0.9648039631
0.0322535153
0.01640772064
0.0164128477
0.0164161724
0.01641892439
0.01642109724
0.01642435125
0.01642672168
0.01642693676
0.01643290496
0.01649202075
0.01806622682
0.02258713424
0.05377284596
0.985829997
0.9904218415
0.9922322315
0.9934790241
0.993070508
0.9923962986
0.9918924325
0.9913585447
0.9880529357
0.9734381503
0.02497257922
0.01806479429
0.01644220177
0.01644982026
0.01644985752
0.0164424854
0.01643639522
0.0164355518
0.01643647537
0.01643719533
0.01643796145
0.01643961128
0.01644520697
0.01646723798
0.01784163572
0.02085675464
0.03046174687
0.9245782527
0.9810902414
0.9875461493
0.9847287308
0.9834522355
0.9769219608
0.9575940528
0.03072183488
0.01794096785
0.01645768461
0.01647179749
0.02189729037
0.881957721
0.9806535514
0.9742539759
0.9156201046
0.9737650969
0.9677273346
0.03125870516
0.0553100287
0.9893185961
0.99009283
0.9905430225
0.988455727
0.9828022409
0.02854784848
0.01749588048
0.01642591601
0.01642718538
0.01642753346
0.01642798281
0.01642750546
0.01642683758
0.01642649018
0.01642619509
0.01642381395
0.01643574567
0.02147791868
0.9345752777
0.9802142776
0.02964087348
0.01724103193
0.01644664362
0.01644575725
0.01644240195
0.01644667129
0.02044818208
0.6997191709
0.9821372227
0.9724009969
0.02461133378
0.01843462603
0.0164421888
0.02153069062
0.9724536838
0.9631521762
0.02376035067
0.02651275401
0.9739053788
0.987456889
0.9904351147
0.9904174559
0.9898654949
0.9887472262
0.9873720163
0.9827879601
0.9697058175
0.02898479695
0.01985086744
0.01770314974
0.01673044619
0.01673838562
0.01671902522
0.01663723983
0.01657630607
0.01651553491
0.01647061551
0.01941795026
0.9673165543
0.9726096088
0.03225350084
0.01640752051
0.01641233495
0.01641537954
0.01641833118
0.01642093057
0.01642376131
0.01642618081
0.01642780627
0.01643061444
0.01643402402
0.01643336092
0.01643009346
0.01644767129
0.01848343577
0.02523505547
0.9650397871
0.9908046333
0.993775115
0.9941514162
0.9936751917
0.9930959486
0.9922813032
0.9912139872
0.9882266927
0.9788670487
0.02736932264
0.01838924242
0.01644487117
0.01645210407
0.01645074457
0.01644735439
0.01644556477
0.01644377857
0.01644222861
0.01644113894
0.01644114621
0.01644280188
0.01644157833
0.01643283939
0.01643530879
0.01734639147
0.01953405761
0.03014917474
0.9637220737
0.9807599769
0.9867199641
0.9796235155
0.8930741185
0.01786352906
0.01647018931
0.01845022802
0.0482688871
0.9847292516
0.9821208831
0.04563379065
0.02105437245
0.0245389142
0.969544076
0.9867025235
0.06802311908
0.03387412593
0.9765152975
0.9886535264
0.9893534155
0.9890369063
0.9875780507
0.9411964972
0.01987440724
0.01642944104
0.01642675321
0.01642796651
0.01642743087
0.01642660253
0.01642568017
0.01642509779
0.01642412238
0.0173911
0.0463110646
0.9890934679
0.9343488891
0.01977823046
0.01644423509
0.01644972092
0.01644964823
0.0164398745
0.0187398868
0.04004968968
0.9853912275
0.9846123066
0.03702558927
0.01898779349
0.01643839247
0.01643988661
0.0164323178
0.02042852962
0.9669965168
0.9736707455
0.02373881422
0.01805480642
0.02595987339
0.979152419
0.9890031991
0.991136284
0.9899417408
0.9876035826
0.9867783806
0.9875581947
0.986504834
0.9772430381
0.8759848325
0.02885583835
0.02010921854
0.01751822949
0.01658705582
0.01657212567
0.01654676388
0.01647581807
0.02007628559
0.977682672
0.9785112926
0.03225366361
0.01640758396
0.01641218927
0.01641485116
0.01641765815
0.01642033157
0.01642299239
0.01642529798
0.01642719642
0.01642961372
0.0164325134
0.01643412684
0.01643425999
0.01643544823
0.0164354369
0.01643241866
0.01719960883
0.02180651182
0.07218251053
0.9912498838
0.9938184246
0.9944691534
0.9936515302
0.9925180189
0.9917846416
0.9915420156
0.9896122889
0.9825672586
0.02895666475
0.01861950287
0.0164487504
0.01645236224
0.01645223981
0.0164477927
0.01644409537
0.01644156167
0.01644034319
0.01644085829
0.01644074504
0.01643717989
0.01643406777
0.01643187036
0.01643666643
0.02156192074
0.8811975946
0.9668523153
0.9815298177
0.9860994698
0.9852084623
0.08514940749
0.02189342507
0.02187344333
0.9782587171
0.9847672015
0.8076656913
0.02129976538
0.01646920241
0.01643063441
0.01872616088
0.8432717777
0.9881471442
0.9835993
0.9612655126
0.2096600989
0.9832125592
0.9848830759
0.9876113527
0.9867724445
0.9820021576
0.02911505111
0.01763562536
0.01642659572
0.01642754404
0.01642703794
0.01642626405
0.01642446405
0.01642822992
0.01924302949
0.9053264487
0.9898042311
0.06039960341
0.01761960932
0.01644658093
0.01644987304
0.01644470777
0.01711875193
0.02327743567
0.975466198
0.9830905263
0.5730941046
0.02010402421
0.01644195629
0.01643497272
0.0164339403
0.01642942868
0.01642260978
0.01906080595
0.9003280368
0.9862001294
0.03433545942
0.0173815559
0.01830692432
0.02808235507
0.9840032171
0.9908145892
0.9889247858
0.9824564997
0.9863379965
0.986479929
0.9844073127
0.977528019
0.9851643373
0.9849887192
0.9395842829
0.02781708292
0.01984596373
0.01765176011
0.01653165455
0.02160312846
0.9836880138
0.9829519805
0.03225383518
0.01640771175
0.0164122072
0.01641453556
0.0164171181
0.01641972623
0.01642231941
0.0164247047
0.01642692013
0.0164294339
0.01643220108
0.01643442487
0.01643601116
0.0164380327
0.01643994236
0.01644105717
0.01644146946
0.01644245271
0.01647122228
0.02014311576
0.04960521855
0.9916147432
0.9942273319
0.9935817549
0.9923043942
0.9918955495
0.9916602855
0.9916852199
0.9900079977
0.9843170875
0.03211424336
0.01918833987
0.01645169046
0.01645026162
0.01644643903
0.01644271064
0.01644041229
0.01643997796
0.01643883508
0.0164355233
0.01643186564
0.01642717727
0.0171598924
0.02946773231
0.982444822
0.9589483933
0.8805332472
0.03702009583
0.9817558019
0.9856121258
0.9815239008
0.9503736997
0.984280179
0.9770424173
0.02128642546
0.0169297853
0.01643457716
0.01642753747
0.01642324942
0.01682807909
0.02140439774
0.9085551617
0.9739191622
0.9827627094
0.980724602
0.9786737898
0.985527002
0.9872039575
0.9888476673
0.9880029919
0.9593527321
0.02095394265
0.01660175328
0.01642788935
0.01642688835
0.01642495298
0.01716311991
0.02730580788
0.9745642808
0.941304671
0.02303801113
0.01646427642
0.01644758363
0.01644612919
0.01674770436
0.02049509099
0.9032010001
0.9760439467
0.9266096563
0.0202092615
0.0168198965
0.01642804017
0.01642871958
0.01642839942
0.01642548702
0.01642095921
0.01641526425
0.01744367917
0.8642913305
0.9874856674
0.9198537868
0.01785434898
0.01644635169
0.01875261875
0.03819832474
0.9870474944
0.9781390143
0.9726161793
0.9869303417
0.9843832566
0.9684994288
0.966161376
0.9865470243
0.9882776438
0.9874674949
0.9791443547
0.8656971265
0.03242129324
0.03638677277
0.9885858954
0.9860621352
0.03225397625
0.01640783816
0.01641228633
0.01641435984
0.01641673448
0.01641924038
0.01642179636
0.01642428444
0.01642673908
0.01642938232
0.01643215935
0.0164346871
0.0164369243
0.01643924766
0.01644125149
0.01644247025
0.01644292949
0.01644387045
0.01644613044
0.0164454656
0.01644998792
0.02030682427
0.0841400757
0.990631173
0.9908549719
0.9912078003
0.9910207808
0.990844955
0.9909581133
0.9915912273
0.9909416542
0.9877157135
0.03769579115
0.01933359562
0.01644371179
0.01644240715
0.01643988149
0.01643924993
0.01643751
0.01643446978
0.01643002588
0.01643048191
0.02019987095
0.9503076784
0.9873533004
0.9689941914
0.02216468267
0.01777436476
0.02043033462
0.9657692026
0.9866825766
0.9876831327
0.98826551
0.04442191037
0.0182840069
0.01643137127
0.01643837789
0.01643387161
0.01643121271
0.01643088983
0.01643431377
0.01715219053
0.01983701139
0.02904307379
0.9688172724
0.9760338083
0.9856048605
0.9870218188
0.9877513792
0.9890053238
0.9885699537
0.9851218874
0.04411907345
0.01862787057
0.01643008408
0.01642717309
0.01873323965
0.683827291
0.985314448
0.6563690377
0.01805404333
0.01644906891
0.01644887679
0.01644514482
0.02041701835
0.5101819189
0.987084023
0.9798861622
0.02469560303
0.01726807749
0.01642162352
0.01642743557
0.01642765425
0.01642685752
0.01642491597
0.01642221906
0.01641948212
0.01641776726
0.01709464852
0.02874048158
0.9822843755
0.935188124
0.02094346056
0.01644126794
0.01644622116
0.02263521491
0.9686074119
0.9701666613
0.05191246374
0.982094022
0.9806712395
0.9765606448
0.04593727544
0.03957773328
0.9781996236
0.9827232822
0.9732835706
0.9698560641
0.9833831695
0.9891473622
0.9876720112
0.03225408142
0.01640794114
0.01641237424
0.01641426283
0.01641647018
0.01641887484
0.01642139585
0.01642395108
0.01642654828
0.0164292737
0.01643206572
0.01643471764
0.01643718
0.01643953121
0.01644146435
0.01644268466
0.01644323304
0.01644378314
0.01644496477
0.01644527495
0.01644354218
0.01643908954
0.01647125008
0.02150413477
0.9526937915
0.9860784234
0.9897834859
0.98955601
0.9890134792
0.9894778595
0.990948816
0.9924206663
0.9918867887
0.9875417418
0.03138255427
0.01842106683
0.01643444916
0.01643705023
0.01643569664
0.01643274026
0.0164312165
0.01732436359
0.03154313838
0.983818973
0.9854557206
0.03690580892
0.01827967328
0.01645288325
0.02052974606
0.0479081132
0.9868723171
0.9897594734
0.9884824565
0.0364810451
0.01646852975
0.01644391341
0.01644260795
0.01643806163
0.01643480172
0.0164337384
0.01643729622
0.01644042564
0.01643673762
0.01643870167
0.01809451166
0.02361704503
0.9664111432
0.9867812117
0.9886372201
0.9890041986
0.9892479816
0.9894509149
0.9880075462
0.9738958016
0.02642440474
0.01927965941
0.02244592851
0.9371772768
0.9714875388
0.02706376222
0.01705862608
0.01645860962
0.01644674092
0.01811367131
0.03214049638
0.9846307529
0.9875328209
0.05141331987
0.01921370802
0.01642366337
0.01642587424
0.01642874561
0.01642831091
0.01642697066
0.01642526656
0.01642339456
0.01642170644
0.01642097055
0.01642522829
0.01643449535
0.02159793223
0.9455312515
0.9802705252
0.02721545632
0.01702132635
0.01644622128
0.02005398269
0.9640885537
0.9774825818
0.03476803508
0.96389658
0.9872548711
0.9872724833
0.9619106113
0.02415793659
0.02483626721
0.9097376152
0.9250692711
0.974552522
0.9859602694
0.9823607044
0.03225415269
0.01640801311
0.01641244279
0.01641420019
0.01641628048
0.01641859689
0.01642107834
0.01642365839
0.0164263187
0.01642907107
0.01643184865
0.01643451966
0.01643702154
0.01643932109
0.01644120558
0.01644250552
0.01644327653
0.01644387954
0.01644455193
0.01644453046
0.0164432171
0.01644053107
0.0164376457
0.01643121225
0.01730656454
0.0234917065
0.9721204176
0.9872984253
0.9871985878
0.9855125744
0.9878922119
0.9901347702
0.991344383
0.9918749341
0.9894332342
0.9771990021
0.02446509233
0.01784591918
0.01643211803
0.01643400124
0.01644837991
0.02130641632
0.9629029865
0.9881746041
0.9624550686
0.02126022123
0.01645847024
0.01892991902
0.03508693333
0.9875337795
0.9865072357
0.9822719467
0.9818119447
0.9850902815
0.0236499732
0.0164371828
0.01643890603
0.01643631899
0.0164338655
0.01643240669
0.01643301276
0.01643369257
0.01643400045
0.0164379565
0.01643896119
0.01643584903
0.01804098473
0.02812318747
0.9804275886
0.9868942575
0.9884801165
0.9869674041
0.9850334244
0.9836648874
0.9790511828
0.9570848612
0.8439683521
0.9716995563
0.9238954556
0.01931667604
0.01644744281
0.01645515509
0.01695480643
0.02179229851
0.9664933847
0.9798587405
0.7159615872
0.02009558397
0.01644320309
0.01642460732
0.01642584168
0.01642774328
0.0164275721
0.01642664521
0.01642532071
0.01642388076
0.01642257571
0.01642187413
0.01642324983
0.01642660197
0.01642422309
0.01802370596
0.934868682
0.987762458
0.8292046045
0.01736097031
0.01646885566
0.01913714559
0.9318322083
0.9811598788
0.03221436509
0.03094188554
0.9821643764
0.9828578767
0.9770509327
0.03090731312
0.02869903646
0.9129543844
0.9715077271
0.9811280867
0.9661653647
0.03225419283
0.01640805148
0.01641247647
0.01641414237
0.0164161298
0.0164183745
0.01642081406
0.01642338725
0.01642605586
0.01642879131
0.01643152324
0.01643415311
0.01643661478
0.01643884565
0.01644070806
0.01644211293
0.01644311018
0.01644388164
0.01644449528
0.01644455406
0.01644375928
0.01644209451
0.01644001642
0.01643600987
0.01643019477
0.0164263954
0.01796300587
0.0276467195
0.9767645781
0.9721400698
0.9802238474
0.9867200015
0.9888155266
0.9892357923
0.9884869389
0.9870488464
0.9806021342
0.9459499866
0.02287931859
0.01793161645
0.01844841917
0.03707987261
0.985585044
0.9837370075
0.03149466119
0.01733414717
0.01832153677
0.0298897426
0.9855135196
0.9872299149
0.9783311536
0.02752905707
0.02268170938
0.9761819885
0.9845217056
0.0221194498
0.0164326815
0.01643290833
0.0164309049
0.01642944182
0.0164291476
0.01642942968
0.0164306196
0.01643451377
0.01643789129
0.01644025426
0.01644457199
0.01965766465
0.02547724003
0.9638013812
0.986646425
0.987786562
0.9820882253
0.9780035289
0.9796724584
0.9826512894
0.979174299
0.9740454921
0.03218135988
0.01784396518
0.01644809713
0.01648283959
0.02034374514
0.8460806484
0.9776370157
0.9523742307
0.02078975414
0.01686290174
0.01642291805
0.01642256568
0.01642446577
0.01642619278
0.01642659468
0.0164262212
0.01642540162
0.01642444163
0.01642364729
0.01642346417
0.01642473655
0.01642742082
0.01642839212
0.01642544747
0.0174652234
0.03831802096
0.9877415207
0.8898179123
0.0192017423
0.01650443909
0.0181065611
0.9001752874
0.9841957552
0.9378776785
0.02650442843
0.9584551337
0.9792908975
0.9847787403
0.9795128747
0.9604773873
0.9700226674
0.9748269879
0.9028128255
0.03225420418
0.0164080557
0.0164124671
0.01641407141
0.01641599482
0.01641818591
0.0164205866
0.016423135
0.01642577868
0.01642846735
0.01643112831
0.01643367955
0.01643606029
0.01643821113
0.01644004884
0.01644153483
0.01644271061
0.01644365483
0.01644436425
0.01644460478
0.01644419069
0.01644301365
0.01644105709
0.01643758998
0.01643313741
0.01643053724
0.01643042578
0.01643390009
0.02022539314
0.8451495331
0.9570305715
0.9788278376
0.9845588257
0.9862325816
0.984512296
0.9808184155
0.9782360417
0.9776570646
0.9686091108
0.9083778214
0.02830675804
0.9747233769
0.9878828508
0.9551494973
0.02032841499
0.01781502846
0.02666544367
0.9832307322
0.987761785
0.9819535511
0.02566174306
0.01818604685
0.01642921728
0.01998804296
0.9788404043
0.9833460754
0.02132577425
0.0164266589
0.01642662318
0.01642553096
0.01642521923
0.01642567379
0.01642733403
0.0164303589
0.01643364628
0.01643633821
0.01945144284
0.0234780933
0.9369006411
0.02223395269
0.03022700142
0.9852411073
0.9841332813
0.9779570766
0.9811323658
0.9855379095
0.9865785792
0.9816094523
0.955605878
0.02105581247
0.01644987493
0.02020991394
0.09495141267
0.9895359787
0.984080484
0.02777834986
0.01762502935
0.01642118451
0.0164254302
0.01642483554
0.01642533051
0.01642611819
0.01642636914
0.01642616814
0.01642566207
0.01642508193
0.01642469537
0.01642485169
0.016425991
0.0164279737
0.01642928318
0.01642930831
0.01643351053
0.01645350896
0.02496200528
0.972653832
0.9739886216
0.02557713702
0.01654414003
0.01733159299
0.0267368975
0.9728093077
0.9530764743
0.03407303207
0.9592343139
0.9847981605
0.9887735448
0.9843585167
0.974930477
0.9820613452
0.08462140142
0.03225418874
0.01640802637
0.01641241136
0.01641397811
0.01641586316
0.01641802047
0.01642039124
0.01642290893
0.01642551083
0.01642813492
0.01643070589
0.01643315126
0.01643542206
0.01643747246
0.01643925682
0.01644077079
0.01644205435
0.01644312474
0.01644395577
0.01644438098
0.01644424825
0.01644331087
0.01644131102
0.01643788084
0.01643365575
0.01643012394
0.01642777411
0.01642651907
0.01774289656
0.02658975385
0.9707091767
0.1944795504
0.9807604317
0.980923933
0.9836335931
0.9743639244
0.9657488507
0.9646507481
0.9684107423
0.9741212697
0.976460654
0.9772336285
0.9832980127
0.02932671811
0.01879651646
0.02487605434
0.9806013248
0.987858175
0.984744869
0.02845051642
0.01809643851
0.01642673278
0.01642750522
0.01642296974
0.02028347229
0.9806338031
0.9818418643
0.02067817173
0.01642135856
0.01642149426
0.01642151828
0.01642235458
0.01642430737
0.01642745064
0.01643114231
0.01926883476
0.02324182643
0.9356216219
0.02227956341
0.01865575712
0.01644288774
0.02306893583
0.9789875409
0.9800968255
0.981918684
0.9854316165
0.9852016321
0.9791076744
0.9681248989
0.9690684271
0.02491689794
0.02973228605
0.9845878805
0.9893985362
0.1050670231
0.02004822907
0.01642727634
0.01642592853
0.01642748236
0.01642693137
0.01642659702
0.01642660608
0.01642653722
0.01642631476
0.01642596434
0.01642561575
0.01642544587
0.01642566482
0.01642642749
0.01642749666
0.01642802844
0.01642774194
0.01642863942
0.01643226655
0.01643165043
0.01903330467
0.8845164082
0.9882476041
0.04038579216
0.01764834375
0.01650873478
0.02008237418
0.9293357001
0.9746698044
0.9728434567
0.9847869535
0.9901130834
0.9889118569
0.9817264939
0.07597021398
0.08053651663
0.03225414841
0.0164079649
0.01641230946
0.01641385982
0.0164157312
0.01641787699
0.01642023231
0.01642272265
0.01642527779
0.01642782958
0.01643029711
0.01643261383
0.01643474889
0.01643667122
0.01643836043
0.01643983971
0.01644115716
0.01644228643
0.01644322695
0.016443859
0.01644407749
0.01644348127
0.01644167478
0.01643848268
0.01643457617
0.0164304677
0.01642660911
0.01787439528
0.02470927696
0.9574585095
0.973484569
0.9821267912
0.06049915686
0.02899324263
0.9770489634
0.976764109
0.9623024759
0.963855243
0.9728663132
0.9803212324
0.984765332
0.982471218
0.9443761442
0.0246014689
0.02533401915
0.9801819256
0.9882453977
0.9868297749
0.03255577976
0.01865354827
0.01642851042
0.01643001477
0.01643009291
0.01642762351
0.01642587757
0.02084364402
0.9822603985
0.9801783643
0.02012648104
0.01641759153
0.01641856461
0.01641973711
0.01642255513
0.01642649872
0.01909231774
0.02298109078
0.9355210823
0.02253754099
0.01879300897
0.01643683093
0.01644213027
0.01643839281
0.02466667357
0.9714900551
0.9814510132
0.9847516322
0.982371883
0.97059375
0.9483409822
0.9632914463
0.9453675577
0.96540221
0.978375554
0.8304746049
0.02013960005
0.01649511337
0.01642541936
0.0164254335
0.01642700123
0.01642714781
0.01642710063
0.01642697313
0.01642676945
0.0164265126
0.01642622814
0.01642599628
0.01642591325
0.01642608097
0.01642649593
0.0164269429
0.0164270076
0.01642662496
0.0164267227
0.01642738516
0.0164254545
0.01641789777
0.01729947197
0.8150597072
0.9877648942
0.9347453442
0.01866856218
0.02041646679
0.03490605079
0.9701443673
0.980284498
0.9827963549
0.9874213003
0.9868170478
0.9808065998
0.9781419789
0.06301563981
0.03225408503
0.01640787328
0.01641216434
0.01641371905
0.01641560223
0.01641776192
0.01642012096
0.01642259359
0.01642510569
0.01642758701
0.01642994306
0.01643211025
0.01643408598
0.01643585061
0.01643740159
0.01643879177
0.01644008221
0.01644117945
0.01644218035
0.0164430488
0.01644381974
0.01644384927
0.01644258098
0.01643999864
0.01643654298
0.01643527483
0.01870905696
0.0279784086
0.9679281351
0.9774112183
0.03875860084
0.02897704905
0.9817158466
0.02404560408
0.02205051287
0.976671472
0.9754563844
0.9739845097
0.9799022181
0.9843119747
0.9863133385
0.982954902
0.9571957066
0.03604823343
0.9824529274
0.9882744369
0.9880311939
0.03726391819
0.01925609109
0.01643531974
0.01643373753
0.01643453671
0.01643358011
0.01643151511
0.01643111488
0.01643020061
0.02151396382
0.9837316648
0.9783244811
0.01968778152
0.01641631801
0.0164187069
0.01642305249
0.01891827271
0.02274311802
0.9354829614
0.02277598425
0.01895625437
0.01643510295
0.01643800981
0.01643633324
0.01820263349
0.02522459298
0.9588494922
0.9782987183
0.9843491464
0.9819678113
0.9689967852
0.9656049895
0.9772731917
0.9744950431
0.9731212607
0.9630518042
0.02165072194
0.01691204719
0.01642544846
0.01642518544
0.01642581305
0.01642702419
0.01642746879
0.01642753934
0.0164273696
0.01642706508
0.01642673592
0.01642643988
0.01642624263
0.01642618048
0.0164262924
0.01642647877
0.01642659637
0.01642653819
0.01642631663
0.01642655267
0.01642699836
0.01642654251
0.01642398416
0.01642583482
0.01701966983
0.02795155296
0.9798695893
0.9422742007
0.03632641367
0.979921126
0.9738160179
0.9751621051
0.9770294627
0.9816509166
0.9814386816
0.9756878667
0.9724186352
0.09543925548
0.03225400019
0.01640775393
0.01641198137
0.0164135627
0.01641548535
0.01641768831
0.0164200735
0.01642254076
0.01642501947
0.01642744327
0.0164296863
0.0164316838
0.01643348041
0.01643505758
0.01643642984
0.01643770082
0.01643894458
0.01643988599
0.01644079456
0.01644180346
0.01644333484
0.01644420126
0.01644343377
0.01644055447
0.01644119854
0.01936077032
0.03269205587
0.9741053737
0.9736200426
0.03225502801
0.01974704958
0.01650317662
0.02552732062
0.9782655068
0.02404545225
0.03740369657
0.9797713106
0.9811075193
0.98362983
0.9857114376
0.9866037598
0.9844797709
0.978578782
0.9802595012
0.9884752176
0.9883642199
0.04100128265
0.01975124089
0.01644397262
0.01643932483
0.01643884646
0.01643809735
0.01643657346
0.01643476411
0.01643390712
0.01643446179
0.01643564343
0.0223494344
0.9849901953
0.9758751253
0.01961390719
0.01641924257
0.01878319647
0.02241970145
0.9352062426
0.02304093112
0.01913703073
0.01644205118
0.0164409033
0.01643660768
0.01814107919
0.02432540793
0.9530177035
0.9713417142
0.9735152734
0.9831884037
0.9840807473
0.9739363382
0.9699546151
0.9825111344
0.9828942369
0.9708699516
0.02946129113
0.01830430905
0.0164282726
0.01643189531
0.01642998881
0.0164289704
0.01642878456
0.01642858558
0.01642829412
0.01642787463
0.01642738368
0.01642692358
0.01642655445
0.0164263443
0.01642627588
0.01642636595
0.01642641322
0.01642633468
0.01642627163
0.01642621661
0.01642666816
0.01642699638
0.01642777199
0.01642610604
0.01642960963
0.01644128351
0.01788448134
0.02866509152
0.9679421626
0.9798475006
0.9803192659
0.9656407836
0.9403653357
0.9401693124
0.9653475832
0.9701850706
0.9720692903
0.97517469
0.9317334487
0.0322538948
0.01640760944
0.01641176847
0.01641340241
0.01641539546
0.01641767599
0.01642011052
0.01642258182
0.01642503935
0.01642743294
0.01642956958
0.01643137958
0.01643298738
0.01643434311
0.01643548882
0.016436641
0.01643791787
0.01643858475
0.01643915219
0.01643983776
0.01644216555
0.01644392518
0.01644266567
0.01644120968
0.01932431547
0.03539066993
0.9789294819
0.9692325374
0.02778027751
0.01867046887
0.01647768252
0.01648123225
0.01844147821
0.03555547863
0.9557607416
0.9560244067
0.9760571265
0.9818537849
0.9835663101
0.9849604524
0.9863135025
0.9872692968
0.9874086967
0.9851744303
0.9848903085
0.04424142928
0.02031751563
0.01645285092
0.01644508029
0.01644338438
0.01644154649
0.01643985025
0.01643822972
0.01643661378
0.01643492875
0.01643385785
0.01643757574
0.01644644715
0.02419809244
0.9863900135
0.9692915981
0.02153833934
0.02307627431
0.9384853825
0.02321957876
0.01932062441
0.01645912633
0.01645242503
0.01650397455
0.01955396686
0.02786863673
0.9717748714
0.9787492091
0.9777760197
0.9716729444
0.9823933836
0.9846043547
0.9818758382
0.9705197041
0.974161248
0.9836257551
0.973160066
0.0210608033
0.01643656049
0.01643455171
0.01643539349
0.01643360809
0.01643179352
0.01643068162
0.01642982953
0.01642907805
0.01642834144
0.01642761828
0.01642699269
0.01642650494
0.01642625829
0.01642617799
0.01642629433
0.01642623159
0.0164260128
0.01642596599
0.0164260034
0.01642712685
0.016427075
0.01642926426
0.01642926444
0.01645133102
0.01877681832
0.02403013298
0.9184533204
0.9700635952
0.9824671279
0.983857576
0.968289473
0.9465409511
0.9427208434
0.9613442885
0.9653408421
0.9711983477
0.9807756323
0.9617472892
0.03225376847
0.0164074425
0.01641153669
0.01641325564
0.01641535472
0.01641775392
0.01642025654
0.01642272927
0.01642517613
0.01642758555
0.01642962537
0.01643123782
0.01643268783
0.01643377397
0.01643460306
0.01643566023
0.01643719664
0.01643757386
0.01643769509
0.01643731947
0.01643960608
0.01644164729
0.01644285636
0.01900352514
0.033386767
0.9797550899
0.9735129732
0.02602005459
0.01791645661
0.01653830434
0.01797001617
0.02205957399
0.03905806759
0.9710799812
0.9746951202
0.9736633674
0.9721653667
0.9736337731
0.9784994241
0.9807132621
0.9825401465
0.9861752419
0.9883473538
0.9866392226
0.9528226865
0.02063383029
0.01646160118
0.01644788365
0.01644557724
0.01644332544
0.01644144087
0.01643940302
0.01643806419
0.01643683527
0.0164346409
0.01643147148
0.01643502462
0.01644037574
0.01751289679
0.03752510167
0.9836548491
0.9529814711
0.9182551394
0.02446433421
0.0195560035
0.01646905116
0.01645551407
0.0171742349
0.02232187225
0.08012352154
0.9865583891
0.9881662109
0.9871206887
0.98491974
0.980053709
0.984154137
0.9818285253
0.9786068884
0.9670345085
0.02930082013
0.9692014077
0.9875450569
0.03617791256
0.0164415984
0.0164357149
0.01643735676
0.01643535746
0.01643344777
0.01643201181
0.01643079859
0.0164296936
0.0164286736
0.01642771855
0.0164269169
0.01642625479
0.01642593068
0.01642581433
0.01642603964
0.0164257455
0.01642525051
0.01642529996
0.01642458864
0.01642580121
0.01642518507
0.01643068576
0.01741203937
0.02169685769
0.04639555923
0.9792134887
0.9794672601
0.9818540651
0.9835630753
0.9839069555
0.9752176863
0.9567854949
0.9337041882
0.9481417391
0.08479741449
0.9736261531
0.9848518678
0.9771344367
0.03225361898
0.01640725651
0.01641130154
0.01641314671
0.01641539566
0.01641796826
0.01642054086
0.01642298162
0.01642542624
0.01642792923
0.01642985296
0.01643124988
0.01643270659
0.01643350866
0.01643378514
0.01643476479
0.01643705888
0.01643706387
0.01643759314
0.0164361181
0.01643899352
0.01644049599
0.01939844573
0.03315894126
0.9803686607
0.9788629098
0.02821154017
0.01968378757
0.01920460226
0.02920998607
0.08278741701
0.9735794693
0.9872884982
0.9877463884
0.9845374215
0.9815502333
0.9788402179
0.9762377812
0.9759881177
0.9760265979
0.9740469438
0.9785942553
0.9823684509
0.9854106687
0.9834013438
0.02179628104
0.01643994145
0.01644103711
0.01644121995
0.01644068272
0.01643946462
0.01643712255
0.01643618486
0.01643517254
0.01643255108
0.01642876325
0.01643853093
0.01842421132
0.02196811046
0.649580278
0.969981906
0.9822300723
0.03512231859
0.01926506837
0.01648477701
0.01660707517
0.01922857075
0.02533726269
0.9562456699
0.9902740064
0.9921698994
0.9919419114
0.989284168
0.988021808
0.9854322018
0.971785338
0.04642300786
0.9778113176
0.9797193504
0.02155938982
0.02083213801
0.986892607
0.9884977546
0.02189712753
0.01643570393
0.01643850968
0.01643585936
0.01643384556
0.01643253369
0.01643128294
0.01643000766
0.01642881327
0.01642767171
0.0164267352
0.01642584874
0.01642535786
0.01642503494
0.01642551022
0.01642483652
0.01642333851
0.01642328808
0.01642202013
0.0164244118
0.01719550858
0.02007918139
0.03160976607
0.9583750961
0.9879791151
0.9899089239
0.9875434891
0.9862598945
0.9866223173
0.9877070367
0.9830660577
0.976734056
0.976586471
0.9757865608
0.9650839162
0.9678545762
0.9856767662
0.9813441788
0.03225344219
0.01640705881
0.01641108757
0.01641310524
0.01641556171
0.01641840343
0.01642100915
0.01642330233
0.01642575208
0.01642852196
0.01643020686
0.0164312491
0.01643309948
0.01643386511
0.01643322754
0.01643356238
0.01643744652
0.01643621684
0.01643678948
0.01643543298
0.01644762854
0.01870838373
0.02428517295
0.9463073529
0.9601705031
0.04207886947
0.03328020504
0.05544880412
0.9661071046
0.9806837849
0.9922960839
0.9917234152
0.989437276
0.988964998
0.985668763
0.9840673417
0.9832136661
0.9820528361
0.9814107316
0.9796509065
0.9717612614
0.9715154283
0.9567075341
0.9696454623
0.9842027583
0.03508649908
0.01644716947
0.01643908785
0.01643864923
0.01643864549
0.01643768786
0.01643402987
0.01643286615
0.01643146713
0.01642614138
0.01691572714
0.02125655135
0.03260036142
0.9430156863
0.94362557
0.03079178012
0.9766933491
0.9852215559
0.01996930271
0.01740868859
0.02292760123
0.1168368846
0.9865203771
0.9899199906
0.991685469
0.9924819002
0.9914695641
0.9886159978
0.9602112845
0.0369294579
0.02238769838
0.01857989757
0.02625351827
0.9870196974
0.03537369512
0.01643892961
0.02844302571
0.9887597796
0.9818109942
0.01882483515
0.01643714913
0.01643388715
0.01643264863
0.01643212854
0.01643121021
0.01642996124
0.01642875228
0.01642751056
0.01642653376
0.01642544273
0.01642478034
0.01642372338
0.01642431179
0.01642312456
0.01642058116
0.0164202419
0.01705972896
0.01936580173
0.02773648022
0.9318244623
0.9851628918
0.989588082
0.9896909734
0.9904367784
0.9883781166
0.9893513001
0.9888943559
0.9901659543
0.9891974709
0.9555722591
0.7394092285
0.0352097919
0.02580141759
0.03778817956
0.9857288061
0.9801631146
0.03225323362
0.01640686812
0.01641094501
0.0164131637
0.01641588971
0.01641921338
0.01642178186
0.01642361778
0.01642599673
0.01642947139
0.01643070412
0.01643083377
0.01643354271
0.01643478718
0.01643363879
0.01643233665
0.01643585796
0.01643183439
0.01643738319
0.01743737121
0.02088303004
0.03589083244
0.9667445257
0.9542063591
0.8557153536
0.9444839874
0.9810075842
0.9920064569
0.991808746
0.9903658799
0.9911304155
0.9913525283
0.9894951203
0.9885184462
0.9874841271
0.9886656909
0.9870592376
0.9850659478
0.9850772619
0.9854750119
0.9729890063
0.9352046463
0.03137186172
0.940972448
0.9805973651
0.9407426808
0.01767106708
0.0164344616
0.01643524584
0.0164363947
0.01643691087
0.01643171971
0.01643092007
0.01643008297
0.01765767394
0.02261780612
0.6240002809
0.9794251101
0.6309009208
0.02292927918
0.01890077955
0.02581452862
0.9849413403
0.05526022177
0.02979196215
0.9653722147
0.9903345109
0.992294777
0.9926307649
0.9913241298
0.988651841
0.982491392
0.04906278681
0.02180556904
0.01757967649
0.01644861566
0.01643728013
0.01789688374
0.9799625843
0.9853416002
0.01896782379
0.01728120205
0.9158723871
0.9914580776
0.09103462473
0.0164911196
0.0164317349
0.01643093385
0.01643134938
0.01643081506
0.01642963691
0.01642853622
0.0164273138
0.01642652429
0.01642514505
0.01642496161
0.01642282956
0.01642310506
0.01642005799
0.01695976516
0.01882221069
0.02475374636
0.8613350763
0.9821572981
0.9885266088
0.9895506708
0.9912039799
0.9905525159
0.9907221832
0.9886367326
0.989344188
0.9876504897
0.9718831723
0.05217660432
0.02490490273
0.01833967654
0.01749848735
0.01652457697
0.02505216087
0.9888400594
0.9824557717
0.03225301727
0.01640672177
0.01641098839
0.01641337724
0.01641636209
0.01642059846
0.01642313661
0.01642403179
0.0164258087
0.01643055763
0.01643133402
0.01642973062
0.0164325673
0.016433135
0.0164327061
0.0164382622
0.01658056112
0.01790607098
0.02135908757
0.03470240704
0.9512276534
0.9846726416
0.9859454853
0.980107965
0.9775509298
0.9827709942
0.9880080843
0.9904198
0.9914659745
0.9906400189
0.9907083038
0.9901266949
0.989684657
0.9881694691
0.9867838779
0.9893433037
0.9901916261
0.9771473469
0.9366607166
0.5339762529
0.028897493
0.02000989789
0.0181082964
0.02619845926
0.985805373
0.9793523291
0.01982625216
0.01642721128
0.01643050451
0.01643282905
0.0164354402
0.01643114424
0.01643571277
0.01836778607
0.02469009868
0.8367376114
0.9674368407
0.03388749638
0.02122936445
0.01709675656
0.01822575924
0.02282221812
0.9772998633
0.985407989
0.9871965578
0.9900814618
0.9912949074
0.9922680753
0.9914854041
0.9884332759
0.9215809414
0.02297750545
0.01845107145
0.01645206728
0.01643604543
0.01643557901
0.01643534247
0.01643004654
0.02670194011
0.9872243098
0.03029968586
0.01642829589
0.01808442308
0.9820778965
0.9920960976
0.02542626557
0.01642815814
0.01642795924
0.01642997242
0.01642998827
0.01642900935
0.01642826545
0.01642701322
0.01642714597
0.01642545732
0.01642615707
0.01642528829
0.01644608995
0.0181749725
0.02270276594
0.5919976134
0.9797200469
0.987482338
0.9893154232
0.9911415634
0.9909698322
0.991584285
0.9900619565
0.989522182
0.9852172038
0.9550251325
0.03678198492
0.02177444717
0.01789188338
0.01652923993
0.01650831267
0.01649623292
0.01647550023
0.02260174782
0.9857925723
0.9800073921
0.03225305599
0.01640670332
0.01641141922
0.01641391748
0.01641688959
0.01642257836
0.01642505466
0.01642496532
0.01642547326
0.01642949185
0.01642749577
0.01642662104
0.01643721993
0.01716491872
0.01783203365
0.02025645584
0.03298914219
0.1894276519
0.9766886581
0.9881313478
0.9896900645
0.9881322871
0.9876315811
0.9839483679
0.9843774534
0.987157314
0.9886990759
0.9893500417
0.9893147111
0.9901248857
0.9893567862
0.9886741109
0.9888586216
0.9849703046
0.9543503318
0.909046914
0.0419241868
0.02657705164
0.01941848602
0.01783321034
0.01719482814
0.01646964584
0.01645381424
0.01945463411
0.9769133124
0.9862950025
0.02758395161
0.01643199034
0.01642983134
0.01642946459
0.01642864759
0.01669067599
0.01961278865
0.02641080125
0.9234226297
0.9240617913
0.02486782146
0.02041189861
0.0186062841
0.02626058132
0.05996127246
0.9768992555
0.9857919597
0.9903486005
0.9908584519
0.9917956357
0.9903182787
0.9879706177
0.9822383798
0.04467878553
0.02083558424
0.0169833797
0.01642558912
0.01642814456
0.01643272742
0.01643488484
0.01643339346
0.01643007509
0.0183062186
0.9828559476
0.983137038
0.01836409695
0.01642990596
0.0228603459
0.9910604996
0.9843759738
0.01856441126
0.01642258005
0.01642771836
0.01642873922
0.0164279186
0.01642811604
0.0164263461
0.01642668076
0.01642484667
0.01643277818
0.01751843645
0.02187632695
0.05046410764
0.9802082859
0.9879979839
0.9903453217
0.99140738
0.991419454
0.9920760524
0.9908917487
0.9906514631
0.9870750444
0.9541905892
0.03179054992
0.02051130805
0.01760740341
0.01656186246
0.01656127847
0.01653987618
0.01652576523
0.01650229429
0.01646426577
0.02127290913
0.9808413706
0.9750575724
0.03225489028
0.01640714207
0.01641244838
0.0164149296
0.01641763803
0.01642421615
0.01642403087
0.01642423144
0.01643198551
0.01662085276
0.01756645968
0.01868654989
0.02460453597
0.03975061651
0.9360053288
0.9698718854
0.9874914852
0.9936382994
0.9930930056
0.9913832611
0.9911772571
0.9891101461
0.9872760727
0.9851939434
0.9856678466
0.9870471204
0.987776584
0.9885313586
0.9871475799
0.988026241
0.9858739179
0.9539169976
0.6276704214
0.02985958916
0.02119587724
0.01805284636
0.01734532052
0.01647952974
0.01646489431
0.01646112342
0.01646268092
0.01646051557
0.01647358892
0.01800517015
0.9343092758
0.979560091
0.933767369
0.01773616713
0.01643584778
0.01644303319
0.01809777575
0.02326825723
0.5840582163
0.9757738041
0.9363261153
0.02563147348
0.02523869892
0.03373822697
0.9306807772
0.9746883644
0.9912817614
0.9915062223
0.9913594515
0.9925450819
0.9929178483
0.9924915748
0.9895454289
0.9372216173
0.02344060838
0.0185152048
0.01644398579
0.01643204553
0.01643273551
0.01643222591
0.01643299519
0.01643414242
0.01643367268
0.01643303831
0.01643421052
0.03043680356
0.9872820631
0.02721883719
0.01643139713
0.01645241617
0.05059422801
0.9907412924
0.9519044619
0.01755965899
0.01642711071
0.01642860181
0.01642705443
0.01642741213
0.01642554687
0.01643216098
0.01744098235
0.02095062509
0.03775126113
0.9708885851
0.9903646334
0.992274302
0.9922115196
0.9923230519
0.9926180921
0.9916348593
0.9915580873
0.9888545087
0.9661820436
0.03492183797
0.02079660458
0.01754304058
0.01663281753
0.01665586745
0.01662679702
0.01660573141
0.01656451067
0.01652268737
0.01648797298
0.01645421265
0.02035990822
0.9725403689
0.9673451389
0.03226614168
0.01640984488
0.01641290249
0.01641421354
0.01641993356
0.01645769688
0.01730110033
0.01815173098
0.0212871183
0.03593891916
0.3027403709
0.9745265979
0.9839421273
0.992259964
0.9927387434
0.9920038702
0.9925659622
0.9931805698
0.9933018473
0.9918706452
0.9906127246
0.988764764
0.9867420904
0.9841265344
0.9830762995
0.9833532548
0.983641226
0.9826337035
0.9724355556
0.8672654997
0.03085013923
0.0211318949
0.01781272391
0.01713454389
0.01646625215
0.01646704748
0.01647208427
0.01646831949
0.01647485029
0.01647581305
0.01646736525
0.0164568218
0.01644257494
0.01775393532
0.04300013023
0.9762242111
0.9591685477
0.02198740207
0.01747930275
0.01860254553
0.02385111811
0.3631414963
0.9528519405
0.1233353237
0.09656065856
0.09625999127
0.9772352604
0.9883190379
0.9899996029
0.989925567
0.9915877271
0.9919205488
0.9904358405
0.9905564903
0.9893799399
0.9858451051
0.06076787075
0.02177400904
0.01706341796
0.01642847044
0.01642913667
0.01643212982
0.01643527063
0.01643463327
0.01643423099
0.01643422728
0.01643384965
0.01643402115
0.01643539712
0.01897864113
0.9842121306
0.9801738191
0.01803451235
0.01644304532
0.01832551535
0.9760710065
0.9892443277
0.03337170619
0.01643514668
0.01643077092
0.01642733612
0.01643274073
0.01743855346
0.02095177626
0.03611297356
0.9662548239
0.9889975116
0.991697414
0.9923438569
0.9931261608
0.992979765
0.9922054499
0.9921034399
0.9899330438
0.9728538099
0.04028680114
0.02165341435
0.01780306379
0.01676097682
0.01680133508
0.01675472287
0.0167242036
0.01666475451
0.01660575403
0.01655442441
0.01651168199
0.01647869744
0.01645092287
0.01973337088
0.9578186043
0.9554494623
0.03231334925
0.01642132181
0.01693102466
0.01765100995
0.01998462318
0.02980474597
0.07434908305
0.972155322
0.9829110889
0.9913877613
0.9948823592
0.9946311239
0.9938630825
0.9942137618
0.9946203265
0.9942404853
0.9940071568
0.9935436421
0.9928022477
0.9919532049
0.9908066619
0.9888312651
0.98612225
0.9815064017
0.9735225324
0.9567657395
0.9355574895
0.926443716
0.02401287809
0.01871523303
0.01728885766
0.01647618279
0.01646108846
0.01646385101
0.01646034141
0.01646450391
0.01646915209
0.01646588736
0.01647005463
0.01648627207
0.01651756666
0.01732039239
0.01773213159
0.01939073114
0.6346656416
0.976272123
0.9664169593
0.8604746438
0.03020052512
0.7750614795
0.9334694331
0.9672258344
0.9428303853
0.9662408631
0.9857961742
0.9912160375
0.9923150759
0.991187626
0.9924680413
0.9914943527
0.9921796225
0.9921962908
0.9868913042
0.9759277916
0.9013438804
0.02370448122
0.01883269702
0.0164643276
0.01644112855
0.01643874492
0.01643501961
0.01643488223
0.01643666465
0.01643682634
0.01643656996
0.01643622887
0.01643549599
0.01643479873
0.01643923124
0.01661799824
0.04100119701
0.9857985535
0.02595014431
0.0164402505
0.01645138456
0.020721424
0.9868832434
0.9886455093
0.02252718185
0.0164366045
0.01741075168
0.0208282139
0.03533291778
0.9656510474
0.988363753
0.9911967377
0.9918483963
0.9929740052
0.9933310229
0.9926750797
0.9923491127
0.9904658951
0.9753994558
0.04498891638
0.02244847823
0.01818407249
0.01698483368
0.01704664686
0.01698278051
0.0169166751
0.01681644004
0.016727947
0.01665283455
0.01659134579
0.01654178106
0.01650348879
0.0164754004
0.01645287082
0.0192351342
0.9248467155
0.9386837208
0.0632311678
0.02487616808
0.03781746953
0.9584872425
0.9811760566
0.9910320256
0.9950198945
0.9951600929
0.9947295437
0.9952076004
0.9956542392
0.9958893733
0.995555134
0.9953778604
0.995154282
0.9950032808
0.9947634059
0.9942135058
0.9934454473
0.9926165079
0.9916416194
0.9901184774
0.9879081515
0.9843585278
0.9781979886
0.965650801
0.9604739986
0.08954779328
0.06526795902
0.03975979762
0.03307726951
0.03100215838
0.03007845922
0.02958089295
0.02924896352
0.02901528225
0.02889261918
0.02897749808
0.02960426239
0.03198053076
0.04496485993
0.05832336838
0.8684324703
0.8834783791
0.9683751506
0.981338073
0.9825921882
0.9781302188
0.9793046454
0.9841693004
0.9801573618
0.9791102526
0.9780499695
0.9806134667
0.9863156093
0.9890471163
0.9914327944
0.9898636922
0.9908890264
0.9896519135
0.9781397959
0.9999996708
0.03387717989
0.02586802268
0.02421646033
0.01708475989
0.0164447952
0.01644269527
0.01644201478
0.01644179299
0.01643903766
0.01643821052
0.01643911401
0.01643975326
0.01644025832
0.0164406417
0.0164406147
0.01643820778
0.0164386717
0.01644163233
0.02045538327
0.9820414921
0.9787673185
0.01873352146
0.01645427977
0.0165021092
0.03533097672
0.9862643343
0.9646794694
0.02465957634
0.03391624105
0.9611409687
0.9875986946
0.9908823363
0.9912100336
0.9924142264
0.9927592281
0.9927531337
0.9929282375
0.9913464754
0.9768222423
0.04797486058
0.02300273677
0.01865392404
0.0173538108
0.0174584853
0.01739211794
0.01725960085
0.0170840843
0.01693108463
0.0168039395
0.01670830509
0.01663394273
0.01657703676
0.01653323026
0.0165004078
0.01647691118
0.01645987667
0.01948404366
0.9026463329
0.9082807614
0.9867991996
0.9922436367
0.9947713383
0.9954438329
0.9954463952
0.995979848
0.9964212169
0.9967191535
0.9965575403
0.9965110595
0.9964088065
0.9963020554
0.9962438218
0.9961166444
0.995869915
0.9956383608
0.9953747836
0.9949283196
0.9943405519
0.9937089047
0.9930274473
0.992204324
0.9912793678
0.990360329
0.989746484
0.9898504304
0.9907896753
0.9934657749
0.9948899892
0.995098815
0.9947622856
0.9945413526
0.9944015805
0.9943036282
0.9942259181
0.9941584028
0.994098663
0.9940504151
0.9940238464
0.9940390498
0.9941416604
0.9946420368
0.9926055871
0.9895094527
0.9898434263
0.9908231505
0.9912505087
0.9906856048
0.9888645452
0.988142638
0.9857655333
0.9841988758
0.9828047436
0.9832388917
0.9833899449
0.9828287223
0.984397071
0.9800434093
0.9599024607
0.03713719946
0.02251558709
0.01817976929
0.01706851766
0.01896773818
0.9584396305
0.0199004083
0.01645407435
0.0164418228
0.0164387289
0.01643797538
0.01643690522
0.0164366492
0.01643744507
0.01643866345
0.01644057576
0.01644384208
0.01645007005
0.01646356879
0.01649661348
0.01751191602
0.01931449479
0.01552353129
0.9784506703
0.02919808261
0.01987266657
0.0269897641
0.06147786377
0.9861033004
0.9831104662
0.9772402433
0.98741763
0.9901461107
0.9902998124
0.9918471928
0.9915928648
0.9920433562
0.9921499332
0.9908804392
0.9826460626
0.06426631963
0.02394633176
0.01915643211
0.0178520363
0.0181193125
0.01809743469
0.01784524408
0.01754670684
0.01729420516
0.01707581964
0.0169096526
0.0167815015
0.01668820807
0.01661814831
0.01656562744
0.0165271977
0.01650019088
0.01648103616
0.01646064167
0.01894204124
0.6854618144
0.9166898883
0.9928427847
0.9963749189
0.9970844172
0.9974527578
0.9974275502
0.9974303932
0.9973848641
0.9973264783
0.9972963578
0.9972256644
0.9970653085
0.9968996498
0.9967773715
0.9966472687
0.9964430278
0.9962132096
0.9959509677
0.9956055271
0.9951944063
0.9947687013
0.994351754
0.9939517524
0.9936244117
0.9934493685
0.9935177573
0.9938531956
0.9943558058
0.9948930441
0.9958273991
0.9960719058
0.9961497051
0.9961661411
0.9961540577
0.9961322297
0.9961056086
0.9960742468
0.9960351282
0.9959815825
0.9959012635
0.9957731398
0.9955664727
0.9952630462
0.9949187752
0.9939440321
0.993670648
0.9938184517
0.9938781576
0.9935123128
0.9925173113
0.9907931098
0.988978245
0.9875545204
0.9855655578
0.9828206606
0.976781062
0.9577526282
0.9305270131
0.04294725069
0.02923391604
0.02389707836
0.02189808886
0.02155628643
0.02145955981
0.02209170739
0.02890201066
0.02552311307
0.02052605435
0.02110257713
0.02151940656
0.02193168329
0.02236927234
0.022842494
0.02335722344
0.02392225398
0.02456196636
0.02535183011
0.02654965492
0.02922063024
0.04156804635
0.05447447738
0.8819377764
0.960589642
0.9802904743
0.9749584598
0.9635082619
0.9802174904
0.9904831113
0.9911926128
0.9908987186
0.9904044727
0.9900835343
0.9908910792
0.9904611014
0.9911769531
0.9897790422
0.988482217
0.9848245932
0.8365893832
0.02591036505
0.01992857157
0.01833921751
0.01885401201
0.01904887533
0.01877934392
0.01832527844
0.01790904591
0.01754976245
0.0172859278
0.01706212564
0.01689244189
0.01676424981
0.0166732497
0.01660636142
0.01655676938
0.01652232712
0.01650024047
0.01648778386
0.01647317024
0.01897637564
0.8861792215
0.926564507
0.9954031456
0.9975754626
0.997972661
0.9981184677
0.9981482984
0.9981099531
0.9980071986
0.997891338
0.9977956748
0.9976961018
0.997547396
0.9973834802
0.9972335895
0.9970817254
0.9968992675
0.9966935626
0.9964620469
0.9961937395
0.9959034294
0.9956183786
0.9953596835
0.9951462551
0.9950076127
0.994971393
0.9950529202
0.9952320597
0.9954452804
0.9956210535
0.9957813173
0.9959777559
0.9961065841
0.9961897072
0.9962287783
0.9962403779
0.9962358189
0.9962191699
0.996188916
0.9961384728
0.9960562386
0.9959271886
0.9957417535
0.9955262205
0.9953674799
0.9953083456
0.9952451963
0.9952193826
0.9951319662
0.9948165847
0.9941483821
0.9930790461
0.9918329954
0.9906864617
0.9893227459
0.9875350167
0.9848233907
0.981274654
0.9788300177
0.9845666771
0.9881767675
0.987027895
0.9871739619
0.9866340589
0.9862120641
0.986123832
0.9873158299
0.9859860632
0.9845754276
0.9851910407
0.9863882925
0.9873758317
0.9882437914
0.9890198399
0.9897172824
0.990345189
0.9909106868
0.9914194547
0.9918773013
0.9922992469
0.9927476938
0.993699273
0.9910206458
0.9876293496
0.9887796612
0.9882676687
0.9869655957
0.9866934122
0.9880415281
0.9903864993
0.9913151298
0.9921582702
0.9918601902
0.9916125879
0.9900236309
0.9895077216
0.9847197513
0.9145770556
0.02608302291
0.02064690132
0.01898413718
0.01911596147
0.01989752975
0.01984742781
0.01933723444
0.01893359399
0.01837310388
0.01792301758
0.01755492196
0.01729829372
0.01706056718
0.01688338159
0.01675206973
0.01666405655
0.0165994813
0.01655091345
0.01651955133
0.0165025513
0.01649646404
0.0165029717
0.01763677677
0.8416590627
0.1282669726
0.9970159265
0.9983497658
0.9985326827
0.998588095
0.998571325
0.9985111716
0.9984082674
0.9982878963
0.9981697821
0.9980481454
0.9979062577
0.9977524347
0.9975982763
0.9974401304
0.9972683398
0.997083629
0.9968843995
0.9966709325
0.996455072
0.9962529977
0.9960784572
0.9959438347
0.9958616569
0.9958390416
0.9958738404
0.9959479258
0.9960259383
0.996070828
0.9960876567
0.9961276321
0.9962050017
0.9962768193
0.9963254136
0.9963521137
0.9963631859
0.9963627709
0.9963513479
0.9963261194
0.9962822466
0.9962161576
0.9961336291
0.9960631234
0.996049599
0.9960927485
0.9961213366
0.9960894705
0.9959781629
0.9957281473
0.9952846406
0.9946391092
0.9938855852
0.9931316334
0.9923568973
0.9915665742
0.990807871
0.9903546787
0.990521457
0.991140658
0.9926236633
0.9929604178
0.9929322542
0.9928540368
0.992803663
0.992800633
0.9929043252
0.9929495178
0.9927142749
0.9925763689
0.9927114579
0.992903117
0.9930973233
0.9932858143
0.9934658811
0.9936345822
0.9937858427
0.993906847
0.9939725056
0.9939382317
0.9937372889
0.9933306277
0.9928762338
0.9915439015
0.9913269422
0.9911577173
0.9900740278
0.9884526171
0.9874169112
0.988039208
0.9904077414
0.9922447116
0.9915912385
0.9913175676
0.9881338585
0.9577618405
0.03110710204
0.02047649941
0.01826247759
0.01813767856
0.01976955139
0.02054797335
0.02022977919
0.02009645644
0.01955495115
0.01917389445
0.01846258612
0.01797276907
0.01757335775
0.01734388523
0.01707364224
0.01688497359
0.01674374336
0.01666142599
0.01659996409
0.01655010364
0.01652034801
0.01650957829
0.01651095393
0.01652146641
0.01655414071
0.03787716785
0.9425288257
0.9981297381
0.9988672945
0.9989181802
0.9989076818
0.9988582734
0.9987818168
0.9986813346
0.9985664746
0.99844599
0.9983193728
0.9981816191
0.9980353813
0.997884409
0.9977281151
0.9975643125
0.9973940954
0.9972182399
0.9970400779
0.9968685736
0.9967142329
0.9965856143
0.9964889652
0.9964277626
0.9964005975
0.996400523
0.9964140918
0.996422258
0.996407908
0.996375727
0.9963568789
0.9963714964
0.9964063721
0.9964411849
0.9964689414
0.9964894635
0.9965045195
0.9965154661
0.9965229044
0.9965275155
0.9965319467
0.9965437059
0.9965765616
0.9966407767
0.9967193038
0.9967691094
0.9967583617
0.9966689805
0.9964796391
0.996172595
0.995752326
0.99526332
0.9947597101
0.9942716431
0.9938365789
0.9934972139
0.993327751
0.9933604837
0.993502624
0.9936858724
0.9939280135
0.9940420424
0.9940616187
0.994088057
0.9941285152
0.9941927124
0.9942155294
0.9941138617
0.9939524878
0.9938532001
0.9938034633
0.9937708075
0.9937414681
0.9937112521
0.9936773161
0.9936344448
0.9935716709
0.9934681508
0.9932905388
0.9930045425
0.9926428186
0.9923885595
0.9923510132
0.992146075
0.9916011697
0.990442623
0.9886525093
0.9870840737
0.9874551602
0.9879978276
0.9902864696
0.9895385792
0.9732875547
0.03982095242
0.02129321832
0.01769260937
0.01706165098
0.01784688085
0.01866330927
0.01942928632
0.02014774907
0.02009815438
0.02011698673
0.02003301658
0.01912642818
0.01820374158
0.01775971109
0.01749659775
0.01723840856
0.0169890619
0.01681737231
0.01670596585
0.01661698963
0.01656796767
0.01653598378
0.01651189858
0.01650688482
0.01650925002
0.01653979294
0.01655814295
0.02898817717
0.9743813647
0.9989533821
0.9992262236
0.999181
0.9991248036
0.9990548865
0.9989717928
0.9988752473
0.9987679399
0.9986524093
0.9985285746
0.9983954641
0.9982545725
0.998107459
0.9979543725
0.9977956978
0.9976334173
0.9974702492
0.9973111869
0.9971641457
0.997037367
0.9969369418
0.99686562
0.9968218259
0.9967988886
0.9967857852
0.9967689784
0.9967358958
0.9966808673
0.9966135833
0.9965577911
0.9965312502
0.9965325105
0.9965501577
0.9965747214
0.996601598
0.9966297326
0.9966602377
0.9966958349
0.9967409492
0.9968018096
0.9968854279
0.9969956207
0.9971249263
0.9972480509
0.9973311526
0.9973494662
0.9972881911
0.9971373104
0.9968942194
0.9965694612
0.9961918498
0.9957988995
0.9954271097
0.9951134982
0.9948865721
0.9947636336
0.9947303066
0.9947371754
0.994759354
0.9948217983
0.9949100022
0.994979863
0.9950474435
0.9951132513
0.9951624164
0.995154397
0.9950544857
0.994887006
0.994699028
0.9945081564
0.9943159182
0.9941171665
0.9939088404
0.9936899267
0.993460733
0.9932235539
0.9929854841
0.9927657212
0.9926108271
0.992607297
0.9928076557
0.9930275258
0.9928677981
0.9919946492
0.9900775941
0.9865938748
0.9814823194
0.9807282987
0.9795965685
0.9429950814
0.06063052192
0.02655830022
0.02068056473
0.018996008
0.01883374844
0.01945845594
0.01932300074
0.020084651
0.02073389441
0.02169411143
0.02264233962
0.02316501655
0.02407435703
0.02462352195
0.02105253329
0.02143923242
0.02039146448
0.02103607599
0.01994047903
0.02032243261
0.01923637861
0.02104797904
0.0197553227
0.0198432825
0.02000754924
0.02016380799
0.01979970622
0.02143296265
0.02066002333
0.02441230995
0.9351231842
0.9980571527
0.9990000522
0.9986725851
0.9984810418
0.9983213406
0.9981598716
0.9979814651
0.9977834607
0.9975666062
0.9973301084
0.9970733385
0.9967996841
0.9965121816
0.9962117252
0.9958996593
0.9955803439
0.9952601079
0.9949498922
0.9946661805
0.9944261201
0.9942423473
0.9941197224
0.9940528845
0.9940246713
0.9940079102
0.9939700047
0.9938818023
0.993731744
0.9935419041
0.9933656974
0.9932504501
0.9932068336
0.9932183052
0.9932628388
0.9933240129
0.993394167
0.9934732268
0.9935674421
0.9936888791
0.9938544231
0.9940813502
0.994375994
0.9947167106
0.9950464964
0.995294695
0.9954092758
0.995360405
0.9951298479
0.994714575
0.9941346277
0.993440378
0.9927024165
0.9919975314
0.991405538
0.9909843342
0.9907535499
0.9906667176
0.9906286075
0.9905965216
0.990627353
0.990746627
0.9909013796
0.9910784715
0.9912562034
0.9913927643
0.9914063299
0.991227077
0.9908795015
0.9904357884
0.9899333105
0.9893927917
0.98881542
0.9881948202
0.9875262901
0.9868117112
0.9860682357
0.9853475396
0.9847704146
0.984562129
0.9849985611
0.9860870385
0.9872127344
0.9874673765
0.9861179447
0.9821446724
0.9727883446
0.9468139671
0.9007679402
0.1320301321
0.06010718766
0.7852774919
0.06196693252
0.9003307918
0.06264694048
0.913574512
0.06137628779
0.9135609478
0.06080713597
0.9118876877
0.06823289898
0.8928695226
0.2375854856
0.8760958598
0.3596538366
0.8494143782
0.2895378284
0.757038298
0.4292399092
0.6532137694
0.3528784591
0.6445356191
0.3999417085
0.8053397304
0.6455748673
0.4800189188
0.5311828808
0.5383160216
0.5470474854
0.4698286059
0.7837513509
0.178094128
