0.9510440688
0.9632769223
0.949013263
0.9394982828
0.9300112743
0.9198922154
0.909024192
0.8975733871
0.8858661247
0.8742554592
0.8631214765
0.8528069218
0.8435255385
0.8354239556
0.8284476297
0.8225959217
0.8177127801
0.8135511889
0.8097867504
0.8064038062
0.8027252233
0.799081143
0.7954634882
0.7915658827
0.7882625659
0.7848329067
0.7819251381
0.7794560093
0.7777394684
0.7766669451
0.7762125123
0.7761048171
0.7765147799
0.7776569893
0.7792381773
0.7812412272
0.783172928
0.7850289947
0.786757257
0.7885097481
0.7902346631
0.7919161902
0.7937361963
0.7957406268
0.7977544849
0.798846847
0.7981366751
0.7955516546
0.7921041155
0.7890102403
0.7873636848
0.7874803217
0.7888549723
0.7904594608
0.7915956637
0.7916686245
0.7906723508
0.7885619204
0.785753338
0.7825258742
0.7795701578
0.7766790662
0.7727505462
0.766717607
0.7595791152
0.7527246044
0.7451025679
0.7375726546
0.7304377453
0.7240176326
0.7163504855
0.7075864232
0.6989712893
0.6915962198
0.6855442241
0.6787341157
0.6685403392
0.6550150249
0.6367488348
0.6088726569
0.5676097195
0.5184048029
0.477401649
0.4879624913
0.5019191431
0.4682472566
0.4558381939
0.4969598787
0.407466139
0.3891947368
0.3835258248
0.3934779363
0.4502548535
0.4797697954
0.4980794853
0.5217357487
0.5395129635
0.5713723899
0.5510842223
0.5330829203
0.5416108777
0.5313231619
0.5337378066
0.5198092774
0.5154909259
0.5024532671
0.482548327
0.4834801349
0.4807386592
0.475481583
0.475774011
0.4623896348
0.4540602153
0.4370118152
0.4353887565
0.4130876839
0.4077488725
0.3756043724
0.3467375322
0.3944599248
0.474958869
0.93769321
0.9756848334
0.9712243636
0.966085363
0.9606653642
0.9548859724
0.9486821611
0.9420871024
0.935240048
0.9282924551
0.921465277
0.9149976675
0.9090660045
0.9037912757
0.8992133102
0.8952487157
0.8917931372
0.8888435996
0.8863023147
0.8838627734
0.8814331964
0.8790345719
0.876601462
0.8743161756
0.8720965106
0.8698676237
0.8677644701
0.8658857924
0.8644839423
0.8636228723
0.8631892159
0.8628871017
0.8626653495
0.8626819529
0.8630817986
0.8638763753
0.8648102278
0.8657661749
0.8667518486
0.8677286425
0.868591224
0.8694138629
0.8702250609
0.8710660517
0.871903759
0.8720749986
0.8710266324
0.868890844
0.8660941117
0.8631804557
0.8609355703
0.8601374991
0.8608385295
0.8625546287
0.8641852839
0.8647419829
0.8643610203
0.8631718176
0.8611399162
0.8586974677
0.8561935844
0.8541849726
0.8530004348
0.8508654927
0.8463139695
0.8410692748
0.8357960903
0.8298242807
0.8243299267
0.8197807906
0.8158431363
0.8101966969
0.8027420689
0.7948168503
0.7870170476
0.7825687832
0.7778011885
0.7711666405
0.7651355267
0.7606391913
0.7548316999
0.7378842422
0.7031869578
0.6468887209
0.5666848637
0.4522778282
0.4600067872
0.4346994871
0.4159371065
0.3860947734
0.3562087547
0.3714126568
0.4081191306
0.3773878352
0.3982714592
0.3938289886
0.3649821991
0.3259455933
0.3064863315
0.3356279428
0.3743271593
0.3933468343
0.3971691438
0.3891887834
0.388290914
0.3793913554
0.3876550289
0.3800642221
0.3642845936
0.3528898983
0.3481361304
0.3455917264
0.3523618704
0.3633954277
0.3619553029
0.3597526611
0.3498222117
0.3281470769
0.2547848992
0.3326512139
0.4083575518
0.8965073348
0.9544391486
0.9603601316
0.9576660861
0.9525133695
0.9466394492
0.9402808759
0.9334733141
0.9263602737
0.9189833446
0.9115452369
0.9043608307
0.8977259162
0.8920522579
0.88750081
0.8837667486
0.8805331325
0.8778467268
0.8756251336
0.8735941038
0.8714525845
0.869279781
0.8671162364
0.865070614
0.8630914527
0.8609277837
0.8586098487
0.8563383437
0.8544742824
0.8532798269
0.8528673705
0.8530082534
0.8531739478
0.8531185539
0.8530607358
0.8534005722
0.8540318287
0.8545082085
0.8548510205
0.8550421471
0.854873504
0.8544757297
0.8541773867
0.8541188496
0.8537961593
0.8522253971
0.8490260979
0.8443530798
0.839416355
0.8349980064
0.8302965205
0.8258205032
0.8240537909
0.8260493144
0.8310318119
0.8347420345
0.8355355227
0.8348901638
0.8332817044
0.83024011
0.8270377268
0.8246074295
0.8235062837
0.8246560971
0.8253578175
0.8221644397
0.8184567646
0.8172428249
0.8131766706
0.8113081044
0.8085542906
0.8067833813
0.8037815983
0.7953556305
0.794602256
0.7869211455
0.7799530962
0.7759172482
0.7694082764
0.7669816601
0.7700703141
0.7737877967
0.7726329721
0.7641585865
0.7469651082
0.7190987875
0.6792396042
0.6361653185
0.4480511261
0.4675456707
0.3371321118
0.3172212574
0.3046072016
0.3044960801
0.3022314738
0.2985942313
0.2933021013
0.2936200141
0.2929045718
0.2946483007
0.2991864463
0.302229369
0.3060846466
0.3097986868
0.3124707607
0.3144515639
0.3193637317
0.3149065853
0.3127517071
0.3114373656
0.3115013389
0.3116851804
0.3180824165
0.3240895636
0.3406535633
0.3520856145
0.3463831568
0.3300755791
0.2382373571
0.3571629309
0.4666614321
0.8212934711
0.9207510456
0.9363200477
0.9419496866
0.9387981546
0.9339302653
0.9280770177
0.9213372452
0.9140562629
0.9060173931
0.8972852891
0.8882893338
0.8793772872
0.8718317815
0.8668788257
0.8640523062
0.8617475671
0.8596854506
0.8584278534
0.8573958424
0.8561869854
0.8546170746
0.8527387041
0.8509458856
0.8492922865
0.847414264
0.8448991079
0.8417484451
0.8385682462
0.8356108396
0.8340354911
0.8339833902
0.8353847524
0.8367415017
0.8367557663
0.8373474947
0.8378230219
0.8383251131
0.8380853431
0.8375901567
0.8360947504
0.8336276882
0.830893092
0.830254908
0.8304751859
0.8273720615
0.8211870486
0.8126967566
0.8021931767
0.7923528772
0.7840970015
0.7739296947
0.7578788487
0.7457129179
0.743964194
0.7536463987
0.7549673659
0.7542717978
0.7533298222
0.7494837063
0.7469901882
0.7484435562
0.7492593664
0.7445996837
0.7449412731
0.7453585454
0.746443452
0.7490460231
0.7575017571
0.7598173778
0.7578980142
0.7499715187
0.7470583159
0.7380953343
0.7426980338
0.7618197534
0.7459937966
0.7429651621
0.7441583423
0.7406530632
0.745888429
0.7504374456
0.7626123332
0.7721262496
0.78215104
0.7742106901
0.7567217797
0.7350672838
0.7401769354
0.7417213713
0.6652093569
0.532048991
0.4196201247
0.3369755438
0.308818631
0.2974328363
0.3021835494
0.2993890231
0.3041202186
0.3059105659
0.3054642177
0.3013024919
0.3010197658
0.3017476664
0.3022735962
0.3024668298
0.312481405
0.30481346
0.3045921573
0.3014560241
0.3025068535
0.298886512
0.3118686159
0.3018403128
0.2961149219
0.3072607989
0.3246780972
0.3463682987
0.3567914249
0.378789483
0.4963466609
0.5126878816
0.6494064026
0.8378825683
0.895288056
0.9103825174
0.9107914752
0.911742301
0.904946412
0.8990246405
0.8906432071
0.880482544
0.8688499248
0.8549525979
0.8408652909
0.8317094984
0.8300116585
0.8324257895
0.8338068
0.8335967389
0.8348966834
0.8357584908
0.8360259195
0.8353002015
0.8337928877
0.8323952336
0.8317449653
0.8304080825
0.8278654683
0.8232034597
0.816934746
0.81037884
0.8051574179
0.8031487236
0.8055714914
0.8090531713
0.8125127268
0.8158407147
0.8151789161
0.8136557237
0.8117830976
0.8102530206
0.8060485576
0.7972806211
0.7927175045
0.7907094835
0.7910070257
0.7840046908
0.7755982453
0.7669939338
0.7428048174
0.721598082
0.7130915055
0.7128461688
0.6705075746
0.6098109981
0.545920487
0.4701623165
0.4340808902
0.4450298642
0.427083777
0.4649387755
0.4820834494
0.5031509259
0.4773587037
0.478611342
0.4426963028
0.4889624196
0.4630911394
0.4879561769
0.511353717
0.5215403315
0.5025691693
0.4844409613
0.4724396527
0.5047827365
0.5179403473
0.4832024112
0.5371850246
0.5464901406
0.6149647517
0.6600172044
0.6742722083
0.6947078394
0.7063989765
0.756015975
0.7860535639
0.7781660507
0.7649130225
0.7508783114
0.7576156129
0.7669429083
0.7710840875
0.7550611485
0.6967051478
0.4916114407
0.4494434598
0.3895874644
0.3691397778
0.3156086834
0.310011665
0.3069013898
0.3129260151
0.3124119535
0.3081759522
0.3003334011
0.2975788604
0.2904839763
0.291955647
0.3046330844
0.3018519593
0.2993224514
0.2956297077
0.3025797893
0.312862903
0.3060027744
0.3053100469
0.3076489488
0.3187462868
0.37603314
0.3791899255
0.5226069338
0.3779857484
0.2843233063
0.3023260842
0.384652969
0.6067036536
0.7810115997
0.8551444144
0.8736313709
0.8733985279
0.8757633292
0.8606100271
0.8518344829
0.8330161389
0.8050007231
0.7758762636
0.7592658506
0.7588924738
0.7769255925
0.7873105307
0.7905046207
0.7963753492
0.8005301051
0.8035902416
0.8049586462
0.8035062333
0.804815992
0.8076435291
0.809847105
0.8102776047
0.8019982864
0.7916914283
0.773760749
0.7513449581
0.728811182
0.719668732
0.7191277102
0.7223343601
0.7327783344
0.7193793329
0.7099166475
0.7075046142
0.7100164813
0.7037556101
0.7016541462
0.6816858789
0.6841358631
0.6845661106
0.6982764795
0.7087576849
0.6907232059
0.6730589058
0.6419321982
0.6420498406
0.702762774
0.6833271489
0.6578828245
0.5193906653
0.4519791803
0.3485159885
0.3206532539
0.3525560734
0.3431239596
0.341492492
0.3607499404
0.3873020251
0.4270957716
0.4340069801
0.3910473983
0.3593117521
0.3575872628
0.3620886618
0.3868593883
0.388216955
0.455982727
0.4457349277
0.4519536716
0.4466154394
0.4338721962
0.4218601786
0.403899593
0.418129834
0.4608115448
0.4970859214
0.5350909045
0.5860086989
0.5063223789
0.6248380439
0.7001058201
0.7184242537
0.7087953797
0.7198469923
0.7431546928
0.7696485875
0.766772722
0.7443093228
0.6964406877
0.5477250544
0.4554529715
0.4511703816
0.3722781306
0.3216941409
0.3071979036
0.3094744845
0.3158808656
0.3177316217
0.3093614957
0.2941991417
0.2816020328
0.2788298869
0.2824978602
0.3009261381
0.3175453575
0.3001379004
0.2978621967
0.3074481578
0.3329860466
0.323783855
0.3163677505
0.360728227
0.4303328878
0.6186101724
0.3679105058
0.264858497
0.267910202
0.2681522101
0.2756644978
0.2945444078
0.3476220061
0.5164660378
0.706991615
0.8043428623
0.824071467
0.824345087
0.8315987649
0.7991313369
0.7492410194
0.6950883133
0.6200252509
0.5620180135
0.5500490122
0.5926402344
0.6077048617
0.6262746977
0.6409614795
0.6578924298
0.6685335876
0.6783704274
0.6892653438
0.7066438699
0.7209207143
0.7355842325
0.7501786663
0.741680762
0.7212312794
0.6824534142
0.6313024716
0.4953264565
0.4849151409
0.4179537808
0.3916481745
0.4076834184
0.4092956311
0.3993292502
0.4022514839
0.4533338053
0.4770995955
0.5121995874
0.4403954521
0.4684978669
0.5085296899
0.5245379051
0.6088505069
0.6168126474
0.6256386407
0.4740970587
0.6309480283
0.6933238585
0.7429742628
0.7076559048
0.6393432042
0.4371050425
0.3511146642
0.4122585547
0.3959211324
0.4260080319
0.3788872519
0.3925282425
0.4136669714
0.3993888433
0.4037318067
0.4360560967
0.3748318648
0.4109305419
0.3910073995
0.4278734303
0.4250365165
0.4091003503
0.4265887376
0.4600368159
0.4142643094
0.4169360349
0.4036871332
0.3487997232
0.3194960271
0.4163991432
0.4565648621
0.456917802
0.5095990387
0.5026673073
0.4509981948
0.59371861
0.627985646
0.6273996924
0.6810325379
0.7358508299
0.7579504335
0.7540916765
0.7266781391
0.6615579804
0.5302448305
0.617324976
0.4644542522
0.3969878107
0.3204842852
0.3049866351
0.3082559832
0.312065795
0.3165244468
0.3102019033
0.2937711927
0.2799424484
0.2776665655
0.263716882
0.2989223769
0.3178410949
0.3072684109
0.3150700938
0.3240449495
0.3274915134
0.3657059055
0.6513960221
0.5911379787
0.3665410603
0.2614077346
0.2660792124
0.2671184274
0.2679477866
0.2686677718
0.269339098
0.2738076667
0.2896208674
0.3332584573
0.4656436527
0.624838879
0.7744175751
0.8216824765
0.7867227202
0.7445620999
0.6858694304
0.6072140024
0.4260664405
0.3494440149
0.316484687
0.3105472069
0.3205289797
0.3298407943
0.3390941185
0.3441640475
0.3446259192
0.3442241112
0.3577658002
0.3787349506
0.4475133801
0.5025933754
0.5085998536
0.6441330171
0.6893904851
0.6901934135
0.6498341972
0.5392047038
0.433052451
0.3867809909
0.4082087584
0.3984763673
0.3857004372
0.3715212254
0.4201388451
0.4440930392
0.4349119562
0.4898765921
0.3916661315
0.4214784331
0.4643861973
0.446915537
0.5706485027
0.6431344879
0.4383855007
0.4384206929
0.4948419008
0.61778406
0.6857855938
0.6952890077
0.6095844065
0.4227406768
0.3895243991
0.3724130349
0.3817921237
0.4592203889
0.4412625929
0.3837424834
0.4235400645
0.4429729464
0.3773751881
0.449777491
0.389720373
0.4361664751
0.4006020684
0.415361776
0.4311027037
0.4336934774
0.3969835581
0.4238074318
0.4270835818
0.3314990882
0.2631057456
0.3853460567
0.3885199859
0.4121256017
0.4362556463
0.4368670842
0.4312383786
0.4531653671
0.4975748445
0.5577228591
0.5452933784
0.4545392362
0.6475649692
0.7205550331
0.752767412
0.741657453
0.703431053
0.53082134
0.5949699116
0.6306090746
0.5212093638
0.4131129998
0.3256577269
0.313471802
0.3038586726
0.3116515572
0.3219767387
0.3127735588
0.3046386953
0.2914988201
0.2932588254
0.3122643442
0.3201055728
0.3395241306
0.3295875688
0.32634793
0.3873055114
0.6014770018
0.5506790316
0.3661130954
0.2602577079
0.2645626687
0.2661515983
0.2674344033
0.2684320888
0.2694078713
0.270447424
0.2711642798
0.2724148149
0.281316227
0.3062228948
0.3496326937
0.5634940283
0.7558500542
0.769996074
0.7570289069
0.7297286125
0.6963023729
0.6163114116
0.4507041099
0.3201705535
0.2894966619
0.2881636875
0.2946600324
0.2996342419
0.3135288739
0.3193378246
0.3059342216
0.3103279068
0.3176269502
0.3357696387
0.3651265007
0.3730196219
0.4477562104
0.4893772371
0.6513948981
0.675836104
0.6795391379
0.6108785033
0.4663979379
0.4698929399
0.4666979008
0.4171772926
0.4020820511
0.4034504857
0.4580747485
0.4650482844
0.4607633901
0.4255630888
0.4666871038
0.4139416507
0.4579289578
0.4361663806
0.6218633409
0.5707518249
0.4612302701
0.4150699738
0.4878724509
0.4853201719
0.7025919453
0.679251185
0.5757288696
0.4040275072
0.4464305738
0.3882044235
0.3948262376
0.3514431305
0.3699160287
0.414775253
0.3996513784
0.4467661991
0.4006104981
0.4463795121
0.4112227702
0.4361525414
0.4402365075
0.4181155403
0.4338040603
0.4204304714
0.4287409986
0.3965338469
0.3256698237
0.4278694098
0.2183640552
0.2204818558
0.3817418164
0.3943822726
0.4054897526
0.383802261
0.4155918577
0.4049414235
0.5621034843
0.5453305468
0.4372343301
0.4200339178
0.6370930254
0.7096818376
0.7523031741
0.7422000359
0.5012333838
0.5232645779
0.597540623
0.6357891057
0.5307902372
0.4101488443
0.3372108552
0.314935881
0.3102038467
0.3139998524
0.3220770216
0.31548652
0.3409137835
0.3048051287
0.3289222718
0.3264644939
0.3526376576
0.3392416772
0.3736260318
0.5640096373
0.4927782685
0.3659199612
0.2597687182
0.2636743881
0.2652933232
0.2668148618
0.2679924891
0.2690660484
0.2701109024
0.2709650035
0.2718119915
0.2734718518
0.2793915341
0.286873933
0.2842577548
0.33747412
0.6019395689
0.7382567301
0.7492619733
0.7221858279
0.716489508
0.6875578162
0.5702702867
0.4456301248
0.3269842547
0.3030461494
0.3029181475
0.3038887124
0.3196127552
0.3340735022
0.3192556075
0.3238021767
0.3297325087
0.3348234955
0.3420562646
0.3542895324
0.3637915315
0.402886923
0.4663097702
0.5489807945
0.6475588077
0.6714642018
0.6003465515
0.4601879986
0.4491547351
0.5089630594
0.4189117162
0.439944846
0.4727550634
0.5135085305
0.4279572346
0.4438212713
0.4445878091
0.4232461567
0.4148333188
0.4423700351
0.4799070394
0.6107183472
0.4257383165
0.4095703869
0.382070009
0.4725639123
0.5812235446
0.6773419271
0.6092654637
0.6078507216
0.5083738836
0.4372408401
0.3853170243
0.4627318522
0.3570722122
0.3624343609
0.3727050519
0.4242129169
0.4255005035
0.436741779
0.4331893833
0.4128579291
0.4315459005
0.4399167585
0.4324683064
0.4071006866
0.3812119045
0.432904918
0.3953977957
0.2711383273
0.4046089323
0.3528019515
0.3698826012
0.2641173384
0.3821257947
0.3719697022
0.425271537
0.4310309197
0.483694285
0.5914525734
0.4417687362
0.3483386532
0.4260201071
0.6172232439
0.727631026
0.7509091908
0.6847325562
0.4666162196
0.518989515
0.624201364
0.647494544
0.4923708945
0.4272424571
0.3512446763
0.3143300212
0.3083065389
0.3141584898
0.3172505901
0.3337511126
0.3252327366
0.3363200288
0.3437716186
0.3451761624
0.4254510489
0.5188391106
0.4559239547
0.3659536492
0.2595561839
0.2631897784
0.2646886507
0.2662264673
0.267553481
0.2687329953
0.2697783936
0.2707465714
0.2715570659
0.2724692159
0.2739433365
0.2856691906
0.2818998351
0.2737307636
0.2883776454
0.4466662019
0.6682756231
0.7233653056
0.7088416597
0.6993434642
0.7066085359
0.6631575072
0.553775833
0.4358161133
0.3356549912
0.320115324
0.3144711681
0.3222715735
0.3352201513
0.3257298362
0.3515138534
0.339992693
0.3446233361
0.3524800057
0.3896902531
0.3952236169
0.3961138604
0.400064185
0.4370006878
0.4944338581
0.6188624938
0.6233582218
0.5783409661
0.4354515814
0.4954779131
0.4154602312
0.3841029941
0.4632954535
0.4105046716
0.453205271
0.4265801701
0.4642124701
0.4481509259
0.4392939634
0.4583856192
0.4214854292
0.594854801
0.5533407302
0.4279085917
0.4298782426
0.3974555125
0.4989368063
0.6262267037
0.6222123693
0.5393936602
0.4745398519
0.4646227749
0.4766190977
0.4399993544
0.4121767033
0.3750517519
0.4070959419
0.3890797121
0.4394996999
0.4107155067
0.4408615129
0.4396318544
0.4100949722
0.4225564046
0.40584011
0.4482148974
0.4377572675
0.4334812722
0.3913606331
0.4110468992
0.4075822853
0.3707999653
0.2589893957
0.2632994603
0.3065136838
0.4030896398
0.3575359716
0.3732709542
0.4505934486
0.6027929266
0.4451154774
0.3314810248
0.3564957544
0.4265967105
0.6766924729
0.7237031212
0.6962531053
0.5816759255
0.5521496634
0.5514182527
0.6925843968
0.593049587
0.5409236409
0.4393466542
0.3301780366
0.3128879689
0.3438720349
0.3229707191
0.3461630558
0.3463457716
0.3271556579
0.3833975067
0.4616609821
0.5072918655
0.4393248567
0.365870166
0.2594773385
0.2629539505
0.264305577
0.2658183032
0.267213507
0.2684773406
0.2696588815
0.2707097123
0.2716424856
0.2726167961
0.2731687877
0.2753822374
0.2873381406
0.2826153235
0.2726883249
0.2747487615
0.3278244986
0.5171486237
0.6853613226
0.7036725125
0.6817902476
0.6774528536
0.6890836087
0.6528039679
0.5382375462
0.423263036
0.3727531272
0.3635643027
0.3537424838
0.3788027404
0.3448778435
0.3510426516
0.3481712819
0.3626605384
0.3773242003
0.382780707
0.3818779417
0.4082083176
0.4145086784
0.4219133529
0.4706241531
0.5151389236
0.5755313382
0.6185992921
0.5566883456
0.4748849137
0.4897792596
0.417325241
0.4211146911
0.4522214606
0.4508048899
0.4615108259
0.4349445598
0.4078446973
0.4592555448
0.4003562286
0.4294107886
0.5274796793
0.5525800338
0.4556952632
0.4129254446
0.3982535359
0.4258806618
0.6387104403
0.6058262936
0.6687921407
0.5168353645
0.4790567101
0.4204554438
0.4139650775
0.4263573194
0.4088097362
0.4153857112
0.4125922537
0.4417872165
0.4194674752
0.4197452812
0.4311585833
0.379683895
0.3660289913
0.4359889985
0.4261553186
0.4409665049
0.392232491
0.4153316199
0.3015254309
0.3681570845
0.3142901948
0.3145443512
0.2851626907
0.3552354277
0.3902164898
0.4026239897
0.3519108231
0.4182646906
0.616181687
0.5140792723
0.3748925762
0.3060286446
0.3556918735
0.53387359
0.7077270088
0.6862603746
0.6038727702
0.5243377626
0.5010385764
0.6572524464
0.6677516492
0.5091895846
0.5831825073
0.4028581833
0.3368332847
0.3093336501
0.3726774747
0.3121473332
0.3537806216
0.4106906838
0.4599376138
0.5205969052
0.4295070104
0.3660612785
0.2594707043
0.2628640162
0.2641295342
0.2655444386
0.2669813844
0.2683246895
0.2696277468
0.2708569056
0.2720557545
0.2731322101
0.274116831
0.2747254923
0.2772577506
0.2867842603
0.2788296324
0.2741275586
0.2747152451
0.2977828141
0.434003273
0.6099340127
0.6911188715
0.6655923158
0.6547622924
0.6739701547
0.6844376668
0.6303235068
0.5055007079
0.4579164827
0.4486449028
0.4226575959
0.4422987936
0.3930104523
0.4064792985
0.3991866411
0.3763776531
0.4144195669
0.3914245424
0.3838454452
0.3762940577
0.4281080241
0.3789287486
0.4034358958
0.4456100338
0.4931432366
0.5616832043
0.5655072156
0.565692216
0.4612577085
0.4458776769
0.4139450421
0.466090516
0.4668835953
0.4490699254
0.3958050033
0.4238541716
0.4007782427
0.426932204
0.4104107222
0.4284523587
0.5917099544
0.4550248869
0.4702435188
0.4225876573
0.4534238095
0.5280291638
0.4753619019
0.5991439222
0.5952722779
0.5515321627
0.4559939729
0.4322330092
0.4047730509
0.4476755853
0.4684992701
0.41452884
0.4326663461
0.4433990489
0.4010838935
0.4063230507
0.4479177773
0.4319605718
0.3611578923
0.3502392246
0.4447072029
0.4110538371
0.4363659127
0.3170061563
0.4266809632
0.3661512533
0.2951887367
0.3383731683
0.2967826189
0.3865070246
0.3761140018
0.3302657704
0.3934219631
0.5391403923
0.6257710998
0.432265756
0.3126494123
0.3230783454
0.4693778018
0.6734803924
0.667836953
0.5554343782
0.6199427634
0.5182659509
0.648668026
0.6545927763
0.6145511779
0.5939697855
0.5220741213
0.4136308704
0.3822727005
0.3381777629
0.4132583637
0.4810170915
0.4367960819
0.5628812692
0.4316227852
0.3661190391
0.2594966245
0.2628661449
0.2640639145
0.2654104386
0.2668578565
0.2682738257
0.2696793779
0.2710416656
0.2723982044
0.2736696409
0.2748716375
0.2757493026
0.2767630776
0.2799363204
0.2895410969
0.2802973026
0.2765771004
0.2782191432
0.2980824588
0.3581775167
0.4665493946
0.6609528318
0.6492146451
0.6274079313
0.666593566
0.6773516809
0.6671075683
0.547655351
0.4491779557
0.4226379422
0.4363888721
0.4481206099
0.441521964
0.4462724216
0.4481780219
0.3970085965
0.4117277574
0.3832189135
0.3873972352
0.4297169331
0.3655860315
0.4519869362
0.4365297613
0.4872769441
0.4532607257
0.5096417075
0.5485476538
0.5568830883
0.4709524676
0.4099964974
0.4448761322
0.4442891339
0.4291967294
0.4505860968
0.4512454804
0.4707944513
0.4060376052
0.4062685469
0.3917546275
0.4116893372
0.5048454553
0.4521849604
0.4508020527
0.4143485329
0.4539096466
0.5281756391
0.508903243
0.5106001647
0.5360442836
0.6266002028
0.4670229404
0.4330835649
0.4650073366
0.429448858
0.4316660511
0.4363296982
0.4618328946
0.406846926
0.474949978
0.4519125201
0.4106658748
0.3243126051
0.3903002561
0.41645639
0.4350396372
0.4390984411
0.5204306436
0.3431415664
0.3791381937
0.2838887632
0.3312155738
0.2764981319
0.335249675
0.3725226363
0.3487441771
0.3275511357
0.3308165782
0.4495945904
0.6420557257
0.4265949192
0.3341184674
0.3202528046
0.4190581215
0.6561876353
0.697744421
0.5385785809
0.4607449877
0.4554051011
0.5672257037
0.5596936271
0.4686560557
0.5742043302
0.5205741128
6.401004617e-05
0.5105497691
0.5076125555
0.4943272949
0.4979740152
0.5588379195
0.4340763136
0.3659582096
0.2595271029
0.2628712382
0.2640565564
0.2654039271
0.266815726
0.2682866309
0.2697673103
0.2712455549
0.2726806436
0.2740861841
0.2753330869
0.2764856825
0.2774738831
0.2788221251
0.2829515299
0.2930358197
0.2831449583
0.280445297
0.2875752671
0.3021922949
0.3432884197
0.4406717522
0.6079496207
0.6407255294
0.6103959751
0.648857534
0.6676230533
0.6765120413
0.6325395778
0.4917952404
0.4843003824
0.4394876709
0.461324553
0.4413328783
0.4276141486
0.4593123147
0.4492248924
0.4419660802
0.410240887
0.4158864766
0.4074447157
0.4195847572
0.4253155813
0.4420592212
0.4424847266
0.4524291914
0.4812875678
0.4578288882
0.5500023084
0.4459615262
0.4557623516
0.436140377
0.4465581898
0.4149807365
0.4302026485
0.4548503354
0.4614734708
0.3800678124
0.4510086262
0.3770507417
0.4079881529
0.5353638524
0.403117804
0.4214313009
0.4740540833
0.4597365618
0.5384326911
0.4671631008
0.463935667
0.4611324263
0.6001029997
0.500383687
0.4637410757
0.4254343776
0.4778151556
0.4798751474
0.4111812527
0.4136420522
0.4428289823
0.406181041
0.4054079095
0.4636026624
0.4044312039
0.4213590371
0.3604674748
0.3989035269
0.3741552763
0.3799575199
0.4066227538
0.3901653032
0.3841703051
0.3082916174
0.323367242
0.3143638191
0.3505295405
0.3279431576
0.3080076503
0.3176857672
0.416294943
0.6273976057
0.5523697151
0.3623411559
0.3112766297
0.3688562181
0.6524875164
0.7828689145
0.5227162974
0.4271644487
0.4396682907
0.5843789825
0.4984317746
0.4063162728
0.4362716953
0.5339362299
0.653313732
0.6887757846
0.4702224118
0.5303526566
0.5551078581
0.4584931468
0.3660857343
0.2595929284
0.2629240448
0.2640762458
0.2653731719
0.2668305445
0.2683244502
0.2698651048
0.2714083524
0.272962213
0.2744541333
0.2758814688
0.2771439271
0.2782939179
0.2795054531
0.2809843192
0.2888640924
0.3002689557
0.2890638166
0.285320763
0.2946644124
0.3167251211
0.3291393174
0.3920030607
0.5425462441
0.6225505566
0.6031751489
0.6359061032
0.6523161169
0.6725198831
0.6521710887
0.5277192275
0.469717009
0.4578140838
0.4998176964
0.450623613
0.4452152208
0.4618516573
0.4325751028
0.4376563
0.4299266269
0.4308158303
0.4989780799
0.463677039
0.4516907116
0.4731442123
0.4531213483
0.476232946
0.4340232435
0.4074242503
0.530921535
0.5395421612
0.4434648748
0.4527870476
0.3956019606
0.4236914209
0.4199843299
0.3864120391
0.4641607912
0.3874498437
0.459016947
0.3691722479
0.4356873016
0.5476985098
0.4513386503
0.4199729521
0.4780063942
0.5008452381
0.4586362375
0.4594985717
0.4988143252
0.4580060508
0.5486286184
0.4884976096
0.4422222873
0.4903716849
0.4759514805
0.424530235
0.4771187456
0.4492057947
0.4102429836
0.4451185772
0.4285067619
0.419292427
0.4073470071
0.4224044807
0.4634870748
0.4437377546
0.4147286829
0.3765171917
0.3886619932
0.38180564
0.3830657473
0.340422655
0.3301485657
0.3147950035
0.3412250118
0.3247526984
0.3053379728
0.3003117771
0.3705742338
0.5933156999
0.6431257057
0.399381142
0.3186373854
0.3526634946
0.5535560686
0.7675004152
0.5406186024
0.4821711142
0.4959506268
0.5632172324
0.6301360002
0.4667271341
0.4525068915
0.4623854673
0.6070310687
0.4985077708
0.626786294
0.5547623215
0.4332290732
0.3659245306
0.2596568605
0.263001784
0.2641042057
0.2654010848
0.2668279395
0.2683699689
0.2699654052
0.2716450138
0.2732952155
0.2748645998
0.276450418
0.2778658791
0.2793727081
0.2807689575
0.2821639569
0.2839428723
0.29832325
0.2991743151
0.292587005
0.289566571
0.306546069
0.3122638095
0.3776037775
0.4040482663
0.4786747328
0.5894492082
0.5296693714
0.5823003734
0.6345037589
0.6819428239
0.6748724836
0.6060813695
0.474458981
0.4872583398
0.4514836964
0.4918680958
0.4876039313
0.4387808056
0.4617406942
0.4259295128
0.4290789477
0.4152285055
0.4231316771
0.4724596958
0.4521442987
0.4313697635
0.4565640324
0.4328825748
0.4803769507
0.4502584241
0.432019877
0.5407622097
0.4568211457
0.442997991
0.4272270583
0.4075749938
0.4057641236
0.4075881837
0.4470212501
0.3910758912
0.398216463
0.360679809
0.4266016813
0.5147489017
0.4498128457
0.4530224146
0.4484411663
0.4813782575
0.560813322
0.4249581847
0.4535489477
0.447446064
0.5524154167
0.5135913721
0.4710796395
0.4758686295
0.4482671807
0.4538755721
0.4305146487
0.4312834467
0.4311817047
0.407870426
0.4227944672
0.4265295773
0.4875247639
0.3678686137
0.4051574796
0.3992984417
0.3866805485
0.3540552642
0.384410524
0.3690246507
0.3533604068
0.339403838
0.3298784914
0.3175351554
0.3226810626
0.3232348048
0.3173416
0.310171892
0.3401883142
0.4691052648
0.6785709778
0.4393706505
0.3386235025
0.3529464127
0.5086668862
0.7017128016
0.5530294912
0.430657866
0.4112637824
0.5048856504
0.623082913
0.5261018987
0.5443087954
0.4750404279
0.636013842
0.6525590788
0.4642643362
0.4434412738
0.3660125809
0.2596969641
0.263075501
0.2641383699
0.2654021852
0.2668494555
0.2684558952
0.2700984114
0.2718143397
0.2735481538
0.2753436412
0.2771197647
0.278878101
0.2806632577
0.282540306
0.2843564637
0.2860248006
0.2903344191
0.3044817846
0.2986957105
0.2984436925
0.3046112686
0.312077369
0.3264672842
0.3402452139
0.470385994
0.5129173444
0.5338206
0.548140172
0.4923081469
0.5828298322
0.6556796932
0.6686893738
0.6425950478
0.5447531314
0.4694971005
0.4596072484
0.4657264964
0.4807092168
0.4691446583
0.4390670366
0.4642404048
0.4535321087
0.456048953
0.5096065323
0.436746003
0.4695636249
0.4327224837
0.438922187
0.5139474688
0.4603888198
0.4185681376
0.4276991954
0.4987415401
0.4520212398
0.4202673596
0.4023711302
0.4116445082
0.3870977175
0.4224281672
0.4143514713
0.4314488628
0.4346403791
0.4315219324
0.4078763948
0.5400252603
0.4561856947
0.4454553361
0.5067445819
0.4945411821
0.4625436379
0.4093784142
0.480749364
0.4582507826
0.4795982901
0.5039950307
0.4499874245
0.489238062
0.4276173041
0.4496320148
0.4180900141
0.4402068879
0.4306888996
0.4280394128
0.4254786284
0.3932558161
0.4270559527
0.4071545366
0.4001969992
0.3964933065
0.3857387131
0.3953438616
0.3540684035
0.3353622709
0.353775583
0.3343968052
0.3080465793
0.3102876899
0.3305310008
0.3278749787
0.322002605
0.3097146213
0.3265750981
0.463614413
0.7133146632
0.5163202068
0.3499133912
0.3239866378
0.5187856236
0.6356577726
0.6493702869
0.543483923
0.4542842397
0.5074695029
0.6174980028
0.5490146364
0.6346154658
0.6645935512
0.6346901986
0.4147697078
0.4402821277
0.3659722369
0.2597174591
0.2630638958
0.2641662113
0.2654165799
0.2668822941
0.2684912152
0.2701836517
0.2719697092
0.2738317923
0.2756982027
0.2777227478
0.2796471726
0.2818181251
0.2840359651
0.2863061626
0.2878357961
0.2895089705
0.2922792167
0.3019890422
0.3019014954
0.3064705719
0.313081934
0.3277792746
0.3382347294
0.3756537616
0.4357056766
0.5145852404
0.4929505383
0.5324048676
0.5095996762
0.5265050272
0.6519578447
0.620226024
0.6149303204
0.5631357376
0.4971004552
0.4796662108
0.4760924284
0.4679342741
0.5327550493
0.4996761475
0.5198101663
0.5317043742
0.4124368784
0.4393991838
0.4599762933
0.4541521947
0.4423697421
0.4306200834
0.456658743
0.4553512784
0.3982513069
0.4171604304
0.5526280904
0.4962865358
0.4214343145
0.3809287934
0.3981327263
0.3935877509
0.3938928312
0.406831399
0.4226140737
0.4194061737
0.3912792206
0.4335253965
0.4721388714
0.4605892312
0.4339142868
0.4664476917
0.5388811958
0.4595480066
0.431451397
0.436802337
0.4519580484
0.5294501425
0.4958114667
0.4367109031
0.4858525478
0.4236803905
0.4549814381
0.433589923
0.4384594577
0.4088773869
0.5001634056
0.3679097012
0.4061750198
0.4065867353
0.4075791351
0.3931243941
0.4115023031
0.3492214543
0.3501654201
0.3418566179
0.3301064138
0.3287912883
0.3319983624
0.3230645239
0.3303345121
0.3286685183
0.324337426
0.3225500841
0.3165618932
0.3128774801
0.3975009522
0.6785238224
0.6931868088
0.3816417752
0.334180685
0.426368862
0.5448119733
0.6720930793
0.5790091578
0.538940968
0.4892415952
0.6053208294
0.649028729
0.6168374846
0.4436694265
0.4435678709
0.4880240359
0.3659345839
0.2597011597
0.2631000139
0.264114572
0.2654140785
0.2668873945
0.2685265808
0.2702194352
0.2721144137
0.2740015142
0.2760516472
0.2780599158
0.280182943
0.2825788021
0.2849777432
0.2877292931
0.2896596787
0.2903917827
0.2920943655
0.2998577123
0.3075986059
0.3182730824
0.3183197333
0.3276179212
0.3400770668
0.3546910825
0.354249498
0.4673356273
0.488550288
0.4915586689
0.5263711118
0.502071631
0.5197149979
0.6122172451
0.6067720618
0.6174461419
0.6128398923
0.5140588842
0.4632346193
0.4665598118
0.4612488184
0.5112452701
0.454243353
0.5054680869
0.4460566622
0.4313088846
0.4393347409
0.4915747959
0.4622432581
0.45029286
0.3975632075
0.4353784969
0.4122296786
0.4174967991
0.4438895763
0.4281577671
0.5070867517
0.4594331293
0.3909844746
0.3790986071
0.4331685445
0.4406055354
0.4283721207
0.4160351671
0.4281259636
0.4445933285
0.4562209667
0.4926151506
0.4457895605
0.4589374296
0.4517456679
0.4733581071
0.504487489
0.4460208461
0.5137880599
0.4639664479
0.4425361563
0.4356309957
0.4184294703
0.4594657735
0.4342996161
0.4575585847
0.4147456147
0.4792509841
0.4463184222
0.4118200688
0.4067059169
0.4041872641
0.4067173387
0.3445302033
0.3718328573
0.370946516
0.3419169456
0.3490866827
0.3432668475
0.3160938004
0.3305984294
0.3282137846
0.3278700734
0.3214449263
0.3240047832
0.3275396126
0.3249985546
0.3198853796
0.3265407863
0.3817834954
0.5353783777
0.6578390406
0.4799310808
0.3945915853
0.5027658906
0.529982305
0.6278278522
0.5896900501
0.5950831367
0.6463465831
0.6746434791
0.6225505343
0.5840043719
0.472298894
0.4486367673
0.3660450518
0.2596713515
0.2630081295
0.2641103786
0.265418192
0.2668551461
0.2685198678
0.2702513915
0.2721898472
0.274121661
0.2762111842
0.2782787762
0.2804623482
0.2827791026
0.2850808506
0.2881684817
0.2905718798
0.2927395885
0.2925759902
0.3000314841
0.3149656248
0.3172752036
0.323534546
0.3274615515
0.3432338721
0.3530310727
0.3659042723
0.4398897048
0.4939036787
0.5258467117
0.4886303282
0.5560205459
0.5206584414
0.4724321344
0.62900655
0.5001079597
0.6024173941
0.5600215645
0.4729246697
0.456780606
0.5904960628
0.4988150028
0.596871089
0.4904443018
0.4460759094
0.5277736135
0.4321947492
0.4466680259
0.4598718973
0.4287931014
0.4426290901
0.414555146
0.440090661
0.4431965286
0.4234977007
0.4338246438
0.46158603
0.4728840012
0.4374179673
0.4060047409
0.4019622857
0.4157895284
0.4040193932
0.412982384
0.4229669477
0.4640787138
0.4670834674
0.4623584449
0.4532026015
0.4378085877
0.4059580233
0.4268016045
0.49126869
0.4896919177
0.42740639
0.4283874725
0.4870263537
0.4347706782
0.4993709582
0.4429491254
0.4493340662
0.4529255453
0.4960175104
0.4611133103
0.3664428329
0.3942573905
0.4220372352
0.3275495196
0.3778630835
0.3956859679
0.3995122572
0.3353641431
0.3635398161
0.3364672927
0.3362498642
0.3224800379
0.329596113
0.3286726947
0.3336490207
0.3128040671
0.3329688762
0.3257684326
0.3293136078
0.3247290146
0.3332260048
0.3438603235
0.375399602
0.5238346112
0.6558562994
0.5536242278
0.5466340905
0.4965988388
0.537357133
0.6240476481
0.6567096111
0.6350968076
0.6635991733
0.4615823696
0.4902013079
0.4272828577
0.4962475836
0.3661364916
0.2595910763
0.2629222391
0.2639913281
0.2653488378
0.2668400248
0.2684507166
0.270249252
0.2721432564
0.2741220315
0.2761737456
0.2782697105
0.2802760801
0.2824618968
0.284586331
0.2870523889
0.2891817131
0.2938353684
0.2999134942
0.3112660095
0.3215409868
0.3271307427
0.3334720171
0.3348036857
0.3471487308
0.3592130195
0.4082988906
0.4361577326
0.4980145159
0.5338760897
0.4978416623
0.4663214147
0.5587758235
0.475465413
0.501112134
0.6038526982
0.5750751432
0.5886786079
0.6303888265
0.6010725617
0.5744404171
0.4908319267
0.4622136836
0.4605189742
0.5268417869
0.4298214633
0.4443994852
0.4799424069
0.4167778487
0.4053757816
0.4248314514
0.4145965582
0.4158088511
0.4495930452
0.4296816483
0.3982735315
0.4381797986
0.4730288355
0.4283958976
0.4513920053
0.4385679269
0.4116766848
0.3970829381
0.4590573466
0.4258514449
0.4088045375
0.4280504913
0.3992859703
0.4464099025
0.4742709053
0.4453273478
0.4721648196
0.4437370411
0.4732574221
0.5106776122
0.4285113734
0.4974321607
0.4699557635
0.4705746381
0.4527195339
0.4521731085
0.4278108831
0.423275426
0.4107681401
0.4359505012
0.3867250911
0.4335646123
0.3978335183
0.3953271354
0.3862060772
0.3500286223
0.3671447961
0.348888195
0.3459296052
0.3231107082
0.3338933537
0.3312202971
0.3245435085
0.3247724011
0.3235150727
0.3257086491
0.3232435339
0.3305427056
0.3290203584
0.3493735653
0.3516202034
0.3651977602
0.3838391348
0.5353144442
0.6216602789
0.6024800835
0.5701730853
0.581089864
0.6447001874
0.6721506941
0.6612356631
0.6317623521
0.6415267034
0.6330021452
0.4285631298
0.4618485228
0.3658783149
0.259499287
0.262806393
0.2638863947
0.2652207683
0.2667414396
0.268437894
0.270191751
0.272125563
0.2740199658
0.2760564629
0.2779979986
0.2800318185
0.2818773577
0.2838963728
0.2862681383
0.288555102
0.2958511226
0.308756209
0.3335191143
0.3246685745
0.3247245138
0.3256240755
0.3371082074
0.3619204333
0.3999197189
0.4845056274
0.4552257927
0.4700290841
0.4656849702
0.5058020751
0.471067714
0.5021607921
0.512450647
0.5215406245
0.5154615837
0.5924441943
0.5118237234
0.590210567
0.5494447814
0.4800454611
0.4652550861
0.5990413129
0.5013226767
0.4925467448
0.4822403083
0.4496767726
0.4384108455
0.4011620664
0.4582442184
0.4280125436
0.4121700183
0.4608466041
0.3919886183
0.3996374625
0.4266837428
0.406125972
0.4425950831
0.4971645197
0.4346849697
0.4127423322
0.4006688336
0.4280542762
0.4714572124
0.4466506121
0.434790127
0.4303130475
0.4537395404
0.4395765655
0.4479520608
0.4576558522
0.4413992015
0.468129217
0.4484122513
0.5296162782
0.5255232656
0.439129196
0.4575260391
0.454968229
0.4323376752
0.4968782836
0.4083794431
0.4373413963
0.4025963805
0.3971741463
0.435530245
0.4492839757
0.3969584294
0.4193384979
0.415615362
0.3792851726
0.3569689673
0.3532148779
0.3211208298
0.3308600318
0.3281905466
0.3268779121
0.323677837
0.3226743627
0.3218492024
0.3253065044
0.3239114724
0.3332384163
0.3389680717
0.3397940708
0.3473403684
0.3706936498
0.394987677
0.4726307526
0.5695201615
0.6065146624
0.5926374432
0.6789397789
0.6578859037
0.7057013863
0.6434234574
0.6604344195
0.4330924235
0.6110406611
0.4262618859
0.459554719
0.3659928589
0.2593972386
0.262638135
0.263741997
0.2650856597
0.2666083848
0.2683115711
0.2701334221
0.2719413455
0.273881621
0.2756900669
0.2775458257
0.2793629178
0.281323427
0.2830237143
0.2849131589
0.2900872036
0.3007510868
0.3191147702
0.3414535218
0.3369447
0.3332090199
0.3409387456
0.3969271133
0.433305668
0.4969799094
0.4968074204
0.4620709073
0.4760223864
0.4083201584
0.4556557155
0.4568856093
0.4628581473
0.546423305
0.5685051961
0.5408748511
0.6188453115
0.5733772772
0.6124560073
0.5928278218
0.6036828221
0.579554323
0.546435746
0.480031049
0.4694181599
0.4384158587
0.4397587142
0.4538974815
0.4420842315
0.4477410566
0.4075383744
0.4087940361
0.3851884236
0.4213023002
0.4267388361
0.4270286371
0.4098338447
0.409405418
0.4137365301
0.4481240232
0.4362761175
0.4087283674
0.414500378
0.440182328
0.426138489
0.4518471347
0.4270699365
0.3960413436
0.4546850855
0.4802065149
0.4644934906
0.5046509708
0.4582358344
0.5352956956
0.4459547682
0.5387971748
0.4868645092
0.4458142699
0.4511756774
0.4310949421
0.4497621355
0.4438188106
0.4277958724
0.4238829785
0.3854379913
0.38820232
0.424219629
0.390038192
0.4142245451
0.3735786545
0.3684727019
0.3493952806
0.3450387705
0.3340791143
0.3252193792
0.3368637559
0.3187715223
0.3126740782
0.3203557508
0.320985781
0.3240560059
0.327270796
0.3309591636
0.3326883324
0.3351878884
0.3469841152
0.3909501174
0.4507897151
0.5330517804
0.5437413843
0.5695051124
0.6899657968
0.7075379469
0.7330189797
0.7281910428
0.6973709661
0.5053928075
0.6634785806
0.6644099694
0.578772648
0.4775588735
0.3659658914
0.2592502962
0.2624361928
0.2635634794
0.2649589956
0.2664792176
0.2682040455
0.2699597271
0.2718246126
0.2736493341
0.2752906638
0.2769213138
0.2782237377
0.2801651277
0.2820936739
0.2854357716
0.2939070667
0.3194850462
0.3325274453
0.3396401036
0.3335299641
0.333327367
0.3838079682
0.4301519288
0.4580494296
0.4943152014
0.455543793
0.445076633
0.3916688896
0.4190901535
0.4006632957
0.50287371
0.5118793328
0.5326690969
0.6150786412
0.6197745614
0.5208286995
0.6190903891
0.5628758328
0.5758410456
0.5070085334
0.4735390436
0.5122853547
0.4870898946
0.5242264369
0.44958101
0.435821214
0.429672362
0.3990681487
0.4473849054
0.4103932933
0.4397475932
0.4149856252
0.3756561873
0.4031380051
0.3818402895
0.4445894259
0.4062762194
0.4296267444
0.4423974015
0.5304452178
0.4520486551
0.4772879698
0.4163170738
0.4091361193
0.4069235745
0.4507482892
0.4503743254
0.4697993783
0.4354792882
0.4527956949
0.463852117
0.506314818
0.474150396
0.4858872862
0.4493481467
0.5245006661
0.4659889523
0.4519987216
0.4611706352
0.4170477608
0.4653111409
0.3827538458
0.422958286
0.4029047805
0.4045050577
0.4302453556
0.4027101163
0.3614648916
0.3753782499
0.3534757733
0.3609665537
0.3716544455
0.3528826211
0.3379869732
0.3187379777
0.3233996993
0.3115254542
0.3203016969
0.3250240363
0.3238166751
0.3235329434
0.3234492912
0.3244834923
0.3415084693
0.3631731845
0.4631919397
0.4799658892
0.5124257802
0.5457500756
0.6206023557
0.6596865553
0.6560773528
0.6520978939
0.6825029524
0.4690584102
0.7005828351
0.4361075409
0.5918371714
0.4961287909
0.4984308616
0.3659080316
0.2591157747
0.2622281045
0.2634213538
0.264815242
0.2663468184
0.268059035
0.2697786325
0.27158089
0.2732993811
0.2749053611
0.2761632603
0.2767607722
0.278779673
0.2828571037
0.2928828046
0.3126521848
0.3312703178
0.3318881557
0.3287976099
0.3255155936
0.3818485038
0.4195696844
0.4485835948
0.4799117207
0.4800475478
0.4409932027
0.3838216885
0.376365489
0.3825596168
0.4504272182
0.4966595765
0.5923822347
0.6367071317
0.6170157835
0.6003531636
0.6137150913
0.5829201827
0.6029896129
0.528344002
0.5648615388
0.5983558556
0.5232605063
0.5205248034
0.4432262632
0.4393012126
0.4185198533
0.456012524
0.4401073482
0.4438677309
0.4276007299
0.3965672281
0.3671496514
0.371287386
0.3725131469
0.4283208126
0.4063667154
0.4251046356
0.4403033375
0.4180648107
0.4571084427
0.4318215441
0.4521169964
0.395903757
0.4015401336
0.4091182451
0.4168621369
0.4716509453
0.454277947
0.4720258705
0.4947696839
0.5782058477
0.4735259413
0.5113362002
0.4299983477
0.428654373
0.4699231397
0.5356561162
0.4260289701
0.4491868812
0.4746937006
0.433123626
0.424167927
0.4428337411
0.4096071692
0.4032278273
0.4181370143
0.3946645234
0.3968933703
0.3885117609
0.3782769218
0.3674641422
0.3469506771
0.3551163512
0.3328087633
0.3077077996
0.3191262364
0.3217320311
0.3238427917
0.3207085055
0.3189969109
0.3190931978
0.3111584682
0.3256940546
0.3546473217
0.4726736721
0.4582621631
0.5095671398
0.6273424315
0.6414077797
0.6463643646
0.6449297688
0.6119893451
0.6054978917
0.6086701077
0.6668971499
0.4901351679
0.4800263888
0.5488507301
0.6751267633
0.517607563
0.3656442449
0.2589878172
0.2620550806
0.2632488661
0.2646587206
0.266237169
0.2679072197
0.2696304263
0.2712841609
0.2728890637
0.2744762421
0.2757329505
0.2757195128
0.2779829274
0.2854807768
0.3074866426
0.3303363289
0.3322843772
0.3191520017
0.3396682096
0.3592507283
0.4203535516
0.461650185
0.4789251677
0.4557295867
0.4020583978
0.3490501218
0.3495645463
0.385176893
0.4569304286
0.5341526648
0.631122096
0.6753572459
0.636040409
0.6160931244
0.5918833012
0.5932958978
0.5819732042
0.5309005821
0.562517163
0.5279840755
0.5333611651
0.4925333179
0.4403469168
0.4785998624
0.4420751824
0.4575717942
0.4217040385
0.4061799121
0.4535911035
0.4237643044
0.397558112
0.454312313
0.4015421564
0.4396151283
0.4043821085
0.4478429848
0.4467545162
0.4570690315
0.4757063821
0.4617584616
0.4389283342
0.4402509189
0.4343010807
0.4374847611
0.4046145817
0.4580256801
0.4523130532
0.4960293455
0.5598074389
0.5611483978
0.4981876921
0.449300438
0.4614362074
0.4372439553
0.4287340071
0.4726913879
0.4224817559
0.5224452437
0.4423101673
0.3839035731
0.4613043731
0.4178410812
0.430480226
0.4056811426
0.3702008459
0.3616795715
0.4185590044
0.3662979358
0.3799670434
0.3661247425
0.3699976929
0.3442760775
0.3307318745
0.3429763406
0.3199016982
0.3169398817
0.3237213331
0.327004119
0.3137830838
0.3129748283
0.3072306187
0.3196166378
0.3642307701
0.4664854339
0.4824213796
0.6178885373
0.6887897418
0.6999837383
0.6863923722
0.6657743026
0.6332577604
0.5792997015
0.4744081519
0.3807937446
0.4580985345
0.4671989664
0.4816628507
0.4711347571
0.5205984906
0.5490363223
0.365796145
0.2588452471
0.2618650275
0.2631028876
0.2645670199
0.2661644898
0.2677945672
0.269410214
0.270938213
0.2723954689
0.2739736708
0.27554489
0.2762800256
0.2823635417
0.3007880803
0.3316604126
0.3499982676
0.3358062411
0.3416381588
0.3746390318
0.4064232418
0.44925855
0.4681450164
0.440553254
0.3821040716
0.3569722658
0.3522302581
0.429238565
0.4597098749
0.6145479138
0.6549947438
0.6409141722
0.6401451032
0.5613155903
0.6117742117
0.5874722317
0.5814008039
0.5489149622
0.5329228623
0.5307844241
0.5055285807
0.4656984649
0.4952430101
0.5229168799
0.4428543028
0.4588070857
0.4731349822
0.4278727111
0.4643714404
0.4001744367
0.4242792406
0.405775658
0.3690813066
0.3948065405
0.4002000813
0.4340120703
0.4159976616
0.4355197204
0.4683543103
0.4425734846
0.420305928
0.4275585706
0.4372447053
0.4063001271
0.4123438349
0.4372996429
0.5393564146
0.5005197219
0.6044823481
0.576090024
0.460300827
0.4599831374
0.3915973865
0.4540664062
0.4109545617
0.4419422305
0.4453075549
0.4898298641
0.4363140398
0.5092142286
0.4081606478
0.428042646
0.4264487664
0.3833619633
0.349895994
0.3704472069
0.4182323941
0.3627268961
0.3055195495
0.384777918
0.3600999623
0.3545143048
0.3547440637
0.3462166201
0.3321228061
0.3476416922
0.3228305532
0.3203251938
0.3120775418
0.3077885418
0.3088499226
0.3262055834
0.3946587898
0.5136961959
0.5990642096
0.6897842573
0.7306790694
0.7273789636
0.7125943239
0.6766971026
0.5885190039
0.4090729612
0.4353852318
0.3420144624
0.359514993
0.4415684798
0.5036845462
0.5031689854
0.4458655682
0.5512445946
0.4899188718
0.3655882339
0.2587151119
0.2617092931
0.2630359525
0.2645704944
0.2661770038
0.2677554834
0.2691812921
0.270474659
0.2715801408
0.2728857078
0.2748106493
0.2800218803
0.2993279456
0.3347211841
0.3549743746
0.3367137055
0.3546239896
0.35791284
0.4006645897
0.4638584032
0.4493427918
0.4326879126
0.4216002222
0.3799129131
0.4539562382
0.4577981908
0.5959022136
0.6605247549
0.6641024586
0.6285012127
0.6090920262
0.5789182776
0.5905855649
0.6199856884
0.5611335741
0.5499264216
0.5341062885
0.4986450428
0.4753633925
0.4578963988
0.4842289234
0.4325477661
0.4403129978
0.4778729897
0.4665587645
0.4274608394
0.4533417181
0.4102788128
0.500482162
0.436277078
0.451968532
0.4337948229
0.4360586224
0.4519124759
0.4291878624
0.5383974246
0.4773842174
0.4144615683
0.4511611774
0.4234293519
0.4303360315
0.4404787832
0.4503717821
0.4813806128
0.6138244769
0.5589529065
0.5572851934
0.5183957242
0.4819691692
0.3962709285
0.3962834892
0.454175887
0.4321105699
0.4777858092
0.4500744963
0.4086948399
0.4442935747
0.5088217318
0.3727489139
0.3987486907
0.352596149
0.3919098198
0.4198545215
0.3470274575
0.4105542874
0.3568560687
0.3728389322
0.379263005
0.3530526872
0.3733038857
0.3651289132
0.3582974133
0.3196864826
0.348554399
0.3234520337
0.3414736642
0.3095150477
0.301008202
0.3129182793
0.3619347286
0.3849258192
0.6238194832
0.6887034634
0.727740354
0.7556600207
0.7357683008
0.6897217876
0.6033751591
0.4020358833
0.3930340603
0.3253468269
0.3130647132
0.3038519021
0.2999280613
0.344576807
0.5043059302
0.4505611446
0.4631906328
0.42889985
0.5151969154
0.3656865397
0.2586489633
0.2617005667
0.2631186365
0.2646953739
0.2662703444
0.2678239405
0.2690980251
0.2700898408
0.271119167
0.2736556001
0.2793035763
0.2977705391
0.349823934
0.3589042273
0.3444968614
0.3409361372
0.3659061832
0.4461215044
0.4681213711
0.4574261301
0.4391808483
0.4464101502
0.430088578
0.4613865429
0.6247548466
0.6669689469
0.6769269146
0.6639301684
0.6409903499
0.6061525481
0.5931014213
0.592741699
0.6160911963
0.6033749335
0.5377285344
0.5383319361
0.4845128511
0.4525114911
0.4548857802
0.480944301
0.4720296194
0.4674393108
0.4699901127
0.4803486197
0.4757182545
0.477309502
0.4923950492
0.4211163453
0.4016954241
0.4371719554
0.3935509054
0.4407657539
0.4529098882
0.440409877
0.5159290463
0.4017343341
0.4165015752
0.384341578
0.3737387983
0.4210690623
0.4451252051
0.4226282103
0.530149343
0.6391467874
0.6113008634
0.542460756
0.5068559411
0.4791966065
0.3970544332
0.4244859379
0.4543110462
0.437780334
0.4515858591
0.4715152465
0.4710508818
0.4362023322
0.3891135304
0.4063279677
0.5702738972
0.3576383073
0.4165208554
0.4162917588
0.4037651507
0.3740346604
0.3224970512
0.3657276737
0.3951585479
0.3799857202
0.3897268425
0.3254112589
0.3560101174
0.3636617767
0.360116647
0.3598745531
0.3416117764
0.3089434292
0.3189397379
0.3450406821
0.4354292434
0.5780040241
0.6677044716
0.733084247
0.7447921227
0.7489226248
0.7146390202
0.6306520863
0.4404587538
0.403541615
0.3276953032
0.3157798669
0.3138350498
0.31788323
0.350546494
0.362390141
0.3546773175
0.375293092
0.4737493573
0.4759544588
0.5773190787
0.4646538412
0.3656762618
0.2586081214
0.2618296504
0.2634329283
0.2651103553
0.2667335606
0.2682576132
0.2694792879
0.2704654522
0.2731852072
0.2807338273
0.2982052075
0.3334662841
0.3586057637
0.3508150267
0.3544468353
0.3804368075
0.4408730359
0.4424933198
0.479663872
0.4904778488
0.4725902074
0.5411098482
0.6268817104
0.6607143532
0.6976876258
0.6916802262
0.6818373418
0.6538294847
0.634426421
0.6183604329
0.5877323789
0.5639646754
0.5218710556
0.5036522221
0.4450491806
0.4421926626
0.4487313661
0.4770001369
0.4637987183
0.4715703117
0.474038135
0.4810061846
0.4585044113
0.4861471662
0.5028281447
0.5172921554
0.3873343899
0.3894048759
0.3980683669
0.4548308594
0.4260346107
0.5377486711
0.5010962134
0.4866239236
0.4568894485
0.3951376683
0.3785452173
0.4224970373
0.4284571795
0.4870170932
0.5024295192
0.6472158985
0.6666864458
0.636883423
0.4689548581
0.4523275711
0.4603835459
0.3782600397
0.4010625806
0.4514919223
0.4547866218
0.4756239342
0.46251196
0.4138173996
0.4413246629
0.4186685864
0.4336132927
0.4156762283
0.4954136371
0.4695312193
0.4334025418
0.3274663618
0.3221260052
0.3987767062
0.4337284627
0.3817719566
0.4045369948
0.3570487402
0.3852118819
0.3623530084
0.3734609295
0.3412526889
0.3614395818
0.3485947485
0.346911071
0.3401517646
0.4160911476
0.452437947
0.6751324654
0.742114188
0.7515837904
0.7536906624
0.7285184113
0.6540631226
0.502785435
0.4165863215
0.3399087526
0.3206924587
0.3012709281
0.317460961
0.3201114719
0.3261459897
0.3489483561
0.3578886472
0.3658906353
0.3630497166
0.508230166
0.4952517227
0.5450815598
0.4787752931
0.3655902082
0.2586616596
0.2621677658
0.2640487478
0.265793447
0.2673931418
0.2689190775
0.2699979019
0.2711302769
0.2774894757
0.2982086486
0.3292793038
0.3877490748
0.3695817247
0.3755214571
0.4442080749
0.4417362846
0.5043225212
0.567962147
0.5885966898
0.6095442348
0.651660278
0.6984217179
0.7003129792
0.6922787486
0.7044432914
0.6824214143
0.6687686708
0.6199314698
0.5633197345
0.4794542681
0.4375671005
0.4546756961
0.4568160809
0.4145991997
0.4123272928
0.428178715
0.4177075563
0.4600453748
0.4744602276
0.4612112108
0.4658043055
0.4652345661
0.4910340103
0.4736689132
0.4906859918
0.4990925822
0.4661315102
0.4529893201
0.4752741975
0.516720341
0.5551415922
0.4903286865
0.4578423606
0.3964340526
0.3632035804
0.3666246864
0.4462696354
0.4563248098
0.5579830854
0.5942933415
0.6626428296
0.6466317864
0.5150117341
0.4749388477
0.4598715124
0.4569377275
0.3810660222
0.450586448
0.4486404706
0.4773776824
0.4325227988
0.4619638792
0.4394769491
0.395030526
0.3845172928
0.401111674
0.3700263106
0.3648983283
0.3949271427
0.4655752212
0.3899627672
0.4002195233
0.4319490546
0.4068025676
0.4243907329
0.3837341562
0.4124800404
0.3695319645
0.3656505709
0.362632319
0.3009872432
0.3027947353
0.3332495532
0.368974197
0.3614500694
0.5075973058
0.6603013438
0.7101988008
0.7601641755
0.772802929
0.7420872383
0.6876222668
0.5045147433
0.4745751288
0.3391735117
0.3134925273
0.3032869932
0.3023600786
0.3038549495
0.310775477
0.3231151508
0.3243280617
0.3483494625
0.3485534948
0.3633679287
0.3627588201
0.4193849567
0.4938595981
0.5986278247
0.4842552566
0.3655035589
0.2588634011
0.2628890751
0.2651573182
0.2670397507
0.2687524406
0.2704981577
0.2731682874
0.2811414762
0.3059291387
0.3532175172
0.4139977683
0.3829894394
0.430395612
0.5024909997
0.598371221
0.6266084104
0.668512536
0.6709845419
0.6847791525
0.6984347193
0.7183076923
0.7276694494
0.7118272133
0.7029190875
0.6684431481
0.6076507344
0.5155209038
0.4105977579
0.4354047441
0.3900038858
0.3743306055
0.391192856
0.3599967886
0.3593709148
0.3895159453
0.3976046636
0.4461928573
0.4904858446
0.4683248942
0.493279309
0.5004510704
0.4974494043
0.4769469908
0.4730452795
0.4568239169
0.4363125283
0.4316644578
0.5024788743
0.5119461319
0.4962107241
0.4526512727
0.4349599478
0.3808599381
0.3929798532
0.422172791
0.4806158743
0.5492661838
0.6726888569
0.6575382267
0.6549670674
0.5997518838
0.4541060957
0.4511887169
0.4345887076
0.4312472916
0.4527127283
0.4578080705
0.4404040484
0.4583126596
0.4239781605
0.4195983674
0.3840474573
0.4100698253
0.3825053231
0.3623097431
0.4263888974
0.3844585505
0.3717740062
0.4365957679
0.5357048771
0.5212248996
0.421859763
0.3742220977
0.4570155888
0.3907168702
0.418132436
0.4548537291
0.374798341
0.3698820508
0.3493287317
0.366558958
0.3881151367
0.4151659097
0.5283397937
0.6386248058
0.6901470766
0.7341711863
0.7596790398
0.7584678719
0.7023908627
0.5510291878
0.4747301093
0.3619039133
0.3177335041
0.2987528163
0.2972099737
0.2958814697
0.3006482448
0.3040138447
0.3171851134
0.3199721471
0.3273017458
0.3370721894
0.3519896526
0.3489935786
0.3529260945
0.3752384317
0.4342798195
0.5382868684
0.5421074987
0.3661922933
0.2595651641
0.2637644355
0.266066738
0.2682265579
0.2714670486
0.2790162709
0.2914036648
0.3247879595
0.4193912839
0.445330354
0.5709428024
0.6161159162
0.6751037893
0.7169796872
0.7191101808
0.7231425581
0.7181086779
0.7142935625
0.7088782324
0.7026104611
0.6953430531
0.6672310463
0.6222639093
0.5650216554
0.4513008497
0.4386658914
0.3508760787
0.3225104701
0.316252643
0.3125929847
0.3257414504
0.325631206
0.3274918921
0.3324686717
0.3616610935
0.4178944641
0.4621340831
0.4131474105
0.4332130918
0.4706636617
0.4774719629
0.4592668496
0.4427145834
0.478164256
0.4760197127
0.5160948672
0.5699260985
0.5470852408
0.501889435
0.4513054428
0.4641294567
0.47303566
0.4764939503
0.5012143789
0.6216054777
0.670093033
0.7183066212
0.6547518856
0.59260842
0.4728934208
0.4515388093
0.4342920171
0.3953193698
0.4250157912
0.4031866682
0.4361854119
0.4419810957
0.4230780829
0.4147992559
0.3832367249
0.3553551882
0.3517252387
0.4160899705
0.4194925072
0.4214387416
0.3769315357
0.3769747722
0.3941481393
0.3861113187
0.4132495252
0.3852407418
0.4787487368
0.4531462948
0.4385173302
0.4068194592
0.4455353844
0.4452373571
0.4172569242
0.3650092112
0.4192395898
0.4005387237
0.5680828413
0.6621529774
0.7110858092
0.740643861
0.7582381805
0.7592957849
0.7227229818
0.5772138128
0.4699518897
0.362375419
0.3233434965
0.3025405042
0.3044556203
0.2963039114
0.3006318143
0.2978369124
0.3032498596
0.3093721193
0.3185638128
0.3198278587
0.3210455395
0.3243908804
0.3213868963
0.3332385145
0.3358721038
0.339892293
0.4563653968
0.5545735513
0.5476768348
0.3693503533
0.2615014735
0.268307143
0.2766468043
0.2920981691
0.333663751
0.4265778776
0.5772364415
0.6437396785
0.7335749305
0.7847756526
0.7926020047
0.7809546104
0.7653887451
0.7798403237
0.7789633165
0.7763838863
0.7699326912
0.7583738802
0.7420885213
0.7201169749
0.6895844181
0.6464119002
0.5930224089
0.5388359986
0.4689258519
0.466423237
0.4818382913
0.4786724157
0.4170343764
0.4048444943
0.3918409009
0.3856484309
0.392169344
0.4064397631
0.4692915581
0.4815033682
0.4180337266
0.4332171044
0.4435900158
0.4953524484
0.5030966065
0.4754271095
0.5017638556
0.567968727
0.5348620308
0.6150535022
0.5485410877
0.4989771139
0.4685651959
0.4773757124
0.473577307
0.535226011
0.6455917308
0.69441899
0.6739694702
0.6459589033
0.5269889492
0.5209136082
0.4643483036
0.4097073526
0.3871804128
0.3774762823
0.4201619374
0.4579885058
0.4711011912
0.4678084382
0.4795907825
0.3922135519
0.3791987299
0.3688883804
0.3806477861
0.3843407401
0.3695456768
0.4630342766
0.3752384851
0.3613855694
0.4230764201
0.3911033494
0.4805918123
0.4502551302
0.5536424563
0.5673806954
0.4403667291
0.4713240279
0.4783747079
0.4656749461
0.4631709803
0.466901234
0.4915522542
0.6369931081
0.6967999892
0.7326071491
0.7562720971
0.7659823459
0.7591727585
0.7270058189
0.6200435812
0.4821170215
0.3738047529
0.3254003682
0.3134256088
0.307884609
0.3028020915
0.3028770853
0.3035504937
0.3020855813
0.3056109222
0.308567026
0.3201726132
0.3164649789
0.3045613457
0.3172196631
0.3143895747
0.328527551
0.3318616054
0.3433733786
0.3270705329
0.4218398789
0.5265589658
0.5091236847
0.4502128177
0.3193384123
0.3992473677
0.5464518726
0.6562892778
0.7356551882
0.836173754
0.8702534069
0.8570902373
0.8463054255
0.8539149981
0.8523786251
0.8435298501
0.8310646464
0.8225221589
0.8161569493
0.8097181174
0.8008460401
0.7902849367
0.7775941876
0.7628974362
0.7480191105
0.736807249
0.7360059364
0.7427480218
0.7565526107
0.7672241031
0.7682214397
0.7703335682
0.7766174567
0.7782779474
0.7733561774
0.7695940936
0.7660605093
0.7621625976
0.7514382315
0.7395040304
0.7268311464
0.7253563734
0.720124078
0.7128145295
0.6993238094
0.6990864688
0.6877408723
0.6725186319
0.6673280832
0.6399007977
0.6074422313
0.5531019127
0.5932511962
0.624334734
0.654997451
0.6673034449
0.6672705364
0.6194231739
0.5481794563
0.5028469737
0.4732425365
0.4571706852
0.384112809
0.3768573691
0.381312607
0.4150110312
0.4571659605
0.3969692651
0.4545699293
0.4110784021
0.3476696965
0.3240960146
0.3280279787
0.3429223254
0.3550404692
0.3745715701
0.3899855429
0.4632776952
0.4628526938
0.4393953913
0.4717235144
0.4877496413
0.5145090433
0.4690965593
0.4541205895
0.4706797124
0.4240543511
0.4908606515
0.4602662418
0.4851264892
0.6505715611
0.6775598059
0.7349118411
0.7560223236
0.7600041201
0.7692100574
0.7624654064
0.7215588925
0.6207547132
0.4908257626
0.3741826083
0.3272523504
0.3138877097
0.320018573
0.3138066456
0.3107996018
0.3092807344
0.3104420448
0.3109257551
0.3114637352
0.3062374635
0.3009874545
0.3033274365
0.3065052604
0.3081784769
0.3077739892
0.3207741292
0.3281429982
0.329248106
0.3236607454
0.3571949868
0.3977703672
0.5318183588
0.5059568344
0.7309480878
0.8032988241
0.8592993805
0.8975920966
0.8720366456
0.8704375171
0.8946019268
0.8981518647
0.8949121984
0.885327809
0.8804425734
0.8747862361
0.8692074587
0.861362746
0.8528801718
0.8448575436
0.8375641843
0.8296954318
0.8218967663
0.8146685408
0.8087533461
0.8051959564
0.8054995757
0.8095997852
0.8155300941
0.8207375509
0.8257402225
0.8275666461
0.8292567997
0.8316834555
0.8350015013
0.8355796326
0.83526967
0.8331777157
0.8296541723
0.8252140353
0.8189727188
0.8144500557
0.809448646
0.8073788564
0.8025599817
0.7971777123
0.7882100724
0.7777261485
0.774027708
0.7665150595
0.7645241893
0.7611292116
0.7693045443
0.7686189175
0.7475644795
0.724484276
0.7023480031
0.679295326
0.6437402338
0.6103034281
0.5787636238
0.5234436708
0.495701989
0.4882989875
0.5006615552
0.5064689782
0.511174463
0.525405344
0.46915708
0.450729043
0.4784867375
0.4855847205
0.4674546658
0.4820751439
0.4768383069
0.5046077442
0.5111258144
0.5093058876
0.4757247413
0.4858415625
0.5172236498
0.5113461858
0.5223110558
0.5234229719
0.5261739271
0.5738909815
0.6096161361
0.6584346546
0.6709346613
0.706143984
0.7627296478
0.7653370704
0.7554795216
0.7553878807
0.7647173878
0.7590995531
0.7195822358
0.5979750358
0.5050855072
0.3864663609
0.343542494
0.3214631361
0.3192487554
0.3222721111
0.3238371322
0.3216178121
0.3224897092
0.3238871098
0.3205999813
0.3129418551
0.311025612
0.3030658477
0.3050715015
0.3058602953
0.3088611953
0.3127733596
0.3145606472
0.3041064004
0.3203956663
0.3220177658
0.3365383094
0.3631133146
0.3926535568
0.4224862673
0.5054954802
0.8648867751
0.9176806938
0.9287588868
0.9314194914
0.9309827265
0.9220034601
0.9209123112
0.9162715384
0.9112234887
0.9062889411
0.9002537047
0.8935082667
0.8874028568
0.8812196012
0.8744303198
0.8674441686
0.8608357348
0.8544769419
0.8488465244
0.8443539001
0.8413610648
0.8401222805
0.8406379179
0.8423682951
0.8442132873
0.8457089621
0.8466731703
0.8473774775
0.8476784528
0.8477994619
0.8480717312
0.8485753607
0.848722783
0.8481080447
0.8466933241
0.8452322893
0.8438775303
0.842867805
0.8417069867
0.8402350617
0.8379106624
0.8345930141
0.8305375197
0.8259967806
0.822721572
0.8210815282
0.819372607
0.8185512486
0.8153357174
0.8092480093
0.797323619
0.7828197192
0.7716383904
0.764567802
0.7614527359
0.7653121976
0.7672600985
0.7687115974
0.7682585142
0.7664106498
0.7659616713
0.7613663237
0.7560206949
0.7424872593
0.7354563934
0.7392620445
0.722390968
0.7131309443
0.7184211327
0.7254906905
0.7280518676
0.7289609918
0.7202827514
0.7250034659
0.7282810659
0.7244046382
0.7260503237
0.7171040294
0.7279138928
0.7238263856
0.7366946257
0.7457022802
0.7478878604
0.7462382885
0.7394507044
0.7459020098
0.7386653884
0.7375060486
0.7213347394
0.7109544076
0.6893739726
0.5202924871
0.4721573891
0.3583591128
0.3253113108
0.3134956059
0.315169119
0.3160269235
0.321724654
0.3216798434
0.3246085126
0.3273940055
0.3293287144
0.3230496177
0.3206740211
0.3166466196
0.3133041386
0.3145491831
0.3137662055
0.3148958831
0.3196273578
0.3242835125
0.3257520334
0.3444055781
0.3569561192
0.371114763
0.3793934956
0.3672853959
0.3457686095
0.3956350742
0.5185720231
0.9205802127
0.9494279167
0.9527504019
0.9511795191
0.9477177991
0.9439321648
0.9385727955
0.9319836994
0.9261343148
0.9207266269
0.9149177057
0.9085252146
0.9024095648
0.8965183015
0.8905490488
0.8845594291
0.8787922174
0.8734436222
0.8688815745
0.8653227264
0.8629149515
0.8615880233
0.8611842754
0.8613325039
0.8616258514
0.8618689839
0.862156627
0.8623665564
0.8623224622
0.8619775271
0.8616464607
0.8615719234
0.8616740605
0.8617076018
0.8616815255
0.8617451034
0.8619959451
0.8622515758
0.8622938476
0.8619205826
0.860915339
0.8594517881
0.8575827767
0.8554172148
0.8530053727
0.850598485
0.8485772099
0.8459819573
0.8426277899
0.8377927873
0.8328773269
0.8284253048
0.8249263391
0.8236256248
0.8252224132
0.8284057197
0.8311355065
0.8332714601
0.8338982429
0.8325582694
0.8305208136
0.8280484001
0.8261271873
0.8242369487
0.8208327284
0.8196636065
0.8180131134
0.8155770651
0.8109998905
0.8090252615
0.8045543544
0.8033801213
0.8018254676
0.7983073747
0.7953101344
0.7930978226
0.7917409782
0.7884154491
0.7779964619
0.7729245428
0.7634505637
0.7615578116
0.755783937
0.7509112309
0.7384397924
0.7193458403
0.6889121815
0.6434084786
0.5624907163
0.4815360028
0.399830218
0.3374213919
0.3175255358
0.3028262912
0.307789171
0.3135665153
0.315203712
0.3193182463
0.3236799502
0.3292826835
0.3374566898
0.3464369489
0.3345922634
0.3157781384
0.3135585936
0.311808899
0.3120379756
0.314582018
0.3169931945
0.3164592355
0.3238960811
0.3349994505
0.3388359837
0.3450894894
0.3388180719
0.3636112191
0.3705714616
0.3296312387
0.2811041063
0.3890873527
0.5087882318
0.9565762211
0.9675144099
0.9662419353
0.9633770365
0.9594607997
0.9550238027
0.94967072
0.9432703149
0.9370501198
0.9311700321
0.9252207951
0.9190799134
0.9130414497
0.9071763406
0.9013766379
0.895686045
0.8902332367
0.8851189113
0.8807073067
0.8772021105
0.8746271803
0.8728952759
0.8718600843
0.8713425859
0.8710754042
0.8710249438
0.8712314973
0.8715292284
0.8715513977
0.8712847693
0.8709647229
0.8708221574
0.8709952538
0.8714890031
0.8723160059
0.8734783382
0.8748393049
0.8761647486
0.8772259686
0.8778470836
0.8779610207
0.8775897146
0.8767189471
0.8753120646
0.8733223361
0.8708328796
0.867996464
0.8648719843
0.8614464363
0.8582634164
0.8558951766
0.8544703441
0.8537547802
0.853339165
0.8534607866
0.8543045459
0.8552994098
0.8564337698
0.8566792268
0.8559000688
0.8547022059
0.8536198386
0.8531998815
0.8530788402
0.8525849775
0.8510449484
0.8488723579
0.8455942897
0.8410549506
0.8344767357
0.8271351534
0.8206179579
0.8151071989
0.8105605284
0.8045772091
0.7978692597
0.7909592
0.7834499797
0.7738945554
0.7598112756
0.7477430548
0.7333756417
0.716925797
0.6975529511
0.663832731
0.610554814
0.529698405
0.4126656468
0.4358112728
0.3915969522
0.3634232748
0.3474275909
0.333926553
0.3561357358
0.3462991871
0.3568020412
0.3713962137
0.3723383978
0.3710452049
0.3823286069
0.4171628108
0.4321305902
0.4037401322
0.3605237764
0.3280041331
0.3278632093
0.3417785358
0.3506531558
0.3493223264
0.3498117993
0.3534503076
0.3475769011
0.3485656158
0.3407218141
0.3521126359
0.372041011
0.3780991573
0.3535125056
0.4022013577
0.4509385002
0.5149494517
0.9245812463
0.9595427085
0.9488592079
0.9415467059
0.9340792867
0.926028498
0.9166688554
0.9057350971
0.8946767817
0.8841983266
0.8740209548
0.8638913304
0.8540040938
0.8444472185
0.8352184378
0.8264957593
0.8182509462
0.8108271124
0.8044018178
0.7989508687
0.7950262097
0.7920865244
0.7902298884
0.7889633303
0.7883759199
0.788158048
0.7883965305
0.7887809233
0.7889648854
0.7887187202
0.7881212256
0.7878436865
0.7880178395
0.788970237
0.7907145832
0.7932803983
0.7963700981
0.7995855424
0.8024449932
0.8046235537
0.8059370603
0.8062985188
0.8058576485
0.8044969944
0.8022161301
0.7990684581
0.7951307041
0.7903959155
0.7851244119
0.7799088727
0.7759503117
0.7738110714
0.7727440565
0.7720805212
0.7711759313
0.7706219744
0.7707147092
0.7713665947
0.7715968287
0.7706868765
0.7691960268
0.7677929371
0.7675091503
0.7683543635
0.769489884
0.7700141464
0.7689585425
0.765797436
0.7596186021
0.7522213196
0.7424035497
0.7333514283
0.7247889439
0.7178188421
0.7114088431
0.7036348221
0.6932826846
0.6820633869
0.6669250715
0.6534450431
0.6346102217
0.615818462
0.5875294886
0.5511791204
0.4931685374
0.4583772783
0.4885051873
0.4886281735
0.4830443016
0.4327419969
0.3700734643
0.3983305916
0.472049556
0.4412153118
0.5321392477
0.4888938131
0.4796481221
0.468140711
0.4572116018
0.4552889735
0.4418817405
0.4692021629
0.4557577496
0.468791364
0.4827116034
0.4846633189
0.4580041805
0.4756883325
0.4677539791
0.4601515144
0.4387380111
0.4256821804
0.4231183285
0.4243172365
0.4095489741
0.4029649974
0.3840580569
0.3706458483
0.4218603047
0.4487144328
0.4959776032
