0.9982512934
0.9987146583
0.9980509925
0.9977235692
0.9975770217
0.9979871274
0.9984759677
0.9988973524
0.9988960199
0.9981834225
0.9967950731
0.9954199789
0.9947624694
0.9929179782
0.9903309569
0.9902369994
0.9921412284
0.9905299031
0.9891733502
0.9902572136
0.9863766129
0.9866638152
0.9908197791
0.9895751568
0.9905316409
0.9879624745
0.9879267383
0.9880614842
0.9891755121
0.987725081
0.9880196959
0.9891351447
0.9899303691
0.9904397074
0.9898454527
0.9897803179
0.9906982469
0.9917654098
0.9919850421
0.9921755632
0.9917846018
0.9910979163
0.9912243586
0.9919432661
0.9917436374
0.9915740555
0.9913697404
0.9905121415
0.9905748363
0.9898635041
0.9889981812
0.9891491608
0.9891679189
0.9885958199
0.9887020489
0.9884518143
0.990325908
0.9910576391
0.9909543341
0.9870899458
0.988949335
0.9899784486
0.9905592834
0.9901698152
0.9887485041
0.9885715175
0.9858067774
0.9857713464
0.9853891098
0.9803947621
0.9765019947
0.9826810068
0.9766914901
0.9765626766
0.976873503
0.9767405407
0.9764791807
0.9698603053
0.9655428718
0.928901187
0.901986666
0.8568208646
0.8105024876
0.7135486826
0.6730602199
0.6052058643
0.5435407391
0.5599455256
0.5056731567
0.5099411506
0.4641328345
0.4371419697
0.4833962716
0.5480991724
0.3507477062
0.3574203269
0.2830804742
0.4891838571
0.3869207339
0.4675683754
0.6086177834
0.5829737891
0.6298803168
0.5012181677
0.6077360216
0.510200125
0.3592922904
0.5637541982
0.6244275306
0.5762521854
0.5679406508
0.6282308456
0.5882549304
0.516382005
0.4588835241
0.5365609725
0.4393866361
0.5451160137
0.4289419347
0.1429145538
0.3933224138
0.9976220466
0.9993593308
0.9992247816
0.9988793825
0.9984488631
0.9980248048
0.9977337343
0.9976552794
0.9977536314
0.9980527092
0.9981889717
0.9984111884
0.9987540639
0.9989612908
0.9996510822
0.9994250616
0.9988543762
0.9986654189
0.9985837354
0.9990300854
0.998609009
0.9977940302
0.9976400112
0.9979215671
0.9978520109
0.9973348127
0.9974931572
0.9970633454
0.9967470209
0.9970523327
0.9962985762
0.9965859485
0.9971301545
0.9972341902
0.9976352337
0.9976774642
0.9974569001
0.9980013027
0.9983749374
0.9982902581
0.998555419
0.9980004646
0.9979571983
0.9981905173
0.9980856121
0.9979036231
0.9977979466
0.9970309803
0.9971961583
0.9962988877
0.996095805
0.99630545
0.9955658352
0.9951001375
0.99515415
0.9949907673
0.995227195
0.9959486091
0.9965631226
0.9954323569
0.9950567898
0.9952922022
0.9952503625
0.995172287
0.9951724872
0.9939816812
0.9939227816
0.993888094
0.9939184104
0.9937402511
0.9932626293
0.9931948709
0.9929640595
0.9926043375
0.9923525162
0.9920887221
0.9916634516
0.9905064831
0.988671753
0.9838229811
0.9805828043
0.9781577297
0.9738394359
0.9632264508
0.9457362833
0.8734607805
0.8398789175
0.8153051166
0.7115807592
0.6763418781
0.6536386851
0.6032424047
0.4886075112
0.3646458169
0.3314300287
0.3549301486
0.3149756158
0.2468562848
0.1547333571
0.2616789989
0.1330335763
0.1505546201
0.1285925849
0.1649493594
0.1606007627
0.1594631125
0.2695549441
0.245044945
0.1077004484
0.1202171192
0.1665781573
0.1157886076
0.0954828375
0.1299226619
0.2460212356
0.08321019391
0.09201346984
0.130015525
0.1711429164
0.2460379963
0.4188331073
0.9979176237
0.9981451265
0.9984648271
0.9991211886
0.9981778148
0.9976883215
0.9975716518
0.9976433129
0.9978071605
0.9984492474
0.998788726
0.998940699
0.9991066733
0.9990907081
0.9989122072
0.9979760947
0.9971782349
0.9977863404
0.9971339679
0.9971759181
0.9964853715
0.9969271236
0.9957785023
0.9960736755
0.9968064177
0.9968513279
0.9956297754
0.9955401998
0.9955379721
0.9952720096
0.9957016415
0.9950060236
0.9958936118
0.9952743655
0.995077086
0.9957710931
0.9955431429
0.9956441334
0.9957854334
0.9959994047
0.9958852318
0.9956186438
0.9953634434
0.995258815
0.995438858
0.9959499889
0.9951777447
0.9952964675
0.9947700636
0.9943616983
0.993342209
0.9932833635
0.9935154701
0.9928236
0.9927895354
0.9927698971
0.9923475573
0.9923303413
0.9922107848
0.9925457059
0.9922781022
0.9925126483
0.9922512529
0.9921160542
0.9923553312
0.9918994227
0.9917680803
0.9913733165
0.9912605125
0.9909253514
0.9898892745
0.9897156109
0.9894634569
0.9893190469
0.9897497743
0.9882672036
0.9893392271
0.9882221573
0.9864983062
0.982221183
0.9788548011
0.9773987779
0.9737208746
0.9653575356
0.9515148054
0.8588213527
0.7836298711
0.5992030619
0.4542327373
0.6042989958
0.3877868196
0.247619254
0.3060422447
0.4036305818
0.3442801037
0.2564527235
0.15159668
0.1383518113
0.08646180541
0.07959050482
0.03820404517
0.03226346951
0.02614835169
0.02183789863
0.02734950272
0.0328349802
0.07349141469
0.1571284974
0.1497805197
0.1228924463
0.115342595
0.06005517539
0.08905439282
0.1681154537
0.1118335592
0.3083710748
0.2651234468
0.1528655217
0.1111375058
0.2956247149
0.6949337553
0.9924610454
0.9971151132
0.9972757426
0.9972876473
0.9974317269
0.9974487796
0.997499512
0.9977818157
0.9978881838
0.9984823391
0.9989415634
0.9990227867
0.9985899652
0.9976303469
0.9968612986
0.9952931611
0.9942925503
0.9955373927
0.9946067025
0.9937564106
0.9939168572
0.9952890658
0.9943046793
0.9935608391
0.9942510578
0.9944432597
0.9940568201
0.9940150115
0.9936199064
0.9930739221
0.9935920984
0.9936851971
0.9929707437
0.9932686504
0.9930057631
0.9931725539
0.9934309156
0.9934865813
0.9932637672
0.9936197454
0.9929290533
0.9933108288
0.9930434016
0.9929005077
0.9926741625
0.9930267471
0.9934529838
0.9926169103
0.9924274186
0.9920137423
0.9915193604
0.9910578782
0.990782472
0.9897277784
0.987605996
0.9882666228
0.9856838578
0.9817484178
0.9837576177
0.9838622486
0.9819438428
0.981046304
0.9822104217
0.9815576582
0.9830562331
0.9805509023
0.9801664878
0.9800804758
0.9816959675
0.9800151395
0.9814853585
0.9841992096
0.9511297374
0.9690834776
0.975724714
0.978352868
0.9771463738
0.977166929
0.9762754216
0.9749110339
0.9746155162
0.9601693454
0.9688833182
0.960001
0.9594072571
0.9753986738
0.9596537927
0.9280009334
0.8300835487
0.5945986522
0.3822133098
0.6519560027
0.2121838351
0.1451000418
0.1195572342
0.2981285983
0.1559007385
0.1065302152
0.1059320274
0.1328196203
0.06035290911
0.0971543633
0.08499163921
0.03493084973
0.0356001565
0.02849924512
0.07024661063
0.03530735618
0.0467088775
0.3095914958
0.08639084832
0.2121827841
0.194917213
0.05981831698
0.1734257492
0.1379430429
0.2431952026
0.3371495658
0.2456031486
0.1878191094
0.7222057485
0.1386024566
0.5991827552
0.9926673895
0.9954015681
0.9970102164
0.9973174788
0.9977641786
0.9980276567
0.9979635862
0.9982512202
0.9987589205
0.9986297422
0.9976246466
0.9955203963
0.9938600792
0.9936124732
0.9929652268
0.993063288
0.9931322223
0.9926146653
0.9929188652
0.9935529981
0.9934613408
0.9929229519
0.9928519287
0.9930169282
0.9936796094
0.9936498504
0.9931961091
0.9927112489
0.9922963974
0.9922952025
0.9909948924
0.9901001897
0.9906408368
0.9908982233
0.9911095183
0.9905722486
0.9897649621
0.9889103995
0.988979336
0.9885578036
0.9868692876
0.986901156
0.9840495091
0.9800466628
0.9872074862
0.9887865468
0.9895641762
0.9859373452
0.9797764382
0.9804970113
0.9863429193
0.9868769384
0.9793643679
0.9753668231
0.9338421422
0.9003687627
0.894386806
0.836741785
0.776185652
0.7707325314
0.7311237229
0.7693623649
0.7714826961
0.8403159657
0.6326356553
0.6933818815
0.6046284722
0.5881015722
0.5298235023
0.6662748756
0.6841941687
0.5472164047
0.724582569
0.2267935881
0.4151607708
0.527854588
0.4596918378
0.7933166476
0.8021379764
0.8820707688
0.8568554829
0.743419988
0.8707748408
0.8628527674
0.968447079
0.9917817274
0.9923090844
0.9762112295
0.9730280655
0.8813175933
0.8940509675
0.7962977379
0.6058098649
0.4655417556
0.4519650399
0.5919121051
0.1374926211
0.1009023803
0.0817481425
0.1369373191
0.05371095571
0.04558973243
0.03150069243
0.03454671411
0.02646599227
0.06653078089
0.109034682
0.1031140728
0.06525553515
0.1583999386
0.09081581561
0.3292734372
0.1314819988
0.07224516597
0.1178722657
0.1204055552
0.09977773981
0.480383544
0.7124875094
0.03992111291
0.007429286842
0.00692412363
0.008474521361
0.02049413273
0.8390341392
0.9951494509
0.9970402228
0.9979845804
0.9978930122
0.9984141282
0.9987019096
0.9973359394
0.995329192
0.9927226633
0.9903287399
0.9909376584
0.9903642649
0.9906980528
0.9907328138
0.9899638304
0.990327511
0.9899963987
0.9905257106
0.9893073457
0.9904334139
0.990368484
0.9902202654
0.9918634694
0.987975136
0.9877459644
0.9859226536
0.9812671663
0.9828145269
0.9805875931
0.9804078747
0.9028141965
0.9454129898
0.9196619303
0.9331512779
0.9098660829
0.9155251867
0.9101335277
0.9130880342
0.909286614
0.8692117402
0.862709842
0.8099045376
0.9375550869
0.9997894751
0.9452749091
0.857226742
0.6329581952
0.6505961412
0.7536480517
0.5553079903
0.5091537467
0.3532296465
0.3741267114
0.2609449296
0.5246049966
0.21464648
0.2019943228
0.1141957174
0.1319182723
0.07246276897
0.3183997013
0.1885520843
0.1072964224
0.2657713898
0.1051440633
0.1945935762
0.1978169261
0.37109675
0.3418152298
0.4680543288
0.6314235691
0.3446181257
0.1531323096
0.1250394711
0.3043485822
0.2679757447
0.7652143155
0.7996216264
0.8142255589
0.3619080744
0.4605467649
0.5217239004
0.8397770572
0.9699944383
0.9714620739
0.9821226372
0.9639257446
0.9098145347
0.8779500318
0.8855339464
0.5911587369
0.6317809146
0.7891331101
0.4918839956
0.1585041942
0.08975690668
0.0752501888
0.1815366938
0.1657912574
0.1010373196
0.02908481004
0.02529250041
0.02779863458
0.07018873832
0.04271035233
0.1631860541
0.04526976457
0.04420420065
0.1200751844
0.3007942238
0.265960087
0.08956593277
0.3167593571
0.3688791515
0.7997387479
0.03265271932
0.008524234635
0.0105541899
0.009241051146
0.008781478988
0.008615490064
0.01365923813
0.03095053749
0.4703081215
0.983108824
0.9984138606
0.9986908103
0.9987016149
0.996237721
0.9922368868
0.9810692547
0.9351175293
0.9184683057
0.8806019103
0.8868530306
0.9353056429
0.9336765259
0.9219443894
0.9559718496
0.9007557706
0.9022460837
0.8541053708
0.9307733764
0.962312039
0.9870189288
0.932922546
0.9440730762
0.9531192671
0.9119746078
0.8080971741
0.5539128142
0.4553940206
0.1466348016
0.1014651385
0.1536726009
0.1485713203
0.1077857226
0.3104765785
0.3157875436
0.2789460689
0.6434484812
0.5798480952
0.2839620183
0.1671348705
0.1299540969
0.7089022261
0.7817396891
0.6583355
0.3079377541
0.5431948269
0.633433956
0.8625705674
0.5536574113
0.7110883805
0.1335332693
0.2147298332
0.5377178486
0.5863550806
0.5374860695
0.3368254199
0.177018851
0.827620384
0.7386467175
0.2364550136
0.4680042484
0.2951797331
0.2937547376
0.1507479139
0.3618376086
0.3369876392
0.2159176941
0.5690333525
0.4959137312
0.5282501678
0.5975026991
0.1175722414
0.310680185
0.4926341405
0.3077353411
0.7555065433
0.8649827688
0.9151001876
0.4757057376
0.559169141
0.707996125
0.7665761051
0.851649762
0.8249912443
0.9662233286
0.9664333635
0.8974040026
0.8593589132
0.7630801903
0.1808278303
0.8980862019
0.811689381
0.4639294616
0.07897502541
0.06170417032
0.05821229
0.08572175819
0.2793211059
0.1059447519
0.05835775285
0.02875549453
0.06623497335
0.07887863514
0.06537081493
0.212077474
0.04237127851
0.1173036557
0.04362332716
0.1944905107
0.1523015858
0.7555146238
0.5866301403
0.03331869649
0.01015724021
0.01034148962
0.01080351341
0.008698506603
0.009126774816
0.008334292341
0.009436513792
0.01053563911
0.05793666585
0.116451671
0.32018987
0.8876152866
0.9991436438
0.99412033
0.9818621758
0.9432944995
0.9606430359
0.6905699364
0.1652919004
0.1039537812
0.0511217454
0.110454183
0.145651306
0.2349500747
0.5422787718
0.1880171742
0.1193125736
0.1399200488
0.1453372446
0.3186681413
0.3572948604
0.4879058205
0.7500909108
0.9425943824
0.9010142668
0.9163924079
0.7111224584
0.3335410916
0.1416046386
0.193825897
0.1576874251
0.2738066517
0.08320568272
0.2311995164
0.3471237604
0.3329473884
0.8638563117
0.334985953
0.4399956075
0.2069999565
0.2514615227
0.7509344859
0.8898463736
0.2813441924
0.1128848696
0.4857544132
0.5653371241
0.7192356195
0.8532057678
0.6305702211
0.1165940672
0.3737968765
0.2354687745
0.4203166702
0.5443209582
0.3967977478
0.2269481067
0.5807771609
0.4157496788
0.1244840824
0.5674775841
0.17672297
0.4947847849
0.2744627122
0.5723315863
0.1614099235
0.2972544646
0.5894689758
0.4513379193
0.4237112494
0.4645146108
0.3740612523
0.153615633
0.1410750358
0.08153525745
0.559188323
0.7561429369
0.8506079813
0.2181432579
0.7665500718
0.7489658057
0.7924012416
0.3509935649
0.6914897661
0.9729540333
0.9709708449
0.9870922765
0.8009160015
0.2562010902
0.5722321782
0.915309152
0.8604214786
0.5524564456
0.07629448185
0.1073006739
0.04220594226
0.0839545549
0.3421565969
0.1026791303
0.04325719043
0.03398420608
0.0414494737
0.05992790974
0.1014650405
0.091114105
0.0469723147
0.1354185788
0.5448511954
0.5158948534
0.5617960631
0.03427680081
0.01100617175
0.01048859585
0.01014829631
0.009070318294
0.008532303612
0.01116441835
0.01206223945
0.01030765964
0.01017442201
0.03473411134
0.1103523016
0.04422178315
0.102595635
0.9116993269
0.987132764
0.9783195245
0.9806154449
0.9765207851
0.9788683231
0.5624537089
0.4390279423
0.08693964077
0.06586958517
0.08795882945
0.1123208302
0.296638215
0.2739140226
0.0804975535
0.1087570017
0.1070605951
0.1498507873
0.3395986915
0.1010739147
0.2807936377
0.5299106463
0.9066908617
0.9102713102
0.9725185018
0.779282261
0.3566647983
0.3929617585
0.5192960323
0.1810567419
0.1194034503
0.4121623287
0.2377826168
0.3145011771
0.5094270995
0.6932186412
0.4915442077
0.09064452085
0.1848652509
0.3268957461
0.9075441358
0.8611054281
0.3661761649
0.2015057105
0.6876894996
0.1797771912
0.8265448677
0.8607500635
0.5042806502
0.4740641988
0.3890008774
0.2168068505
0.1728762107
0.01174978564
0.2552624865
0.5699090169
0.4912149909
0.4834335785
0.1864523095
0.4491737567
0.2207986267
0.4338808923
0.3054129929
0.4648910782
0.1841589016
0.2890127357
0.3791570723
0.5362113052
0.4996810793
0.4091018818
0.4796042036
0.554288147
0.3111286404
0.1243711806
0.5568334497
0.6372084739
0.5997362943
0.3276542205
0.9246499611
0.7796343981
0.5469645706
0.1010575464
0.7039328973
0.8932341377
0.9950183935
0.9870932764
0.2494237057
0.1658848282
0.6412138719
0.8353960212
0.8698227385
0.3347767543
0.200019876
0.08843762639
0.08532848231
0.1375178127
0.331552254
0.1011814113
0.1833032818
0.1532679272
0.05594467264
0.1277023344
0.1251936148
0.3214961085
0.1824964986
0.7038512659
0.5911025835
0.03614785642
0.01137077144
0.01036707869
0.01067473118
0.01053715311
0.009019889352
0.01092622975
0.01550812002
0.01214933221
0.01086660604
0.01078327669
0.02774599791
0.1029236194
0.01435920438
0.02074509528
0.7785026212
0.9423254763
0.9756352096
0.9311775566
0.9819983966
0.9906234722
0.9537221513
0.5946813141
0.2378483645
0.1350941684
0.1073895656
0.1621136367
0.2837200612
0.4167555835
0.154380357
0.1401304088
0.08045041145
0.1214110504
0.2293877471
0.2684021501
0.1097318914
0.2260985851
0.2974647946
0.82916444
0.8592890563
0.9623000073
0.6695953947
0.4757629728
0.5659391867
0.5703936929
0.2659540035
0.2186949233
0.3793353502
0.3817847037
0.1948127089
0.2836458829
0.7716453302
0.5360802711
0.2757665583
0.2287542912
0.5510800251
0.8808417771
0.4125207591
0.3017891248
0.4866667135
0.3779787513
0.4222178585
0.8799661054
0.6522511091
0.6802561613
0.7210287186
0.6840182666
0.08371976343
0.4122274291
0.3048905156
0.165003071
0.60636486
0.5121456592
0.5896493351
0.4316237264
0.1362258552
0.5038779189
0.5134533717
0.4859635976
0.2923586787
0.4755013469
0.4255142201
0.3628618962
0.2328451626
0.4060162974
0.2150706445
0.3779010295
0.2903723053
0.4123736571
0.3251344348
0.6020183821
0.2180197461
0.3279164314
0.6497971412
0.9442239634
0.3703358302
0.1900292074
0.2011693181
0.4543955758
0.9068980529
0.9935024509
0.8855643439
0.4361494566
0.5361040786
0.6819032223
0.9203293697
0.6454036279
0.4499392209
0.3205191214
0.09628015465
0.1605088706
0.2305366098
0.1053057292
0.06523249544
0.2254930331
0.0898008438
0.07561138314
0.1371983868
0.5934848227
0.7888473644
0.4201219997
0.03413075734
0.01168553747
0.01051597226
0.01066981445
0.0108170926
0.009770014857
0.01052387744
0.01186947596
0.01596000942
0.01328310301
0.01177933181
0.0135089542
0.09783637417
0.05036936407
0.01295048528
0.01779232638
0.3768261314
0.92368488
0.9917921265
0.9642862332
0.8153694107
0.9924786587
0.9803660922
0.9327305799
0.4478878106
0.3573784581
0.3780371068
0.1869131127
0.1897627591
0.4181569307
0.1435296746
0.2269379557
0.1270305183
0.0799314587
0.2743392673
0.2432129721
0.3040323421
0.2669065689
0.4575060386
0.3548030242
0.7953227302
0.946497214
0.8104970589
0.4221005159
0.388782789
0.6103220834
0.4122901353
0.2804826319
0.3952198279
0.2232781586
0.3721615893
0.3906448673
0.5184769269
0.4812325254
0.2318794986
0.4179730654
0.625827164
0.791273476
0.8729328723
0.2908914293
0.712736882
0.1607701506
0.58195043
0.6190812441
0.5056793616
0.3555743911
0.304734618
0.7917130395
0.5998164293
0.4393127012
0.4555610236
0.3193213663
0.1666766324
0.581661975
0.2274870506
0.6288479718
0.2729379298
0.2834348121
0.3430488178
0.5797671001
0.5048637038
0.3990745954
0.4242725388
0.4773764832
0.5658719326
0.27235845
0.3712048741
0.2165862048
0.3345135118
0.09332210417
0.4442299555
0.4751527316
0.5078485679
0.1400616863
0.8133849804
0.910634388
0.7387324246
0.08292383735
0.4443641216
0.4059968061
0.898994631
0.9803584025
0.7083154346
0.6891186465
0.543613601
0.5411016568
0.9397009245
0.7306516932
0.724975132
0.5263327496
0.2379213269
0.1065258853
0.5434757058
0.3250961295
0.1147248966
0.09474562376
0.1706969641
0.3992673745
0.702027084
0.6372787178
0.312463359
0.03650554586
0.01193955228
0.01129779935
0.01048841725
0.01152138469
0.01066927244
0.0104622688
0.01261723896
0.01423808968
0.0120941093
0.01526069994
0.01413149318
0.02071534718
0.09993544883
0.08228957161
0.01263657186
0.01357022286
0.1314731423
0.7739958416
0.9881401544
0.9867603262
0.7710119873
0.8833039159
0.9775823192
0.9305026273
0.851308448
0.2982418863
0.44804055
0.6435958343
0.2622440923
0.5924652273
0.4330549899
0.2811503448
0.3655870062
0.09187803716
0.2149876833
0.2140057741
0.2309158413
0.2216649828
0.1280085005
0.3239041713
0.467975303
0.954359485
0.8628237158
0.7317143829
0.6645268949
0.6739169153
0.5038356048
0.4287638493
0.202180808
0.4933240444
0.1524366146
0.4567696171
0.3354758204
0.4242218881
0.3464846241
0.3060447685
0.3010583301
0.6400772427
0.5963386517
0.3249956956
0.7345532259
0.2880486677
0.5926452212
0.7996393272
0.3949944325
0.7778521398
0.5014109271
0.572280836
0.2370506671
0.5066113143
0.455269186
0.2771221903
0.5005003397
0.4493140875
0.3849004245
0.6257099311
0.4030664432
0.2298382118
0.4891325969
0.5283906721
0.4863127264
0.364176259
0.4243145769
0.5180466126
0.2844279443
0.4277063337
0.3401835251
0.4936473754
0.4528304068
0.1997320889
0.1352447671
0.2642133436
0.2572839502
0.1240398
0.3236969013
0.9684151295
0.7461703587
0.1773218491
0.04792299189
0.2316620314
0.6420789867
0.9924729313
0.7996659638
0.6305648243
0.5440837543
0.2784898785
0.8910418257
0.768436029
0.2846289756
0.8845191372
0.5559284385
0.208719729
0.3059221028
0.5010319738
0.3195408297
0.1393961903
0.4384348236
0.6424493997
0.6940172222
0.4355227317
0.03224469026
0.01220850722
0.01205481212
0.01152303291
0.01103782058
0.01107109217
0.01044642629
0.0118968139
0.01404886111
0.01527062958
0.01205214002
0.01630021025
0.01480259058
0.01912850437
0.09075009453
0.01837198843
0.01164359899
0.02352697117
0.1022899866
0.4452978234
0.9220193138
0.9951226016
0.9087495097
0.7530608
0.8600447951
0.9073769028
0.8234959614
0.7593838423
0.4453349203
0.442205015
0.4188121347
0.6415357686
0.5635616874
0.5025947003
0.3442166702
0.2062414797
0.3203736097
0.2685773291
0.4559356032
0.1570235868
0.2917588424
0.1084243064
0.2396040732
0.8515305911
0.8100512467
0.7425893751
0.556074807
0.8505211679
0.3312573441
0.3524612198
0.3347255385
0.2795426267
0.4646108892
0.3808633354
0.6160488728
0.3080937248
0.2735778446
0.7277453017
0.3329980083
0.4757897268
0.7960869002
0.3909556219
0.7495232188
0.3274297423
0.2308520893
0.604582992
0.3797355687
0.6478362548
0.6431613573
0.7533943028
0.228781021
0.4137546777
0.6567034052
0.4733356972
0.4476021735
0.5881955108
0.2187549811
0.2057654577
0.6694175178
0.6191610719
0.3741931528
0.2751117473
0.4637714785
0.6193140856
0.3499594031
0.1281294361
0.3502468403
0.1921346566
0.3638566974
0.1326680423
0.3572600572
0.1070411719
0.4092360017
0.2752049623
0.1587211698
0.0647878751
0.2485071359
0.9206694601
0.8916026655
0.3112928222
0.1210245286
0.1572113355
0.5280691085
0.9305473229
0.4825244002
0.6456938204
0.7415346107
0.3850211845
0.8780317473
0.8058049858
0.5302804382
0.5122850494
0.7453708214
0.1728272907
0.3845852653
0.433278624
0.36968548
0.7162459667
0.7798437278
0.6288099574
0.4476958046
0.03166612775
0.01217052843
0.01336631737
0.01265557544
0.01111784569
0.01130604376
0.01087993277
0.01185996745
0.0131444947
0.01393206401
0.01260134252
0.01684961917
0.0122998977
0.012100085
0.02817545462
0.08595229582
0.01506207601
0.0130356882
0.02187915797
0.18006501
0.2702302225
0.634442684
0.9870789992
0.9237383481
0.6162979793
0.8985982229
0.877434458
0.9501531817
0.4544598652
0.5575097032
0.5689287733
0.2812744031
0.5290566658
0.6030896806
0.5390712122
0.659141694
0.4509934978
0.368870111
0.1134825839
0.1107252937
0.4079498183
0.1391364481
0.3686087208
0.1955097846
0.757989285
0.6610827908
0.6851540091
0.5920490918
0.8271304691
0.76554441
0.5017119707
0.3415254326
0.3986420997
0.2330810992
0.248940782
0.3980721651
0.5559372264
0.142923936
0.3362704371
0.4452176407
0.5784479977
0.4203763459
0.3691866756
0.6742930923
0.566093027
0.723138698
0.6519485775
0.2712784427
0.56197909
0.5583753307
0.6392751589
0.17142504
0.2774184356
0.2969387433
0.5483890572
0.5111926385
0.5979665456
0.3422996801
0.624130696
0.3743334065
0.1619322588
0.4947842663
0.4872978163
0.333609424
0.2497794104
0.2900579095
0.5976614083
0.4934185982
0.4322208111
0.2057517235
0.4539809694
0.2201706226
0.1494998167
0.1173601698
0.3473148132
0.2496604173
0.1086895109
0.08079139472
0.7762711131
0.9388966709
0.6245018652
0.09788068104
0.1055356509
0.385473405
0.9650054472
0.7925999276
0.2283494392
0.4878985192
0.40489777
0.690272536
0.7643748187
0.221076867
0.8454654368
0.7717663603
0.5655511321
0.2798871689
0.5749756766
0.7388471349
0.7489438214
0.5934206728
0.3748042106
0.03598541118
0.01128605448
0.01192991003
0.0134066346
0.01272784414
0.01153765551
0.0112098315
0.01161894844
0.01273957841
0.01205743285
0.01254958881
0.0124673894
0.01625829755
0.01230541563
0.01239771765
0.0303319859
0.09931212385
0.02648834149
0.02196542361
0.03888082444
0.09443269705
0.4862621721
0.3968165613
0.9627370486
0.9491536977
0.4878824291
0.7500392367
0.7006502684
0.9599744267
0.8956502392
0.5126992397
0.6715054
0.5608441133
0.5171961751
0.4181976811
0.3856396086
0.5695632349
0.5976474399
0.6031013607
0.567590914
0.2572597139
0.1528935619
0.2527593149
0.3484047349
0.4376153055
0.4851731533
0.6693377177
0.4817970667
0.6269579158
0.8009470699
0.4871581013
0.3760793495
0.514095858
0.4571540496
0.4959740909
0.2012993759
0.4850573864
0.485025423
0.2204638356
0.5661556014
0.1665950821
0.6722881543
0.703908782
0.1340694176
0.6348627359
0.3524401164
0.4313332488
0.7610605918
0.6045970966
0.4720597851
0.3427451554
0.7965686597
0.5460167912
0.6134341855
0.4517726442
0.3144563439
0.4482022106
0.6231500929
0.6458709014
0.1760831588
0.5981802415
0.5965112273
0.4198163312
0.3455994677
0.3913233358
0.5657639778
0.1954598508
0.1613147058
0.2809801129
0.2615401873
0.1703811576
0.2632056798
0.3862136486
0.06615310487
0.272620341
0.1499606037
0.1062360327
0.03057715128
0.2288297325
0.2616393382
0.9813516813
0.7439169042
0.1089513963
0.0976844107
0.1125678943
0.803484151
0.8019748786
0.7440993514
0.5261599603
0.5003343838
0.8122913985
0.693267796
0.1520547669
0.2684088983
0.419349645
0.4781830006
0.5835947061
0.8348142057
0.5975772515
0.5445908233
0.5078333382
0.03346047541
0.01171521873
0.01164525636
0.01317330265
0.01125957025
0.01169043691
0.01128766179
0.01119642305
0.01111141902
0.01115690353
0.01130565492
0.01381377038
0.01691925003
0.01724440125
0.01507429735
0.01328511324
0.08569413894
0.09949967016
0.04241913319
0.02203577633
0.05949080492
0.2610202261
0.1961600363
0.1439590113
0.8656457331
0.9080984643
0.7092241256
0.9162765338
0.718125434
0.8617494345
0.7618182519
0.557407842
0.5226172642
0.5487443012
0.6480499945
0.7746554671
0.2862759311
0.4599836903
0.3960732372
0.4285054032
0.3476371801
0.1706887339
0.5957811051
0.384252431
0.4151250358
0.3295432454
0.7123857903
0.423322638
0.458052828
0.4559101751
0.8744923667
0.8493797977
0.3366052616
0.4685520072
0.1304180018
0.3057621967
0.5014259349
0.2173183327
0.5037935238
0.1780235949
0.551193219
0.2255741566
0.3015850743
0.8617373419
0.3899092776
0.5508739616
0.685448312
0.64546703
0.3632779734
0.3941936714
0.6549936509
0.2444629283
0.5516127566
0.1574554798
0.5224338848
0.4274155358
0.4224552648
0.6200784201
0.4508436574
0.3376760064
0.6142993525
0.288168368
0.4514674567
0.4258138356
0.1808699708
0.2184586056
0.4781376663
0.5646584654
0.2169341196
0.4661046831
0.2675921342
0.2249505069
0.3132189354
0.2615186489
0.07772709724
0.147609845
0.3107393391
0.2198686308
0.03223091904
0.04217175476
0.3538459453
0.8961106505
0.9851135163
0.1303435586
0.11024901
0.2467543082
0.6565523968
0.7597959503
0.4403689317
0.4956167367
0.5780546242
0.6208365506
0.8448861075
0.3158921556
0.6999829261
0.7883005623
0.8084478385
0.5567694726
0.7532240328
0.5909477393
0.4551016516
0.0400031831
0.01253303365
0.01232645191
0.01289367109
0.01170996306
0.01102142216
0.0113049226
0.01123789716
0.01294763152
0.01260861106
0.0110689001
0.01250789349
0.01150950262
0.017503923
0.0155241784
0.01442399824
0.02817451446
0.06859257752
0.05490013805
0.08299307832
0.02178512619
0.09551114251
0.08180816346
0.6238239232
0.2606871009
0.8016717503
0.8688989411
0.4749811619
0.7528187639
0.8787128957
0.8982218411
0.8926689431
0.7273994244
0.4678490277
0.4762061797
0.4116658522
0.8049633273
0.556005429
0.5732813845
0.5337243847
0.6353753168
0.6810809201
0.4421708363
0.4644299587
0.4508714727
0.5880190126
0.2222079001
0.6762717026
0.4650006727
0.1280816964
0.6460509867
0.4901520401
0.8694984238
0.4329417035
0.5625647311
0.5903684303
0.212876315
0.3113154661
0.2695273631
0.5282221789
0.2321760059
0.3483592732
0.2828638899
0.1987574078
0.6126071088
0.3646152547
0.4445502373
0.4409191661
0.4876405124
0.7404988258
0.5135318945
0.5841761347
0.2026092789
0.8239017439
0.5677479595
0.5968405452
0.6063128491
0.4704823953
0.2621357313
0.8160915933
0.4667067379
0.5641029133
0.4649153861
0.3079226041
0.2082717322
0.6701119901
0.3030520077
0.2455866201
0.2961838327
0.3221801092
0.1387490107
0.3448910646
0.215995466
0.2162099825
0.1973444365
0.06854895898
0.07082550826
0.160085957
0.1491287119
0.09057549094
0.05651796304
0.1234646352
0.6926132426
0.8937486382
0.6706581224
0.08701276477
0.1015102468
0.7116599783
0.6903314685
0.6399908958
0.2510869901
0.4099778865
0.6094022433
0.6051529736
0.4648938296
0.5423661207
0.5533009238
0.7706910525
0.6040880631
0.4045185451
0.5057241196
0.03664653543
0.01295651041
0.01384592628
0.0132637422
0.01132815148
0.01128609728
0.01312736016
0.01255182918
0.01242347779
0.01162774211
0.01264879578
0.01388320419
0.01450105994
0.01504538553
0.01901046335
0.01343419038
0.01520680975
0.02712014727
0.07470896282
0.05251788967
0.0926498289
0.09005861147
0.08730913533
0.1656671519
0.1235912242
0.6221779483
0.4952760978
0.7659403954
0.807468044
0.5366110803
0.7165709668
0.8695338673
0.7948337542
0.6373709131
0.7626313314
0.4483245921
0.501930119
0.6976509051
0.5057093018
0.3784335933
0.1722128129
0.6737220508
0.5981759888
0.2408326613
0.6347736728
0.189264309
0.3977826399
0.1867114066
0.5886962039
0.7063347498
0.1053133473
0.5654577015
0.7326400772
0.6274510461
0.2139270182
0.457962104
0.1898785496
0.3685960361
0.4620521911
0.3562409481
0.1226641539
0.3749791894
0.448622837
0.4772393768
0.5399186438
0.8413653991
0.3573960547
0.343675337
0.7527378808
0.5425068678
0.5017620399
0.5587030353
0.7794665333
0.3544672711
0.4885465479
0.2899403137
0.4999094191
0.3914320545
0.5011370401
0.5069159751
0.5289983226
0.4421826414
0.3164541996
0.1613224085
0.4770970334
0.4089584947
0.2860440305
0.3584344792
0.2598681806
0.1881919232
0.2639823764
0.4040157282
0.128386103
0.06489448482
0.2328360062
0.1332927207
0.1431695476
0.1328604415
0.1496177964
0.2062636615
0.1039884761
0.03283805879
0.1957997714
0.3506176431
0.9330373207
0.6228220029
0.2765404968
0.1013316438
0.6757079165
0.6835490449
0.6359033316
0.4955492606
0.5696888776
0.7246006685
0.8840672197
0.6500118801
0.8366579388
0.7973966138
0.692644534
0.4671109385
0.56681896
0.03864677728
0.01318484461
0.01163495149
0.01377854889
0.01147314383
0.011875063
0.012999734
0.01241537836
0.01207410419
0.01196105147
0.01100312844
0.01356883656
0.01129950564
0.01259641999
0.01297696828
0.01244054749
0.01298707073
0.02551364715
0.02921501193
0.07697524157
0.04873324782
0.09144757479
0.09323384284
0.1289189764
0.146074346
0.5201047977
0.6154901597
0.6877131838
0.523796637
0.6808174939
0.772398542
0.5835701437
0.9325598258
0.7828346071
0.6185402321
0.6595754047
0.3197857877
0.5517390792
0.7815168262
0.326184855
0.8790569181
0.2872550341
0.5158750724
0.6654781963
0.64732794
0.3129616739
0.3935818015
0.4366180158
0.4780515642
0.4931722969
0.5230102437
0.4435693577
0.2545031807
0.7235413291
0.8791457154
0.7010729059
0.2003924209
0.5932912137
0.3128989493
0.1231237551
0.3332136994
0.259802395
0.3007055562
0.4041246282
0.135808715
0.1556353605
0.7417637055
0.3434189289
0.3809494164
0.3391079903
0.841500779
0.5002289123
0.3931576378
0.5445223439
0.373514293
0.7627393518
0.6092773294
0.5428856285
0.7074227967
0.6150532995
0.3443008609
0.5649276362
0.4106661147
0.4329461204
0.5696628569
0.418559603
0.1882480112
0.3231552387
0.2943907015
0.2020832309
0.4210131119
0.1421406323
0.1902764364
0.1707727948
0.09954784009
0.1602269652
0.2177955328
0.0467650473
0.08934446867
0.1298644065
0.1250641289
0.148947392
0.09913608794
0.1010136361
0.130091917
0.7838153443
0.8738625582
0.1610000985
0.1694292853
0.3629626042
0.5316690703
0.5672106166
0.6991917827
0.6547034194
0.5520046689
0.7078795766
0.8386446853
0.5465989201
0.437862251
0.5995437581
0.2668018586
0.04052444683
0.0127132858
0.01401952988
0.01148770684
0.01159759444
0.01185396123
0.01354156639
0.01157924791
0.01329010978
0.01151866341
0.01322467898
0.01137911523
0.01093428506
0.01352878249
0.01242916397
0.01285383239
0.01415492774
0.03104605405
0.03874177419
0.04226697357
0.04384562447
0.1170736739
0.1099148523
0.1914137091
0.2211496965
0.2366624312
0.105929781
0.6545613815
0.4592912243
0.6600801192
0.6741011255
0.5965116053
0.5713089209
0.8644323879
0.7707584326
0.500832739
0.8046563333
0.6154587621
0.5329278328
0.7494451378
0.2993952057
0.6092898971
0.4228071095
0.672746147
0.2840633447
0.3483761623
0.5872420378
0.30392392
0.5493122145
0.1178486392
0.6946466845
0.3597664219
0.252507875
0.3729812626
0.309926463
0.3633233743
0.7343893968
0.4989884162
0.1074883725
0.3569952357
0.405473493
0.475791896
0.4143741719
0.4430462607
0.4015576819
0.3350718754
0.6551321749
0.7965151603
0.4574792618
0.7265319744
0.3662821876
0.6775665994
0.8196383159
0.3621647835
0.8096894485
0.4103685267
0.5266807644
0.5367426094
0.4309566044
0.2210255302
0.4511484068
0.3404718044
0.4823698215
0.5981406296
0.3171061043
0.177443231
0.253666603
0.1238440424
0.2213822758
0.3439518627
0.1606160771
0.2225102937
0.1413560619
0.1916530479
0.2370213498
0.03779015721
0.1557617541
0.08917910421
0.1204528967
0.05571363169
0.07484631494
0.1603219793
0.1524608939
0.209242614
0.1280855082
0.2173977298
0.4038649758
0.8565486597
0.4819309517
0.4452609134
0.6416112908
0.784005689
0.632728883
0.6811489485
0.8025150579
0.8921746495
0.8673442516
0.660774592
0.7345715946
0.2387742864
0.5795303421
0.03503187078
0.01312228383
0.01170286014
0.01354244074
0.0136584628
0.01143226876
0.01258719464
0.01135349507
0.0133847886
0.01164632015
0.01332439163
0.01235081496
0.01314910414
0.01439878085
0.01150608433
0.01755496427
0.0141227447
0.01678221609
0.01953239953
0.03343254174
0.1023202484
0.05304129091
0.1397173115
0.2558322438
0.2456776137
0.1449826407
0.1393579309
0.4780447879
0.7853401038
0.5822091545
0.6634510248
0.8192477932
0.4149156297
0.4998605863
0.9199184156
0.2261928905
0.7301008086
0.5519651456
0.4232618014
0.6509861482
0.839889559
0.5262736388
0.6885827954
0.2834960783
0.4184935526
0.7615817271
0.5365282229
0.612967498
0.307780572
0.3965803943
0.4629926561
0.3532493511
0.396947733
0.5538858708
0.5730929705
0.7705368447
0.4921355265
0.5111723949
0.4597110185
0.5695023746
0.3279227398
0.2652730787
0.1899861217
0.1267616686
0.2595352681
0.6413683698
0.1840218737
0.3935500353
0.6537089795
0.1363327655
0.6193579703
0.2496165687
0.8029292838
0.6444735437
0.4231106171
0.3394247997
0.6783267567
0.4926798276
0.735525744
0.3272847607
0.6309744008
0.1639053136
0.665192713
0.2767834643
0.5949742719
0.1531563646
0.2841969299
0.4106591658
0.3326485173
0.1605499829
0.3200933368
0.05987878264
0.2647772972
0.1755020443
0.1851833624
0.05838954961
0.110417227
0.08740964708
0.2126000817
0.03597463016
0.2086717651
0.07664305055
0.1100337211
0.1022146338
0.1511063514
0.1104574131
0.255578153
0.4555494535
0.7312051224
0.3684589136
0.6650863467
0.4174374722
0.7390362026
0.7919467845
0.9164259369
0.801155935
0.6936078273
0.3102031154
0.4570866845
0.5399178914
0.552178012
0.03227898811
0.01190644948
0.01168752794
0.01148701826
0.01361308538
0.01306474919
0.01133945162
0.01132310621
0.01122472903
0.01103791684
0.01134184586
0.01227450039
0.01112342381
0.01449866525
0.01572709345
0.02295322692
0.014379498
0.01837268629
0.03113798365
0.1035956591
0.09010700351
0.2094169376
0.4042393325
0.1294191873
0.2421741338
0.1345414989
0.4020535371
0.5201989259
0.2362561535
0.6606290527
0.4801268242
0.5126173192
0.8311926881
0.2240311097
0.5802453467
0.7985249071
0.8328106501
0.7102797724
0.8054603091
0.7617388568
0.7584755247
0.3114969916
0.4892000405
0.4273040152
0.6964977506
0.4228730412
0.4328006917
0.5667180259
0.1652953791
0.3168779844
0.127685682
0.5693399196
0.5989703864
0.5235208396
0.438166268
0.1266102133
0.2087445217
0.5611997858
0.5040849977
0.3185781103
0.4972883588
0.2704222654
0.584012829
0.4050804106
0.543318549
0.4933170598
0.4860086611
0.5042576448
0.4938574307
0.8021129553
0.3380968919
0.7990444797
0.3402134983
0.5489947994
0.8237266064
0.4963098395
0.7134678742
0.31776891
0.7084203208
0.2853867995
0.2774948202
0.5492945546
0.6819674829
0.2562058786
0.4950477264
0.2246885572
0.5202378096
0.2357255472
0.1513288353
0.1768244424
0.08579484307
0.2287633079
0.2334770849
0.2613400718
0.06374428807
0.1626413879
0.1906140391
0.07867827519
0.1436954095
0.0935062741
0.1424075398
0.08838937693
0.1162457108
0.08429490182
0.3684965581
0.1606625397
0.1773599836
0.3516943413
0.4090466478
0.6705465759
0.7300350835
0.78117058
0.8349601311
0.8650596913
0.8360940612
0.7176462169
0.5738439376
0.7530177553
0.8733610524
0.3044481942
0.5432813156
0.03823246057
0.01169195313
0.01220236221
0.01172575494
0.01185061626
0.01229861571
0.01371474339
0.0115834375
0.01284454387
0.01100945621
0.01231892891
0.01124407906
0.01504623608
0.01194328954
0.01861342883
0.0244507862
0.01648201147
0.05253210735
0.04096665718
0.1587954449
0.1782525068
0.2224545047
0.1177694022
0.1363977063
0.1447264416
0.2830314469
0.324938709
0.4983477483
0.2859181672
0.6805862875
0.596900232
0.4229092623
0.6909741533
0.5784208497
0.3479438958
0.7066927646
0.8217843076
0.4936941201
0.6901533728
0.5354766095
0.4883793369
0.5314677103
0.8154920537
0.5984172092
0.5928945692
0.4625750493
0.5980308677
0.1939970156
0.5772818364
0.4436968736
0.7149235252
0.1870444103
0.5402483926
0.2076996705
0.2516720851
0.464570618
0.66651463
0.3166962833
0.5865599108
0.4582773835
0.6621877914
0.5227448387
0.2273541771
0.2864915052
0.4804051663
0.4622219115
0.3050225078
0.3787045772
0.4696124684
0.1960169033
0.736875429
0.1939409113
0.6861910302
0.3466755577
0.7939397204
0.6539070673
0.3925064447
0.5107637653
0.3920179431
0.4764870944
0.7916219971
0.4189565112
0.3243779834
0.3011652557
0.2781008855
0.4914674204
0.603169372
0.2976211652
0.2783469282
0.3238548042
0.244217813
0.2646019771
0.2961697997
0.1146392315
0.1503821381
0.1154195069
0.1946621386
0.08906236359
0.1424615289
0.112252669
0.0827601545
0.06209483416
0.1840006969
0.2844121768
0.1155426371
0.1110809614
0.3395412452
0.154160404
0.4914179304
0.8387112239
0.6573137308
0.4979395271
0.8971023981
0.6188765987
0.7467319044
0.6683582373
0.9329848755
0.3598259609
0.5595201715
0.277777017
0.5145710663
0.03307844657
0.01220452804
0.01198816216
0.01186603642
0.01139090342
0.01129317441
0.01256084392
0.01364043298
0.01121318815
0.01273674192
0.01108420134
0.01150173082
0.01419493432
0.01744711647
0.01749755678
0.01931017336
0.02889821728
0.03566513669
0.1251827275
0.2089561939
0.1943694446
0.2565773957
0.1047066494
0.475251014
0.3166525607
0.4373546169
0.5661314267
0.4255362582
0.3638880225
0.1496863349
0.567939402
0.334192308
0.1442216274
0.8236374281
0.7447494514
0.7161772365
0.8542132577
0.5482015032
0.9161881108
0.689164375
0.7295506153
0.8134300961
0.7231824825
0.3214690504
0.4124772194
0.5521036304
0.3183992277
0.45693521
0.4963896196
0.3950143926
0.191746331
0.311141518
0.1801230777
0.6290719255
0.5677752477
0.4184175467
0.3658101583
0.209844285
0.3428704456
0.5975756612
0.1882913674
0.4997011099
0.4883940137
0.6028314689
0.5928090656
0.3897685389
0.2907681386
0.7054073705
0.3182163237
0.7765598701
0.3956892499
0.7236975953
0.4135584449
0.8205170845
0.3843658671
0.6480218798
0.4976514434
0.4318184842
0.3535514792
0.5425794016
0.6749935926
0.3567862117
0.3410838808
0.3717454512
0.7516745038
0.2031609581
0.3783119442
0.2010094369
0.3007895231
0.1251327911
0.1672472507
0.1731599794
0.146367871
0.1246883289
0.1602695589
0.2292225178
0.09493906646
0.1318548026
0.06065602892
0.1052247123
0.131733928
0.227978758
0.2345990375
0.1199907904
0.1160388016
0.1633448724
0.4467394368
0.5063394597
0.800603008
0.3264820052
0.5256233783
0.9446725243
0.6611703705
0.9271051351
0.8339407704
0.8087215154
0.4968605312
0.8070919678
0.5811484309
0.4757002134
0.7420843568
0.03243800572
0.0113660416
0.01152854724
0.01149255541
0.0120143558
0.01100893108
0.01325187195
0.01217733041
0.01337457255
0.01367064055
0.01133231364
0.01359827694
0.01255861984
0.01339602087
0.02380768618
0.02356692224
0.03592420272
0.1247169182
0.1934398741
0.3222067457
0.2257643828
0.08651482668
0.4221166639
0.1909955824
0.4259049486
0.4672510942
0.5494345813
0.1112679645
0.1712134859
0.489041843
0.1913966835
0.4443101787
0.7570738713
0.5534147019
0.8763440592
0.8335033747
0.4891528346
0.7904126621
0.6066463426
0.7297640507
0.4952385441
0.4028750261
0.6796526375
0.188343559
0.814421946
0.2964564025
0.7860111368
0.3270256223
0.5081546177
0.4964299121
0.5213774261
0.5371387904
0.600617837
0.1759266971
0.2400472196
0.1951073375
0.4522229149
0.2748661554
0.6943362252
0.3137509161
0.7758192221
0.298579834
0.6447608727
0.5085408928
0.2113779981
0.4236636051
0.4337115464
0.59682402
0.4059142298
0.5967174387
0.455302267
0.5437531662
0.5889866625
0.5067592341
0.5436455912
0.5359379011
0.6745981132
0.5353419563
0.5395159401
0.5770369543
0.4491085352
0.1925259922
0.6555001752
0.3614022676
0.2133779384
0.2864284248
0.4254103815
0.3352284775
0.5063225304
0.1590318884
0.4335537035
0.1655174924
0.2177586904
0.1086144661
0.2379297084
0.05060418726
0.09460937386
0.1243202526
0.1373043725
0.1961400844
0.1676262387
0.1693537067
0.1764285187
0.1127727902
0.3089305941
0.5127061204
0.5887555904
0.4994228269
0.3894351324
0.7027834282
0.8576600798
0.823535916
0.8533278643
0.737235183
0.7277584072
0.340757352
0.7177798072
0.5319361997
0.5973735819
0.3958306949
0.4760093118
0.03221660018
0.01173985553
0.01142335194
0.01296421205
0.0121677043
0.0108432607
0.01251979059
0.01157075024
0.0125108759
0.0120258922
0.01337953948
0.01501081033
0.01242205715
0.01645734933
0.02437384066
0.04526977418
0.1226007076
0.2578282743
0.2650275203
0.09449179431
0.1107992865
0.4972637857
0.3827380593
0.4986126442
0.4835231571
0.6431047425
0.1817686349
0.1331991095
0.3546403804
0.2147681141
0.2587483233
0.4763361855
0.7922932048
0.8659639475
0.6987719755
0.722540731
0.7978364791
0.6143101815
0.8619971438
0.5232484434
0.8109062093
0.8110723123
0.5320911629
0.774672916
0.7109326892
0.3033969363
0.2571159637
0.5081076688
0.4269770998
0.3579579128
0.3701986702
0.378420923
0.09869711529
0.1882785791
0.1784075941
0.6713638152
0.3498417016
0.6420331985
0.2847810311
0.5653496721
0.3259072988
0.4525745001
0.3075435303
0.5097375563
0.559255559
0.2250997583
0.7114681143
0.3399799678
0.641911048
0.4097530866
0.5336907681
0.7895801703
0.4247837363
0.7552856176
0.5959052834
0.4473090579
0.400240092
0.6873043143
0.3999342187
0.5780522454
0.1510480044
0.4584472996
0.6527150164
0.4481680228
0.5091161801
0.442318287
0.4898300182
0.1928583193
0.2109322306
0.2582489888
0.1315040972
0.1094775223
0.1323435849
0.2180514389
0.07951566617
0.1395775594
0.1019030137
0.1086854476
0.1732458009
0.2357135988
0.1387735046
0.4186443282
0.08244353971
0.2982783697
0.3832114062
0.6540350208
0.509046632
0.3660547192
0.8749833597
0.6895361986
0.906359952
0.8193768915
0.8633174524
0.5928240891
0.6410495443
0.857690304
0.4459584976
0.6379489819
0.7321188237
0.5594883053
0.4849012124
0.03752877137
0.01269007308
0.01316537024
0.01248386704
0.01105454089
0.01076458199
0.01118242231
0.01265147269
0.01158035082
0.01077080696
0.01119249068
0.0177190382
0.01803516261
0.03165538062
0.02798733092
0.1209770256
0.2600213254
0.2792040976
0.06542151103
0.2490194411
0.3989952904
0.4954536052
0.3825138476
0.3057999463
0.6336831823
0.2543616139
0.1099361572
0.1140113648
0.3334195372
0.1948556427
0.7435991641
0.8571285421
0.9089949653
0.6104604435
0.8250264782
0.6324003245
0.7931922099
0.8011077004
0.6643715209
0.7570098949
0.7208063956
0.7225664168
0.1682222648
0.5672334648
0.2203508964
0.3074854389
0.5926492854
0.6239534428
0.5234786465
0.4746688248
0.4341289067
0.2218223281
0.5611277951
0.4038813164
0.5796262273
0.4088175125
0.4179586991
0.4958480466
0.592508556
0.2550266859
0.5061773833
0.6980864489
0.629695258
0.371269339
0.4724972519
0.5640878251
0.2831668861
0.6047336242
0.2452251329
0.6627512129
0.597788099
0.7061919852
0.7298715604
0.3968016691
0.3629101942
0.211597009
0.6972654694
0.3545969713
0.8351782149
0.2236261162
0.4362998559
0.70571438
0.3764332893
0.272613018
0.2561207642
0.2720634797
0.1576695936
0.3990215504
0.4439702903
0.2913263029
0.2608836315
0.3318079317
0.3502231739
0.1282348924
0.1145914481
0.04566591238
0.1471208804
0.151453794
0.4946644348
0.1951427845
0.4406081459
0.1512755298
0.197030527
0.4224623322
0.8587967065
0.5334204258
0.5685783795
0.8631547696
0.8946184904
0.922462854
0.8856033408
0.8931808138
0.4075024928
0.4254236531
0.4002604378
0.6567946938
0.4214218132
0.1311509624
0.7307798913
0.3189001426
0.4611265919
0.03195700735
0.01218289693
0.01284330569
0.0119283818
0.01106645084
0.01083217128
0.01060273073
0.01104534201
0.01129278987
0.01161375783
0.01123701505
0.01262689133
0.01956512121
0.03002707378
0.0758706957
0.2917019181
0.3896895932
0.2384890961
0.3105364938
0.418395751
0.2293076842
0.3847503717
0.1931724346
0.6942269255
0.3194969706
0.2044646319
0.1060731231
0.3500964747
0.5691039071
0.7208873944
0.9505222966
0.7570878988
0.8876417268
0.4421654847
0.8362277079
0.7663524143
0.6837443538
0.6885663505
0.7191968986
0.7978137638
0.702757749
0.5841262558
0.266569864
0.6648220474
0.4461897543
0.826078283
0.5507555978
0.336558216
0.5708477638
0.1573248819
0.2004205836
0.3280043793
0.1042702267
0.333657041
0.2812525976
0.2756686518
0.5535694948
0.2949677998
0.614918298
0.4276356944
0.5575701774
0.2565937582
0.3791246291
0.2012646429
0.516771152
0.6739746408
0.6040640534
0.54320408
0.6330961708
0.6618434984
0.5558339195
0.3344141003
0.2716586365
0.6191173565
0.2277880834
0.8469916407
0.4041366171
0.67232358
0.1793025051
0.6595310644
0.4155239653
0.2496303436
0.1957233476
0.4546356728
0.5503470638
0.3543902467
0.6377543222
0.1663068519
0.5124893192
0.1157036505
0.4167407349
0.1032547639
0.07227095448
0.0960920928
0.119007146
0.2546278245
0.1549130356
0.5365949075
0.1524752721
0.2064630806
0.1997461504
0.1148587247
0.2670043867
0.846115275
0.3403185748
0.5425137842
0.9256423451
0.9679826692
0.9164580582
0.8409252203
0.694805262
0.2591456697
0.3233709221
0.2571075905
0.1569871562
0.5717019947
0.5979081019
0.7515800512
0.2133554911
0.852015789
0.4123119228
0.03537833443
0.01132795895
0.01133261721
0.01111389469
0.01140517379
0.01187596212
0.012084842
0.01074056672
0.01171317849
0.01324782461
0.01614738562
0.01291974294
0.03101376952
0.1073572378
0.3104942716
0.339043127
0.2055246953
0.345357562
0.2515904727
0.2477284312
0.2272546901
0.5155877702
0.355047487
0.2825405484
0.1547489832
0.3563947223
0.4774046299
0.8656282634
0.7738950226
0.9324739563
0.7645360187
0.8797682007
0.5809179905
0.6998095269
0.8138067004
0.5680887565
0.6625518724
0.7542381922
0.8108415227
0.7011838476
0.5398033397
0.4472906363
0.5748989076
0.5870520185
0.3842794665
0.4643440019
0.3758136412
0.4287598371
0.1111642723
0.5972419754
0.3370692845
0.4111040294
0.5700765322
0.3889633561
0.7663757864
0.4550211219
0.6815815479
0.6339430577
0.5320339017
0.417882212
0.5661595707
0.4678937782
0.4907800564
0.7836092551
0.4040157302
0.7783818538
0.4198990037
0.4723983046
0.6363869309
0.3954873641
0.1612153727
0.194446111
0.5733076467
0.8491141118
0.4873243168
0.7760876691
0.5218478662
0.1734317604
0.6126398013
0.2775471329
0.5117469432
0.5758044
0.2315152849
0.6212847075
0.4367527956
0.387435705
0.2705087865
0.3014840528
0.09504239792
0.3695283968
0.1700923542
0.2592464105
0.2248111927
0.4041404211
0.2948641282
0.1746197432
0.5317021183
0.1769595356
0.1833263312
0.1703807304
0.1870823303
0.3552518601
0.8876549996
0.8249532894
0.8743693586
0.9951504917
0.9895043232
0.9021189721
0.8306098069
0.3503643025
0.5267638213
0.1957779996
0.4467598478
0.2726917971
0.2906624091
0.1495699693
0.7091158649
0.3329402309
0.4565577657
0.3003794531
0.5369057723
0.03218221868
0.01210146279
0.01289572621
0.01116355025
0.01049594854
0.0100676138
0.01230676808
0.01254630135
0.01222920259
0.01146844404
0.0140046993
0.03112195828
0.1054776718
0.4477516119
0.3420487475
0.2541861568
0.114902375
0.2128566594
0.4083439005
0.4021359429
0.6933223982
0.5671673426
0.1955618629
0.5373712582
0.5288479155
0.7610576726
0.8730243357
0.8957509359
0.7774993026
0.8737121744
0.8107800115
0.8588858832
0.6939851103
0.8335680375
0.7528416518
0.4829013828
0.8669402591
0.706226622
0.6576682312
0.648432965
0.3890443559
0.5570599572
0.5323444056
0.5287779048
0.3598214091
0.5917666555
0.4550531703
0.4976565265
0.3225951766
0.229421293
0.5243630626
0.2096717324
0.5124745674
0.6309072174
0.3007929707
0.6118901578
0.4909054915
0.1193787615
0.2651612047
0.2398719067
0.3657452335
0.3100118149
0.3373103502
0.4186866152
0.7545236161
0.4207129855
0.4871971883
0.7161992297
0.5133048695
0.242363485
0.4225871267
0.6700831085
0.5978893473
0.2620738065
0.6065643501
0.5183847626
0.4392451283
0.5756738169
0.2719118004
0.7162366578
0.376267298
0.2962704742
0.4642064908
0.4115500874
0.1874803611
0.4339821211
0.2111463672
0.5042982351
0.2093511653
0.296287535
0.5193632852
0.221947471
0.342912324
0.2954462878
0.1970405792
0.5025381958
0.1458225851
0.1211631618
0.1273533847
0.1236538096
0.7755004125
0.9003725327
0.978953459
0.8897090089
0.9934037631
0.852289579
0.8548989948
0.4184022152
0.4091466166
0.3109964652
0.3111916296
0.1218959708
0.2529819554
0.1004029404
0.08787167286
0.09325478056
0.3223104724
0.7991730183
0.3370691768
0.6874593667
0.4356794676
0.03176702205
0.0109959009
0.01287600639
0.01167086329
0.01139119061
0.01018195701
0.01005151399
0.01105531324
0.0140956114
0.01544553367
0.03261049277
0.1034690073
0.3204197538
0.3798034237
0.2695250857
0.1912937168
0.1842878484
0.5682447027
0.4183989115
0.63855865
0.5311772619
0.3806572069
0.3797224252
0.8372200069
0.5399761956
0.861960823
0.8857980891
0.8976482016
0.8820637172
0.9218846622
0.9127984899
0.8296083269
0.8310713719
0.6922167174
0.6803991826
0.635513465
0.565437061
0.51276045
0.2999090963
0.5147764869
0.272628748
0.407241355
0.5627012255
0.4452021025
0.5263936729
0.4053084496
0.6154663651
0.1763355069
0.2475872578
0.1829711671
0.568234893
0.6152311092
0.8309592706
0.6074719145
0.7948812507
0.4714097493
0.3023591167
0.3858330315
0.463201965
0.3956509504
0.69933416
0.3669614582
0.8560693538
0.7497257696
0.8153227271
0.299828935
0.6056384078
0.4835158607
0.1247725913
0.4092523304
0.4276625661
0.4952170711
0.4383648208
0.3955099149
0.7772089699
0.3741903871
0.3189380418
0.7740285883
0.323438414
0.322816403
0.6160047177
0.3336854909
0.5116431907
0.4920002904
0.1482474008
0.6364449557
0.1476118826
0.5460132032
0.3073475561
0.4481310131
0.1533129179
0.2227199784
0.2091487021
0.3888329221
0.29582512
0.1751365348
0.09385456556
0.2040738982
0.2612015808
0.8684782673
0.9839286853
0.9851696754
0.9651135893
0.9305969951
0.8663126117
0.8015904378
0.3570064982
0.2973641194
0.2881859649
0.1408052282
0.1117121416
0.09695240534
0.1298916512
0.1042877027
0.06943049592
0.190315583
0.2867459324
0.6499651714
0.5943339261
0.3989193678
0.2923544184
0.03324121664
0.0109102258
0.01115958857
0.01133928035
0.0113002513
0.00981591186
0.008973766311
0.009946586813
0.01187725493
0.03164315874
0.1078121481
0.2083330024
0.3875732098
0.1729374798
0.2551178495
0.3350328705
0.5213260888
0.5071794116
0.572220311
0.5592774667
0.6358809098
0.4903854329
0.8998334029
0.8905318421
0.8672106346
0.9745859081
0.947027179
0.9643540555
0.911326587
0.9031218463
0.671296026
0.7267796246
0.441686594
0.6471446877
0.4104686803
0.3852503493
0.3795799362
0.1355086981
0.5217689477
0.1746478894
0.6095061658
0.556875036
0.4725300563
0.4951436978
0.460550114
0.4801463276
0.4075434857
0.4176217702
0.3995294028
0.8250876441
0.5968469817
0.7791698237
0.6974282694
0.3921611051
0.2211615919
0.1489457912
0.1486553719
0.3728607461
0.2644114059
0.6976307218
0.4116269892
0.7064887508
0.6901521575
0.3427097754
0.2576994796
0.3652583562
0.5401208242
0.1133464186
0.5233197183
0.3659347524
0.726857892
0.5690559453
0.513374759
0.4654285464
0.2365582296
0.2966272551
0.2792374943
0.2300207302
0.4944688572
0.3918808536
0.3517782831
0.7631682946
0.269904884
0.1946422463
0.5137958104
0.2091183662
0.4990589537
0.4462586409
0.262393088
0.2366995002
0.1951433758
0.3032080077
0.4409866578
0.1536472864
0.2043806858
0.3044553894
0.4119624913
0.9094835636
0.9707687878
0.9970649537
0.9952854239
0.8884211984
0.9131766936
0.5425505407
0.6062625117
0.1822794877
0.1397537447
0.1311501602
0.071592547
0.09032578094
0.1024412179
0.08860973818
0.1559841877
0.1159112677
0.2463153076
0.2085760339
0.1276348639
0.3992305062
0.4911705665
0.6415516228
0.2890233499
0.04026083292
0.01032538903
0.01053528984
0.01105921304
0.01085188334
0.01090407337
0.008990680667
0.009099746776
0.02630679311
0.1302273897
0.3536151681
0.4337131374
0.4835340695
0.1779460083
0.4383020396
0.6097306832
0.5569824238
0.769316224
0.6871654948
0.8914876027
0.8670031507
0.9095334618
0.9648038486
0.8966696357
0.9728950724
0.9766062254
0.9190674067
0.8492003431
0.5381324284
0.4039768575
0.2974170608
0.3016652894
0.4929906518
0.2784965279
0.1931838667
0.1848505896
0.1319414258
0.2557184684
0.385872157
0.5334319625
0.4878952716
0.4766875957
0.2657629059
0.3047403557
0.5550832838
0.3330425802
0.5478108556
0.4646053232
0.8304212065
0.6382148691
0.6809958387
0.4093558744
0.346599132
0.1358682511
0.1707165707
0.2146772433
0.7366708588
0.3825585525
0.8933502679
0.5738082934
0.7095893202
0.5458269499
0.4321259524
0.4049730805
0.4552785703
0.5736233839
0.4549335045
0.4029436188
0.5461911518
0.6813687478
0.3655441479
0.3482906246
0.1673275315
0.160990263
0.2478265067
0.288233432
0.5738655953
0.4082429491
0.4112063369
0.611031395
0.5148236694
0.4839605396
0.3530944491
0.5925542623
0.3914374282
0.7174210055
0.3497058426
0.4125247884
0.3093286942
0.370330979
0.1770642697
0.3503564579
0.1986770794
0.1937931969
0.5901624485
0.8426207018
0.9724540297
0.9913108594
0.9933225255
0.9747889316
0.7312676965
0.708035739
0.5116843499
0.3075410979
0.2447531216
0.08934537253
0.1028668994
0.05436090981
0.07777031795
0.1076030577
0.06332784953
0.241788316
0.1611084852
0.1807833909
0.1552857923
0.2813444352
0.1212135466
0.4533047741
0.6943791857
0.4672517094
0.4868329432
0.0349506102
0.0109313203
0.009547961677
0.01113566376
0.01075938952
0.01068126211
0.01016469635
0.01131821126
0.06044407814
0.2111599599
0.3364171932
0.4527523935
0.4096192404
0.3907120419
0.8797692367
0.8353608238
0.9203230929
0.9149841667
0.9314734086
0.966042287
0.9560095001
0.9759757922
0.9440103639
0.8895980352
0.9099423216
0.7711008126
0.4373948134
0.1582621922
0.1323233741
0.135296487
0.1405490442
0.2793893834
0.1663503193
0.09082725956
0.05837105359
0.08853369834
0.1374609401
0.2642892527
0.5243441147
0.3824602442
0.6618809063
0.3201391724
0.4460881808
0.462009631
0.6242018723
0.5632646788
0.5869362478
0.8104009793
0.8042722164
0.7018016495
0.5070422267
0.5190352478
0.3039221419
0.5163255938
0.5615117595
0.8140037244
0.6655221323
0.7636676815
0.5411952488
0.5046502738
0.5954429533
0.4829217803
0.4229726868
0.3175764038
0.4471640552
0.2216306083
0.2290920648
0.5855859442
0.5447280079
0.3570018129
0.2795453495
0.1541011712
0.433593659
0.5109838196
0.2325171701
0.6114449057
0.3840654944
0.1846821179
0.5268083292
0.1301989528
0.4129625
0.2184137315
0.5271365454
0.5287178765
0.5472433136
0.4811013656
0.3883471796
0.268770062
0.336572191
0.2519113913
0.2772147818
0.4027712843
0.6584553795
0.8910730012
0.9744077311
0.9945412909
0.9796057142
0.9918100684
0.926220446
0.7061372019
0.5510622718
0.344950129
0.2582472357
0.07922878141
0.07766030451
0.054628052
0.05544335598
0.05471276176
0.09803033495
0.1033742719
0.189839462
0.1860900252
0.1372847141
0.1541394738
0.3484470386
0.2417673464
0.1903941757
0.1550135223
0.4728301451
0.6026993763
0.4007866486
0.03237144476
0.008492303787
0.009415751023
0.008495753266
0.00988505513
0.01103274294
0.02127525187
0.1502275171
0.4545036962
0.8217904824
0.9421560295
0.9573611989
0.9883882469
0.9951341619
0.9946995543
0.9952070034
0.9944075881
0.9940179863
0.9936552643
0.9926454649
0.991372688
0.9837283515
0.9802047495
0.9746957631
0.9422175635
0.810154629
0.7838608402
0.6799256408
0.7529493054
0.5782598037
0.634482598
0.4507974413
0.3108736026
0.339818172
0.2101209441
0.5317479674
0.4304178087
0.527409234
0.5334052095
0.5249282389
0.3923670751
0.2720548466
0.3808538329
0.4460087002
0.5310667234
0.4661088108
0.7360685693
0.5594004324
0.5804101708
0.1837890032
0.1726969624
0.4168491486
0.4159193097
0.4678283132
0.6137505517
0.3800519262
0.4026720501
0.2342020838
0.4112653947
0.4098708119
0.3003847395
0.2780069435
0.199383753
0.2774469707
0.3487369085
0.4960050362
0.5931443853
0.5589370376
0.3494771995
0.4123177124
0.3228665966
0.3755268607
0.535839377
0.3599501109
0.4907835855
0.4104844958
0.1718940994
0.5108277752
0.1913694661
0.583152798
0.3637105712
0.6571325487
0.6604403018
0.5228007826
0.5842625796
0.3666925989
0.4077420467
0.29662851
0.5339983511
0.5257321566
0.882314469
0.909262914
0.9712856252
0.9939838395
0.982760549
0.9654236892
0.9278617542
0.8496644445
0.2855301506
0.430933139
0.1228820184
0.2230997524
0.05412093436
0.08399096819
0.08561629258
0.03587313147
0.1055736401
0.09845776524
0.1596981067
0.3561637735
0.2023179624
0.3109601325
0.1106005797
0.4256902576
0.1113604501
0.1333019088
0.1308246194
0.2888713749
0.5885155537
0.4910449681
0.5390483933
0.03656199098
0.005195853032
0.004436760331
0.01204441771
0.1112275967
0.7678115721
0.9948992467
0.9837761491
0.9960954431
0.9973425903
0.9969484675
0.9976369882
0.9978549007
0.9982164188
0.9980914373
0.9980339204
0.9965256059
0.9956214006
0.9954256333
0.9933691054
0.9929612867
0.9922081305
0.9891282292
0.9861834689
0.9860956697
0.9858119035
0.9884158712
0.9895382648
0.9873425538
0.9873454242
0.9869144911
0.9819309181
0.9795564162
0.9838317995
0.9801432794
0.980844538
0.9871845962
0.9845065067
0.9576790265
0.9458893191
0.9003915677
0.9194176381
0.9108716111
0.9268164203
0.8894964023
0.9049789764
0.8147312919
0.7998556556
0.6480831737
0.63511163
0.741273462
0.7670983777
0.725540359
0.8159522572
0.6686421514
0.6099869447
0.5698857563
0.5975128993
0.5775185743
0.3494865138
0.4438089607
0.3728925316
0.459954122
0.5069344355
0.5792782577
0.5434442132
0.4449200879
0.2533739747
0.2890307042
0.1704773659
0.3842564226
0.2752401924
0.313595143
0.2949339198
0.3912699502
0.4490948437
0.5332910513
0.4186596788
0.5800126295
0.546882992
0.6343499469
0.4496190077
0.400097508
0.3811987861
0.2726511114
0.5078775825
0.3156430886
0.8957142558
0.8902903488
0.9722796269
0.9749408846
0.9800652674
0.9872013639
0.9398886736
0.9141127884
0.8660288529
0.5163940328
0.2509816394
0.2370491928
0.1171486931
0.1307776497
0.09453181175
0.04063623084
0.03479788796
0.06485398539
0.05952026845
0.1555329956
0.1002216248
0.3717360681
0.1477751242
0.2857364816
0.1062365341
0.186638125
0.07040801667
0.1104209387
0.1900055777
0.3144955362
0.1983366969
0.1072722726
0.5941584461
0.513359868
0.8757005762
0.867727647
0.9946332749
0.9994828074
0.9964383924
0.9971713954
0.9976448892
0.9982674255
0.9984697926
0.9984632657
0.9984337
0.9989526201
0.9989939884
0.9986396877
0.9981998073
0.997804323
0.9970487159
0.9955800181
0.9950317606
0.9940586486
0.993452479
0.993393476
0.9929110019
0.9920769926
0.9919389948
0.9918925803
0.9926389182
0.9928490546
0.9925700932
0.9928690593
0.9931800852
0.9928453035
0.9929325615
0.9928410738
0.9932139967
0.9924805172
0.9915245063
0.9908606575
0.9905655691
0.9905013995
0.9894846755
0.9883444392
0.9884945898
0.98818162
0.9865967152
0.9821552947
0.9801074521
0.9855311863
0.9807918217
0.9807456897
0.9798471098
0.9803132833
0.9984748173
0.9811901535
0.9858732993
0.9854319593
0.9837636298
0.977052798
0.9577149434
0.9565209215
0.9524358535
0.9264499874
0.9105340751
0.9002868955
0.8385600501
0.8212035499
0.757449334
0.7972148822
0.6589108311
0.7143162684
0.6337830194
0.6118298459
0.6528122779
0.6053076118
0.6941883212
0.5248151816
0.6067835951
0.6272808351
0.4588023957
0.5511657057
0.3368908655
0.4480793508
0.4951970562
0.7366909751
0.8368916326
0.930053988
0.9721702381
0.9714598062
0.9906179656
0.9890691002
0.9745186867
0.9371096072
0.9169347082
0.6938461517
0.6652354895
0.2239645642
0.3071359945
0.1718465346
0.1231722237
0.1228363006
0.09383530719
0.03185175954
0.04890838005
0.1038288668
0.1295221321
0.246263305
0.2022701465
0.3423419196
0.1820208353
0.09317823928
0.1260376127
0.2292429021
0.1171466028
0.2602109711
0.2118138136
0.2643688762
0.2158051321
0.1385365213
0.1720216855
0.5344573223
0.6574642039
0.9950853423
0.9968778306
0.9969924124
0.9973216946
0.997305546
0.9973818317
0.9974043336
0.9978773616
0.9982273859
0.9990312715
0.9986542922
0.998974465
0.9992886453
0.999403695
0.9988664393
0.9983150455
0.9977411697
0.9960918934
0.9952689166
0.994762218
0.994282414
0.9942701586
0.9943257626
0.9936972387
0.9932847621
0.9936988908
0.9937106812
0.993865661
0.9935974072
0.9936181427
0.9948615164
0.9939537395
0.9941225752
0.994308226
0.9948964825
0.9945869376
0.9943845656
0.9938055482
0.9936300276
0.9937220829
0.9943941106
0.9935933396
0.9931432862
0.9932478501
0.9934683584
0.9928418214
0.9922596916
0.9920312797
0.9922153017
0.9927225223
0.9919879179
0.9917603866
0.9911615423
0.9909318337
0.9908907836
0.9900216572
0.9880268245
0.9862406514
0.9861266385
0.9856959314
0.9850057828
0.9821299852
0.98171284
0.9807895258
0.9792267714
0.979397148
0.9823956026
0.9889579353
0.9856584715
0.9732135733
0.9717268715
0.9656081004
0.9403702723
0.9622078755
0.9260782034
0.9279532004
0.9398930779
0.9479216574
0.9249890329
0.9107755511
0.9360998345
0.9418407659
0.9210598531
0.9759971953
0.9414665413
0.9775995519
0.9577587588
0.9450603546
0.8499181677
0.8674037735
0.7252872451
0.4493219546
0.3558453733
0.1493897344
0.1403803944
0.2675360185
0.1391428831
0.1283474927
0.1061674646
0.0445953922
0.0331636407
0.0365141098
0.1624184019
0.165058557
0.337114288
0.2292777277
0.2660010997
0.1313432366
0.1182443895
0.08751137443
0.309823053
0.1168326778
0.2902659465
0.1211421615
0.0836261076
0.1814650583
0.1265781801
0.122420146
0.1837222248
0.3918922006
0.6190470813
0.9974351453
0.9976737641
0.9979087819
0.9979108523
0.9979900598
0.9977741047
0.9975884772
0.9975491272
0.9978869152
0.9986207308
0.9985927408
0.9990255345
0.9991466635
0.9991069912
0.9992060115
0.9991690644
0.9985090993
0.997935331
0.9970176405
0.9965069969
0.9955807759
0.9962127335
0.9955748141
0.9950539125
0.9954973555
0.995617817
0.9954619004
0.9954442612
0.995649354
0.9956513201
0.9959643688
0.9963894145
0.9961721484
0.9971041121
0.9971517455
0.9963908253
0.9964964706
0.9971498099
0.9972134626
0.996776895
0.9968829524
0.9974158033
0.9966637512
0.9963713415
0.9959365005
0.9965211714
0.9955794848
0.9949591765
0.9950952857
0.9952900274
0.9949980448
0.9939415953
0.9942162974
0.9931252655
0.9937187251
0.9927682033
0.9923611985
0.9922943431
0.9920963392
0.9916703326
0.992061419
0.9915977658
0.9913110633
0.9913831785
0.9903500562
0.9898840537
0.9910676539
0.9907514376
0.9820295549
0.9902663837
0.9887012489
0.990064636
0.9894190259
0.9892820392
0.9889718381
0.9873707075
0.9893819629
0.9886490708
0.9889825056
0.986056591
0.9856051945
0.9839920492
0.9820622135
0.9797137218
0.9738545482
0.9762066358
0.9331178512
0.7972860615
0.6743998576
0.6139685019
0.3192854545
0.4535007329
0.3383802553
0.1675826697
0.4073892832
0.1079590696
0.1366922638
0.09159529411
0.09909201889
0.08711826179
0.09167460304
0.1469925455
0.1571128415
0.1726861461
0.1420755941
0.06255478364
0.07978773828
0.09988061776
0.1302802918
0.1602391882
0.1506611911
0.09640487341
0.07786835662
0.05402552724
0.3319521524
0.2050501472
0.2178432985
0.3562158783
0.4540425618
0.1959255631
0.7387305316
0.9983421336
0.998903546
0.9988638725
0.9986306296
0.9984001118
0.9982154285
0.9980169462
0.9978222156
0.9976223516
0.9978123932
0.9982065957
0.9987955467
0.9990179696
0.9991298655
0.9988770437
0.9996942607
0.9993255172
0.9984377277
0.9979664049
0.9974797222
0.9969383812
0.9964901328
0.996866667
0.9970209374
0.9964937531
0.9971182028
0.9969717178
0.9971290168
0.9972672101
0.9972077589
0.997712193
0.9978040048
0.9978358704
0.9980195369
0.9981873477
0.9986527752
0.9985627587
0.9988633323
0.9990607645
0.9991622269
0.9994029585
0.9992862342
0.9991398377
0.9990599845
0.9990076644
0.9987739293
0.9987283749
0.9985262017
0.9985213037
0.9975553551
0.9970801059
0.9967558278
0.9957636707
0.9959781237
0.9959125189
0.9951534162
0.9952141656
0.9947597851
0.9939843879
0.9944082918
0.9942911485
0.9939944532
0.9935020675
0.9935406855
0.9932969475
0.9933816872
0.9930516635
0.994233094
0.9936041905
0.9935378138
0.9934092016
0.9930536589
0.9929674693
0.992931538
0.9923963717
0.9919942717
0.9921884441
0.9913538021
0.9915703048
0.9912056516
0.9884272041
0.9864035397
0.9825200239
0.9775332301
0.9745585837
0.9688380787
0.9250814744
0.8467297452
0.7584369273
0.7023800099
0.6854286084
0.5928510053
0.5264446339
0.5375310523
0.4431704862
0.3802044537
0.3544432191
0.2917617748
0.3836504428
0.2972745607
0.4911184449
0.4025597633
0.3562511527
0.2427048443
0.1807248831
0.2772113902
0.2723621264
0.2190440305
0.1613049623
0.1529639946
0.1382200472
0.03687692487
0.1600019694
0.2524862456
0.1653727834
0.140067549
0.3110050235
0.1864899514
0.3224395976
0.07906694351
0.6029938725
0.9975659603
0.9985322347
0.9979530432
0.9977300013
0.9975937128
0.9977391163
0.9978868839
0.9984528119
0.9989266318
0.9990115734
0.9985369872
0.9975083793
0.9955731701
0.9942476167
0.993834042
0.9928407141
0.9883838721
0.9870666431
0.9903469809
0.9884555902
0.9882995294
0.9863515436
0.9879687492
0.9865268463
0.9864161833
0.9883034021
0.9899253894
0.9888489097
0.9885544218
0.9897285384
0.9894151819
0.9903315869
0.990522535
0.9911665056
0.9915600142
0.9919235768
0.9915760468
0.9918532311
0.9922314156
0.9932419851
0.9931963415
0.9925542815
0.9927799303
0.9931788666
0.9930373012
0.9926107104
0.9923117809
0.9920871474
0.9921779712
0.9919043531
0.9911632713
0.9908870666
0.9902773413
0.9905334613
0.9898353905
0.9894276071
0.9884245023
0.987984809
0.9884327644
0.9878581006
0.9880826818
0.9874725086
0.9875733966
0.9873242534
0.985030726
0.9859091204
0.9821718926
0.9846106376
0.9863708131
0.9822121149
0.9798717401
0.9845284747
0.9839439722
0.9822047135
0.9772649277
0.9753413732
0.9748796967
0.975945193
0.9373602589
0.9755031008
0.9666816808
0.9568860848
0.9015736891
0.8933949208
0.781618038
0.7164634262
0.3552270245
0.6078402578
0.6272800823
0.6133042775
0.5229002195
0.5704794154
0.5513096061
0.5609293338
0.512094355
0.5508781578
0.5977697549
0.5991220718
0.5642291797
0.5777628903
0.4342272395
0.3624942138
0.3765554624
0.4557619515
0.5947397822
0.5727645752
0.4339737737
0.6536819669
0.6365600095
0.7300654847
0.5824478631
0.6749926659
0.7171234555
0.5292524783
0.6832047041
0.5738583956
0.6137145071
0.5224858132
0.4199739553
0.2428490898
0.2972674396
