0.9988074534
0.9991071048
0.9987390155
0.9985351268
0.9983627571
0.9981855824
0.9979891712
0.9977685
0.9975244786
0.997260168
0.9969787548
0.9966853253
0.9963880673
0.9960978268
0.9958272883
0.9955875343
0.9953829792
0.9952085731
0.9950509925
0.9948950104
0.9947292582
0.994546779
0.9943437731
0.9941184934
0.9938705679
0.9936012266
0.9933149547
0.993022711
0.9927455347
0.9925154438
0.992369736
0.9923362283
0.9924105865
0.9925517735
0.9927066751
0.9928355559
0.9929183959
0.9929490882
0.9929430054
0.9929381986
0.9929834353
0.9931201355
0.9933623154
0.9936853499
0.9940161092
0.994268474
0.9943956594
0.9943875001
0.9942556428
0.9940412982
0.9938179384
0.9936694682
0.9936515554
0.9937680214
0.9939651028
0.9941127842
0.9940300205
0.9937079276
0.9933237391
0.9930392627
0.9928416785
0.9926314699
0.9923360761
0.9919323611
0.9914222269
0.990810826
0.9900975903
0.9892738197
0.9883216456
0.9872130765
0.9859175684
0.9844685314
0.9831672462
0.9826184484
0.9829915287
0.9837403455
0.9843695319
0.9847726345
0.9850258405
0.9851024979
0.9845767609
0.9823768291
0.9756457561
0.9593830339
0.7352681499
0.05611014994
0.04650309928
0.7430385963
0.04509868314
0.7299984772
0.2504851084
0.741829308
0.2848571416
0.7051678306
0.3548296805
0.6499617381
0.4377489047
0.590277617
0.4956547279
0.5498880953
0.5185483862
0.5329068627
0.5208736128
0.5253718635
0.5171832567
0.5188086156
0.5132983921
0.5132249428
0.5110116312
0.5112148319
0.5126874367
0.515413153
0.5213083973
0.5245780992
0.5319369733
0.5239646659
0.5423971537
0.4927913439
0.6522337841
0.1110399479
0.3891134775
0.9985405419
0.9994395695
0.9993349147
0.9992319145
0.9991363837
0.9990388034
0.9989335631
0.9988179751
0.9986921411
0.9985572354
0.9984141129
0.9982643148
0.9981109153
0.9979584213
0.9978129509
0.9976809579
0.9975663416
0.9974684227
0.9973819561
0.9973001397
0.9972177964
0.9971316393
0.9970396715
0.9969408361
0.9968345983
0.9967207745
0.9965998431
0.9964740575
0.9963494465
0.9962374801
0.9961540432
0.9961137619
0.9961189274
0.9961557188
0.9962050278
0.996252642
0.9962899265
0.9963103063
0.9963148809
0.9963151167
0.9963278513
0.9963706395
0.9964549699
0.9965786747
0.9967130848
0.9968164373
0.9968643904
0.996849393
0.9967714231
0.996644193
0.9964990938
0.9963751591
0.9963015505
0.9962898569
0.9963431976
0.9964490234
0.9965143167
0.9964185666
0.9962332094
0.996054383
0.995915545
0.9957815562
0.995624085
0.9954367509
0.9952217663
0.9949818209
0.9947182914
0.9944308397
0.9941167654
0.9937686012
0.9933681545
0.9928820612
0.992313072
0.9918787559
0.9917361146
0.9917461841
0.9917299071
0.9916535414
0.9915914202
0.99161767
0.9916307192
0.9912992066
0.9901604333
0.9876014504
0.9852315047
0.9806702738
0.9704251631
0.04622297683
0.02649252876
0.02098013235
0.02085253523
0.01931120863
0.01906205133
0.01931629177
0.01870374344
0.01925537417
0.01868818875
0.01918003657
0.01884555017
0.01911748925
0.01907655071
0.01911400332
0.01921691318
0.01923390421
0.0192901833
0.0193841943
0.01940996735
0.0195062125
0.01956354968
0.01964403591
0.01971967702
0.01980600192
0.01989266679
0.01998183617
0.02003510891
0.02017187175
0.01987886003
0.02080246833
0.01987399527
0.03075363353
0.7083664274
0.9976254969
0.9990141654
0.9991302942
0.9990845729
0.9989966091
0.9988929206
0.9987780135
0.9986521953
0.9985173871
0.9983751248
0.9982243414
0.9980645672
0.9978976953
0.9977274796
0.9975612626
0.9974093378
0.9972796878
0.9971734745
0.997084206
0.9970035396
0.9969267638
0.996851503
0.9967760927
0.9966993819
0.9966201662
0.9965367161
0.9964465861
0.996347134
0.9962380294
0.9961262892
0.9960290704
0.9959675452
0.9959471219
0.9959512742
0.9959635905
0.9959823656
0.9960077804
0.996027053
0.9960321955
0.9960287184
0.9960256882
0.9960347757
0.9960754374
0.9961650373
0.9962727497
0.9963380557
0.9963356716
0.9962606985
0.9961041524
0.9958744307
0.9956103119
0.9953611341
0.9951546087
0.994991392
0.9948930342
0.994985952
0.9954009458
0.9957733928
0.9955148378
0.9951841118
0.9948086822
0.9946000871
0.9944171697
0.9942634678
0.9941436485
0.9940517679
0.9939789799
0.9939180089
0.9938624285
0.9938027672
0.9937178235
0.9935538683
0.9931858217
0.9925400031
0.9920364871
0.9916334102
0.9911337884
0.9905394659
0.9900556167
0.9901051122
0.9907453596
0.9913548553
0.9913931576
0.9906233
0.9895027786
0.9892389165
0.9892268692
0.9906317697
0.9891208764
0.9801262566
0.9309657957
0.03336583554
0.02000994055
0.01696499375
0.01592827879
0.01592586333
0.01591341139
0.01591285772
0.01591144925
0.01591530838
0.01592006308
0.01592665233
0.01593361808
0.01594170932
0.01594925876
0.01595724034
0.01596460125
0.01597149174
0.01597774743
0.01598314527
0.0159876577
0.01599112784
0.01599394012
0.01599659706
0.01600040047
0.01600746543
0.016023496
0.01607919235
0.01629242825
0.03348226295
0.9323518255
0.9965039388
0.9985240213
0.9987531557
0.9988153694
0.9987690345
0.998677382
0.9985621993
0.998429132
0.9982853432
0.9981355238
0.9979755687
0.9978012743
0.9976128187
0.9974121023
0.997207899
0.9970188558
0.9968652311
0.9967545409
0.9966752321
0.9966108965
0.9965543899
0.9965034238
0.9964562693
0.9964117241
0.9963680551
0.9963221555
0.9962689282
0.9962007116
0.9961082872
0.9959884734
0.9958604046
0.9957637853
0.9957140613
0.995682093
0.9956423368
0.9956133713
0.9956312303
0.9956711873
0.9956983524
0.9957060549
0.995695729
0.9956662504
0.9956329993
0.9956714274
0.9957616823
0.9957984474
0.9957453741
0.9955964634
0.9953101603
0.9948715988
0.9943407484
0.9938098231
0.9933091727
0.9927564566
0.9920216513
0.9912404802
0.9917331965
0.9941118444
0.9946963327
0.9938249647
0.9928389968
0.9921284377
0.9921061489
0.9921964853
0.9923976357
0.9926597226
0.9929460166
0.9932348807
0.9935147185
0.9937783377
0.9940178306
0.994216161
0.9943044271
0.9939710453
0.992202279
0.9912528919
0.9901988279
0.9890384039
0.9879594688
0.9876885384
0.9892512289
0.9911928131
0.9920195057
0.9916497477
0.9904691298
0.989519016
0.9893546925
0.9899920646
0.9915294846
0.9908331531
0.9914494782
0.9920760726
0.9872652842
0.9615550476
0.02543951526
0.01782751569
0.01591276643
0.01591271545
0.01591357604
0.01591692429
0.01592217098
0.01592972592
0.01593799366
0.01594714395
0.01595647863
0.0159655013
0.01597414387
0.01598199715
0.01598898132
0.01599499637
0.01599974011
0.01600311466
0.01600541394
0.01600756872
0.01601107958
0.01601920071
0.01603851387
0.01607723609
0.0170062999
0.04492647142
0.9795384557
0.9950827976
0.9979097278
0.9982383147
0.9983877873
0.9984011339
0.9983450903
0.9982494683
0.9981185123
0.9979708584
0.9978202523
0.9976558155
0.9974663694
0.99725035
0.9970037781
0.9967323651
0.9964648307
0.9962475243
0.9961238511
0.9960746361
0.9960560894
0.9960494784
0.9960496944
0.9960535616
0.9960603217
0.9960687
0.99607548
0.9960748721
0.9960569944
0.9960053244
0.9958967018
0.9957251174
0.9955588533
0.9954519062
0.99535653
0.9952094152
0.9950419626
0.99499577
0.9951380286
0.9953022068
0.995403806
0.9954397119
0.9954116666
0.9952948737
0.995149274
0.9951405075
0.9951070368
0.9949915281
0.9947966876
0.9943919323
0.9936529596
0.9926605975
0.9916279424
0.9906596705
0.9895195233
0.9875879882
0.9834672502
0.9696218181
0.8996542968
0.8836633433
0.9864024953
0.9664747498
0.9723746334
0.9755658995
0.9797206575
0.9825572849
0.9848069908
0.9866151944
0.9880966546
0.9893308804
0.9903792121
0.9912976864
0.9921527023
0.993045849
0.9940741428
0.9922155688
0.9887188138
0.9873900236
0.9859590419
0.984992969
0.9844633097
0.9840670768
0.9888389228
0.9918353206
0.9919949918
0.9918555257
0.989857225
0.9892632943
0.9890799212
0.9892534127
0.9899105439
0.9905881239
0.9918299927
0.9919143261
0.9901158776
0.9882798099
0.9813587932
0.02712003464
0.01776629775
0.01590889739
0.01591539358
0.01592123178
0.0159290996
0.0159371345
0.01594664474
0.01595583239
0.01596504961
0.01597342867
0.01598109606
0.01598780594
0.01599355958
0.01599790338
0.01600047835
0.01600168566
0.01600228361
0.01600354453
0.01600762254
0.01601753527
0.01603490558
0.01764532072
0.7112101874
0.9329126957
0.9902035068
0.9965876909
0.9973645577
0.9976529662
0.9977762195
0.9977739259
0.9977713313
0.9976763316
0.9975368275
0.9974067251
0.9972537688
0.9970552735
0.9968132019
0.9965087039
0.9961290593
0.9957019076
0.9952922802
0.9950398985
0.9950711757
0.9951939264
0.9953177064
0.9954304245
0.99552983
0.9956212299
0.9957080143
0.9957899925
0.9958642509
0.9959241668
0.9959557851
0.9959277438
0.9957764297
0.9954702093
0.9951998792
0.9949756314
0.9946424133
0.9941304463
0.9936757193
0.993855966
0.9948367026
0.9952823035
0.9954239792
0.9954502575
0.9953855504
0.9951053197
0.9941983815
0.9939560272
0.9936616431
0.99356554
0.9932744114
0.9924218012
0.990886138
0.9891609141
0.9878548637
0.9869368276
0.9859487736
0.9843708229
0.9793948816
0.9699282621
0.03303244343
0.02116069474
0.01805426646
0.01804462601
0.01838391582
0.01891587577
0.01941539365
0.01992984022
0.02048112539
0.02108718511
0.02176555515
0.02254141548
0.02347056146
0.02471627396
0.02685940435
0.03390606459
0.04395172923
0.8932454369
0.8775924388
0.9456160746
0.9643596222
0.9719713833
0.9650454496
0.9748350547
0.9868861506
0.9882655254
0.9911059566
0.9905854542
0.9887770001
0.9896236981
0.9878800198
0.987623199
0.9890253145
0.9903877616
0.9909278221
0.9904683462
0.9899512539
0.9904650792
0.9887505076
0.9800204286
0.0254569144
0.01748823401
0.01591278139
0.01592500745
0.01593387278
0.01594410463
0.01595304286
0.01596255569
0.01597058966
0.0159780347
0.0159844514
0.01599007493
0.01599405835
0.0159956647
0.01599546367
0.0159940121
0.01599237488
0.01599222529
0.01599537759
0.01599414513
0.01789875707
0.3087131732
0.9485676245
0.04366015881
0.04846120476
0.9845063997
0.9940571044
0.9959477934
0.9964636372
0.9968242729
0.9971631348
0.9969400043
0.9968713611
0.9967699385
0.9965716412
0.996324899
0.9959752943
0.9954568524
0.9947684138
0.993902207
0.992943267
0.9925995789
0.9937044167
0.9942079203
0.9945717588
0.9948445919
0.9950707507
0.9952716407
0.9954562088
0.9956291424
0.9957930336
0.9959481756
0.9960870646
0.9961611028
0.9959562666
0.995043525
0.994442518
0.9938882439
0.9929325828
0.9911399334
0.9893591996
0.9915405695
0.9936605058
0.9942837543
0.9940433927
0.9940160288
0.9942398975
0.9922378781
0.9904391126
0.9900392509
0.990005066
0.9913118777
0.9912413652
0.9908351447
0.9877542862
0.985774044
0.9855220588
0.9861583102
0.9868053994
0.9873923972
0.988061083
0.988426566
0.9825215337
0.02430022606
0.01680031386
0.01590197867
0.01589788663
0.01589834738
0.01590090261
0.01590409817
0.01590649422
0.01590807954
0.01590954368
0.01591091721
0.01591216301
0.01591365268
0.01591698207
0.01593002886
0.01669507645
0.01710751911
0.01791180451
0.01891775453
0.02188678192
0.03278447796
0.9486623296
0.9654319725
0.0307152798
0.02523926545
0.03735274085
0.9583035164
0.9832355346
0.9870558857
0.9839990156
0.9859096568
0.9889709338
0.9895421357
0.9883765986
0.9877087056
0.9883990501
0.9894295485
0.9901332398
0.9876574114
0.9749728859
0.02377773518
0.01725661218
0.01592114363
0.01593799926
0.01594822925
0.01595867082
0.01596605495
0.01597325383
0.01597928116
0.01598503568
0.01598884223
0.01598943181
0.01598786069
0.01598433155
0.01597978253
0.01597573419
0.01597330152
0.01596551366
0.01767100117
0.8415142004
0.9713687272
0.03131202302
0.01592257204
0.01692645733
0.01968004788
0.03155327668
0.9851589914
0.9912923928
0.9955169476
0.9960475622
0.9958984391
0.9963047424
0.9960178911
0.9958200188
0.9955233592
0.9949114612
0.9939844778
0.9925758421
0.9900599661
0.9848019681
0.9851956049
0.9887691763
0.9902852664
0.9911026747
0.9917506363
0.9923028385
0.9927906806
0.9932378662
0.99366751
0.9941086398
0.9946030257
0.9952040447
0.9958294186
0.9948779143
0.993017709
0.9922954529
0.9919541501
0.9908895958
0.9842702747
0.9768570102
0.6466152652
0.07613717913
0.03862507675
0.03082798071
0.03331334435
0.05119092555
0.9635762604
0.9560030273
0.9669405007
0.9784838528
0.9839807184
0.9893560995
0.9885399717
0.9852646739
0.9837645405
0.9851136331
0.9851658931
0.9843619282
0.9876013564
0.9886791985
0.9898555004
0.9865246895
0.9385716251
0.01946226481
0.01590358198
0.01589943651
0.01590181134
0.01590588273
0.01590860006
0.01590970443
0.01591059494
0.01591119647
0.01591113061
0.01591008833
0.01590849455
0.01590732383
0.01590672695
0.01590102406
0.01590213651
0.01591458427
0.01782099426
0.8000689833
0.9801205901
0.8549579669
0.01983029104
0.01592347163
0.01592104124
0.01699702636
0.01938904034
0.02860808026
0.948162259
0.9649710303
0.9834843113
0.9868695498
0.9837976397
0.9778689972
0.9848448552
0.9876260428
0.9890576951
0.9896699626
0.9896347278
0.9860450303
0.9673059428
0.022636287
0.01712064346
0.01593176996
0.01595163745
0.01596060914
0.01596764887
0.01597273882
0.01597908537
0.01598303234
0.01598263688
0.01598016755
0.01597498958
0.01596804685
0.01596106201
0.01595494117
0.01594315009
0.01792447349
0.7384066275
0.9586177993
0.0312612845
0.01589379446
0.01589594504
0.01589201262
0.01589586736
0.01659543489
0.01859255224
0.02785259143
0.2011819686
0.9885610074
0.9937113825
0.9949727683
0.9948931448
0.9953870098
0.9948086242
0.9939237951
0.99272358
0.9907677225
0.9865542444
0.9791483076
0.04583875352
0.0256178972
0.02262723879
0.02316216536
0.0237848857
0.02447487535
0.02524996053
0.02617618766
0.02741811901
0.02944739513
0.03403746609
0.05550812812
0.2546387578
0.9642799632
0.9745944418
0.9846307591
0.991169109
0.990272623
0.9869263342
0.9877739958
0.9853698354
0.9933633093
0.03292679271
0.02177062599
0.02336123731
0.9166884178
0.02575644587
0.02934905165
0.7623431089
0.02382184635
0.02347649101
0.03397898688
0.9665159528
0.9764822504
0.9823333267
0.9829149273
0.9736786323
0.9726030191
0.9866512086
0.9900895924
0.9905803939
0.9895698181
0.9866682396
0.03209560906
0.01755898515
0.01589843215
0.01590439759
0.01590759869
0.01590786378
0.0159083857
0.01590886994
0.01590888798
0.01590805487
0.01590683611
0.01590631486
0.01590649068
0.01590440045
0.01589989038
0.01595547191
0.02423890154
0.9428989237
0.9720337495
0.02693478571
0.0168981848
0.01591993078
0.01591450139
0.01590950426
0.01590808522
0.01663892343
0.02327396704
0.7578162399
0.9653318299
0.9769891596
0.9800926789
0.9607887155
0.9488307418
0.9845815947
0.9890161288
0.9896930659
0.9898008988
0.9895603847
0.9888726423
0.9841803909
0.9585042683
0.02227641947
0.01717833431
0.01594108843
0.01595878913
0.01596447453
0.01597238627
0.01597729273
0.01597575659
0.01597343281
0.01596737046
0.01595874839
0.01594982861
0.01594153869
0.01592817516
0.01790959605
0.9138297465
0.9657607179
0.03125418125
0.01588588636
0.01589199526
0.01589341946
0.01589454575
0.01589632142
0.0158974381
0.01590227863
0.01598042219
0.01764833174
0.02235113926
0.05329605173
0.9896710962
0.992952554
0.994677467
0.9945162539
0.9937639057
0.9929325271
0.9919473427
0.9913432013
0.9901886993
0.9830587485
0.0254440182
0.01746014966
0.01590748733
0.01591368936
0.01591665233
0.01591894268
0.01592133616
0.01592543636
0.01593308356
0.01595171113
0.01609752435
0.01711995845
0.0177699534
0.01950910341
0.02528007105
0.04396176087
0.9703590554
0.9861071434
0.9899576573
0.9911567401
0.992148407
0.9833643999
0.957567038
0.9424517495
0.03602650304
0.9591705098
0.9441733203
0.01996239376
0.01593515913
0.01593387397
0.0209009798
0.03824872591
0.9722501615
0.9728982197
0.9705769575
0.9107899684
0.0340707417
0.9852038196
0.990159005
0.9920803922
0.9925427059
0.9911997326
0.9771548724
0.02255105457
0.01670325506
0.01590532998
0.01590622445
0.01590666742
0.01590737311
0.01590785047
0.01590730725
0.0159060994
0.01590522801
0.01590432283
0.01590259309
0.01590030131
0.01733390256
0.0956086129
0.9907905478
0.8987456949
0.01925314304
0.01591718814
0.01591989188
0.01591605
0.01591008562
0.01592529844
0.01940382396
0.7476647324
0.973428617
0.9680949369
0.02734503226
0.04283525044
0.9737101503
0.9477752572
0.03184592563
0.9817148859
0.9877941229
0.9903182107
0.9902383604
0.9898031075
0.9889630007
0.9878009464
0.9829763379
0.9615854341
0.0232383649
0.01755734122
0.01594182316
0.01595280804
0.01597032673
0.01596838645
0.01596834373
0.01596274175
0.01595317429
0.01594312608
0.0159334719
0.01591899792
0.01828048037
0.9411766312
0.9638976808
0.03125259025
0.01588381452
0.01588962465
0.01589229754
0.01589440146
0.01589625185
0.01589774376
0.01589981799
0.01590272188
0.01590268587
0.01590080325
0.01591663226
0.01738651975
0.02231351995
0.07116129639
0.9906655199
0.9931189299
0.993863892
0.9933772735
0.992889632
0.9925684446
0.992262812
0.9896558683
0.9790373171
0.02525845014
0.01760666051
0.01591464925
0.0159210197
0.01592319476
0.01592392518
0.01592429719
0.0159253286
0.0159259936
0.01592052474
0.01591203528
0.01590934061
0.01591353757
0.01593043426
0.01722414544
0.01984333749
0.02791247322
0.9336746864
0.9852389692
0.9872917787
0.9789075427
0.9743903897
0.9646204737
0.9355533479
0.03257482665
0.02039479568
0.01827244976
0.01666915772
0.02240447179
0.9703110731
0.9772738576
0.941002602
0.9162178812
0.9761185557
0.9658191616
0.02886936453
0.03639461668
0.9884999765
0.9927889749
0.9927967002
0.9904120447
0.9844545459
0.9024223145
0.01924419051
0.01590687709
0.0159057152
0.01590640985
0.01590741941
0.01590698035
0.01590526766
0.01590378457
0.01590205784
0.01589842923
0.01590381297
0.01974812143
0.9587630483
0.988948977
0.03890773253
0.01680822988
0.01591566466
0.0159175582
0.01591535086
0.01590959618
0.01883173885
0.05900405438
0.9880728245
0.9814955665
0.02747671638
0.01841783058
0.01621904308
0.02204361871
0.9749260809
0.9601701023
0.02297645834
0.02717931398
0.9785218922
0.9886056563
0.9908726589
0.9900780109
0.9887223003
0.9877649779
0.9875040366
0.984316884
0.9737869313
0.02839842437
0.0190415002
0.01685355374
0.01594673316
0.01595086121
0.01596012638
0.01595230277
0.01594280675
0.01593185979
0.01591610795
0.01876821963
0.9655756556
0.9719558385
0.03125227186
0.01588314057
0.01588838556
0.01589105128
0.01589352421
0.01589564274
0.01589740056
0.01589938059
0.01590185131
0.01590337751
0.01590379628
0.01590563467
0.01590639992
0.01590546006
0.01593134059
0.01891034307
0.03483533541
0.9886686009
0.9926790019
0.9937582597
0.9934863672
0.9930937421
0.9925141446
0.9917814152
0.9892260823
0.9809986302
0.0268898967
0.01781744302
0.01591557793
0.01592054046
0.0159225577
0.0159237761
0.01592574321
0.01592557653
0.01592038249
0.01591499323
0.01591315846
0.01591439862
0.01591272115
0.01590410693
0.01590722811
0.01666367887
0.01876560364
0.02803974581
0.9673684176
0.9707356106
0.9814813781
0.9655677521
0.9206823955
0.02200410521
0.8716698646
0.02258142467
0.6721801034
0.9772834136
0.9733251156
0.02542329421
0.01881320582
0.02583878765
0.9746748239
0.9868639335
0.08331395554
0.03183366481
0.1224012948
0.9902144065
0.9896242944
0.9881047421
0.9863822547
0.9826386786
0.02994210078
0.01766696867
0.0159023895
0.01590605701
0.01590649259
0.01590418417
0.01590204234
0.0158999024
0.01589735662
0.01676812318
0.03850268357
0.988572581
0.955911245
0.01966124961
0.01591398891
0.01591732773
0.01591936787
0.01591161189
0.01699871168
0.02522254
0.9822291085
0.9882487997
0.06802857166
0.01930858268
0.01591953243
0.01592064076
0.01590901825
0.02007679732
0.9675863492
0.9712544466
0.02233126594
0.01765703267
0.02629106331
0.9823833524
0.9900791403
0.9898904723
0.987786567
0.9864499772
0.9865581306
0.9877152458
0.9867858229
0.9775561999
0.8694808135
0.02740749852
0.01930070724
0.01686928895
0.01594280913
0.01593734596
0.0159445922
0.01591696055
0.01967102236
0.9767965502
0.9781028815
0.03125225268
0.01588290801
0.01588773398
0.01589015632
0.01589263127
0.01589492125
0.01589697113
0.0158990822
0.01590135369
0.0159031101
0.01590424324
0.01590568848
0.0159067361
0.01590710628
0.01590839848
0.015908692
0.01590784905
0.01840696691
0.03364318552
0.9887700568
0.9929429285
0.9940035141
0.9933661863
0.9924487714
0.9919302573
0.9918275728
0.9899684652
0.9829493843
0.02764430738
0.01793523229
0.01591683923
0.01592309624
0.01592756737
0.0159271983
0.01592326654
0.01591844138
0.01591501412
0.01591399112
0.01591269677
0.01590897964
0.01590781691
0.015913675
0.015925441
0.01832204496
0.04391838562
0.9701223999
0.9735583831
0.9776496517
0.972534598
0.03993683188
0.02379870966
0.02923536932
0.9759022114
0.9813806336
0.4868587426
0.01919143178
0.01590690976
0.01590108747
0.01837714534
0.8587761757
0.9884189076
0.9856892732
0.9764942
0.04995949528
0.9737488009
0.981220119
0.9844697392
0.9875125142
0.9879311779
0.9742353783
0.02291728125
0.01677609272
0.01590459098
0.01590353149
0.01590186351
0.01589904454
0.01590145278
0.01866331947
0.9004180286
0.9904430544
0.1207769299
0.0172916541
0.01591354374
0.01591652323
0.01591492461
0.01638349464
0.02044869963
0.9331714542
0.9748289098
0.7299933877
0.01921612104
0.01594417903
0.0159105762
0.01590899456
0.01590299703
0.0158983886
0.01847631488
0.8947420824
0.9854602697
0.03158155616
0.01676081034
0.01794303409
0.03081290118
0.9826408614
0.9856908267
0.9838998524
0.9787985699
0.9850104666
0.9857606245
0.9840233503
0.977015871
0.9851071496
0.9849618208
0.9426484014
0.02884497793
0.02047326787
0.01959575599
0.01890607284
0.02174663998
0.9838900015
0.9826483277
0.03125229432
0.01588283145
0.01588739095
0.01588957007
0.0158919294
0.0158942635
0.01589649044
0.01589872007
0.01590095284
0.015902857
0.01590439851
0.01590594338
0.01590717841
0.01590812906
0.0159095533
0.0159106207
0.01591016944
0.01590820105
0.01590856729
0.0184872746
0.03588122338
0.9901098076
0.9936505154
0.9932128401
0.992086005
0.9918335668
0.9916967315
0.9917412897
0.989955735
0.9837093504
0.02960314078
0.01835483523
0.01592270188
0.01592648404
0.01592432943
0.01592018037
0.01591649187
0.01591457943
0.01591221094
0.01590866898
0.01590599828
0.01590370058
0.01614777246
0.02303310771
0.9766144255
0.9747415257
0.7970204116
0.02786051734
0.9597347274
0.9769719802
0.9736447557
0.9620388876
0.9844085226
0.9657515515
0.02252452584
0.01662727493
0.0159026315
0.01589614019
0.01589139164
0.01622436054
0.02011650261
0.897328094
0.978776948
0.9851034244
0.9700421634
0.9593906131
0.9763640581
0.9815032224
0.9854000256
0.987158566
0.9824925698
0.8868147867
0.018928294
0.0159038724
0.01590224383
0.01589964584
0.01666469397
0.02657362224
0.9750257514
0.9528686884
0.02373245536
0.01601015578
0.01591872018
0.01591614069
0.01591860018
0.01928027828
0.6552700563
0.9789856982
0.9520689866
0.02073391556
0.01638704294
0.01590050575
0.01590331712
0.01590247302
0.01589905614
0.01589588275
0.0158904387
0.016875759
0.8525473888
0.9871232981
0.9104014817
0.01722277065
0.01591097486
0.01887824871
0.7566516375
0.9808438501
0.9723595739
0.9656755292
0.9860135882
0.9834977903
0.966519098
0.964860294
0.9863077236
0.9877332426
0.9869228272
0.9812606317
0.9456153109
0.3249298997
0.8103666953
0.9849614954
0.9855672779
0.0312523398
0.01588281352
0.01588721084
0.01588919329
0.01589141647
0.01589372238
0.01589602397
0.01589832966
0.01590059419
0.01590264324
0.01590446516
0.01590620811
0.01590773863
0.01590912743
0.01591069103
0.01591193924
0.01591227768
0.0159117584
0.01591085603
0.01590915528
0.01591071397
0.01894744757
0.05089037215
0.9894876068
0.9902697791
0.9908950686
0.9908507832
0.9907498352
0.9908522265
0.9914150178
0.9905680989
0.9867206889
0.03311188785
0.01842139008
0.01591811047
0.01591897902
0.01591628902
0.01591469421
0.01591169332
0.01590767945
0.01590314191
0.01590038821
0.01837754685
0.3837838782
0.9903605472
0.9632652444
0.0202382828
0.01682888847
0.01924190085
0.8803802276
0.9827595496
0.9851265485
0.9844644375
0.02905971558
0.01724079869
0.0159056676
0.01590447227
0.0158995502
0.01589588698
0.01589384453
0.0158965828
0.01651310207
0.01929569366
0.03003354502
0.9676243336
0.9615080824
0.9759538391
0.9785198906
0.981986713
0.9849931019
0.9858859586
0.9838813326
0.9761278468
0.02541836842
0.01722540177
0.01590254046
0.01838567812
0.750929425
0.9853363152
0.6966013401
0.01756646476
0.01592221001
0.01592419342
0.01591451608
0.01835347453
0.04230814805
0.9874371257
0.9838275328
0.02764133529
0.01724986897
0.01589607595
0.01590169636
0.01590272399
0.01590127741
0.01589883967
0.01589665363
0.0158940674
0.0158920817
0.01653485895
0.02733648995
0.9819455592
0.9304704741
0.02019339482
0.01590705847
0.0166528153
0.02393173786
0.9733995311
0.966534799
0.04591479712
0.9810501531
0.9794436564
0.9753664966
0.04277529435
0.0343566667
0.9713401703
0.9782073275
0.9593333185
0.9483170172
0.9623620559
0.9827688473
0.982866064
0.03125237655
0.01588281596
0.01588711445
0.0158889468
0.01589104532
0.01589329214
0.01589560529
0.01589794716
0.01590025572
0.01590242626
0.01590444535
0.0159063674
0.01590813134
0.01590977622
0.01591139469
0.01591266331
0.01591321506
0.01591299145
0.01591220171
0.01591099943
0.01590938456
0.01590671922
0.01591858809
0.02008411391
0.9336951981
0.9849932148
0.9893887646
0.989330935
0.988821249
0.9892521556
0.9906840198
0.9920993274
0.9913516335
0.9861619533
0.02830850692
0.01766658777
0.01590983794
0.01591256791
0.01591007451
0.01590502956
0.01590009784
0.01637308046
0.02174341604
0.9778467322
0.989583338
0.05057289379
0.01763187876
0.01593662875
0.02133991843
0.3908276751
0.9823898556
0.9864177608
0.9840400283
0.02761550683
0.01591633647
0.01591031535
0.01590660195
0.01590202621
0.01589861143
0.01589690952
0.01589899023
0.01590220077
0.01590285623
0.01590765227
0.01748878862
0.02172908149
0.9400935951
0.9769249295
0.9819412666
0.9840162577
0.9843637559
0.9823870243
0.982677592
0.9799341793
0.8975172342
0.02080902155
0.02296336776
0.9535610437
0.9726407924
0.02577819342
0.01650577531
0.01592883904
0.01592232754
0.01679291131
0.02349864148
0.9772954189
0.9864070278
0.1547132469
0.0189756784
0.01589981569
0.01589912921
0.01590218647
0.01590243649
0.01590098667
0.01589912157
0.01589748207
0.0158958671
0.01589497494
0.01589830103
0.01590669699
0.02073160973
0.9408003749
0.9800877141
0.02602857425
0.01646494603
0.01590487984
0.02006054898
0.9643417219
0.9766483218
0.03226591402
0.9576781911
0.9864176224
0.9869527421
0.9592816792
0.02276422175
0.02573471575
0.7578718662
0.8821097104
0.9666192438
0.9796436928
0.9737989488
0.03125240203
0.01588282139
0.01588705682
0.01588877652
0.0158907703
0.01589294973
0.015895241
0.01589758849
0.01589992601
0.01590217834
0.01590432276
0.01590636805
0.01590827562
0.01591004787
0.01591167557
0.0159129344
0.01591358473
0.01591354775
0.01591288404
0.01591166574
0.0159100146
0.01590807553
0.01590616198
0.01590121058
0.01666668767
0.02207532745
0.9687434731
0.9869519294
0.9870052207
0.9852713638
0.9876943781
0.9898764324
0.9909792917
0.9914158947
0.988656215
0.974367423
0.02312536751
0.0172185362
0.01590629952
0.01590585289
0.01590293271
0.01827199062
0.7427223027
0.9834792751
0.9496084224
0.0197653843
0.01593163302
0.01840129255
0.04396417217
0.9868583572
0.9815346849
0.9710033314
0.9672873581
0.9785291465
0.02150935794
0.01590443119
0.01590347383
0.01590062071
0.01589807534
0.01589649149
0.01589675993
0.01589771212
0.01589914258
0.01590328913
0.01590496829
0.01590538208
0.01740119398
0.02783593691
0.9644124973
0.9791777339
0.9814430776
0.9764595281
0.9702559717
0.9694064163
0.9678627397
0.9466240278
0.9421731756
0.9721934837
0.907002173
0.01868092906
0.01591699115
0.01592532646
0.01634591028
0.02048985463
0.9075985497
0.9723851473
0.8060674512
0.01951174589
0.01607847495
0.0158971773
0.01589795071
0.01590037141
0.01590089689
0.01590020282
0.01589898585
0.01589772692
0.01589647227
0.0158956665
0.01589661221
0.0158995289
0.01589758835
0.0173708652
0.926203356
0.9872656665
0.82094427
0.01679682468
0.01592107264
0.01847527504
0.9251475998
0.9805740926
0.02979323052
0.02798337985
0.9801691066
0.9818953316
0.976474092
0.03253885042
0.7327306779
0.9012077391
0.9674888686
0.9769094767
0.9477552082
0.03125241575
0.01588282095
0.01588701176
0.01588864761
0.01589055741
0.0158926726
0.01589492688
0.01589725881
0.0158996022
0.01590189349
0.01590410072
0.01590620862
0.01590818276
0.01591000266
0.0159116235
0.01591288956
0.01591364318
0.01591381793
0.01591342934
0.01591253939
0.01591127704
0.01590982293
0.01590836383
0.01590557513
0.01590146882
0.01589898303
0.01729428134
0.02619254075
0.9764177948
0.9714532711
0.9802760719
0.9866688676
0.9885374881
0.9888150482
0.9879909596
0.9865517142
0.9798881383
0.942794403
0.02206028642
0.01735799871
0.0169599396
0.02351382736
0.9697563504
0.9813859506
0.03162647514
0.01688219241
0.01699652991
0.02638086059
0.9863955463
0.9876140531
0.971366112
0.02471096419
0.0203372788
0.9558153711
0.9779486036
0.02026528847
0.01589886483
0.0158977205
0.01589582855
0.01589443815
0.01589409624
0.01589444765
0.01589566893
0.01589858385
0.01590134914
0.01590334182
0.01745112509
0.02492260947
0.9167453102
0.9377731469
0.9745301545
0.9713937068
0.9585587987
0.9556280741
0.9645248087
0.9737935148
0.9750509006
0.9679119366
0.03067136524
0.01745234336
0.01592083037
0.01592255001
0.01962580237
0.538721429
0.9836153591
0.9646731264
0.02136977697
0.01647269469
0.01589447932
0.01589583865
0.01589711572
0.01589892976
0.01589970192
0.01589956649
0.015898916
0.01589810132
0.01589733014
0.01589703308
0.01589799578
0.01590033185
0.0159012992
0.01589862671
0.0168457787
0.0343917937
0.9868654712
0.8847904506
0.01866288702
0.01594602106
0.01744012668
0.8944222265
0.9840659122
0.9276772463
0.02482284154
0.9590385653
0.9795582775
0.9835146618
0.9708444046
0.932830981
0.9590968508
0.9693407624
0.678498172
0.03125241758
0.01588280999
0.0158869642
0.01588853897
0.01589038475
0.01589244497
0.0158946584
0.01589696185
0.01589928945
0.01590158156
0.01590379954
0.01590591539
0.01590789426
0.01590970706
0.01591130679
0.01591258824
0.01591344798
0.01591383587
0.0159137399
0.01591318857
0.0159122372
0.01591094842
0.01590929478
0.01590669644
0.01590348592
0.01590207114
0.01590258133
0.01590655838
0.01956439124
0.839350967
0.9542775575
0.9787568552
0.9846957289
0.9859848052
0.9840815218
0.9804526579
0.9782329797
0.9780337077
0.9694734105
0.9113649532
0.02469213655
0.9040975932
0.9810817076
0.9311931455
0.01982785762
0.01669571116
0.02106403231
0.9785572803
0.9885059348
0.9830958596
0.02332756258
0.017363774
0.01589859099
0.01844546486
0.9634589618
0.974969767
0.01957603356
0.01589368699
0.01589267987
0.01589161695
0.01589116018
0.01589128005
0.01589202388
0.01589362225
0.01589523118
0.01726400469
0.02378566825
0.9387151121
0.9324138912
0.02365888538
0.7616772301
0.9739580823
0.9650090671
0.9548172462
0.968760745
0.9781562003
0.9801491826
0.9674786168
0.9381676021
0.02565797942
0.01709975213
0.01803496755
0.0345022171
0.9861619033
0.9850308601
0.03111033014
0.0175626983
0.01589365886
0.01589674481
0.0158974768
0.01589799945
0.01589886135
0.01589935743
0.01589937929
0.01589905539
0.01589860038
0.01589822559
0.01589827515
0.01589919434
0.0159009457
0.0159021837
0.01590220326
0.01590574429
0.01592159634
0.02330659078
0.9695713871
0.9749970549
0.02528501547
0.01597732806
0.01672952686
0.02624759989
0.9747389933
0.956407266
0.03658807836
0.9703305004
0.9852067634
0.9869732948
0.9786248087
0.9682133129
0.9786473627
0.07701177897
0.03125240767
0.01588278624
0.01588690613
0.01588843922
0.01589024068
0.01589225926
0.01589443554
0.01589670483
0.01589900023
0.01590126266
0.01590344994
0.01590552759
0.01590745987
0.01590921918
0.01591077297
0.01591205477
0.0159129998
0.01591357576
0.01591374229
0.01591348444
0.01591275754
0.01591149217
0.01590957562
0.01590681908
0.01590368843
0.01590120801
0.01589981799
0.01589921824
0.01697188954
0.02450156447
0.9657252497
0.0669336702
0.9784919488
0.981220766
0.9835403683
0.9739463407
0.9656878089
0.9648707225
0.9681774352
0.9728948643
0.9719981952
0.9657323411
0.9776728018
0.02734344436
0.01845740009
0.02182968507
0.9615624605
0.9881780218
0.9888415901
0.03184026062
0.0175880802
0.0158998754
0.01589959466
0.01589563519
0.01872337162
0.9683503185
0.9712242582
0.01902299585
0.01588951989
0.01588884239
0.01588856547
0.0158885994
0.01588911804
0.01589056574
0.01711485728
0.02321235436
0.9335554654
0.9389788589
0.02367716525
0.01740003252
0.01775401011
0.2499799615
0.9690786312
0.959313994
0.9714766106
0.9784294677
0.9786842351
0.9626894927
0.9241779307
0.9736507314
0.1235827857
0.02479167387
0.9721560743
0.9824972685
0.3385885315
0.01872009153
0.01589860825
0.01589498884
0.01589706213
0.01589805269
0.01589852884
0.01589905624
0.01589937139
0.01589943487
0.01589929232
0.01589906546
0.01589890747
0.01589903928
0.01589966895
0.01590064232
0.01590119507
0.01590096442
0.01590165637
0.01590455116
0.01590327508
0.01818268108
0.8610256843
0.9888277787
0.04131735456
0.01727202407
0.01593349821
0.02234463103
0.930234074
0.9767909441
0.9753651242
0.9842726865
0.9882592538
0.9850736909
0.9743025803
0.08590243684
0.07651707006
0.03125238631
0.01588274889
0.0158868342
0.01588834405
0.01589012196
0.01589211576
0.01589426446
0.01589650039
0.01589875341
0.01590096387
0.01590308936
0.01590509194
0.01590693393
0.01590859512
0.01591006676
0.0159113127
0.01591230236
0.01591303577
0.01591344503
0.01591349119
0.01591302936
0.01591189802
0.01590994716
0.01590734162
0.01590425989
0.01590117344
0.01589735264
0.01697019727
0.02213628054
0.9148763239
0.9652570553
0.9801621988
0.04339104945
0.02694685414
0.9767002735
0.9757185562
0.959512433
0.9604431635
0.9698423653
0.9779019536
0.9830049232
0.9800259037
0.9409444357
0.02440318156
0.02243365245
0.9471989503
0.9806553152
0.9872776175
0.0652300927
0.0195278721
0.01590985966
0.01590606644
0.01590352905
0.01590048349
0.01589854509
0.01920386379
0.9725749601
0.9667552769
0.01856107221
0.01588682346
0.01588684456
0.01588700212
0.01588768259
0.01697852912
0.0227297696
0.9259044298
0.9453166977
0.02427988364
0.0174014571
0.0159036961
0.01590797229
0.01811071124
0.855003542
0.9599787098
0.9736375233
0.9778972661
0.9746649469
0.9586387802
0.9589302179
0.1633263257
0.9296744069
0.9541955751
0.9707344329
0.8684503042
0.01952287916
0.01620520827
0.0158939858
0.01589441303
0.01589660004
0.01589794991
0.01589876517
0.01589929739
0.0158995713
0.01589964755
0.01589958611
0.01589947022
0.01589939146
0.01589947538
0.01589982088
0.01590028012
0.01590046123
0.01590019975
0.01590028418
0.01590071023
0.01589871236
0.01589162483
0.01664572572
0.7525578919
0.987503283
0.9437649589
0.01939001108
0.02359647356
0.8741908853
0.9586768233
0.9781255025
0.9791385022
0.984053359
0.9819830984
0.9713078162
0.9687735908
0.05891401056
0.03125235382
0.01588269779
0.01588674808
0.01588825448
0.01589003223
0.01589202182
0.01589415768
0.01589636701
0.01589857345
0.01590071716
0.01590276015
0.01590466135
0.01590637667
0.01590789687
0.01590924406
0.01591039978
0.01591137036
0.01591222498
0.01591286988
0.01591328579
0.01591322181
0.01591241794
0.01591080323
0.01590870776
0.01590623885
0.01590324106
0.01747986772
0.02377872122
0.9383878169
0.9692126744
0.03167404185
0.02684695022
0.9806677829
0.02252709348
0.02095567701
0.9719664841
0.9705965555
0.968290997
0.9760008122
0.9816335353
0.9844304253
0.9814397013
0.962668632
0.03454713342
0.9618964008
0.9740521823
0.9767646363
0.6223819496
0.02074046738
0.01595537471
0.01591405613
0.01590936665
0.01590575137
0.01590301936
0.01590260525
0.01590210854
0.01978791813
0.9761284339
0.9616551816
0.01820261236
0.01588705738
0.01588726635
0.01685008865
0.02230497387
0.9179049664
0.9510572648
0.02494371597
0.01758025771
0.01590333915
0.0159059992
0.0159051191
0.01756847433
0.02460737766
0.9512383414
0.9757188732
0.9792140973
0.972147157
0.9358509669
0.9623294268
0.9792547595
0.971560065
0.9674108778
0.9638273182
0.02204432553
0.01660581163
0.01589420401
0.01589621977
0.01589647123
0.01589767224
0.01589867557
0.01589934746
0.01589975412
0.01589993132
0.01589996313
0.01589990735
0.01589982336
0.01589974523
0.01589974337
0.01589990238
0.01590012702
0.01590028937
0.01590025757
0.0159005688
0.01590088138
0.01590043214
0.01589796701
0.01590071657
0.01640892995
0.0259464414
0.9788694705
0.866583001
0.8882048768
0.9416999389
0.9363302632
0.9678756347
0.9722444954
0.9762304653
0.9742195014
0.9644460843
0.9571920022
0.07299082904
0.03125231009
0.01588263282
0.01588664926
0.01588817579
0.01588998119
0.01589199103
0.01589413359
0.01589632869
0.01589848918
0.01590055747
0.01590250823
0.01590429441
0.01590585492
0.01590719639
0.01590838198
0.01590937992
0.01591022983
0.01591113754
0.01591197337
0.01591283535
0.01591324911
0.01591285996
0.01591144732
0.01590991806
0.01590954541
0.01814797666
0.02594064509
0.9534946418
0.9611144376
0.02780599709
0.01872047608
0.01595883995
0.02442097495
0.9771839994
0.02236253085
0.03565953927
0.9722246959
0.9752468025
0.979346912
0.9824508838
0.9839054222
0.9815722432
0.974836541
0.9711016414
0.9768719215
0.9717655384
0.8295631021
0.02031421596
0.01650244146
0.01591522902
0.01591111652
0.01590816417
0.01590571536
0.01590394095
0.01590384861
0.01590545836
0.01590694599
0.02052672802
0.9790273864
0.9529154774
0.01819489669
0.01686721346
0.02174191026
0.9082827463
0.9562631203
0.02570672358
0.01777800043
0.01590682243
0.01590609126
0.01590411762
0.01723953861
0.02198018833
0.9111036469
0.9596661142
0.9758488624
0.9810618645
0.9778799936
0.9500227249
0.9580010382
0.9810300571
0.9779870178
0.9443446534
0.02632565577
0.01776894386
0.01589890535
0.015899993
0.0159001245
0.01589972215
0.01589978429
0.01590001174
0.01590021812
0.0159003281
0.01590032956
0.01590027427
0.01590018736
0.01590010386
0.01589998751
0.01589988502
0.01589994462
0.01590009164
0.01590040161
0.01590064799
0.01590130957
0.01590150003
0.01590244749
0.01590086514
0.01590433564
0.01591832126
0.01757965742
0.03019879523
0.9674919218
0.9691343549
0.9633934088
0.9324522414
0.9474565636
0.9482802147
0.956996821
0.9604190349
0.9621556638
0.9663004962
0.887869778
0.03125225418
0.01588255318
0.01588654008
0.01588811727
0.01588998433
0.01589204265
0.01589421599
0.01589641435
0.01589853213
0.01590052029
0.01590238152
0.01590405448
0.01590544054
0.01590657438
0.01590758598
0.01590836291
0.01590895091
0.01590977856
0.01591062819
0.01591195257
0.01591285008
0.01591242983
0.01591042057
0.01591024356
0.01849522409
0.02916157938
0.9646863038
0.9480902352
0.02502697745
0.01789119669
0.01594595068
0.01593585006
0.0173032094
0.03059210845
0.9398111355
0.8608995872
0.9658782973
0.9752358089
0.9787770867
0.9813872469
0.9839708709
0.9859293589
0.9866396653
0.9848748162
0.9792860474
0.9115975747
0.0213498899
0.01684347027
0.01591169892
0.01591729952
0.01591237971
0.01590846777
0.01590590655
0.01590431026
0.01590411256
0.01590511574
0.01590853732
0.01591670147
0.022169598
0.9811967316
0.9499739404
0.02484555272
0.9137490605
0.9591023071
0.02661066677
0.01799149267
0.01591876172
0.015913369
0.01591545707
0.01804930884
0.02352373685
0.9437935795
0.9649090581
0.9653163126
0.9691429397
0.9798184083
0.9820044602
0.975668634
0.9657944123
0.9750514759
0.9805074382
0.9369350133
0.01923811311
0.01590477919
0.01590242618
0.01590274817
0.01590255323
0.01590185669
0.01590149103
0.01590123059
0.01590101679
0.01590081601
0.01590061682
0.01590046662
0.01590034457
0.01590026935
0.01590009842
0.01589986864
0.01589988441
0.01590006926
0.01590064192
0.01590110804
0.01590271915
0.01590257819
0.0159052068
0.01590547266
0.01596104623
0.01866343125
0.02489957771
0.9539222996
0.97443737
0.9790623535
0.9751674775
0.9617294797
0.9527387775
0.9246697739
0.9187848066
0.9384717828
0.9628867816
0.9761682825
0.9502633425
0.03125218382
0.01588245695
0.01588642343
0.01588809274
0.01589006338
0.01589220136
0.01589443418
0.0158966573
0.01589873297
0.01590063786
0.01590243005
0.0159040087
0.01590520349
0.0159061149
0.01590699207
0.01590751833
0.01590771007
0.01590832946
0.01590872586
0.01591040041
0.01591160767
0.01591059713
0.01590721129
0.01808467754
0.02925268238
0.9712983724
0.9381706572
0.02308471912
0.01732503672
0.01594630455
0.01684701724
0.01922221769
0.02672107717
0.9269443574
0.9588063157
0.961594881
0.9599836483
0.9635079144
0.9724261841
0.9768245222
0.9814293228
0.9870228353
0.9895089727
0.9880849549
0.9722453471
0.02253902261
0.01724403095
0.01590893257
0.01591531245
0.01591751021
0.01591337323
0.0159090108
0.01590612348
0.01590424257
0.01590421226
0.01590449975
0.01590707453
0.01591181553
0.01713790147
0.03084968275
0.9801146161
0.9710287603
0.9560207395
0.02750090953
0.0182818123
0.01592168206
0.0159144789
0.01647935282
0.01944871363
0.03767419634
0.9797263333
0.9830028911
0.9811683264
0.978113114
0.972452907
0.9743933729
0.9778270487
0.977336762
0.9673064244
0.03068741837
0.9625313639
0.9815302801
0.02634033414
0.01590202044
0.01590174093
0.01590371102
0.01590340859
0.01590290044
0.01590251599
0.01590207692
0.01590157697
0.01590109981
0.01590068727
0.01590044387
0.01590029895
0.01590026621
0.01590000703
0.01589960475
0.01589955292
0.01589967894
0.01590068571
0.01590042038
0.01590215832
0.01590128066
0.015910002
0.01702771649
0.02203464188
0.06647157737
0.9834539934
0.9819750996
0.9813740492
0.9783795535
0.9752651057
0.966575008
0.952820897
0.8751990105
0.8619133362
0.6926212529
0.9594876629
0.982063502
0.9733267209
0.03125209485
0.01588234117
0.015886304
0.01588812303
0.0158902463
0.01589249576
0.01589482537
0.01589709793
0.01589911401
0.01590092761
0.01590271058
0.01590423783
0.0159051922
0.01590588076
0.01590678785
0.01590705123
0.01590678542
0.01590740408
0.01590672096
0.01590809349
0.01590923231
0.01590890465
0.01766982078
0.02640995903
0.9685432982
0.9577915527
0.02252974113
0.01689814386
0.01726259063
0.02006745937
0.03026852081
0.9117834939
0.9770012883
0.9805672868
0.978616643
0.9748394059
0.9705424541
0.9690368518
0.9709399402
0.9724748129
0.9751609906
0.9835009599
0.9865641365
0.987197359
0.9810626452
0.02036347206
0.01590667644
0.01591162283
0.01591522879
0.01591603719
0.01591204881
0.01590837786
0.01590582549
0.01590328913
0.01590387086
0.01590477138
0.01592163379
0.01802739458
0.02159333345
0.7344639006
0.9615684992
0.9771043708
0.3895185492
0.01855806814
0.01593452417
0.01593851537
0.0178887796
0.02224157712
0.8366646631
0.9873439448
0.9904227178
0.9899462727
0.9861613525
0.9854852126
0.9850185892
0.9330018042
0.6970316015
0.9668457024
0.9552581745
0.02004666453
0.01965957332
0.9824142033
0.9821677108
0.01927979019
0.01590119129
0.01590445504
0.01590354395
0.01590317385
0.01590300465
0.01590255286
0.01590185624
0.0159011348
0.0159004748
0.01590011438
0.01589994603
0.01590005527
0.01589959092
0.01589885281
0.01589885115
0.01589822808
0.01589924489
0.01589831434
0.01590280813
0.01678221702
0.02013654445
0.03505349425
0.9697618537
0.9896744917
0.9908509058
0.987950329
0.9850314341
0.9835816865
0.9846071259
0.9792092523
0.969909069
0.9435609206
0.9550560935
0.8940830199
0.8842683111
0.9834677034
0.9799915982
0.03125198099
0.01588220266
0.01588619289
0.01588824355
0.01589056614
0.01589294944
0.01589543805
0.01589780005
0.01589968487
0.01590135797
0.01590327772
0.01590488524
0.01590544437
0.0159058138
0.01590722185
0.01590733717
0.01590633879
0.01590820384
0.01590656849
0.01590834963
0.015909205
0.01832506954
0.02732185574
0.9683033485
0.9738765663
0.02685538946
0.02021647096
0.0262938553
0.05857905431
0.9697952113
0.9856927085
0.9878790769
0.9851591502
0.9844204129
0.9818382591
0.9803976076
0.9783842352
0.9785497819
0.9786637709
0.9804057511
0.9763486051
0.9804663853
0.9756929263
0.9780004688
0.9822975843
0.02847386465
0.01591062577
0.01591065077
0.01591408062
0.01591361362
0.01590937593
0.01590573633
0.01590396217
0.01590053887
0.01589942907
0.016773999
0.01993883277
0.04677715178
0.9629910811
0.9615744095
0.9288289382
0.8635443674
0.9697561587
0.01926177499
0.01673040259
0.02035032191
0.04887040818
0.9828969949
0.9875246264
0.9915346417
0.9915000522
0.9895424801
0.985117044
0.9435858209
0.03559658409
0.02282306666
0.01944011682
0.912943901
0.9752751938
0.02339169697
0.01590882158
0.0257955992
0.9863537136
0.9697582699
0.01751263349
0.01590438764
0.01590242814
0.01590270793
0.01590308529
0.01590274808
0.01590188814
0.01590095509
0.015899999
0.01589944041
0.015899101
0.01589952038
0.01589878253
0.01589702674
0.01589695768
0.01589590996
0.01589831175
0.01664268536
0.01937454496
0.03012378298
0.9564563373
0.987648905
0.9907517525
0.9904101527
0.99069104
0.9879866493
0.9883370429
0.9874209207
0.989576928
0.9902635815
0.9723168685
0.7956524932
0.7869771869
0.03210729789
0.7584039884
0.9802668718
0.9802998748
0.03125183709
0.01588203927
0.01588611573
0.01588852521
0.01589106308
0.0158935529
0.01589631687
0.01589888807
0.01590048409
0.01590180878
0.01590408366
0.01590615617
0.01590614681
0.01590565519
0.01590801713
0.01590858515
0.0159062505
0.0159090756
0.01590708691
0.01591846577
0.01791922552
0.02255580584
0.9053747691
0.9522146294
0.05580912442
0.05909279545
0.9612713683
0.9818081345
0.9919968367
0.9916787088
0.9897899525
0.9897613266
0.9872477622
0.9854287067
0.984838136
0.9850883025
0.9865599939
0.9848529604
0.9833177918
0.9854508454
0.98561777
0.9701387003
0.03841742587
0.9585213664
0.9773698862
0.8753153903
0.01692642861
0.01590672643
0.01591120681
0.01591103063
0.01590594029
0.01590215578
0.01590040367
0.01635507124
0.01834385357
0.02561206858
0.8394196436
0.9848481966
0.9825506071
0.7440437094
0.02318335606
0.02321972131
0.9277235452
0.03058901879
0.02727209759
0.9411226241
0.989558485
0.9922806132
0.9923814878
0.992926975
0.9910569315
0.9676583997
0.03264222786
0.01994650087
0.01697880126
0.01592214594
0.01590634984
0.02216375721
0.9790193302
0.9501417601
0.01719589442
0.01668069546
0.7775510929
0.9894931923
0.04308178059
0.01592014822
0.01590172208
0.01590240092
0.01590323288
0.01590288113
0.01590177375
0.01590065021
0.01589939537
0.01589861853
0.01589760555
0.01589814392
0.01589704206
0.01589434363
0.01589445951
0.01651810335
0.01875912924
0.0269154
0.9331720765
0.9853872978
0.9898649614
0.9902647651
0.9915462192
0.9905335591
0.9902530141
0.9875512876
0.9879875861
0.9856788549
0.9687454892
0.06554292855
0.02784009576
0.01936405776
0.01763128033
0.01725168617
0.02457717201
0.9823674032
0.9763880457
0.03125168016
0.01588185698
0.01588611718
0.01588911517
0.01589181523
0.01589422253
0.01589742166
0.0159005275
0.01590171663
0.01590222967
0.01590480975
0.01590781212
0.01590754112
0.01590574083
0.01590787498
0.01590677172
0.01590617039
0.01592782185
0.01723495397
0.02091589136
0.03739617622
0.9697951949
0.9621768669
0.9329096705
0.9708135831
0.9887985184
0.992018764
0.9913556763
0.9912268115
0.9914686714
0.989873633
0.9891328334
0.9880095458
0.9880054359
0.9862246029
0.9854847899
0.988211827
0.9888229438
0.9675900176
0.9223921057
0.04444389026
0.0248018341
0.02009605273
0.845815705
0.980340518
0.9641287319
0.01844144802
0.0159001018
0.0159063574
0.01590698366
0.01590221954
0.01590226905
0.01729775767
0.02107567998
0.3874845066
0.9786388735
0.9789995014
0.9441479818
0.03130480068
0.0190760077
0.01877890627
0.02076537325
0.9239267421
0.9654758869
0.9835760491
0.987989853
0.991177774
0.9915742001
0.988796029
0.9870657062
0.1491513777
0.02210657859
0.01698428774
0.01590869945
0.01590291798
0.01590406041
0.01590259113
0.01698470038
0.9373909014
0.9797235924
0.02209269194
0.01589764689
0.01732643632
0.9740426054
0.9896159727
0.02224519925
0.0158986348
0.01590117754
0.01590301719
0.01590274259
0.01590145422
0.01590034583
0.01589874196
0.01589831871
0.01589626402
0.01589641886
0.01589325692
0.01638916032
0.01819277502
0.024190671
0.8733296622
0.9824115766
0.9886918464
0.9896598391
0.9913574007
0.9908499534
0.9911763924
0.9892498838
0.9880854438
0.9814182264
0.9255117138
0.03104480207
0.02039690661
0.01731228469
0.01599971338
0.01595490621
0.01594167316
0.01592918465
0.02225822116
0.9855646055
0.9778095663
0.03125160595
0.01588171278
0.01588626533
0.01589026813
0.01589303061
0.0158948825
0.01589846802
0.01590255369
0.01590352966
0.01590322013
0.01590539082
0.0159071823
0.01590613265
0.01590801308
0.01594367353
0.01693591809
0.01816441227
0.02550867913
0.05704127014
0.9750298477
0.9878640249
0.9886993873
0.9846182583
0.9824677249
0.9856390598
0.989726376
0.9912223297
0.990986639
0.9906525597
0.9899879729
0.9892956435
0.9876860435
0.9862560636
0.9873054188
0.9852785659
0.9552375784
0.9002269382
0.04030459914
0.02406957081
0.01798716744
0.01693280658
0.01599078963
0.01594117741
0.02435565043
0.978041771
0.9761565342
0.02310122402
0.01590430896
0.0159037381
0.01590074086
0.01637088139
0.01842530296
0.03227575467
0.9473102719
0.9799707512
0.9813631308
0.4295349162
0.02191157281
0.01884429563
0.01998784298
0.02760847202
0.9349084999
0.9729874637
0.9863542699
0.9892906511
0.9909938689
0.9918397368
0.989808618
0.9356033392
0.02449585693
0.01867536368
0.01604863683
0.01590802327
0.01590463873
0.0159044738
0.0159043609
0.01590126778
0.01589779698
0.02158398623
0.9793054537
0.9468603074
0.01706598441
0.01589919233
0.02030985882
0.9874076351
0.9772662399
0.01768856859
0.01589753504
0.01590200647
0.01590229303
0.01590088358
0.01590051441
0.01589867252
0.01589923882
0.01589867778
0.01593008548
0.01769244668
0.02172257895
0.6563135762
0.9791373987
0.9875038975
0.9892218732
0.9911291668
0.9909274592
0.9915496951
0.9900150399
0.9893421074
0.9841002548
0.9180339309
0.02678287803
0.01896405248
0.01679590886
0.01594692723
0.01594755512
0.01594424787
0.01594914042
0.01594610845
0.01593077218
0.02057325004
0.9805951137
0.973955141
0.03125179812
0.0158818175
0.01588672744
0.01589222784
0.01589483352
0.0158957497
0.01589896576
0.01590209373
0.01590213144
0.01590395566
0.01592358995
0.01650505547
0.01743725273
0.01933709642
0.02834203941
0.080368986
0.9812948511
0.9847330382
0.9928957424
0.9926396904
0.9907972441
0.9901241071
0.9870940476
0.9866150066
0.9882011341
0.9893399799
0.9892146208
0.9899773753
0.9888267354
0.9879863098
0.9875536174
0.9809705523
0.9233389684
0.6325674185
0.02865615428
0.02112200463
0.01755661021
0.01678674576
0.01596559544
0.01594426732
0.01593959417
0.01593418112
0.01592483685
0.02037216014
0.9706780791
0.9745801569
0.8680460908
0.0172413966
0.01606363702
0.01774230992
0.02106582876
0.6212655059
0.98386547
0.9845776835
0.9347167038
0.02805274464
0.02108372743
0.02177582329
0.032018055
0.9487716887
0.9815985188
0.9862706421
0.9876195739
0.9910475668
0.9907677684
0.9888280566
0.9864409494
0.06775385646
0.02091327932
0.01662313037
0.01590056201
0.01590026271
0.01590289231
0.01590385949
0.01590358147
0.01590349634
0.01590164217
0.01589978453
0.01701862669
0.9429968291
0.9795211275
0.02178209326
0.01590118339
0.01591056826
0.03280780082
0.9875271895
0.9117123818
0.01691506023
0.01590242992
0.01590271118
0.01590027951
0.01589974611
0.01589764884
0.01590493646
0.01694985586
0.02128311884
0.0543708902
0.981084034
0.987378977
0.9898417793
0.9912728376
0.9912727784
0.9919822225
0.9907470243
0.9904790221
0.9866744025
0.9473461774
0.02854095606
0.01911516815
0.01665226105
0.01594098366
0.01595297222
0.01595576097
0.01596369145
0.01595848825
0.01594896719
0.01594003616
0.01592440464
0.01965713324
0.9719308555
0.9661428245
0.03125306036
0.01588218662
0.01588803044
0.01589426652
0.01589441446
0.01589639636
0.01591202478
0.01650906408
0.01730961658
0.0191263465
0.02598502066
0.05925166323
0.9592307058
0.9818244962
0.9893960799
0.9942482921
0.9946636114
0.993731655
0.9933569663
0.993257406
0.9914837363
0.989843072
0.9876972615
0.9867120245
0.9866328166
0.9867961743
0.9865816773
0.9870454062
0.9840125282
0.9378910845
0.3550833773
0.02577665574
0.01932954545
0.01714057444
0.01658043658
0.01595063167
0.01595149036
0.01595668113
0.01595214104
0.01595106313
0.01594167201
0.01593052448
0.01591569152
0.01936725477
0.8848540834
0.9471137911
0.913797874
0.02259953903
0.02167296137
0.04661607915
0.9611950639
0.9750309831
0.9814971806
0.2640340107
0.024670474
0.0262364934
0.04681782167
0.9701693315
0.9870550856
0.9893382557
0.9881492714
0.9892824901
0.9885351117
0.9910677218
0.9888058477
0.9501843101
0.02480378684
0.01865829485
0.01594547616
0.01591038933
0.01590735319
0.01590486199
0.01590435597
0.01590405283
0.01590366223
0.01590322041
0.01590200056
0.01590103789
0.01589890483
0.0218775462
0.9795065695
0.9420407834
0.01703482808
0.0159129205
0.01719521077
0.949235201
0.9862445892
0.02929293519
0.01590823848
0.01590493402
0.01590045499
0.01590517797
0.01683497692
0.02001707137
0.03577324783
0.9715799593
0.990611363
0.9923701213
0.9921838454
0.9921820635
0.99256698
0.9915191498
0.9914347041
0.9885858405
0.9634394334
0.03219421755
0.01973417835
0.01673818411
0.01593811625
0.01595219037
0.01595769717
0.01597013343
0.01597085264
0.01596754992
0.01596064394
0.01594943326
0.01593778078
0.01592159088
0.01905514689
0.9564718728
0.9536021437
0.03126262605
0.01588290081
0.01589284852
0.01620372284
0.01714956188
0.01851828433
0.0249715481
0.05383589556
0.9659742971
0.982182803
0.9898174913
0.9944015997
0.9954681675
0.9949844505
0.9946699278
0.9949633887
0.9951732859
0.9946153201
0.9939084425
0.9929181275
0.9916775498
0.9901647847
0.9877851864
0.9849610438
0.9803189909
0.9711744891
0.9587465338
0.9542910585
0.02726721393
0.01967824268
0.01709033384
0.01648148552
0.01595010002
0.01594283262
0.01595291505
0.01594462422
0.01594734482
0.0159535325
0.01595642652
0.0159695685
0.01601375519
0.01678013639
0.01726278975
0.02105192844
0.9161937386
0.9441836402
0.9368183854
0.8368453399
0.8128420206
0.9733726991
0.9628790598
0.930317411
0.04823177877
0.07022361881
0.9360404745
0.9767222512
0.990995012
0.9915914939
0.9909877972
0.9903660684
0.9882438392
0.9875799454
0.9815518419
0.9798057375
0.04712093264
0.02028141374
0.01664702054
0.015908391
0.01590668227
0.01590753293
0.0159078178
0.01590616461
0.0159053926
0.01590494387
0.01590472241
0.0159043947
0.01590344634
0.01590241312
0.01590428875
0.01713689702
0.94499699
0.9781689565
0.0220726759
0.01591243809
0.01591564977
0.01859184239
0.9789037663
0.9856855325
0.02110829307
0.01591428833
0.01695246743
0.02027784438
0.03390922366
0.9627404881
0.9889913843
0.9918839508
0.9924767303
0.9931406922
0.9929024047
0.9921082762
0.9920544512
0.9897789819
0.9713622597
0.03673894408
0.02041878936
0.01687453464
0.01593816924
0.01595013212
0.01595672723
0.0159696902
0.01597457692
0.015976664
0.01597585442
0.01597085596
0.01596280508
0.01595169363
0.01593949233
0.01592384803
0.01857651284
0.9218363361
0.9352554411
0.04417766682
0.01898981025
0.02164836757
0.04044163199
0.9999995445
0.9854795867
0.990173208
0.9948139355
0.9958479004
0.995369604
0.9953190437
0.9957833526
0.9961291295
0.9960707363
0.9957936607
0.9955400344
0.9951906564
0.9948252918
0.9943309337
0.9934770598
0.9924018226
0.9911365893
0.9892193298
0.986357583
0.9810445568
0.9690331728
0.9602159149
0.0758777754
0.05559871859
0.03658761172
0.03090544626
0.02929010875
0.02851930515
0.02807829115
0.02781308828
0.02762524927
0.02754589186
0.02769440638
0.02841018579
0.03099066595
0.04608834647
0.06447520968
0.8878879836
0.9345568188
0.9775953876
0.9817285779
0.9807511678
0.9771504916
0.9717197191
0.9621968165
0.9452346012
0.8951176986
0.9680940025
0.9868701854
0.9911210367
0.9902871064
0.990570888
0.9906088208
0.9901078324
0.9879007914
0.9558455196
0.6704779055
0.0262257957
0.02360610001
0.02231958904
0.01594525196
0.01592387128
0.01591830715
0.01591177132
0.0159092257
0.01590826487
0.01590743059
0.01590708036
0.01590700713
0.01590717356
0.01590738457
0.01590718225
0.01590542215
0.0159060165
0.01590494509
0.02314232134
0.9761895411
0.963183902
0.01783991263
0.01592192067
0.01594789068
0.02618941136
0.9798096371
0.9481700887
0.02435872993
0.03742805565
0.96841057
0.9883905006
0.9910480513
0.991980071
0.9931950593
0.9934301238
0.9926305364
0.9922125709
0.9902620478
0.9744636071
0.04077370986
0.02096538163
0.01699773807
0.01593804911
0.01594621595
0.01595460285
0.01596744261
0.01597431713
0.01597875275
0.01598162502
0.01598184279
0.01597981696
0.01597521957
0.01596789335
0.01595754856
0.01594447725
0.01592986292
0.01887747747
0.9073379955
0.9005775074
0.9803895554
0.9852823118
0.9911649393
0.9948152167
0.9965764743
0.9964792064
0.9962308659
0.9965536648
0.99684288
0.9968121712
0.9966658843
0.996575988
0.9964751235
0.9963902832
0.9962844388
0.9960400891
0.9956693824
0.9952890172
0.9948751876
0.9942854401
0.9935729537
0.9927954186
0.9918999778
0.9909634312
0.99012781
0.9898438478
0.9905309246
0.9932926665
0.9947800299
0.9950486419
0.9947239697
0.9945122762
0.9943819267
0.9942932882
0.9942249065
0.994167014
0.9941177502
0.9940816798
0.9940703434
0.9941066432
0.9942364856
0.9947636121
0.9926818375
0.9896455948
0.9904356974
0.9909124305
0.9905214831
0.9891276657
0.9862361102
0.9814852847
0.976866353
0.9789089075
0.9824821285
0.9860540505
0.9869919103
0.9858212612
0.9854210033
0.9799141718
0.9446957067
0.03177796212
0.02071506408
0.01730053189
0.01656968838
0.01840777967
0.8658598851
0.01781929334
0.01592285428
0.015916169
0.01591015882
0.01590720395
0.01590616334
0.01590585336
0.01590607221
0.01590665555
0.01590779997
0.0159099487
0.01591411913
0.01592324502
0.01594497123
0.01690158068
0.01969683799
0.935436249
0.9702236999
0.02678531226
0.01880522668
0.02510969183
0.048395487
0.982332415
0.980658346
0.9777404169
0.9892820607
0.9912552584
0.9912378816
0.9923911041
0.9931565903
0.9929433516
0.992896524
0.9910211966
0.9748866568
0.04188038732
0.02112411306
0.0170605468
0.01593527029
0.01593858217
0.0159484332
0.0159615296
0.01597019674
0.01597672583
0.01598206349
0.01598521698
0.01598671864
0.01598650161
0.01598436014
0.01598028923
0.0159745101
0.01596689747
0.0159557536
0.01593445801
0.01838372523
0.6425216897
0.9133684856
0.9920028768
0.9958746807
0.9968012713
0.9973045487
0.9975892593
0.9976911962
0.9975534231
0.9974786192
0.997397885
0.9973471275
0.9972865052
0.9971502025
0.9969718794
0.9968166579
0.9966744805
0.9964628909
0.9961654916
0.9958429984
0.9955036584
0.9951090763
0.9946862925
0.9942786032
0.9939209928
0.9936872885
0.9936529955
0.9938839312
0.9943321899
0.9948629472
0.9958080856
0.9960599218
0.9961445848
0.996164709
0.996155785
0.9961372645
0.9961139824
0.9960857555
0.9960493094
0.9959975653
0.9959175559
0.9957874883
0.9955760679
0.99526585
0.9949288334
0.9939818999
0.9937169595
0.9937408122
0.9934583323
0.99264257
0.9911346466
0.9889764115
0.9870807886
0.9863784267
0.9862725781
0.984041874
0.9776628394
0.9596038101
0.9387599395
0.04278305906
0.02809094289
0.02344297644
0.02151537222
0.02109842638
0.0209572265
0.02141241226
0.02740253451
0.02329974644
0.02019213623
0.02060876956
0.02089834145
0.02118078758
0.0214765421
0.02179031923
0.02212445756
0.02248394298
0.02288527974
0.02338183299
0.02415363262
0.02591797018
0.03350207967
0.04110314769
0.8496599615
0.9445906534
0.9727659371
0.966689688
0.9518907006
0.977005691
0.9899840365
0.9906229621
0.9905098516
0.9905244655
0.9907092426
0.991655496
0.9915208821
0.9922810902
0.9930803652
0.9921194165
0.9803313919
0.04908607115
0.02134394591
0.01706665612
0.01592744589
0.01592695465
0.01593672183
0.01594981875
0.01596006396
0.01596873128
0.01597652792
0.01598243227
0.01598687551
0.01598978198
0.01599100845
0.01599049368
0.01598831821
0.01598458996
0.01597983519
0.01597470207
0.01596971037
0.01595410223
0.01836410438
0.9373572458
0.9122767742
0.9953636424
0.9975474031
0.9979968688
0.9981696392
0.9981982594
0.9981654841
0.9981161642
0.9980268521
0.9978997429
0.9977897651
0.997693155
0.9975585939
0.9973855873
0.997211887
0.9970426181
0.9968439531
0.9966053343
0.996349121
0.9960858031
0.9958142825
0.9955544492
0.9953304814
0.995167103
0.9950945946
0.9951296021
0.9952668196
0.9954564424
0.9956251743
0.9957830211
0.9959773766
0.9961060126
0.9961896679
0.9962292197
0.996241424
0.9962374881
0.996221129
0.9961903412
0.996137897
0.996051414
0.9959152395
0.9957204353
0.9954983196
0.995346555
0.9953072114
0.9952357779
0.995126439
0.9948836337
0.9943738894
0.9935365099
0.9924315695
0.9913360127
0.9904541988
0.9894764513
0.9876571264
0.9845330933
0.9812013042
0.979504776
0.9852579818
0.9887728238
0.9878260119
0.9880169066
0.9874643934
0.9870491758
0.9869317778
0.9878358288
0.9865404503
0.9856295755
0.9862002385
0.9869897602
0.9876695558
0.98828884
0.9888604114
0.989388958
0.9898771527
0.9903268092
0.9907390035
0.9911156926
0.9914703854
0.9918792522
0.9929271103
0.9901403878
0.9872970007
0.9880425652
0.9873965783
0.9859583734
0.9858405477
0.9873323124
0.9897965258
0.9908639732
0.9919737929
0.9917853036
0.9914256232
0.9898047307
0.9883069761
0.9862083207
0.1297164368
0.0234203076
0.01729373158
0.01592635164
0.01591595249
0.01592207288
0.01593320939
0.01594374343
0.01595363429
0.01596340878
0.01597185138
0.0159791786
0.01598520667
0.01598973602
0.01599263504
0.01599387553
0.01599332424
0.01599106939
0.01598732043
0.01598271782
0.01597865863
0.01597794626
0.0159854285
0.01703606014
0.783402625
0.1341560995
0.9971058801
0.9984037381
0.998596602
0.9986524501
0.9986225293
0.9985531854
0.9984752681
0.9983805122
0.9982583133
0.9981329607
0.9980098129
0.9978702999
0.9977089516
0.9975385143
0.9973645311
0.9971775528
0.9969754432
0.9967678593
0.9965622176
0.9963650098
0.9961895265
0.9960481953
0.9959518119
0.9959095583
0.9959215554
0.9959755934
0.9960412314
0.9960809447
0.9960948814
0.9961315408
0.996206273
0.9962763184
0.9963236205
0.9963491865
0.9963591179
0.9963573037
0.9963438684
0.996315597
0.9962672962
0.9961954793
0.9961072737
0.9960346639
0.9960259593
0.9960753957
0.9960940308
0.9960192
0.9958349784
0.9955044036
0.9950058096
0.9943703056
0.9936911152
0.9930307694
0.992318725
0.9914350312
0.9905466208
0.9901649817
0.9905127909
0.991216694
0.9927703984
0.9931288529
0.9931049902
0.9930364742
0.9929989872
0.9930022767
0.9930890234
0.9930957276
0.9928756835
0.9927970156
0.9928987249
0.993035522
0.9931743742
0.9933100113
0.9934402819
0.993562203
0.9936693982
0.9937484132
0.9937729175
0.9936963889
0.9934516299
0.9930161218
0.9926090382
0.9915073763
0.9914662773
0.9912426617
0.9900778115
0.9883847203
0.9870850762
0.9874175438
0.9897845985
0.9917114761
0.9908754677
0.9901043196
0.9849865438
0.8880415383
0.02343919738
0.01847767598
0.01601716094
0.01591826248
0.01591300246
0.01591775061
0.0159246068
0.01593325223
0.01594336305
0.01595321017
0.01596267524
0.01597141531
0.01597906839
0.01598541756
0.01599033818
0.01599360841
0.01599515865
0.01599488493
0.01599282404
0.01598921896
0.0159846886
0.01598112816
0.01598305084
0.01600043514
0.01602201107
0.03630532169
0.9560235949
0.9982205912
0.9989242744
0.9989774896
0.998964742
0.9989074957
0.99882586
0.9987344354
0.9986327817
0.9985163742
0.9983913621
0.9982604379
0.9981183492
0.9979632109
0.9977990522
0.9976290099
0.9974526691
0.997272677
0.9970956056
0.9969274953
0.9967747461
0.996645436
0.9965452368
0.9964768147
0.9964397308
0.9964284675
0.9964321766
0.9964338272
0.9964161509
0.9963816933
0.9963601557
0.9963719629
0.9964042258
0.9964366759
0.9964622025
0.9964805266
0.9964933415
0.9965019237
0.9965068194
0.9965087785
0.9965108216
0.99652131
0.9965550787
0.9966220934
0.9967013573
0.9967429912
0.9967102248
0.9965875334
0.9963640137
0.9960361305
0.9956199134
0.9951538613
0.9946716543
0.9941778301
0.9936828714
0.9932868133
0.9931326864
0.9932251655
0.9934117604
0.9936236663
0.993889617
0.9940094718
0.994033549
0.9940683733
0.9941146049
0.9941757744
0.9941861803
0.9940912876
0.9939698378
0.9939008385
0.993867085
0.9938442773
0.9938230203
0.9938003176
0.9937736836
0.9937382334
0.9936837639
0.9935911731
0.9934306859
0.9931744123
0.9928620598
0.9926719141
0.9926956866
0.9925533719
0.992023368
0.9908148896
0.9889147304
0.9870107992
0.9869599687
0.9871675558
0.9893619635
0.9880138652
0.9610863375
0.03023421051
0.0191552873
0.01654928414
0.01591510214
0.01591017179
0.01590812363
0.01591009673
0.01591246446
0.01591873605
0.01592580329
0.01593408383
0.01594248202
0.01595067266
0.01595831921
0.0159651539
0.01597105464
0.01597582666
0.01597937171
0.01598159309
0.01598243192
0.01598187268
0.01598007911
0.01597750235
0.01597515395
0.01597659232
0.01599537343
0.01601813221
0.02683106333
0.9731389198
0.9990132385
0.9992718138
0.9992300834
0.9991730627
0.9990992074
0.9990138467
0.9989211539
0.9988203481
0.9987093012
0.9985886531
0.9984582274
0.9983166077
0.9981641045
0.9980029892
0.9978357227
0.9976650446
0.9974959706
0.9973350892
0.9971886858
0.9970628286
0.9969627662
0.9968904174
0.9968436416
0.9968162192
0.9967980889
0.9967770633
0.9967413804
0.9966850583
0.9966166205
0.9965589881
0.9965299389
0.9965282743
0.9965428311
0.9965642814
0.9965881206
0.9966134199
0.996641482
0.9966753149
0.9967197495
0.9967814935
0.9968678564
0.9969821712
0.9971150128
0.9972378396
0.9973140533
0.9973186235
0.9972398949
0.9970731867
0.9968210745
0.9964958229
0.9961199581
0.9957195724
0.9953200703
0.9949576263
0.9946905865
0.9945616319
0.9945450723
0.9945678922
0.9945992981
0.9946679487
0.9947599516
0.9948328835
0.994904773
0.9949740798
0.99502488
0.9950195562
0.9949364981
0.9948073154
0.9946668577
0.9945277662
0.9943896705
0.9942486708
0.9941028753
0.9939519751
0.9937967784
0.9936399323
0.993488426
0.9933595752
0.9932922324
0.9933519662
0.9935636647
0.9937518348
0.9935676185
0.9926932795
0.9907608541
0.9871516401
0.9814974069
0.9795835817
0.9764487123
0.9260290435
0.05508482495
0.02507177971
0.02080212731
0.01983198736
0.01861498415
0.01970429965
0.01857469463
0.01950559093
0.01885891733
0.01932552747
0.01914373848
0.01931221649
0.0193317285
0.01942015263
0.0194780027
0.01955868622
0.01963365717
0.01970911121
0.01979293153
0.01987302245
0.01995614324
0.02003970604
0.02011959223
0.02019664928
0.02025143063
0.02034093035
0.02019623776
0.02076232416
0.01983697147
0.02419410188
0.9293995125
0.9981725445
0.9990609848
0.9987583853
0.9985708032
0.9984035168
0.9982345873
0.9980581661
0.9978674142
0.9976561092
0.9974236926
0.9971690033
0.9968895564
0.9965865139
0.9962649031
0.9959301889
0.9955889749
0.9952527695
0.9949363824
0.994653948
0.9944183188
0.9942395306
0.9941200345
0.9940526771
0.9940206625
0.9939984663
0.9939560483
0.9938658303
0.9937157223
0.9935256188
0.9933471461
0.9932274222
0.9931776198
0.9931819564
0.9932190253
0.9932728652
0.9933362774
0.9934098225
0.9935006813
0.993622174
0.9937925108
0.9940295231
0.9943378438
0.994690754
0.9950241929
0.9952626186
0.9953547522
0.9952775148
0.9950225616
0.9945949118
0.9940153551
0.9933213713
0.9925604776
0.9917893553
0.9910900841
0.9905742586
0.9903087889
0.9902330981
0.9902116113
0.9901849545
0.990215237
0.9903327716
0.990490434
0.9906750587
0.990859198
0.990998444
0.9910177778
0.9908687465
0.9905946584
0.990254463
0.9898801961
0.9894879008
0.9890787171
0.9886496158
0.9881999622
0.9877351506
0.9872733285
0.9868594647
0.9865884855
0.9866236301
0.9871443432
0.9881098058
0.9890126264
0.9891147877
0.9877512748
0.9838764953
0.9745530935
0.9471637036
0.8856477441
0.09852945878
0.05248225774
0.7108808547
0.06926072655
0.8279088961
0.3056095538
0.7794319699
0.3729919492
0.7240496538
0.4561798727
0.6544075508
0.5225714689
0.5989524902
0.5547006804
0.5731649153
0.5629478093
0.5647948118
0.5628307413
0.5623423374
0.5622413983
0.5624196748
0.5634634704
0.5649922766
0.5675638461
0.5707282429
0.5752391962
0.5786543536
0.5855420935
0.5819634818
0.6015107472
0.5509674979
0.7262879065
0.1974260962
