0.9994670994
0.9996359205
0.9994390233
0.9993402581
0.999264245
0.9991928496
0.9991224446
0.9990564031
0.9990020932
0.9989681546
0.9989631628
0.9989942644
0.9990638104
0.9991661273
0.9992870811
0.9994070579
0.9995075553
0.999577818
0.9996166793
0.9996296686
0.9996242568
0.9996057853
0.9995757523
0.9995328823
0.9994756272
0.9994050253
0.9993275165
0.9992561817
0.9992080238
0.999196514
0.9992218103
0.9992678656
0.999312041
0.9993361371
0.9993285618
0.9992788589
0.9991855237
0.9990792971
0.9990266712
0.9990824959
0.9992353721
0.9994066471
0.9995216314
0.9995658915
0.9995658009
0.9995497087
0.9995332866
0.9995222633
0.999518944
0.9995269993
0.9995522641
0.9995970808
0.9996504566
0.9996819913
0.9996569983
0.9995679816
0.9994317531
0.9992625072
0.9990727983
0.9988682161
0.9986423722
0.9983892335
0.9981098867
0.9978103762
0.9974989686
0.9971846457
0.99687565
0.9965774162
0.9962897016
0.9960039674
0.9957037386
0.995371771
0.9950075931
0.9946582386
0.9944391745
0.9944039033
0.994424589
0.9946111665
0.9950658293
0.9955367883
0.9958977002
0.9961013967
0.996004904
0.9954295756
0.9944701057
0.9946212171
0.9910830437
0.08766463058
0.02605446759
0.8283703782
0.4070607347
0.7234375095
0.5392043921
0.6288860195
0.5826381844
0.6134096254
0.5880331664
0.6068265654
0.597561716
0.5975444266
0.6003307247
0.5987710703
0.6002112465
0.5998125028
0.5999381519
0.6000130478
0.5997579078
0.6010646049
0.6022746951
0.6022975638
0.6026201223
0.6039217958
0.6051461834
0.6053874617
0.6084106349
0.6012033914
0.6225594051
0.5769728981
0.7660200301
0.05888450538
0.544196557
0.9993274027
0.9998062307
0.999757754
0.9997079157
0.9996607348
0.9996119475
0.9995588138
0.9995003127
0.9994372132
0.9993710648
0.9993035926
0.9992372635
0.9991754861
0.9991218694
0.9990795952
0.9990510124
0.9990368962
0.9990360316
0.9990456556
0.9990624651
0.9990837871
0.9991083681
0.9991362829
0.9991681553
0.999204332
0.9992440697
0.999284586
0.9993204684
0.9993444181
0.9993499961
0.9993359002
0.9993080205
0.9992766535
0.9992526622
0.9992449134
0.9992596042
0.9992946771
0.9993345546
0.9993546754
0.9993359534
0.9992787781
0.9992052382
0.9991405009
0.9990952321
0.9990679836
0.9990533287
0.9990461051
0.9990429706
0.9990423903
0.9990444956
0.9990511577
0.9990668257
0.9991000853
0.9991621158
0.999255447
0.9993616045
0.9994629569
0.9995548404
0.9996339149
0.9997003622
0.9997591024
0.9998130697
0.9998614442
0.9999020471
0.9999322521
0.9999491961
0.9999499708
0.9999317906
0.99989211
0.9998287373
0.9997398128
0.9996232643
0.9994748981
0.9992841868
0.9990331214
0.9987410812
0.9985860796
0.9986552016
0.9988309947
0.9990059078
0.9991650166
0.999274564
0.9992330242
0.9989075868
0.9982020378
0.9972392349
0.9963578001
0.9954681775
0.9979815422
0.006329111462
0.008801336306
0.008601332567
0.008327444943
0.008505099316
0.008459886262
0.008446135472
0.008480306076
0.008515576109
0.008480228835
0.00850491526
0.008525465814
0.008531381869
0.008537099252
0.00855433269
0.008573501083
0.008576647695
0.008586955625
0.008609307188
0.008624447757
0.008637402926
0.008653866631
0.008667787012
0.008687106121
0.00871122048
0.008720494503
0.00875350945
0.00872177761
0.008884614256
0.008619964948
0.004214942318
0.738220085
0.9989962466
0.9995853277
0.9996515828
0.9996292064
0.999583865
0.9995305919
0.9994723906
0.999410486
0.9993472188
0.9992844484
0.9992230464
0.9991648555
0.9991131618
0.999071343
0.9990423765
0.9990287358
0.9990312304
0.9990481645
0.9990756
0.9991085808
0.9991431604
0.9991779273
0.9992135655
0.9992513762
0.9992926102
0.9993380916
0.99938688
0.9994344222
0.9994720038
0.9994892293
0.9994805201
0.9994496614
0.9994060428
0.9993608998
0.9993281546
0.9993221618
0.999342264
0.9993717561
0.9993911124
0.9993841168
0.9993439399
0.9992869163
0.9992370636
0.9992041642
0.9991873368
0.9991831752
0.9991866584
0.9991929934
0.9991991048
0.9992079101
0.9992310472
0.999284995
0.9993881217
0.9995508882
0.9997404151
0.9998671949
0.9999061783
0.9999139439
0.9999125027
0.9999099217
0.9999063766
0.9999019275
0.9998970374
0.9998918915
0.999886459
0.9998806252
0.9998742735
0.9998673418
0.9998598015
0.9998515628
0.9998422919
0.9998309633
0.9998147232
0.9997858448
0.9997219411
0.9995530197
0.9991913722
0.9988737307
0.9986059422
0.9983130809
0.9981468252
0.9981838801
0.9982019047
0.9980500576
0.9978493387
0.9977564666
0.9975992063
0.9974283489
0.997581382
0.9969510944
0.9996412789
0.009311347278
0.007428028939
0.007415027455
0.007417725312
0.007420368301
0.007423562977
0.007426833627
0.00743000152
0.007432858594
0.007435835752
0.007438387068
0.0074406364
0.007442617106
0.0074442864
0.00744562752
0.007446800552
0.007447808067
0.007448435539
0.007448586904
0.007448367058
0.007447841532
0.007447025619
0.007446013787
0.007445190292
0.007445350846
0.007449130223
0.007464347373
0.008015027298
0.00541851483
0.9893753496
0.9989845748
0.9993189125
0.9994421735
0.999479077
0.9994563502
0.9994111515
0.9993562768
0.9992967402
0.9992384495
0.9991842969
0.9991335638
0.9990872581
0.99904913
0.9990228137
0.999011574
0.9990186923
0.99904536
0.9990890525
0.9991430297
0.9991978886
0.9992465388
0.9992881718
0.9993261053
0.9993636986
0.9994038852
0.9994500844
0.9995048154
0.9995655101
0.9996212215
0.9996555809
0.9996572533
0.9996264487
0.9995707596
0.9994980508
0.9994216854
0.9993790489
0.9993761122
0.9993884399
0.999404212
0.9994210722
0.9994162789
0.9993883128
0.9993659756
0.9993645468
0.9993849246
0.9994244517
0.9994738084
0.9995194503
0.9995478669
0.9995611595
0.9995843497
0.9996442679
0.9997405475
0.9997842582
0.9994989529
0.998663858
0.9979701104
0.9983565331
0.9985109416
0.9987103574
0.9988906733
0.999044053
0.9991834608
0.9993147041
0.9994360653
0.999545034
0.9996400179
0.9997202866
0.9997856591
0.999836368
0.9998729588
0.9998962373
0.9999073701
0.9999082922
0.9999032212
0.9999052863
0.9999032099
0.9989856997
0.9981805229
0.9974669267
0.9970608978
0.9971034492
0.9973796491
0.9973853845
0.9973041906
0.9976158693
0.9980587208
0.9981995256
0.9981900787
0.998403572
0.9984392091
0.9978791978
0.04932682455
0.008720936135
0.007421007066
0.00742210787
0.007427679113
0.007431456398
0.007435789414
0.007439589465
0.007443394153
0.007446709584
0.00744966235
0.007452201823
0.007454294397
0.007455858317
0.007457138287
0.007458191075
0.007458826029
0.00745884156
0.007458201003
0.007456975503
0.00745531032
0.007453281455
0.007451091482
0.007449476888
0.007449302937
0.00745434936
0.008157125282
0.5036831822
0.9801688654
0.9990494592
0.9990386327
0.9991772948
0.9992505309
0.9992592376
0.9992392205
0.9992030597
0.9991569017
0.9991134894
0.9990773738
0.9990449033
0.999016605
0.9989977315
0.9989925342
0.9990053732
0.9990414431
0.9991027048
0.9991859325
0.9992796819
0.9993641149
0.999424504
0.9994628958
0.9994901383
0.9995138829
0.9995389408
0.9995709847
0.9996166029
0.9996781245
0.9997434046
0.9997901118
0.999808683
0.9998003664
0.9997622902
0.9996925516
0.999580457
0.9994548399
0.999387682
0.9993486213
0.9993304696
0.9993620884
0.9994446536
0.9995020027
0.9995372412
0.9995804426
0.9996360122
0.9996982806
0.9997465559
0.9997616866
0.9997525715
0.9997525024
0.9997575526
0.9997418427
0.9996327171
0.9991825887
0.9979971598
0.9966673573
0.9970553119
0.9984482202
0.9983747443
0.9971430075
0.9958510527
0.9957538593
0.9960231745
0.9963245266
0.996566312
0.9967766688
0.9970109027
0.9972956629
0.9976258129
0.9979803494
0.9983361403
0.9986749993
0.9989865645
0.9992693828
0.99952877
0.9997573999
0.9999008298
0.9991428205
0.996971326
0.9965466443
0.9960169982
0.995428736
0.9964391519
0.9970595069
0.9965296648
0.9968804588
0.9977299637
0.9983438668
0.9983304373
0.9982987927
0.9986272609
0.9995500688
0.9998159539
0.9975828731
0.009547022706
0.008540172646
0.007423692375
0.007428794103
0.007435243892
0.007438817301
0.007442669131
0.007445825292
0.007448703476
0.007451006442
0.007452891611
0.007454279834
0.007455399377
0.007456299024
0.007456835985
0.007456745963
0.007455959008
0.007454503913
0.007452453165
0.007449933661
0.007447128476
0.007444391168
0.007442203363
0.007439293163
0.008270965435
0.5171733322
0.9680077024
0.9983874116
0.9988476234
0.9988728096
0.9989788951
0.9989956427
0.9990124858
0.9990225108
0.9990071344
0.9989910502
0.9989824706
0.9989748283
0.9989703141
0.9989757643
0.9989954377
0.9990367591
0.9991081669
0.9992112835
0.9993424526
0.9994841752
0.9995992367
0.9996592875
0.9996762968
0.9996758789
0.9996711653
0.9996673544
0.9996694118
0.9996839941
0.9997173488
0.9997590478
0.9997733213
0.9997555477
0.9997345854
0.9997395326
0.9997671504
0.9997548971
0.9996428828
0.9993145806
0.9992048624
0.9991445324
0.9991474612
0.999270826
0.9996059103
0.9997183631
0.9997302915
0.9997015302
0.9996254027
0.9994744935
0.9992316501
0.9989406663
0.9989303818
0.9991015094
0.9991970545
0.999074985
0.9985516723
0.9975100762
0.9966114145
0.9954597136
0.994533473
0.008046339103
0.009448417582
0.008766819839
0.008887217517
0.008992197221
0.009103427189
0.009227346794
0.009359941097
0.009490825441
0.009606732276
0.009689408912
0.009711582233
0.009634415527
0.009408120738
0.008972442047
0.008246402995
0.007129585196
0.006384681478
0.01300657417
0.06949120326
0.9826424967
0.9781911167
0.9941693463
0.9932957634
0.9945043437
0.9958852765
0.9954711311
0.9961085577
0.996412147
0.9972965351
0.9981035164
0.9978145204
0.9979433871
0.9986432716
0.9995043056
0.9998646867
0.9993843411
0.9969310376
0.008053697342
0.00848027933
0.007427085
0.007434531521
0.007441086667
0.007444005342
0.007446928326
0.007449026836
0.007450771344
0.007451972477
0.007452976527
0.007453798663
0.007454307533
0.007454140172
0.007453232955
0.007451567426
0.007449149394
0.00744614184
0.007442720799
0.007439078121
0.007435442542
0.007430061399
0.008252378016
0.7634398485
0.9674841464
0.0621790274
0.3536053091
0.9975806419
0.9989085126
0.9989153567
0.9989566061
0.9989012049
0.9989125561
0.9989299483
0.9989423044
0.9989485401
0.9989679466
0.9989992122
0.9990387618
0.9991047816
0.9992088958
0.9993439085
0.9994997027
0.9996364508
0.999678348
0.9996372142
0.999642505
0.9996698564
0.9996891005
0.9996965178
0.9996943003
0.9996883502
0.9996866167
0.9996868088
0.9996052791
0.9993677238
0.9989719252
0.9985008798
0.9984466686
0.9990157094
0.9990435955
0.9995194975
0.9991625161
0.9991846987
0.9991871617
0.999208911
0.9996131806
0.9989490422
0.9986301168
0.9984903276
0.9983157196
0.9981770877
0.9980099794
0.9977366405
0.9971726707
0.99741443
0.9978156283
0.9981949173
0.9981712181
0.9975362588
0.9969769387
0.9966445197
0.9966821732
0.9965937894
0.9955825308
0.009252378335
0.008113365352
0.007411621993
0.00741197775
0.007412698336
0.007413430269
0.007414154071
0.007414874351
0.007415563923
0.007416283115
0.007417043604
0.007417896132
0.007418894497
0.007420152259
0.007421912034
0.007425091364
0.007432275107
0.007464012611
0.007867523358
0.008066507614
0.008586152394
0.005740094539
0.9792749771
0.9935332781
0.02720222615
0.9799692638
0.9937594999
0.9969176127
0.9961962845
0.9973150387
0.9978423055
0.998199053
0.9988639331
0.9994051796
0.9996982281
0.9998136874
0.9991201613
0.9966565617
0.006900829477
0.008422483968
0.007429879431
0.007438643528
0.007444576503
0.007446430311
0.007448125485
0.00744908396
0.007449995111
0.007450816051
0.00745141018
0.007451205038
0.007450231711
0.007448424738
0.007445714001
0.007442342146
0.00743847824
0.007434228068
0.007429787374
0.007423676777
0.008313447421
0.8410560656
0.9447935938
0.007636742572
0.007537608311
0.008074543204
0.009008860439
0.0668899623
0.9973284667
0.9981786917
0.9990037423
0.9990016386
0.9990966642
0.9990071097
0.9989844256
0.9990701346
0.9991122674
0.99918416
0.9993087563
0.9994432764
0.9995580809
0.9995348589
0.999118119
0.9983153914
0.9979543338
0.9987935392
0.9991773082
0.9994180085
0.9995519873
0.9996184752
0.9996411391
0.9996397552
0.999660044
0.9990346008
0.9979848016
0.9968975312
0.9957546592
0.9958710036
0.9957655099
0.9963699542
0.8648325146
0.6764722573
0.4105477124
0.4745284843
0.6339377543
0.9997979776
0.9969073401
0.9991151326
0.9963795202
0.9963397098
0.9957079837
0.9958568162
0.9955953352
0.9957344132
0.9958426111
0.9965908605
0.9971624548
0.9972201802
0.9968723229
0.9966921219
0.9966701746
0.9968530612
0.9971407555
0.9964528943
0.9972261645
0.00960632094
0.008070974904
0.007412237368
0.007413061026
0.007414024054
0.007414843987
0.007415545117
0.007416189217
0.007416746178
0.007417254689
0.007417700568
0.007418042613
0.0074180807
0.007417696318
0.007417254397
0.007416365481
0.007415139918
0.007412938155
0.008045788012
0.6292126325
0.9962745968
0.8778390341
0.0108502307
0.9942197681
0.9821341006
0.5048165193
0.009443241184
0.007024985545
0.9967570282
0.9968420152
0.9982821927
0.9988234208
0.9992373143
0.9994992505
0.9996462049
0.9997146218
0.9988256672
0.9963916694
0.006251975181
0.00836080956
0.007431601313
0.007440592649
0.007445324957
0.007445932449
0.007446705007
0.007447562099
0.007448360068
0.00744812905
0.007447183704
0.007445344978
0.007442443959
0.007438905827
0.007434847204
0.007430285114
0.007425558255
0.007419690222
0.008375819135
0.9378144591
0.9614393416
0.007701337722
0.00741662625
0.007409794916
0.007409826367
0.007421004924
0.007996256744
0.008845913889
0.008742476298
0.4751488157
0.9974301673
0.998912735
0.9991454667
0.9991576269
0.9992753174
0.9992077512
0.999383811
0.999494117
0.9995388401
0.9993518474
0.9984590002
0.9970225968
0.9959515851
0.9960795869
0.9967293837
0.9969940053
0.9972492106
0.9976790058
0.9982974225
0.9990626979
0.9995965055
0.9992089315
0.9975511351
0.9970904658
0.9955517619
0.9971882721
0.127784195
0.007353652775
0.009457966571
0.00870757575
0.00802012594
0.007885222849
0.007981129482
0.008193099968
0.008314168372
0.009446324421
0.009175390211
0.008949886349
0.008577756612
0.008613838159
0.007657173832
0.9699846926
0.985544116
0.9942565087
0.9974711248
0.9956397329
0.9963319325
0.9967349402
0.9967591742
0.9968345126
0.9969834353
0.9971497514
0.9972005803
0.9962680753
0.9965363306
0.00963267812
0.008045297375
0.007412419146
0.007413451743
0.007414404564
0.007415138387
0.007415708354
0.007416194006
0.007416608117
0.007416965695
0.007416995549
0.007416500747
0.007415895524
0.007415767427
0.007416024577
0.007414680572
0.008272660867
0.5968307639
0.9954529066
0.02608660764
0.988039173
0.9944072952
0.8974295356
0.008644683799
0.007792687414
0.007416966217
0.008216585237
0.009378873473
0.998420673
0.9970037303
0.9986175304
0.9990322298
0.999301644
0.9994675131
0.999557716
0.9995803204
0.9984852553
0.996066558
0.00651549205
0.008303527859
0.0074320056
0.007439796028
0.007443307248
0.007444163049
0.00744533478
0.007444969822
0.007444254229
0.007442540095
0.007439506981
0.00743606883
0.007432119534
0.007427440565
0.007422712968
0.007417527624
0.008470034066
0.9823069151
0.9771875931
0.007698344856
0.007408877606
0.007410150394
0.007410268717
0.007411166523
0.007411791245
0.007411998582
0.007417777614
0.007575777492
0.008315382854
0.009294950387
0.03114968316
0.933942735
0.9973560826
0.9994901425
0.9995054265
0.9995988625
0.9995269126
0.9994495259
0.998908173
0.9975798921
0.9962827502
0.9979058883
0.01976430453
0.00856040442
0.009560741684
0.009613378805
0.009341371697
0.007284090133
0.008547508214
0.1106963702
0.9986448548
0.996141175
0.9968567922
0.9967977741
0.9981847493
0.9985247486
0.9957434124
0.8794580759
0.008580955767
0.009188735865
0.008351361037
0.007909702596
0.008217440365
0.0003092154906
0.9952001049
0.008882985055
0.9933520488
0.009067158588
0.9303364501
0.947933062
0.9344592955
0.9762076677
0.8740882929
0.009408126639
0.3027217964
0.9968392114
0.9961294749
0.9969425454
0.9970174768
0.9971061608
0.997173556
0.9971805876
0.9971027503
0.9960889269
0.9957818952
0.009599842642
0.008015979209
0.007412688273
0.007413882053
0.007414765207
0.007415277393
0.00741569436
0.007416290753
0.007416618579
0.007416242786
0.007415584733
0.007415140734
0.007415344495
0.007416507907
0.008449795307
0.9003201411
0.9920899996
0.4651834401
0.9958674879
0.993271596
0.008709275971
0.007846430903
0.007413716049
0.007413599566
0.007412204784
0.007411282768
0.008114039453
0.009319123192
0.9972095032
0.9972826763
0.998880293
0.999166552
0.9993395092
0.9994329819
0.9994583771
0.9994101382
0.9981211998
0.995765622
0.006906945099
0.008368600855
0.007432990549
0.007435208033
0.007440850038
0.007441420721
0.00744147412
0.007440317195
0.007436974981
0.007433853837
0.007430536222
0.007425862521
0.007421139724
0.00741686614
0.008581996692
0.9924649631
0.9875263858
0.007697102374
0.007407753504
0.007409456808
0.007410300726
0.007411164387
0.007411932223
0.007412475012
0.007413678211
0.007415112921
0.007414719268
0.007414058244
0.007423990764
0.007861810858
0.008604817189
0.006019960573
0.1924708043
0.9971472018
0.9988857215
0.9994040967
0.9995438677
0.9991984904
0.9982756536
0.9979223756
0.9975508732
0.9958581534
0.007564515108
0.00819863569
0.007413806826
0.007416883575
0.00742482581
0.007466455176
0.008040747232
0.00877248793
0.006631709746
0.9802429826
0.996600451
0.9991728044
0.9988386718
0.9980796216
0.9989999538
0.9969455322
0.9972724427
0.6311952538
0.01449573162
0.851603282
0.004134934869
0.008661699982
0.009115799766
0.007959988597
0.8200162714
0.943262657
0.9866598011
0.9726330264
0.008791928274
0.008018125155
0.007574425781
0.008283940867
0.009424673584
0.9957379141
0.9961443416
0.9970797419
0.9971615357
0.997192837
0.9971795433
0.9971201734
0.9969972871
0.995889948
0.9954526034
0.009499418144
0.007989708516
0.007413112733
0.007414450337
0.007414941193
0.007415828922
0.007416744458
0.00741655961
0.00741588167
0.007415141032
0.007414347995
0.007415383455
0.009112514411
0.9864902137
0.9779358857
0.9916080401
0.9944586587
0.2567807706
0.008166503771
0.00741236478
0.007413701807
0.007413160664
0.007412550033
0.0074116622
0.007411035754
0.007411395873
0.008162502657
0.008761142953
0.9959313763
0.9976167541
0.9991151074
0.999293623
0.999379372
0.9993843797
0.9993116714
0.9991753103
0.9978336569
0.9959295832
0.008994153133
0.008714651621
0.007828869176
0.007429888038
0.007433137395
0.007437418578
0.007435093086
0.007431996682
0.007429775049
0.007426249512
0.007421012053
0.007417673953
0.008755894972
0.9950929086
0.9912638965
0.007696667673
0.007407485367
0.007409127713
0.007410012532
0.007410925476
0.007411677555
0.007412291383
0.007413197281
0.007414362106
0.007414923054
0.00741475622
0.007415331461
0.007416154377
0.007415073396
0.007415541642
0.007461926458
0.008458757009
0.006338409228
0.9999956611
0.9987775355
0.9997126235
0.9994407305
0.9988135584
0.998729636
0.9987450829
0.9973350946
0.9981198345
0.009571472545
0.00802671407
0.007412633969
0.007415741756
0.007418286541
0.007418997012
0.007422083334
0.00783105428
0.008340232845
0.008360125444
0.06739768001
0.9976022046
0.9967978589
0.9976569077
0.996950268
0.9975540287
0.9979024493
0.9968013103
0.9932561578
0.9879184236
0.9229147228
0.8260181291
0.9876400668
0.9924569825
0.9887654886
0.3158787944
0.008282547655
0.007398086516
0.007411841758
0.007412051523
0.00741048487
0.00805301325
0.009502830892
0.9962706845
0.9963121052
0.9971886645
0.9972359596
0.9972195884
0.9971591905
0.9970562298
0.9968975849
0.9956892815
0.9956856991
0.009390581667
0.008085398367
0.007415860309
0.007414420847
0.007416527953
0.007416993215
0.00741613437
0.007414794623
0.007413978803
0.007840770966
0.006532457296
0.996179169
0.9945825025
0.9856364677
0.8468246106
0.008356026742
0.007521767161
0.0074130091
0.007412842268
0.007412733305
0.007412532538
0.007412147056
0.007411749082
0.007411520275
0.007411411402
0.00741206795
0.008223746496
0.007894087066
0.9956527338
0.9979721643
0.9993191182
0.999388926
0.9993153783
0.9991059306
0.998831248
0.9987304713
0.9980140089
0.9959341213
0.9665228496
0.008770366486
0.008433653108
0.007882897796
0.007428993813
0.007425877052
0.007425230734
0.007426105493
0.007428850977
0.007419811792
0.009263265572
0.995347024
0.9929443241
0.007696549207
0.007407423977
0.007408970527
0.007409765155
0.007410626569
0.007411398492
0.007412090681
0.007412915001
0.007413829528
0.007414418522
0.007414604737
0.007415037662
0.007415758614
0.007415912692
0.007415644939
0.007415921292
0.007415625759
0.007415865589
0.007950280413
0.009528848911
0.5004003156
0.9983103729
0.9984700388
0.9987465288
0.9987508842
0.9985869552
0.9981118339
0.9966129958
0.9962162347
0.00948915738
0.007978452972
0.007416286755
0.007421194509
0.007425293605
0.007427575804
0.007425694898
0.00742566319
0.00745233509
0.008011322059
0.008654417271
0.007717652993
0.9434174288
0.9947509852
0.995898758
0.9958285896
0.9924469184
0.9937827768
0.9950334509
0.995956385
0.9948017485
0.9935739367
0.8369911305
0.008479689281
0.007605313671
0.007413268359
0.007413128028
0.007412782796
0.007412929731
0.00741261356
0.007411594199
0.008055236554
0.00953492888
0.9973047395
0.9964702743
0.9973062315
0.9973104616
0.9972436128
0.9971172925
0.9969552927
0.9967921237
0.9955652089
0.9951471363
0.007357629707
0.008580579878
0.00780313141
0.00741529639
0.007416738752
0.007414568342
0.007416332929
0.008411700327
0.9841858719
0.996783058
0.9952180842
0.9724023958
0.008720277835
0.007699405171
0.007412155756
0.007413509655
0.007413190223
0.0074128946
0.00741272699
0.007412479013
0.007412207951
0.007412010958
0.007411941479
0.007411961951
0.007411935105
0.007412738412
0.008283570474
0.00701857543
0.9958724943
0.9983367343
0.9994554643
0.9991770702
0.9985506836
0.9980604941
0.9977876449
0.9973898001
0.9960919039
0.9953932645
0.9949058064
0.9820340506
0.00637809105
0.008742976066
0.0082153653
0.007971138064
0.007752090282
0.007775108922
0.009449180666
0.996703767
0.9937339749
0.007696534566
0.007407416293
0.007408895787
0.007409595941
0.007410381465
0.007411145755
0.007411878666
0.007412665295
0.007413459892
0.007414061188
0.007414459126
0.00741494494
0.007415513249
0.007415778434
0.007415773633
0.007415944893
0.007416001571
0.007415758324
0.007415724803
0.007416470502
0.007631857121
0.009555626482
0.9978280365
0.9971610755
0.9986870942
0.9988127063
0.9985734412
0.9979819522
0.9972523694
0.995939308
0.9953477122
0.009428924496
0.008019851146
0.00742125872
0.007427567346
0.00742963736
0.007429369191
0.007427319759
0.007422978913
0.007418213824
0.007417609545
0.007745772123
0.008211353361
0.009111180837
0.9767306808
0.9864354766
0.9947605199
0.9961193704
0.9971644461
0.9956751535
0.9916392502
0.00899102774
0.007894570246
0.007409121178
0.007413698649
0.007413724146
0.007413624212
0.007413740358
0.007413698079
0.007413420766
0.007412945439
0.007411986273
0.008085005603
0.009485414418
0.9978131341
0.9966001384
0.9974341044
0.9973587183
0.9971255394
0.9968424512
0.9966141351
0.9966319888
0.996482208
0.9953011675
0.9175619125
0.009288086474
0.008132263489
0.00741594024
0.007918512082
0.006824576821
0.9949247985
0.9961216588
0.9953714541
0.008838828788
0.008035740705
0.007411113732
0.007413312034
0.00741371974
0.007413580802
0.007413249059
0.007412994229
0.007412761468
0.007412539442
0.007412363515
0.007412263085
0.007412248263
0.00741231386
0.007412396652
0.007412367432
0.00741336191
0.008341249841
0.006479014811
0.9963952611
0.999034934
0.9988848698
0.997897804
0.9973795836
0.9967911952
0.9957534527
0.9948389682
0.994963423
0.9953926124
0.9970293739
0.995833399
0.9863962511
0.558774644
0.4583770484
0.00849547537
0.6782558263
0.9966162319
0.9947876573
0.00769654965
0.007407422021
0.007408860498
0.007409486258
0.007410203359
0.007410942445
0.007411683751
0.007412448978
0.007413195396
0.00741382268
0.007414337203
0.007414866518
0.007415380299
0.007415695876
0.007415840262
0.007415988276
0.007415997321
0.007415803581
0.007415663962
0.007415513657
0.007415400699
0.007414445377
0.007939423322
0.008874269677
0.9955945418
0.9980330109
0.9992603332
0.9988115634
0.997901584
0.9972934085
0.9969926285
0.995803542
0.9949614192
0.009417701849
0.008154057323
0.007424657398
0.007428531654
0.007428545318
0.007425367801
0.007421791726
0.007419456787
0.007417024803
0.007408674777
0.008183257807
0.005266039111
0.9910625958
0.9944439796
0.9963986456
0.9979990515
0.9969620598
0.9935535411
0.008546770636
0.007403515991
0.007412265856
0.007413307929
0.00741402266
0.00741438274
0.00741454746
0.007414468036
0.007414199165
0.00741392822
0.007413710984
0.007413032957
0.007411562571
0.008111845299
0.009369781224
0.9975814234
0.9967209277
0.9975054662
0.9969951728
0.9962431499
0.9954477832
0.9955955067
0.9960934917
0.995291389
0.9966411109
0.9910635116
0.009316378455
0.00871100388
0.9863900276
0.9965977588
0.9965206522
0.9224301354
0.008464160932
0.007406664469
0.007412532792
0.007413269338
0.007413675284
0.007413607838
0.007413407504
0.007413186492
0.007412975099
0.007412782964
0.007412623545
0.007412511655
0.007412455967
0.00741245518
0.007412499474
0.007412585362
0.007412655896
0.007412615825
0.007414016345
0.008480229802
0.01135917822
0.9965468024
0.9971307791
0.9972009595
0.9966276535
0.9953394566
0.9946601134
0.9868322755
0.9850501516
0.9950258043
0.996787356
0.9950922314
0.9946507672
0.9922564697
0.9880278969
0.9859924602
0.9960248021
0.9943811891
0.007696570724
0.007407429626
0.007408843704
0.007409415492
0.007410078949
0.007410788789
0.007411522381
0.007412273334
0.007413004338
0.007413660461
0.00741424505
0.007414808691
0.0074153194
0.007415686773
0.007415927337
0.00741611033
0.007416168516
0.007416101147
0.007416048211
0.007416016694
0.007416040035
0.007415443597
0.007413763397
0.007413242464
0.008262041837
0.006484420366
0.9967925233
0.9992820439
0.9989608517
0.9977803251
0.9972656703
0.9969537266
0.9968576696
0.9960753242
0.9963865822
0.007940776044
0.008304331879
0.007424727377
0.007425255448
0.007422472094
0.007418528358
0.007414574118
0.00766278327
0.008560461375
0.9927003565
0.9943678365
0.994535587
0.9955009292
0.9967774555
0.9966952642
0.9963747718
0.006434727012
0.007416853488
0.007411610526
0.00741237962
0.007413728596
0.007414797129
0.007415184956
0.007415110899
0.007414804602
0.007414459388
0.007414159096
0.007413955784
0.00741380178
0.007412428843
0.007409094437
0.008137451283
0.00909830351
0.9957811451
0.997232383
0.9967978861
0.9949435979
0.9949838001
0.9950247266
0.995348963
0.9957792297
0.9962416854
0.9938199761
0.9892203029
0.9932474736
0.9954845089
0.9957147916
0.009210236194
0.007756824796
0.007413594943
0.007412782073
0.007413001555
0.007413387738
0.007413501297
0.007413436278
0.007413300782
0.007413136452
0.007412972714
0.007412826345
0.007412707791
0.00741262302
0.007412571973
0.007412548701
0.007412545086
0.0074125512
0.007412566
0.00741252557
0.007412410893
0.007420003238
0.008853828562
0.9929697545
0.9966533366
0.9969378714
0.9961911355
0.9950460719
0.994258799
0.9930584309
0.009959671155
0.007329101304
0.994198552
0.9929319756
0.984152925
0.9576834622
0.9924281537
0.9951659143
0.993525036
0.007696589602
0.007407435456
0.007408834697
0.007409368722
0.007409992849
0.007410676664
0.007411397888
0.007412139156
0.007412868436
0.007413550707
0.007414182339
0.007414777837
0.007415310436
0.007415733157
0.007416053433
0.007416298938
0.007416442411
0.007416500918
0.007416552502
0.007416602529
0.007416616928
0.007416230168
0.007415317111
0.0074147865
0.007414570949
0.007416025522
0.008551720259
0.02532864858
0.997104215
0.9974016641
0.9972565492
0.9967842439
0.9964354108
0.9966142054
0.9969774489
0.9968048187
0.9951997207
0.006759619675
0.008291121195
0.0074198967
0.007417551174
0.007410978223
0.008383372362
0.5932770398
0.9946073339
0.9947596522
0.9948927804
0.9950248571
0.9951333725
0.01159475397
0.9956548113
0.9970632416
0.00937049892
0.007411074191
0.007411429966
0.00741373396
0.007415409377
0.007415901889
0.007415709698
0.007415279412
0.007414835077
0.007414455632
0.0074141822
0.007414044289
0.007414047033
0.007412949679
0.007410200824
0.007413560566
0.00823314017
0.006604341946
0.9957488134
0.9947992428
0.9941857665
0.994416851
0.9946713742
0.9951568036
0.9958351442
0.9961725941
0.9953244012
0.9949612072
0.9958709047
0.9814148383
0.008659263294
0.007406384662
0.007415041579
0.007413884987
0.007413480024
0.007413503618
0.007413541792
0.007413506483
0.007413410963
0.00741328058
0.007413138708
0.007413001677
0.007412878736
0.007412774251
0.007412688668
0.007412619109
0.007412561623
0.007412513134
0.007412472262
0.007412438798
0.007412436933
0.007412575767
0.007412163761
0.007883946334
0.008608110868
0.9951346377
0.9961524576
0.9962353147
0.994936755
0.9949583737
0.995213144
0.9949672454
0.00614503842
0.005534981333
0.9663714012
0.9821198309
0.992414229
0.9954349287
0.9922722489
0.007696602234
0.007407438042
0.007408827461
0.0074093359
0.007409932825
0.007410596802
0.007411306976
0.007412042461
0.007412775356
0.007413479391
0.007414145143
0.00741477052
0.007415334318
0.007415809994
0.007416198055
0.007416507743
0.007416728304
0.007416873258
0.007416978831
0.007417032794
0.007416980526
0.00741662667
0.007415961941
0.007415438634
0.007415202747
0.007415129385
0.007414951537
0.007425266658
0.00895408058
0.9953911608
0.9968508491
0.9968078925
0.9951829131
0.995068341
0.9954956477
0.9963826712
0.9969953168
0.9967440338
0.9955265368
0.008984085154
0.008076900559
0.008372919313
0.008049844744
0.9946872362
0.9963143101
0.9968105432
0.9960002916
0.9951369175
0.007208744826
0.008487940207
0.008834598247
0.9969071195
0.995923211
0.008416536785
0.007410119837
0.007413938928
0.007416222856
0.007416636917
0.007416188716
0.007415567497
0.00741500864
0.007414552885
0.007414210983
0.007414016711
0.007413970717
0.007414198183
0.007413732918
0.007412045383
0.007414469388
0.007418706862
0.008801147403
0.9931749986
0.9940647188
0.9947014746
0.9951440737
0.996093347
0.9966677592
0.9967638888
0.9959515152
0.9952006932
0.9951914701
0.04667466708
0.007956301606
0.007415820652
0.007415557979
0.007414348731
0.007413918013
0.007413744247
0.007413679428
0.007413621007
0.007413535323
0.007413422763
0.007413296177
0.007413167276
0.007413043521
0.007412928195
0.007412822387
0.00741272633
0.007412642209
0.007412577686
0.007412540912
0.007412543411
0.007412599966
0.007412743139
0.007412569162
0.007411882317
0.007413060873
0.008509624699
0.9794305016
0.9962265563
0.9957621686
0.9945901983
0.9948371202
0.9952304667
0.9950156846
0.9938544329
0.9856353462
0.9899402278
0.9926500614
0.995332408
0.9742549286
0.007696605482
0.007407436454
0.00740881817
0.007409310286
0.007409890111
0.007410541341
0.007411244424
0.007411977637
0.00741271589
0.00741343696
0.00741412769
0.007414778704
0.007415373296
0.007415894494
0.007416336972
0.007416699807
0.007416976667
0.007417170936
0.00741729331
0.007417319536
0.007417204993
0.00741685018
0.007416297116
0.007415772621
0.007415387012
0.007415156134
0.007415168592
0.00741539811
0.007414580418
0.007898470374
0.007867762073
0.9947043355
0.9945119025
0.9937604065
0.9944594779
0.9954026011
0.9953615564
0.995118931
0.9954507257
0.996158428
0.9695856717
0.007158732838
0.9946569972
0.9965171444
0.9972422477
0.9969437666
0.9953283959
0.007613526731
0.008296264506
0.007420806382
0.00742208487
0.007380364902
0.9985286756
0.9969250479
0.008191763754
0.007414432423
0.007417641921
0.007417503881
0.007416545336
0.007415658667
0.007414976587
0.007414457426
0.007414059755
0.007413800724
0.007413604288
0.007413640729
0.007414228883
0.007414020664
0.007411297874
0.007413910586
0.008241595316
0.007196131294
0.9936197205
0.994988998
0.996353771
0.9971907157
0.9983361278
0.9989450499
0.9976179398
0.995454209
0.9178109005
0.008904900763
0.007479790281
0.007418458827
0.007416549034
0.007415071586
0.007414419476
0.007414098163
0.007413920558
0.007413801462
0.007413693042
0.007413578154
0.007413457013
0.007413334074
0.007413212796
0.007413093769
0.007412977502
0.007412865698
0.007412765626
0.007412696871
0.007412675718
0.00741271912
0.007412820674
0.007412973159
0.00741295092
0.007412761585
0.007413086652
0.007412540559
0.007870761689
0.006283210024
0.9953301191
0.9946842974
0.9945865457
0.994794874
0.9958805173
0.996112285
0.9953384796
0.9933597288
0.9911176384
0.9932636112
0.1846140859
0.007696596413
0.007407429848
0.007408804091
0.007409287366
0.007409858831
0.007410504586
0.007411205581
0.007411939648
0.007412683298
0.007413416555
0.007414124081
0.007414793764
0.007415412913
0.007415969469
0.007416452227
0.007416853437
0.00741716725
0.007417386212
0.007417508672
0.007417503106
0.0074173486
0.007416994564
0.007416514726
0.007416020222
0.007415641962
0.007415386017
0.007415435734
0.007415769655
0.007416035509
0.007415136168
0.00741583181
0.008490228812
0.9683328009
0.990712892
0.9917663691
0.9927269634
0.9929454334
0.9932923805
0.9939433942
0.9952888566
0.996506785
0.9956121009
0.9963940314
0.996962245
0.9971091345
0.9961461615
0.005818435611
0.008308133312
0.007417295216
0.007418968769
0.007420062421
0.007434317749
0.01620104396
0.9971218995
0.9934888423
0.008252895029
0.007419700313
0.007418778837
0.007416834046
0.007415574386
0.007414764389
0.007414191361
0.007413778284
0.007413536473
0.007413148539
0.007412816559
0.007413456908
0.007413435663
0.007412159049
0.008031211086
0.009107762191
0.9906184204
0.9933160219
0.9953574165
0.9959594819
0.9972095674
0.9988130661
0.9995464545
0.9988955688
0.9959450398
0.009579738915
0.007788211773
0.007417646137
0.007418490255
0.007416586826
0.007415454795
0.0074148019
0.007414421043
0.007414180693
0.007414009972
0.007413870403
0.007413742847
0.007413621288
0.00741350388
0.007413389206
0.007413272781
0.007413152247
0.00741302766
0.007412908875
0.007412829985
0.007412815447
0.007412895664
0.007413040854
0.007413236353
0.007413318623
0.007413446053
0.007414299754
0.007415055457
0.007415471738
0.007418193314
0.009174265807
0.9939436524
0.9950060792
0.9956046791
0.9967410503
0.9971373624
0.9968999631
0.9954416189
0.9931708921
0.9783547612
0.03649943531
0.007696572212
0.007407417352
0.007408783132
0.00740926424
0.007409835482
0.00741048318
0.007411187591
0.007411925285
0.007412673345
0.007413413719
0.007414129528
0.007414808324
0.007415442311
0.007416023121
0.007416531942
0.007416956155
0.00741729211
0.007417520917
0.007417638641
0.007417603382
0.007417427271
0.007417068494
0.007416646243
0.007416170561
0.00741582373
0.007415529777
0.007415506273
0.007415541801
0.007416004499
0.007415438968
0.007415111964
0.007887520007
0.008853052101
0.9111170218
0.9863075244
0.9919757034
0.992973102
0.9940484431
0.9949784115
0.9956447712
0.9965835599
0.9968165423
0.9970629163
0.9966739951
0.9963735567
0.3257314647
0.008640687453
0.007418334291
0.007417278474
0.00741806964
0.007417690293
0.007416459815
0.007985225717
0.974581115
0.997068744
0.4542726613
0.007757810385
0.007421236807
0.007417310206
0.007415380068
0.007414410229
0.007413777973
0.007413376258
0.007413365845
0.007413013467
0.00741229396
0.007413366958
0.007412907389
0.008054891996
0.009102700569
0.9855523035
0.9929677333
0.9920075496
0.9924806645
0.9950249955
0.9959087044
0.997339021
0.9984602723
0.9980786865
0.9967508105
0.007541590153
0.007416050511
0.007417548478
0.007417838166
0.007416730023
0.007415753533
0.007415129328
0.007414715409
0.00741443061
0.007414218681
0.007414048589
0.007413905007
0.007413781346
0.007413671697
0.007413569901
0.007413463385
0.007413343989
0.007413204856
0.00741305536
0.007412949695
0.007412913635
0.007413007573
0.007413180273
0.007413427058
0.007413399483
0.00741330796
0.007414069216
0.007414538829
0.00741469288
0.008046129254
0.009159941248
0.9807007862
0.994605099
0.9956025108
0.9967378489
0.9971456419
0.9970979003
0.9964278724
0.9951805326
0.942267572
0.03016544672
0.00769653013
0.007407398048
0.007408753679
0.007409239333
0.007409818596
0.007410476125
0.007411190025
0.007411933862
0.007412684488
0.007413426627
0.007414141112
0.007414816816
0.007415453787
0.007416048101
0.007416568163
0.007416998945
0.007417345527
0.007417573925
0.007417688943
0.007417618457
0.007417434376
0.007417051351
0.007416674798
0.007416198267
0.007415901031
0.007415483848
0.007415491724
0.007414824305
0.00741506236
0.007413527316
0.007838617956
0.008626946958
0.5285405623
0.9711612014
0.9863094766
0.9926658077
0.9937160108
0.9953708423
0.9957441423
0.9970496697
0.9980908417
0.9980195401
0.997348356
0.9958804163
0.9831191865
0.009204883599
0.007620486568
0.007417262933
0.007416808607
0.007416689241
0.007415747908
0.007413949969
0.007411146024
0.008003936876
0.9915172017
0.9990298451
0.01791816614
0.007436057604
0.00741715232
0.007414677475
0.007413790728
0.007413169837
0.007412710034
0.007413025024
0.007412901891
0.007412413605
0.007423039913
0.008346735943
0.009196350016
0.9942583153
0.9949621626
0.9949076384
0.9922870496
0.9920569001
0.9927654695
0.9953029151
0.9959728599
0.9958704168
0.9966015206
0.9967957988
0.9974984061
0.008259317183
0.007415099194
0.007416454502
0.007416227713
0.007415694147
0.007415230395
0.007414879887
0.007414607601
0.007414384868
0.007414198503
0.00741404429
0.007413922142
0.007413826119
0.007413747575
0.007413661739
0.007413552443
0.007413397207
0.007413199426
0.007413054631
0.007412966638
0.007413037453
0.007413197216
0.007413607157
0.007413511465
0.007412837177
0.007413392962
0.007413368626
0.007998693993
0.00897305246
0.9643387889
0.9906539108
0.9928050177
0.9948864276
0.995498803
0.9963192252
0.9964775716
0.9957171667
0.9952927992
0.9925290052
0.07823290882
0.007696467248
0.007407370948
0.007408714595
0.007409212335
0.007409808554
0.00741048472
0.007411215208
0.007411967632
0.007412718081
0.00741345659
0.007414158359
0.007414815406
0.007415442348
0.007416041837
0.007416555538
0.007416972504
0.007417321133
0.007417535122
0.007417657928
0.007417536653
0.00741734589
0.007416912682
0.007416598536
0.007416008206
0.007415941255
0.007415226936
0.007415271873
0.007414554825
0.007418323127
0.0080777799
0.008759428582
0.7571432865
0.9899292002
0.9877981082
0.9829066011
0.9923748034
0.9938260676
0.9951126422
0.9962204747
0.9975437232
0.999240999
0.9994633613
0.9976836801
0.9973327629
0.009303803519
0.007864569279
0.007416822654
0.007416597601
0.007416013206
0.007415445183
0.007414382842
0.007412651554
0.007410268477
0.007407917875
0.008099898205
0.9962553553
0.9980795237
0.009426039061
0.007415207853
0.007412747531
0.007412699304
0.007412400117
0.007411563831
0.007411802328
0.007410984703
0.007666596876
0.008784460129
0.01218810233
0.9951667521
0.9960788048
0.9960486897
0.9948421441
0.9947856405
0.9951379372
0.9955319038
0.9957784261
0.9954250187
0.9871351862
0.9953865021
0.9969223563
0.9964039692
0.008921164121
0.007413428203
0.007414922514
0.007415414434
0.007415303415
0.007415100001
0.007414895173
0.007414692031
0.007414490279
0.007414303156
0.007414144569
0.007414027872
0.007413951558
0.007413910798
0.007413861888
0.007413778428
0.007413611209
0.00741334594
0.007413156494
0.007413016949
0.007413052178
0.007413042269
0.00741367748
0.007413727584
0.0074130136
0.007417207662
0.008207823927
0.009141262813
0.9815781823
0.992605409
0.9915351909
0.985886122
0.9925759224
0.9944848831
0.9952270835
0.9952216518
0.9951026325
0.9940500052
0.9931373584
0.722265356
0.007696380032
0.007407334964
0.007408665398
0.007409184429
0.007409807521
0.007410512342
0.007411268251
0.007412031975
0.007412778697
0.007413509057
0.007414183734
0.00741480171
0.0074154053
0.007416008535
0.007416493379
0.007416863376
0.007417210225
0.007417389221
0.007417520878
0.007417326318
0.007417148618
0.00741647143
0.007416356914
0.007415291207
0.007415003296
0.007413917233
0.007415611886
0.007821244305
0.008573063018
0.006483680572
0.9937457219
0.9933432684
0.9932311274
0.9898372181
0.9860301775
0.9923242241
0.9934043384
0.9946658412
0.9952394345
0.9968588465
0.9983330598
0.9987300722
0.9971822346
0.009528692596
0.008300363779
0.007416784941
0.00741812095
0.007417337735
0.007415966239
0.00741488318
0.007413670079
0.007412133664
0.007410351392
0.007409111753
0.007409519245
0.00857062481
0.9965503963
0.9965260925
0.008538943529
0.007410470861
0.00741167594
0.007412129217
0.007411540471
0.007414437841
0.008105804882
0.009135571891
0.9038127295
0.9961319669
0.9973081451
0.9972076874
0.9966437339
0.9963016289
0.9950808117
0.9951314171
0.9953540688
0.9449021329
0.007977069709
0.008832886177
0.0164566342
0.9973158622
0.9977574184
0.9956088622
0.008308315468
0.007413970996
0.007414601165
0.007414737253
0.007414801936
0.007414793152
0.007414697923
0.007414538212
0.007414359615
0.0074141983
0.007414086552
0.007414029437
0.00741404007
0.007414050125
0.007414020735
0.007413841272
0.007413490738
0.007413268952
0.007413002818
0.007413143846
0.007412600833
0.007412888019
0.007411985021
0.007679613367
0.008549941406
0.006858127982
0.9945619601
0.9951516966
0.9953254859
0.991351871
0.9856691247
0.9899164403
0.9917054742
0.9888703717
0.9901126616
0.9923545698
0.9930385868
0.9951852124
0.9836917773
0.007696263891
0.007407288865
0.007408606681
0.007409158915
0.007409819666
0.007410564176
0.007411356404
0.007412134523
0.007412874571
0.00741359658
0.00741422306
0.007414773316
0.007415343637
0.007415961887
0.007416387984
0.007416663605
0.007416989261
0.00741711163
0.007417287059
0.007416808412
0.00741688175
0.007415634963
0.007415249593
0.00741380616
0.007415799
0.007810743188
0.00854263619
0.007008856037
0.9798254272
0.9952168882
0.9962923844
0.9948154182
0.9941752772
0.9927944362
0.9923509427
0.9928864799
0.9939562187
0.9941182547
0.9945524448
0.9949144109
0.9964560044
0.9967373287
0.9960960697
0.9860228724
0.007993433985
0.007416689016
0.007417701911
0.007416871962
0.007415654079
0.007414498865
0.007413317207
0.007412048926
0.007410866655
0.007410453837
0.007411711559
0.007415000847
0.009222860537
0.9977239278
0.9954253846
0.008338291768
0.00741090216
0.007411040263
0.007664980115
0.008645162376
0.006919165624
0.9974806736
0.9959465427
0.9970737908
0.9975117736
0.9972987724
0.9967105391
0.9961538224
0.9953906838
0.9242537586
0.008295182684
0.008566463367
0.007873682583
0.007412730407
0.008420671771
0.9954666201
0.9981955992
0.9979918043
0.00703113477
0.007415859772
0.007413884301
0.007414117607
0.007414432114
0.007414638739
0.007414665434
0.007414550379
0.007414378831
0.007414209774
0.007414097636
0.00741404591
0.007414108367
0.007414188711
0.007414279751
0.007414100521
0.007413590226
0.007413551271
0.007413134498
0.00741341795
0.007413147988
0.00742355319
0.008192083452
0.009191609628
0.8470587573
0.9951630685
0.9964810846
0.9957890369
0.9948542226
0.9929934795
0.9913822134
0.9908027742
0.9883540165
0.9653784124
0.9634970012
0.9554597706
0.9923114756
0.9951835414
0.9916786381
0.007696113489
0.007407231367
0.007408541059
0.007409142166
0.007409851759
0.007410647703
0.007411487978
0.007412280475
0.007413015322
0.007413747599
0.007414290366
0.007414719943
0.007415261854
0.007415944384
0.007416235503
0.007416371851
0.007416691144
0.007416522296
0.007417020807
0.007415937507
0.007415726663
0.007414263329
0.007418113266
0.007867894536
0.00867800163
0.006473887226
0.986650469
0.995444516
0.9967677307
0.9965713807
0.9965320425
0.9947779934
0.9947447106
0.9946528217
0.9946436323
0.9951415644
0.9952212843
0.9951751735
0.995150817
0.9955463936
0.9960828128
0.9949549259
0.9952550324
0.9957529456
0.008935517252
0.007414863297
0.007416325583
0.007415884758
0.007415099463
0.0074141543
0.007413111307
0.007412015518
0.007411160174
0.007411207468
0.00741215395
0.007415218139
0.007420890458
0.007868953994
0.9965645785
0.985064935
0.008441675028
0.008249316674
0.009180744189
0.8524389507
0.9955576806
0.9970854092
0.9977624513
0.9980353648
0.9979293191
0.9974940438
0.9963575807
0.97591827
0.008070954619
0.008480898034
0.007804135189
0.007414593162
0.007414900172
0.007414660859
0.007412153535
0.009463346543
0.9966493344
0.9992173303
0.9969265502
0.008651026053
0.007413141407
0.007413477848
0.007414080629
0.007414513038
0.007414648238
0.007414557842
0.007414382417
0.007414193862
0.007414077813
0.007414005623
0.007414092235
0.007414175949
0.007414423505
0.007414333545
0.007413397996
0.007413247785
0.007412681777
0.007414820504
0.007845618325
0.009152919736
0.01404439707
0.9963533268
0.9958737597
0.9967829229
0.9968566451
0.9959565329
0.9952139921
0.9948005875
0.9949398526
0.9949378108
0.9925583138
0.9770843055
0.9882104007
0.8442472918
0.9725782004
0.9952065894
0.9932740064
0.007695925113
0.007407161689
0.007408475837
0.0074091447
0.007409912782
0.007410775675
0.007411674902
0.007412461948
0.00741319451
0.007414017605
0.00741443713
0.007414622179
0.007415130645
0.007416064508
0.007416079621
0.007415832969
0.00741647611
0.007415699615
0.007415891778
0.007414748046
0.00742269515
0.007956604044
0.009039916468
0.008042600567
0.9953322739
0.9961531166
0.9970303731
0.9970110453
0.9971592581
0.996818366
0.9964435766
0.9952455765
0.9949891235
0.9951086987
0.9952404835
0.99596433
0.9955727755
0.995338081
0.9956622329
0.9955522102
0.9902296978
0.00596691422
0.99318735
0.9963272132
0.005287363577
0.007417095351
0.007414703183
0.007414818699
0.007414487677
0.007413801938
0.007413011998
0.007412050674
0.007411213986
0.007411735926
0.007412410888
0.007414072909
0.007416618588
0.008319368193
0.9736949252
0.9925377459
0.9838475015
0.007606636466
0.9973577475
0.99554709
0.9968910378
0.9975380443
0.9978815401
0.9973494468
0.9964776834
0.996111321
0.01108575966
0.008832990011
0.007805335849
0.007414763476
0.007414500848
0.007414918606
0.007415121101
0.007414505954
0.007411874197
0.007785627886
0.9892855752
0.998210878
0.999423058
0.04394974889
0.007434498275
0.007412924083
0.007413882476
0.007414505084
0.007414696961
0.007414584626
0.007414394173
0.007414181119
0.007414057717
0.007413951775
0.007414045513
0.0074139074
0.007414145911
0.007413984226
0.007412632798
0.007413564216
0.007788164718
0.008714310954
0.006729564271
0.9951169982
0.9968638692
0.9982902334
0.9979345996
0.9978666686
0.9973647843
0.9971779583
0.996663714
0.9956760698
0.996469589
0.9967992875
0.9931219342
0.9387020999
0.957365911
0.004067829161
0.8978109628
0.9950995962
0.9934292349
0.00769570364
0.007407080552
0.007408430352
0.007409184394
0.007410007619
0.007410967451
0.007411951855
0.007412654076
0.007413343112
0.007414454924
0.00741479515
0.007414561119
0.007414824481
0.007416298559
0.007416116942
0.007415021985
0.007415341244
0.007415280072
0.007433012135
0.00804037083
0.009435806299
0.01308412009
0.9983344913
0.9968888149
0.9975430757
0.9972828623
0.9976770761
0.9973715084
0.9971162047
0.9968586627
0.9967352684
0.9963241172
0.9964096112
0.9957695527
0.9954949464
0.9965415408
0.9965074108
0.9930973272
0.9345468052
0.006547165499
0.009360495971
0.00862346926
0.9862165173
0.9956484308
0.9671137567
0.007862072865
0.007413590666
0.007413896919
0.007413924536
0.007413384452
0.007412879086
0.007412314401
0.007411496462
0.00741212511
0.007412916391
0.007417718268
0.007988759232
0.008993328985
0.4212302014
0.9958014426
0.9960304543
0.9958636411
0.9967849012
0.9972295526
0.9977689018
0.9980888614
0.9980217541
0.9967134007
0.9595242331
0.009302526998
0.00821847272
0.007421086715
0.007415356174
0.007415229251
0.007415535493
0.007415636988
0.007415089571
0.007414419615
0.007412847371
0.007411372853
0.008820313787
0.9969763554
0.9997034125
0.9969074447
0.008828957581
0.007412051447
0.007413615247
0.007414539051
0.007414793262
0.007414627527
0.007414420378
0.007414213388
0.007414139234
0.007413889304
0.007414239568
0.007413612817
0.007413314864
0.007412330345
0.007698632297
0.008568710692
0.007838353585
0.9856727908
0.995902829
0.9975544842
0.9980254369
0.9989261301
0.9983209015
0.9987113979
0.997841138
0.9978508446
0.9973755777
0.9940959791
0.9372900108
0.008809231949
0.008853300482
0.008583610707
0.008458451194
0.008557244288
0.707691636
0.9951202392
0.9929706024
0.007695491387
0.007406991444
0.007408449953
0.007409300549
0.007410126879
0.007411221457
0.007412402425
0.007412888717
0.007413290442
0.00741494693
0.007415364496
0.007414913331
0.007414699065
0.007415871643
0.007415236628
0.007418863209
0.007760690353
0.008250004877
0.009571418178
0.05036139798
0.9980016226
0.9974773476
0.9984285378
0.998012951
0.9984125807
0.9977178561
0.9975915593
0.9974771545
0.9972262543
0.9971016775
0.9966816212
0.9961563607
0.9963415311
0.9952289628
0.9821116103
0.8907630272
0.006771398759
0.009114174409
0.008162267597
0.007830581695
0.007427004841
0.007416943003
0.008613106114
0.9967307751
0.995051425
0.008400085145
0.007412359048
0.00741290616
0.007413340527
0.007412914099
0.007412330116
0.007412014213
0.007412708777
0.007422476133
0.007943499736
0.008923884566
0.007206455321
0.9918046579
0.9961969137
0.9966539134
0.9975412481
0.997751844
0.9977862416
0.9978570253
0.9974970891
0.9967782698
0.9955597436
0.01900749836
0.008991181553
0.007698318968
0.007413413477
0.007414119751
0.007415117243
0.007415648925
0.007415558283
0.007415497608
0.007415006631
0.007414290769
0.007413224784
0.007412457652
0.007421548858
0.01996034447
0.9994775148
0.9982448098
0.9878185914
0.007786758721
0.007413254423
0.00741468321
0.007414992972
0.007414735836
0.007414533533
0.007414301642
0.007414619846
0.0074143011
0.007414893594
0.007414934907
0.007515747233
0.00846049888
0.009700203518
0.9381392606
0.9955180091
0.99701982
0.9974533294
0.9987748636
0.9987868355
0.9992545099
0.9983624387
0.9983640162
0.9970398278
0.9959609235
0.01738752149
0.009447025175
0.008126454852
0.00780987691
0.007433057117
0.00742698254
0.007423632019
0.00741995409
0.008836157229
0.9951935169
0.9918087535
0.007695484065
0.007406913397
0.007408622691
0.007409578967
0.00741027234
0.007411434491
0.007412974948
0.007413274084
0.007412991866
0.007414592349
0.007414218344
0.007414590885
0.00742216511
0.007631918028
0.008114216336
0.008881669912
0.008196377466
0.6622802152
0.9959324605
0.9984846663
0.9990519377
0.9986471069
0.9989930822
0.9983341086
0.9981956973
0.997814601
0.9981390441
0.9973750816
0.996858313
0.9967343425
0.9958427649
0.9838367444
0.7714512914
0.007947765468
0.008728468599
0.008041005333
0.007775101046
0.007426638021
0.007422542951
0.007421043084
0.007418275502
0.007415573422
0.008664805769
0.9948806283
0.9961766886
0.0086551036
0.007414131269
0.00741324622
0.007412723098
0.00741214604
0.007413203708
0.00770689527
0.00807580273
0.009630370081
0.01242266019
0.9954008597
0.9960845429
0.996749651
0.9965978596
0.9973711589
0.9985262601
0.9989521573
0.9989221348
0.9987859916
0.9973911781
0.9915588063
0.009486117663
0.008368944288
0.007426127118
0.007416026055
0.007416166321
0.007415768313
0.007415701767
0.007415765998
0.007415563553
0.007415291575
0.007414850893
0.007414270177
0.007413534619
0.00741304946
0.007413556375
0.008635618315
0.9969568694
0.9992622301
0.996669506
0.009502272417
0.007413688619
0.007415468888
0.007415575059
0.007414920577
0.007414778547
0.007414243093
0.007414417504
0.007413964864
0.007420185547
0.008009696143
0.009806439557
0.2166034639
0.9958120956
0.9966945957
0.9975455076
0.998447813
0.9984221223
0.9992827272
0.9989625226
0.9990038228
0.9974200308
0.9975530046
0.01020338467
0.009101929175
0.007971294457
0.007439551236
0.007430763433
0.007430497929
0.007428441776
0.007428111002
0.007425512035
0.007420615257
0.009174999336
0.9960293971
0.9925595288
0.007696195824
0.007406964958
0.007409080662
0.007410049261
0.007410455913
0.007411403036
0.007412393496
0.007412279072
0.007414564357
0.007446558889
0.007883658684
0.008226472685
0.009428220603
0.01534479875
0.4626223002
0.9964995752
0.9970474676
0.9992579188
0.9992313417
0.9989760203
0.999150471
0.9984663359
0.9982406798
0.9979286653
0.9982673087
0.997507369
0.9979341518
0.9974489489
0.9954570296
0.9117623504
0.007407454365
0.008860359152
0.00799681784
0.007724190613
0.007426487179
0.007426741266
0.007426562751
0.007423683482
0.007423458772
0.007422027838
0.007418025846
0.007414234951
0.00841335885
0.9627466194
0.9944988719
0.9926024961
0.008111061664
0.00741790161
0.007451273684
0.007998508906
0.008725077188
0.007984319023
0.8956646663
0.9952130742
0.9974011054
0.9980415582
0.9972584114
0.9973211306
0.9970256193
0.9976054945
0.9979141513
0.9982196712
0.9973619992
0.9966462603
0.1160609703
0.009488639569
0.007769335022
0.007415205126
0.00741503721
0.007415782887
0.007416560702
0.007416358335
0.007416113294
0.007415806291
0.007415428612
0.007415088109
0.007414744783
0.007414399082
0.007414037472
0.007413855524
0.007414092795
0.007416106142
0.006786812472
0.9979505508
0.9983732085
0.9953687178
0.008317342185
0.007416436177
0.007416813419
0.007415219291
0.007414584089
0.007413598335
0.007415619982
0.007852182431
0.009106598859
0.01054024007
0.998510333
0.9979441991
0.9991226937
0.998781309
0.998800849
0.9988405959
0.9989559522
0.9993701115
0.9984050249
0.9966804607
0.01702281761
0.009302806702
0.007954010844
0.007436051291
0.007434931563
0.007435656751
0.00743790779
0.007437532091
0.007432899019
0.007428651462
0.007424546131
0.00741940046
0.008810011422
0.9950219401
0.9920193785
0.007695479741
0.007407575985
0.00740986587
0.007409814364
0.007410944565
0.007424238541
0.007836104334
0.008152931505
0.008848260323
0.005606598389
0.1162132986
0.9986757042
0.9962845231
0.9981411764
0.9994197954
0.9994829575
0.9993762685
0.999499999
0.9994082448
0.9989332087
0.998212337
0.9974418702
0.9970903488
0.9968760201
0.9971230276
0.9962084461
0.9953153995
0.01284051113
0.009767836995
0.008111585815
0.007739877562
0.007431519316
0.00743164674
0.007430813221
0.007426287391
0.00742706992
0.007425675403
0.007420748075
0.007418101137
0.007417106066
0.007416307254
0.007416743575
0.00844231944
0.7504704969
0.9858644553
0.9853105242
0.009058323881
0.008597060406
0.007376238384
0.07559030988
0.9964571841
0.9958563633
0.996974936
0.9970455977
0.9976667711
0.99845618
0.9976795375
0.9977042496
0.9970327865
0.9972270029
0.9966415856
0.9955321815
0.9950803282
0.008554190434
0.008689583691
0.007461560535
0.007421182834
0.007419472507
0.007417467707
0.007416508834
0.007416520436
0.007416541447
0.007416301742
0.007415731763
0.007415165564
0.007414809316
0.007414636829
0.007414591451
0.007414620876
0.007414769463
0.007415010528
0.007414833002
0.008295163522
0.9958451357
0.9977746852
0.9983072176
0.02955457814
0.007442995864
0.007418898669
0.007415373049
0.007415738216
0.007823393933
0.008778567292
0.006862907091
0.9952390215
0.9969441539
0.9986955312
0.9987712813
0.9992024848
0.9984459382
0.998583983
0.997714726
0.996935073
0.9963374227
0.2375400308
0.009760007468
0.008064773737
0.007443701267
0.007440748753
0.007443309496
0.00744565306
0.007444319246
0.007442140623
0.007439331824
0.007434390502
0.007429113343
0.007424188723
0.007418714871
0.00865010185
0.9934919319
0.9896933703
0.007687694623
0.007409749937
0.007449793495
0.00787587865
0.008334433562
0.007278701687
0.05115270585
0.9616336303
0.9969732572
0.9975816067
0.9993223524
0.9993907388
0.9993920289
0.9995086139
0.9994854592
0.9994695348
0.9995791498
0.9995404686
0.9992174225
0.9985496763
0.9974657045
0.9965453081
0.9961418509
0.9945286831
0.984648254
0.009310667878
0.009300799165
0.008067357187
0.007476724693
0.007460599607
0.007466369235
0.007492384343
0.007580257012
0.007903306525
0.008238770078
0.008288659523
0.008360686478
0.008603594513
0.008764566556
0.008929942981
0.009190137798
0.009835546341
0.007358689226
0.9937943764
0.9954521089
0.9943123497
0.9934649525
0.9949277537
0.9955711619
0.9987556604
0.9984591713
0.9974863335
0.9980851661
0.9980480461
0.9988082542
0.9980518099
0.9972223663
0.9974733877
0.9971238895
0.9965853932
0.6966799359
0.9976826876
0.009076489827
0.007878919028
0.007421410711
0.007420978329
0.007421509593
0.007420837047
0.007418832857
0.00741742596
0.007416523415
0.007416250546
0.007416027815
0.007415258651
0.007414620127
0.007414393708
0.007414497238
0.00741482156
0.007415286179
0.00741589187
0.007416566401
0.007416498874
0.007416516728
0.008335223396
0.9957566305
0.9971055627
0.9975933849
0.009200579204
0.007423793804
0.007844236449
0.00873808086
0.006860319171
0.9920266458
0.9961811976
0.9977683837
0.9982351066
0.9992472583
0.9988501807
0.9989260488
0.9976803665
0.9973076169
0.995899383
0.9642237328
0.00957695181
0.008540271196
0.007541720766
0.007446799261
0.007450111283
0.007453709546
0.007453067717
0.007451005075
0.007448082769
0.00744457433
0.007440728653
0.007435848564
0.007430486813
0.007425098842
0.007419002915
0.008540180527
0.987542702
0.978097536
0.02003833872
0.009050213568
0.004858806077
0.2020530226
0.9973733766
0.9975278199
0.9990920737
0.9990207731
0.9991048678
0.999252566
0.9992038631
0.9991415808
0.9992642716
0.9993306407
0.9994188976
0.999510438
0.999582691
0.9996157047
0.9994099245
0.9987756287
0.9976997823
0.9967728686
0.9957581511
0.998742931
0.9968320777
0.9989974106
0.4829658733
0.2368395231
0.06876962787
0.03505034997
0.03046895386
0.04608871341
0.1091853724
0.271499662
0.7110165057
0.9502577019
0.9997991283
0.9993893532
0.9969767474
0.9956542561
0.9957027034
0.9961619522
0.9970893777
0.9971778997
0.9970727569
0.997050596
0.9967812884
0.9966549934
0.9969007684
0.9973313294
0.9978402887
0.9973760956
0.9980005915
0.9978126961
0.9988574227
0.9984705444
0.9976894974
0.9830401384
0.00932835399
0.00967308043
0.008481426481
0.008181634791
0.005294843169
0.007436233431
0.007427806686
0.007425207875
0.007423694453
0.007422674713
0.007421559446
0.007420488739
0.007418297294
0.007415412923
0.007413997934
0.007413372716
0.007412928818
0.00741287827
0.007413167931
0.007413659963
0.007414360424
0.007415437764
0.007417322676
0.007421352219
0.007431665666
0.008698326015
0.993918352
0.9952138371
0.9955424064
0.9955473692
0.009499166142
0.006884319645
0.9896718595
0.9958559223
0.9971930559
0.9975329089
0.9987907047
0.9987680398
0.9992738152
0.9983764457
0.9979462551
0.9964262413
0.9928483986
0.006573302462
0.008626788696
0.007737016872
0.007441351953
0.007451319341
0.007458211322
0.007459259769
0.007458480362
0.007456720601
0.007453792815
0.007450439902
0.007446854595
0.007442866632
0.007438175143
0.007432943567
0.007427295473
0.007420496484
0.008445245537
0.9602010132
0.9453820942
0.9962702005
0.9975288959
0.9985590389
0.9988468842
0.9988821216
0.9989777795
0.9989495391
0.9989283954
0.9989371412
0.9989788735
0.9990156426
0.9990530156
0.9990800352
0.9991324312
0.9992465186
0.9993880612
0.9995135208
0.9996258248
0.9996726522
0.9994968076
0.999031997
0.9984037364
0.9979506231
0.9979370479
0.9984088707
0.9989753582
0.999514046
0.9991317574
0.9991616354
0.9992013476
0.9992225972
0.9992282337
0.999222082
0.9992090232
0.9992240235
0.9992923495
0.9993811074
0.9987406843
0.9986232794
0.9986133237
0.9986112015
0.9986180212
0.998772161
0.999286717
0.9993289811
0.9993138916
0.9989740012
0.9981586531
0.9973712145
0.996981304
0.9966177073
0.9964000602
0.9968557392
0.9962247004
0.9976197508
0.04856762232
0.009508589309
0.008198588888
0.00779983943
0.007423548501
0.007422212959
0.008894211617
0.9956944785
0.008821801163
0.007422965047
0.007422006441
0.007421167793
0.007421452201
0.007423162803
0.007427719861
0.007438765303
0.007487180262
0.007900601343
0.007977720527
0.008139838049
0.0083137971
0.008432205686
0.008538514036
0.008637360252
0.008749417307
0.00892554109
0.00935509603
0.007455133054
0.01088794
0.9967715232
0.9955404502
0.9953541886
0.9951984607
0.9964383342
0.995990858
0.996885741
0.9971533215
0.9980780113
0.9981319971
0.9990093916
0.9987652865
0.9988436044
0.9972079941
0.9954835734
0.006903065882
0.008797893296
0.007832553006
0.007440563284
0.007452740411
0.007459524798
0.007462939434
0.007464229392
0.007462791155
0.007460690712
0.007458442745
0.007455859731
0.007452801882
0.007449410394
0.007445642744
0.007441372775
0.007436712481
0.007431490082
0.007423721482
0.008378517015
0.9072143636
0.8819383521
0.9985670756
0.9989356836
0.9988788172
0.9989331953
0.9989845157
0.998971595
0.9989711613
0.9989653515
0.9989640689
0.9989657176
0.9989682171
0.9989813481
0.9990010285
0.9990316105
0.9991000072
0.9992085866
0.9993357969
0.9994768206
0.9996271078
0.9997345848
0.9997625035
0.9997345298
0.9997176206
0.9997314872
0.9996979578
0.9995928274
0.9994446777
0.9991277781
0.9990377492
0.999020574
0.9990192195
0.9990238114
0.9990349743
0.9990583854
0.999111204
0.9992281976
0.999400074
0.9996768608
0.9997465843
0.9997079284
0.9996278507
0.999546228
0.9995354691
0.9996416721
0.9997456523
0.9997810659
0.9996771943
0.999086576
0.9978054508
0.9967160072
0.9953955347
0.9949870102
0.9950261655
0.05912208419
0.006515184307
0.009617462846
0.009384138841
0.009294154959
0.009258595158
0.009241910456
0.009267003482
0.009571653079
0.009982186744
0.006489784699
0.009087100042
0.009391310455
0.009603448957
0.009657272761
0.009314798038
0.008015526269
0.006213824122
0.0153624725
0.1140052197
0.8397777579
0.9558342268
0.9826429184
0.9942889986
0.9949346459
0.9968118517
0.9962301238
0.9952881634
0.9956695471
0.9964728177
0.997928647
0.9974042443
0.997295775
0.9974663856
0.9975180968
0.9971353541
0.9970201348
0.9972003951
0.9974384469
0.9979620421
0.9984234195
0.998921847
0.9978794987
0.9968974791
0.01399053829
0.009190582987
0.007882540496
0.007438191559
0.00744701264
0.007455898998
0.007463935
0.00746737982
0.00746795603
0.007467386078
0.007465217911
0.007462733474
0.007460425276
0.007458067697
0.007455353602
0.007452288429
0.007448900663
0.00744513731
0.007441280673
0.007437817232
0.007431086398
0.008240860842
0.7746703021
0.8734329967
0.9991730559
0.9989943952
0.9991118297
0.9991702991
0.9991766431
0.9991659949
0.9991405994
0.9991002239
0.9990667175
0.9990420507
0.9990184303
0.9990003418
0.9989940237
0.9989995039
0.9990251192
0.9990797101
0.9991601406
0.9992618074
0.9993797442
0.9994935379
0.9995792564
0.9996186095
0.9996024141
0.9995324347
0.9994310221
0.9993456266
0.9992982052
0.9992396362
0.9991485891
0.9990969606
0.9990798399
0.9990821807
0.9990999766
0.9991348962
0.99918817
0.9992568182
0.9993321962
0.9994237172
0.9995539652
0.9996645524
0.9997239825
0.999742081
0.9997322979
0.999706095
0.9996837371
0.9997152395
0.9997882527
0.999676109
0.9989391367
0.997602767
0.9966685689
0.9958385211
0.9958582592
0.9962384987
0.9969492592
0.9967292155
0.9967653795
0.996738386
0.9967174383
0.9967012902
0.9967001234
0.9967687213
0.9972451867
0.9969912032
0.99671048
0.9969079037
0.9973528013
0.9979021345
0.9984686877
0.9989701594
0.9993637395
0.9996436074
0.9998365582
0.9993032893
0.9974374833
0.9968010336
0.9967560268
0.9968139785
0.9969215336
0.9970362294
0.9971391845
0.9971985087
0.9971912392
0.9972108728
0.997784173
0.9981660038
0.9986841273
0.9988130654
0.9985803057
0.9982159641
0.9974992904
0.9977885107
0.9973715473
0.9968771898
0.9962475401
0.3825837073
0.009720398346
0.008080653825
0.007440178817
0.00744174501
0.007450185563
0.007458423822
0.007463194892
0.007466905525
0.007469561577
0.007470636415
0.007470073925
0.007467624135
0.007464787757
0.007462518674
0.007460458084
0.00745802624
0.007455323074
0.007452562246
0.007449555879
0.007446583734
0.007446417919
0.007442751542
0.00800174399
0.8073708555
0.7441412892
0.9989477862
0.999279575
0.999367292
0.9993915802
0.9993750787
0.9993431164
0.9993020584
0.9992487529
0.9991961099
0.9991493914
0.9991058872
0.9990671292
0.9990375491
0.9990185379
0.9990134
0.9990274659
0.9990615908
0.9991129447
0.9991758038
0.9992389201
0.9992889603
0.9993141102
0.9993089033
0.9992788112
0.9992403893
0.9992152396
0.9992140785
0.999219719
0.9992003761
0.9991659676
0.9991448894
0.9991416298
0.9991530397
0.9991749722
0.9992003749
0.9992199848
0.9992321538
0.9992509993
0.999294796
0.9993574302
0.9994108811
0.9994417628
0.9994461277
0.9994318841
0.9994283821
0.9994766428
0.9996019205
0.9997684806
0.9998067086
0.9995026101
0.9989549251
0.9985831711
0.9985933517
0.9988210842
0.9994937984
0.9996209917
0.9996272221
0.9996160172
0.9996144574
0.9996118307
0.9996131855
0.9996407136
0.999708333
0.9997512939
0.9997175605
0.999708998
0.9997795402
0.9998364546
0.9998638287
0.9998685974
0.9998639538
0.9998613524
0.999851012
0.9998039661
0.9992729658
0.9984968384
0.997971964
0.9976907995
0.9975472222
0.9974463452
0.9973300095
0.9971717415
0.9969967636
0.9969040778
0.9970970277
0.9978574919
0.9985944242
0.998818587
0.9986847683
0.9987476498
0.997861173
0.9976645031
0.9965837705
0.9851035782
0.009264311554
0.008594519726
0.007627522049
0.007437487864
0.007443875617
0.007451655556
0.007456261128
0.007460897007
0.007465351079
0.007468147566
0.007469836787
0.007471542994
0.007472433235
0.007470475195
0.007466900217
0.007464376411
0.007462825587
0.007460791098
0.007458482766
0.007456757705
0.007456081456
0.007455739822
0.007461533313
0.007460724019
0.007466322223
0.01602469222
0.9854307517
0.9991954451
0.999542634
0.9995682443
0.9995591135
0.9995274756
0.9994842627
0.9994337024
0.9993759213
0.9993160063
0.999257666
0.9992015401
0.9991493347
0.9991039225
0.9990671408
0.9990414916
0.9990301595
0.999033922
0.9990507598
0.9990762543
0.9991038871
0.9991270947
0.9991412913
0.999145443
0.9991427462
0.999139846
0.9991451984
0.9991646203
0.9991922874
0.999209731
0.9992091451
0.9992011284
0.9991959454
0.9991952639
0.999195161
0.9991895725
0.9991748091
0.9991547908
0.9991399463
0.9991378229
0.9991460474
0.9991561443
0.999162004
0.9991624262
0.9991622517
0.99917344
0.9992132859
0.9993016857
0.9994532643
0.9996507224
0.999825191
0.9999126774
0.9999312303
0.9999324572
0.9999285182
0.9999123513
0.9998839843
0.9998652531
0.9998596788
0.9998557599
0.9998529605
0.999849692
0.9998426117
0.9998304335
0.9998298881
0.9998583535
0.9998869634
0.9998975252
0.9998983502
0.9998942589
0.9998841795
0.9998613844
0.9998101932
0.9997137929
0.9995928269
0.999478346
0.9992436452
0.9988834217
0.9985300516
0.9982296402
0.9979617613
0.9977025807
0.9974456521
0.9972205428
0.9970902531
0.997130647
0.9973775972
0.9977018157
0.9978459935
0.9980089248
0.9981214613
0.9968622184
0.9982509536
0.01061376465
0.009031946747
0.007774300747
0.007422761251
0.007428188311
0.007435023478
0.00743796552
0.007440934674
0.007444952489
0.007448807595
0.007452501067
0.00745540531
0.007456808817
0.007457655846
0.00745870516
0.007458145862
0.007456207562
0.007455177712
0.0074542981
0.007452705591
0.00745101744
0.007449911673
0.007450265494
0.007452601586
0.007458163961
0.007357577971
0.007461510665
0.005020920149
0.993726181
0.9995940319
0.999727621
0.9997038143
0.9996724225
0.9996324826
0.9995861506
0.9995341989
0.9994767294
0.999415704
0.9993530114
0.9992901449
0.9992292329
0.9991728455
0.9991233344
0.9990834408
0.9990557925
0.9990411056
0.999037763
0.9990422361
0.9990500267
0.9990573168
0.9990623069
0.9990655589
0.9990695316
0.9990779708
0.9990957074
0.9991271144
0.9991700699
0.9992118197
0.9992395232
0.9992503953
0.9992479879
0.9992350128
0.999211041
0.9991759176
0.9991342681
0.9990954476
0.9990673264
0.9990511471
0.9990431086
0.9990390427
0.9990367007
0.9990356836
0.9990369516
0.9990426345
0.9990577887
0.9990932575
0.9991638819
0.999276429
0.9994130828
0.9995345572
0.9996108779
0.9996443817
0.9996585806
0.9996660907
0.9996553748
0.9996320259
0.9996162365
0.9996033168
0.9995904317
0.9995774757
0.9995659914
0.9995632074
0.9995895891
0.9996601497
0.9997556466
0.9998414532
0.9998950075
0.9999053099
0.9998660368
0.9997766486
0.9996539617
0.9995459098
0.9995127218
0.9995362137
0.9995075347
0.9993598643
0.9991155292
0.9988127744
0.998483554
0.9981622137
0.9978867249
0.9976915155
0.9975848865
0.9975030565
0.9972787577
0.9968282558
0.9959941321
0.9954698027
0.9962870183
0.3355693107
0.007187103046
0.009154138425
0.008338166091
0.00858385505
0.008446342153
0.008503829703
0.008497863351
0.008539895128
0.008532576855
0.008545264852
0.008554066511
0.008573604661
0.008597663213
0.00858888907
0.008551120667
0.008612689223
0.008709722204
0.008654353969
0.008608084306
0.008683856097
0.008720278263
0.008728716629
0.008743994972
0.008782197156
0.008831779067
0.008667097527
0.008603961442
0.008547380014
0.008893187415
0.9883798655
0.9991740341
0.9996186375
0.9994472474
0.9993462981
0.9992651627
0.9991917893
0.9991230722
0.9990603455
0.9990091661
0.9989757279
0.9989662287
0.9989862735
0.9990387745
0.9991226048
0.9992301435
0.999345602
0.999450421
0.9995309553
0.9995824506
0.9996086456
0.9996180648
0.9996191863
0.9996182135
0.9996190892
0.9996217865
0.9996162033
0.9995779983
0.9994857367
0.9993541183
0.9992268204
0.9991397115
0.9991096342
0.9991411236
0.9992305638
0.999358177
0.9994817074
0.9995575643
0.9995769433
0.9995645007
0.999545088
0.9995285948
0.9995161688
0.9995077382
0.9995075852
0.9995251334
0.9995667754
0.9996199119
0.9996416607
0.9995773109
0.9994181655
0.9992301743
0.999092673
0.9990203396
0.9989691437
0.998909795
0.9988700191
0.9988681151
0.9988758661
0.998889353
0.9989069646
0.9989296405
0.998950978
0.9989452644
0.9988564909
0.9986221338
0.9982376145
0.9977537642
0.9972321184
0.9967336875
0.9962872929
0.9958882847
0.9955515191
0.995364354
0.9954047758
0.9955974453
0.995735207
0.9956911236
0.9954869175
0.9951870115
0.9948613556
0.9945988358
0.9944577259
0.9944011211
0.9943703141
0.9943560881
0.9943193711
0.9949667322
0.9931760138
0.9837783761
0.1740037515
0.328369911
0.8567312108
0.2642496145
0.7896532385
0.5405489772
0.6749950702
0.6003843642
0.6351467998
0.614723331
0.628035722
0.6200514363
0.6210414588
0.6191839295
0.6214142083
0.616071963
0.6132094236
0.6190798641
0.6229339656
0.621591912
0.6227867231
0.6144792187
0.6186907407
0.6234985771
0.621180531
0.6255215361
0.6280618246
0.6118441159
0.6386843578
0.6824227862
0.9143089545
0.1824073325
