0.9996358632
0.9997264753
0.9996121098
0.9995510622
0.9995032397
0.9994570697
0.9994077034
0.9993528399
0.9992911265
0.9992219528
0.99914548
0.9990621657
0.9989725181
0.9988776366
0.9987797035
0.9986816162
0.9985862743
0.9984960958
0.9984123957
0.9983347279
0.9982607762
0.9981870309
0.9981105224
0.9980302983
0.9979478462
0.9978668644
0.9977933439
0.9977355311
0.9977025665
0.9977011725
0.997730807
0.9977820792
0.9978415559
0.9978978666
0.9979441892
0.9979799925
0.9980095924
0.9980377243
0.9980669728
0.9980985227
0.9981330652
0.9981710537
0.9982127549
0.9982582113
0.9983067717
0.998356696
0.9984062288
0.9984527787
0.9984921414
0.9985165681
0.9985148751
0.9984766597
0.9983971661
0.9982821019
0.998149231
0.9980182958
0.9978961465
0.9977815135
0.9976746135
0.9975730092
0.9974711296
0.9973645531
0.9972510292
0.9971294277
0.996998939
0.9968587428
0.9967078913
0.9965452538
0.996369451
0.9961787164
0.9959705963
0.9957413756
0.9954854621
0.9951984247
0.9949034269
0.9947217361
0.9948426721
0.9952383859
0.9956855294
0.9960482914
0.9963127096
0.9964817227
0.9965014177
0.9962369389
0.9954342532
0.9931199696
0.9887308526
0.04335900016
0.01947753875
0.9590017123
0.02098874175
0.9580326708
0.1310916571
0.933276685
0.1835826858
0.9060856816
0.221935488
0.8805242552
0.310391212
0.8327319809
0.3380773985
0.8088130104
0.3606350118
0.7773815489
0.4599816628
0.6729596069
0.557318984
0.6071926414
0.5856416751
0.591311607
0.5883319178
0.5866357429
0.5877515687
0.5823684992
0.5896093564
0.5762596692
0.5946528465
0.5339167423
0.7540070954
0.02345045024
0.07199022872
0.9995543301
0.9998287996
0.9997957498
0.9997643968
0.9997371273
0.9997108322
0.9996836456
0.9996544926
0.9996225962
0.999587504
0.9995491796
0.9995077343
0.9994632444
0.9994160371
0.9993669876
0.9993173704
0.9992685532
0.9992218486
0.9991782315
0.9991379149
0.999100176
0.9990635782
0.9990267517
0.9989890911
0.9989508534
0.9989130161
0.9988774481
0.9988472136
0.9988263134
0.998818448
0.9988246034
0.998841618
0.9988639614
0.998886539
0.998905877
0.9989212943
0.9989345403
0.9989474858
0.9989609037
0.9989750771
0.9989902478
0.9990065948
0.9990242169
0.9990430944
0.9990628583
0.9990826736
0.9991020349
0.9991203025
0.9991359451
0.9991451929
0.9991417166
0.9991189972
0.9990728991
0.9990043585
0.9989229863
0.9988457697
0.9987798089
0.9987229015
0.9986739822
0.9986310395
0.9985902527
0.9985491625
0.9985067762
0.9984627
0.9984167359
0.9983687481
0.9983186205
0.9982662455
0.9982115207
0.9981543268
0.9980944268
0.9980311163
0.9979622465
0.9978820937
0.9977802481
0.9976612571
0.9976023311
0.9976435781
0.9977260481
0.9977978474
0.9978573522
0.9979084847
0.9979268121
0.9978631593
0.9976705506
0.997262654
0.9964980863
0.9958366683
0.9944014654
0.01035415817
0.007082434857
0.006497458848
0.007187192113
0.00695056819
0.006924533304
0.006840001326
0.006800208785
0.006756956014
0.006764627947
0.006753168478
0.006648676328
0.006765877664
0.006473505721
0.006719207376
0.006453465568
0.006655661791
0.006560265739
0.006638243366
0.006638419891
0.00667383712
0.006696777014
0.006727740807
0.006753028844
0.006791494591
0.006804380405
0.006879005098
0.006821559652
0.00710790919
0.006608650653
0.01023891014
0.9322022343
0.9992706709
0.9996985425
0.9997332273
0.9997194979
0.9996948146
0.9996668329
0.9996368922
0.9996051442
0.9995710702
0.9995342231
0.9994947054
0.999452553
0.9994073759
0.9993590874
0.9993084937
0.9992569052
0.9992057277
0.9991566363
0.9991112942
0.9990704825
0.9990336075
0.9989988993
0.9989647138
0.9989304034
0.9988958699
0.9988609332
0.9988259126
0.9987928655
0.9987660374
0.9987507436
0.9987495805
0.9987597025
0.9987752244
0.9987908465
0.9988026026
0.9988105526
0.9988181562
0.9988274945
0.9988379494
0.9988487335
0.9988597162
0.9988709898
0.9988827142
0.9988949523
0.9989069593
0.9989170423
0.9989255978
0.9989341433
0.998943462
0.9989489889
0.9989392977
0.9989019881
0.9988276624
0.9987121507
0.9985643668
0.9984249152
0.9983517798
0.9983153719
0.9982967223
0.9982884586
0.998281825
0.9982742197
0.9982662111
0.9982583194
0.998250705
0.9982433911
0.9982363766
0.998229671
0.9982232976
0.9982172613
0.9982114316
0.9982051909
0.9981964909
0.9981794483
0.9981379635
0.9980334689
0.997843776
0.9977033731
0.9976041164
0.9974874829
0.9973852273
0.9973768881
0.997434
0.9974728778
0.997477686
0.9974507488
0.9973188942
0.9971710571
0.9972769365
0.996660738
0.9914509304
0.00778734772
0.005709557416
0.005723868061
0.005677535809
0.005615231377
0.005591954813
0.005563891682
0.005550799339
0.005534885263
0.005526724688
0.005517465083
0.005512561196
0.005507701905
0.005505070481
0.005502657597
0.005501211319
0.005499938959
0.005499005178
0.005498187608
0.005497484003
0.005496845176
0.005496262762
0.005495743004
0.00549532827
0.005495102554
0.005495364111
0.005496870807
0.005798962256
0.0109672815
0.9833835947
0.9988925636
0.9995437437
0.9996150882
0.9996354833
0.9996245513
0.9996009386
0.9995716728
0.999539558
0.9995046845
0.9994666925
0.9994263273
0.9993838204
0.9993378955
0.9992876416
0.9992339327
0.9991783832
0.999122492
0.999068636
0.9990201066
0.9989790947
0.9989450724
0.9989148802
0.9988856505
0.9988565673
0.9988273527
0.9987962803
0.9987610832
0.9987221031
0.9986844661
0.9986573153
0.9986467367
0.9986503195
0.9986616794
0.9986738939
0.9986793392
0.9986781942
0.9986780437
0.9986824907
0.9986887571
0.9986944595
0.9986990249
0.9987025772
0.9987057792
0.9987094739
0.9987122397
0.9987092222
0.9987009685
0.9986940361
0.9986980219
0.9987094468
0.9987044818
0.9986556857
0.9985396831
0.9983327522
0.9980116225
0.9975877619
0.9973020124
0.997555169
0.9976617892
0.9977573323
0.9978327541
0.9978937154
0.9979479935
0.99799914
0.9980483079
0.9980958429
0.9981418552
0.9981863943
0.9982294907
0.9982711485
0.9983113052
0.9983497342
0.9983858174
0.9984179774
0.9984417783
0.9984374049
0.9983076009
0.9977187691
0.9973687643
0.9970300843
0.9967099057
0.9966072725
0.9968806625
0.9970933394
0.9972321809
0.9974174873
0.9975093144
0.9974603743
0.9974206684
0.9974640637
0.9974075861
0.9973428499
0.03051912078
0.00682716978
0.005608492205
0.005621701676
0.005604823449
0.005576147103
0.005558993259
0.005542614377
0.005531987669
0.005522410474
0.005516053821
0.005510907144
0.005507407896
0.005504714061
0.005502817827
0.005501349563
0.005500211578
0.005499255478
0.005498417259
0.005497652839
0.005496935747
0.005496276657
0.005495696486
0.005495274941
0.005495070396
0.005495699843
0.006145824172
0.5209231006
0.9763879747
0.9982762127
0.9993215103
0.9994492432
0.9995016605
0.9995128412
0.9995005049
0.999476541
0.9994481388
0.999415534
0.9993780556
0.9993383893
0.9992975601
0.9992522725
0.999199947
0.9991419244
0.9990804106
0.9990163976
0.9989527813
0.998895909
0.9988522056
0.9988225558
0.9988006822
0.9987806644
0.9987615349
0.9987434013
0.9987225579
0.9986923941
0.9986482596
0.9985946714
0.9985472311
0.9985184178
0.9985059848
0.9985060665
0.9985178382
0.9985217726
0.9985125418
0.9985054744
0.9985068707
0.9985091757
0.998508256
0.9985038099
0.9984957339
0.9984862518
0.9984791527
0.9984729659
0.9984546572
0.99842134
0.9983810838
0.9983708305
0.998403807
0.9984305596
0.9983929055
0.9982455744
0.9979306757
0.9973426801
0.9962007627
0.99358599
0.9931080614
0.9945796302
0.9952058507
0.9956349813
0.9959559878
0.9962264209
0.9964650558
0.9966790321
0.9968723901
0.9970479795
0.9972080315
0.9973543742
0.9974885494
0.9976119454
0.9977260632
0.99783315
0.9979377141
0.9980500806
0.9981946235
0.9984008893
0.9977770348
0.9964845571
0.9959127458
0.9954873494
0.9953654062
0.995655412
0.9968149273
0.9966723998
0.9970398108
0.9973651951
0.9974443277
0.9974027332
0.9974089697
0.997547546
0.9980229709
0.998219937
0.997277207
0.01488298702
0.006564518986
0.005558334987
0.005566442497
0.005556112311
0.005540739213
0.005530168453
0.005521419936
0.005515171008
0.00551032382
0.005506837359
0.005504199162
0.005502284993
0.00550081311
0.005499674784
0.005498712632
0.005497870074
0.005497096214
0.00549635819
0.005495664202
0.005495036515
0.00549452362
0.005494187568
0.005493978276
0.006290687775
0.3178592342
0.9833735943
0.996823949
0.9989147824
0.9992325098
0.99929537
0.9993356361
0.9993433915
0.9993295805
0.9993137217
0.9992913658
0.9992577949
0.9992222254
0.9991885834
0.9991482371
0.9990950297
0.9990322293
0.9989633587
0.9988869179
0.998804538
0.9987261722
0.9986671346
0.998640294
0.9986342833
0.9986332361
0.9986345749
0.998639629
0.9986423587
0.9986316325
0.9985947991
0.9985239092
0.998442219
0.9983757661
0.9983202875
0.9982727642
0.9982644138
0.9982960233
0.9982972
0.9982923287
0.9982978799
0.9982971322
0.9982864933
0.9982696013
0.9982454988
0.998214979
0.9981935623
0.9981815294
0.9981524058
0.9980967794
0.998007839
0.9979220413
0.9979736704
0.9980857292
0.9981222723
0.9980152497
0.9976905712
0.9970578539
0.9959135647
0.9934093822
0.9887147602
0.01180111054
0.007848135711
0.007053899871
0.007188434428
0.007321831735
0.007463132592
0.007613781351
0.007775063665
0.007948147215
0.008134283269
0.008334765578
0.008551078541
0.008785128855
0.009040282299
0.009324875977
0.009663994239
0.01013997385
0.01106418933
0.01491144363
0.02002627705
0.9771159734
0.9699716817
0.9865842604
0.9904015387
0.9927109611
0.9955162724
0.9961143659
0.995357585
0.9963017311
0.9966954547
0.997187883
0.997129131
0.9972363572
0.9975856025
0.9980071039
0.9982529143
0.9979764904
0.9968670829
0.01330671723
0.006468648875
0.005532068234
0.005536816515
0.005530220448
0.005521517771
0.005515164863
0.005510334158
0.005506760221
0.00550409121
0.005502122564
0.005500612209
0.0054994413
0.005498432513
0.005497550256
0.005496735116
0.005495941941
0.005495185873
0.005494487402
0.005493876635
0.005493390294
0.005492907732
0.006174255809
0.8206555114
0.9765354336
0.9831132547
0.9968424172
0.998570586
0.9989111906
0.9989720169
0.9991030456
0.9990838383
0.9990915165
0.9991130883
0.9990926166
0.9990636488
0.9990496528
0.9990251425
0.9989743708
0.9989078405
0.9988328543
0.9987406588
0.9986267048
0.9985017494
0.9983871666
0.9983270365
0.9983578787
0.9984094467
0.9984585481
0.9985104027
0.998557076
0.9985872117
0.9985890481
0.9985359447
0.9983989661
0.9982535857
0.9981026528
0.9979144894
0.9977459408
0.9977753332
0.9980671119
0.9980587355
0.9980708963
0.9980595243
0.9980263401
0.9979885191
0.9979460536
0.9978920914
0.9978331015
0.9978280408
0.9977873013
0.9977548026
0.9976827813
0.9975482002
0.9972299326
0.9974922461
0.9977345505
0.997780857
0.9975797903
0.9971154062
0.9964436526
0.9957705501
0.9956518851
0.9954289696
0.992248078
0.008373437948
0.005993315351
0.00549050575
0.00549066374
0.0054907635
0.005490876731
0.005490958464
0.005491052271
0.005491129738
0.005491210375
0.0054912844
0.005491361324
0.005491439939
0.005491523976
0.005491616181
0.005491757677
0.005492035772
0.00549299517
0.005793630673
0.005951658285
0.006369695583
0.007901077236
0.02622385154
0.9901102329
0.4632885544
0.9932208902
0.9896831289
0.9902478535
0.9955542316
0.9968859478
0.997206808
0.9973921848
0.9977029877
0.9979565273
0.9981136843
0.9981959773
0.9978562808
0.9966108773
0.01231709143
0.006384657522
0.005516866606
0.005519840648
0.005515780873
0.005510805111
0.005507046126
0.005504280124
0.005502239399
0.005500669068
0.00549946095
0.005498372441
0.005497434277
0.005496558852
0.005495683965
0.005494848392
0.005494070011
0.00549336824
0.005492769219
0.005492108251
0.006298161294
0.7139401444
0.9666013141
0.0117239484
0.006693964751
0.008842145977
0.04113319736
0.9964618165
0.9981203922
0.9985534891
0.9985809868
0.998784287
0.9989298108
0.9988449044
0.9988560034
0.99888586
0.9988464916
0.9987776846
0.9987043945
0.9985993196
0.9984420214
0.9982384737
0.9979904567
0.9977260809
0.997665462
0.9980531918
0.9982216135
0.9983607002
0.9984710379
0.998557563
0.9986284857
0.9986760822
0.9986217054
0.9982131594
0.9979060668
0.9974552176
0.9967408372
0.9958829654
0.9965537999
0.9971043025
0.9967536473
0.9968026111
0.996607202
0.9964663384
0.9963584027
0.9962895362
0.9962665401
0.9960200803
0.996245351
0.996059101
0.9964881101
0.9964009003
0.9958516027
0.9956163264
0.9965536167
0.9970282728
0.9970210299
0.9971332806
0.9966593952
0.996271241
0.9961454609
0.9962825484
0.9964778854
0.9955583255
0.9910649028
0.008289882938
0.005992964464
0.005490694068
0.005490912082
0.005491037456
0.005491160405
0.005491245454
0.005491333802
0.00549140043
0.005491461602
0.005491509175
0.005491537729
0.005491521604
0.0054914404
0.005491343308
0.005491253314
0.005491298859
0.005491207045
0.005491550134
0.006522271358
0.9724930928
0.9857229553
0.993033447
0.9929569282
0.9622526366
0.00727977523
0.007124874997
0.01174949403
0.9942570173
0.996557134
0.9974425977
0.9976849385
0.9978698966
0.9979941241
0.9980722965
0.9981184015
0.9977265822
0.9963070035
0.01144408772
0.006305468181
0.00550788703
0.005509936646
0.005507512016
0.005504645222
0.005502514816
0.005500883542
0.005499661903
0.005498463586
0.005497482627
0.005496546675
0.005495569557
0.005494647711
0.00549378751
0.005493002221
0.005492330439
0.005491610713
0.006312832918
0.9483533704
0.9750636307
0.01091958103
0.005490198795
0.005490315503
0.005492253545
0.005965056714
0.007437253995
0.01649882266
0.9940115237
0.9967775309
0.9983899967
0.9985297998
0.9984372469
0.9986548308
0.9987955184
0.9986583369
0.9986029511
0.9985081739
0.9983109551
0.998024208
0.9976049625
0.9968806879
0.9954892297
0.995906747
0.9969572966
0.9974287976
0.9976568955
0.9978571349
0.9980661914
0.998322404
0.9986351138
0.9982948441
0.9976007919
0.9972949056
0.9961411825
0.9942165964
0.9930219423
0.03818502503
0.01251484831
0.009007889654
0.007752321152
0.007554198422
0.007484956011
0.007494361995
0.007675965364
0.008908573773
0.009693185973
0.01007468849
0.01070310384
0.01024777958
0.01472684618
0.9878643443
0.9927927819
0.9941323962
0.9933297054
0.9958163763
0.996831772
0.9969002413
0.9966840191
0.9966256316
0.9966461277
0.9966545186
0.9965985868
0.9955673196
0.991102912
0.008308561469
0.005995453705
0.00549081369
0.005491052363
0.005491169116
0.005491270847
0.005491329631
0.005491387285
0.005491431793
0.00549146744
0.005491457697
0.005491368205
0.005491258205
0.005491215603
0.00549125158
0.005491079104
0.005503010111
0.008346108194
0.9800231786
0.9879446364
0.9929002884
0.9920895858
0.007748390971
0.005903881898
0.005490692168
0.005490906376
0.006147242136
0.008893595264
0.9935879102
0.9967532028
0.9976007321
0.9977750078
0.9978944501
0.9979724553
0.9980175934
0.9980329919
0.9975784486
0.9959376811
0.01069378082
0.00623793873
0.005502252822
0.00550377491
0.005502756942
0.00550111944
0.005499964466
0.005498600259
0.005497648059
0.00549667816
0.005495581232
0.005494583853
0.005493646053
0.005492775244
0.005492045131
0.005491315065
0.006513166657
0.97474684
0.9757506148
0.01091932317
0.005489968556
0.005490198134
0.005490312989
0.005490339975
0.005490331062
0.005490896733
0.005854657943
0.006487301516
0.009637237174
0.03276681426
0.9948291729
0.9968874729
0.9984207524
0.9985273821
0.998411366
0.9985490142
0.9983278041
0.9980223046
0.9976237687
0.9969809058
0.9955906943
0.9933690048
0.0184223414
0.01018067269
0.008895172071
0.009096112707
0.009636420221
0.01098690812
0.0181754621
0.0957023954
0.9931361729
0.9953445595
0.9958968099
0.9950986082
0.9959008145
0.997141705
0.9961139548
0.9929677584
0.01765307835
0.00863641631
0.006349505026
0.005945793197
0.005986549627
0.006776213885
0.9748877574
0.008445090682
0.988808508
0.008912901225
0.9774989286
0.9904438793
0.9936801427
0.9914171105
0.008658255335
0.007380723756
0.01228618801
0.994557982
0.9963517796
0.9969458581
0.9968737577
0.9968230055
0.9967648516
0.9966924593
0.9966087509
0.9955824659
0.9911498002
0.008313190058
0.005995188358
0.005490908974
0.005491159318
0.00549125896
0.005491323845
0.005491367859
0.00549143949
0.005491473306
0.005491392026
0.005491268077
0.005491168176
0.00549114988
0.005491009287
0.005879999867
0.01201806662
0.9960608832
0.9932726242
0.9934561926
0.005421012397
0.0063867493
0.005490897118
0.005490824811
0.005490680635
0.005490531135
0.005490391998
0.006046840078
0.009015793463
0.9942649592
0.996991611
0.9977186212
0.9978357904
0.9979118828
0.9979539496
0.9979637125
0.997940274
0.9974109306
0.9955399502
0.01034930088
0.006309308289
0.005498313814
0.005499512797
0.005500006248
0.005498576613
0.005497872946
0.005496954616
0.005495701513
0.005494674828
0.005493674978
0.005492705574
0.005491915542
0.005491182095
0.006788325305
0.9881590721
0.984152913
0.01091926259
0.005489900327
0.005490114011
0.00549025102
0.005490352739
0.00549042222
0.005490550047
0.005490647763
0.005490633421
0.005490872877
0.005492799414
0.005950471407
0.006653037436
0.01066231152
0.1630462973
0.9960357039
0.9979083495
0.998340106
0.9982213767
0.9979302444
0.9976160427
0.9972486984
0.9970276018
0.9966917014
0.9946395861
0.008885687951
0.006011882257
0.00549118373
0.005491831631
0.005492902359
0.005503105652
0.005978567786
0.006744928194
0.009236271508
0.9393869507
0.9882919072
0.9965367984
0.9973236104
0.996765019
0.9975649185
0.9972240176
0.9921306326
0.9842042753
0.01256063936
0.7417715491
0.009124415026
0.008034566949
0.007849686195
0.01059323875
0.9847253668
0.98998349
0.9937736184
0.01383231879
0.006499017155
0.005491180662
0.00549123618
0.006232250557
0.009253774843
0.9934433907
0.996253324
0.9969640698
0.996903626
0.9968370093
0.996765916
0.9966922408
0.996612038
0.9955860489
0.9911337913
0.008305690397
0.005998333219
0.005490999226
0.005491243784
0.005491307432
0.005491421901
0.005491539897
0.005491460932
0.0054913105
0.0054911448
0.005490956996
0.005491181822
0.007042869089
0.9877366387
0.9964683072
0.9949279956
0.8646510814
0.007046968038
0.005498168314
0.005490866514
0.005490732189
0.005490654678
0.005490571737
0.005490479395
0.005490414583
0.005490420458
0.006094620062
0.009472007722
0.9949170241
0.9972010341
0.9978258579
0.9978973308
0.9979340407
0.9979330362
0.9978921856
0.9978218287
0.9972542952
0.9956998639
0.01355671764
0.006889113119
0.005802477642
0.005496188035
0.0054968066
0.005497186871
0.005495887866
0.005494953849
0.005493947179
0.005492847265
0.005491980684
0.005491221028
0.007165112141
0.9927758151
0.9891961894
0.01091925141
0.00548988175
0.005490075904
0.005490205091
0.005490324146
0.005490422516
0.005490535969
0.005490639005
0.005490704674
0.00549082053
0.005490987478
0.005491006709
0.005490874102
0.005491195202
0.005505993467
0.006140056294
0.008129199502
0.03656189841
0.9969671675
0.9976668972
0.9978745906
0.9976822014
0.9975106729
0.9974375319
0.9974139072
0.9965648979
0.992560275
0.008226096075
0.005935375279
0.005490969361
0.00549122965
0.00549125882
0.00549111731
0.005491322434
0.005741506911
0.006101293533
0.00757710346
0.01222203044
0.9870142386
0.994844059
0.9968642957
0.9958466737
0.9951571427
0.9950465895
0.9936998752
0.9882743039
0.979210489
0.9504083739
0.9812013212
0.9926833835
0.9935382274
0.9675787444
0.007344610466
0.005496004968
0.005491223267
0.005491032094
0.005490871235
0.005490687215
0.006097917776
0.008984735057
0.9933024793
0.9962462202
0.9969632384
0.9969015334
0.9968360629
0.9967693884
0.9966974734
0.9966122929
0.9955798932
0.9912589918
0.008493082791
0.006137081472
0.005491373266
0.005491203835
0.005491544827
0.00549152718
0.005491335649
0.005491076904
0.005490909777
0.005804709168
0.01107167377
0.9954714036
0.9956295444
0.9917384587
0.008283878455
0.005731158533
0.005490825808
0.005490707843
0.005490636157
0.005490603236
0.005490572648
0.00549052711
0.005490489509
0.005490473377
0.005490470505
0.005490507532
0.006153704653
0.009991380657
0.9954332967
0.9973824837
0.9979241023
0.9979494862
0.9979114403
0.997806982
0.9976735023
0.9976198144
0.997317825
0.99555352
0.9746586554
0.008964503932
0.006587616848
0.00583315857
0.005494455901
0.005494381686
0.005494363901
0.005493288274
0.005492346748
0.005491509725
0.007712683054
0.994981001
0.9921659588
0.01091925338
0.005489879158
0.005490060177
0.005490174239
0.005490290968
0.005490398621
0.005490507632
0.005490604438
0.005490681844
0.005490779508
0.005490905052
0.005490984289
0.005490979547
0.005491037918
0.005491150121
0.005491075428
0.005490978175
0.005493604608
0.006536221594
0.01169154159
0.9958853362
0.9973439692
0.9977578473
0.9977052989
0.997651077
0.9975214168
0.9972288209
0.9959535789
0.9902847336
0.008009471989
0.005962294699
0.005491016288
0.00549138752
0.005491611773
0.005491971947
0.005491674329
0.005491410513
0.005491687304
0.005823062512
0.006482028652
0.009027852218
0.967558108
0.9909741468
0.9933597273
0.9926065113
0.9891988304
0.9918443594
0.99341052
0.9943373771
0.9934198781
0.9928697316
0.009934994438
0.005845215847
0.005491311378
0.005491039523
0.005490941651
0.005490895552
0.005490827433
0.005490737212
0.005490649946
0.00609011877
0.008978194093
0.9932984032
0.9962428124
0.9969611962
0.9969046912
0.9968444837
0.9967678424
0.9966663556
0.9965690769
0.995666431
0.9933345181
0.01187456646
0.006957046892
0.005820253589
0.00549129266
0.00549145455
0.005491048459
0.005491151098
0.006859652657
0.9825319471
0.996373418
0.9959263594
0.9105050422
0.006367117532
0.005490641819
0.005490765559
0.00549068859
0.005490624603
0.005490597143
0.005490578273
0.005490553848
0.005490530865
0.005490518809
0.005490522659
0.005490536925
0.005490543053
0.005490590177
0.006213090266
0.01055471343
0.9958467917
0.9975436197
0.9979994153
0.9978579263
0.9975779021
0.9973502215
0.9972040656
0.9969246283
0.9953515103
0.9946188236
0.9924865201
0.9791272763
0.01009737575
0.006737695519
0.005862313937
0.005493282631
0.005492462548
0.005492077247
0.008901812983
0.9962282893
0.9940368917
0.01091925816
0.005489881592
0.005490055043
0.00549015488
0.005490263217
0.005490370172
0.005490476113
0.005490572614
0.005490658287
0.005490752048
0.005490853749
0.005490927364
0.005490956792
0.005491000926
0.005491073396
0.00549109457
0.005491058466
0.005491067933
0.005491039752
0.005490939388
0.006281287174
0.01072636684
0.995749294
0.9974425912
0.9979145845
0.9978458829
0.9976600621
0.9973282258
0.9968626426
0.9955469884
0.9909706459
0.008438106286
0.006052213632
0.005491382428
0.00549200283
0.005492142972
0.005491975754
0.005491954555
0.00549182603
0.005491319948
0.005491333591
0.005754792864
0.006380417862
0.00847860313
0.9770363597
0.987007871
0.9940001543
0.9963180313
0.9970372821
0.9952269588
0.8867669003
0.007039537145
0.005491365956
0.005491254917
0.005491030308
0.005490934199
0.005490919038
0.00549089675
0.005490852484
0.005490796042
0.005490732178
0.005490650901
0.006089939815
0.008971762544
0.993266625
0.9962296723
0.9969564618
0.9968931802
0.9967485048
0.9965032198
0.9962756054
0.9963961501
0.9964495614
0.9949979477
0.9759009581
0.008317080471
0.006176600453
0.005491372601
0.005892808222
0.01026790426
0.9946681176
0.9954717935
0.9930354671
0.008627749635
0.005700040404
0.005490616097
0.005490679576
0.005490658695
0.005490627597
0.005490606869
0.005490592256
0.005490576402
0.0054905615
0.005490552107
0.005490551729
0.005490560976
0.00549057925
0.00549059911
0.005490602208
0.005490664223
0.006272595622
0.0113052274
0.9964119172
0.9978339443
0.9977348123
0.997285798
0.9969956737
0.9964263284
0.9953311293
0.9937196405
0.9935856337
0.9946832874
0.9964770158
0.9948696642
0.9823372897
0.01144534534
0.008200176372
0.006914339947
0.01132462929
0.9971774863
0.9952820242
0.0109192629
0.005489885289
0.005490054771
0.005490143241
0.0054902426
0.005490345236
0.005490448141
0.005490545446
0.005490636462
0.00549072929
0.005490821231
0.005490894347
0.005490943987
0.00549099726
0.005491057899
0.00549109196
0.005491097202
0.005491116692
0.005491128917
0.005491095203
0.005490989767
0.005490932944
0.006287539413
0.01133641197
0.9963257988
0.9977357555
0.9980741476
0.9978060207
0.9973598872
0.9969956227
0.99679054
0.9958568957
0.9926627068
0.009129285337
0.006192454815
0.005491837891
0.005492173014
0.005492284372
0.005492130964
0.005491772121
0.005491625643
0.005491702229
0.005491619534
0.006045133113
0.01087102797
0.9888715501
0.9939021419
0.9963735512
0.9974305209
0.9964346018
0.9875541809
0.006335330125
0.005491115378
0.005490985544
0.005490881003
0.005490888491
0.005490930339
0.005490946336
0.005490921878
0.005490872599
0.005490821549
0.005490768195
0.005490711191
0.005490637875
0.006086770913
0.0089364118
0.9931734425
0.9962061753
0.9969099509
0.9965217993
0.9957259804
0.9951528594
0.9954058835
0.9958665273
0.9946046605
0.9935809188
0.9897709002
0.008929210411
0.007449993341
0.9808498614
0.9958745638
0.9959322528
0.9628463329
0.006429466029
0.005490595819
0.005490690398
0.005490719696
0.005490682321
0.005490655616
0.005490634761
0.005490618148
0.005490603084
0.005490590028
0.005490580806
0.005490577221
0.005490579991
0.005490588869
0.005490602435
0.005490620661
0.005490637687
0.005490639252
0.005490744639
0.006425174102
0.01578838022
0.9964804672
0.9968288198
0.9968459291
0.9961995777
0.995032596
0.9928035173
0.9843887339
0.9852744692
0.9950595716
0.9966702092
0.9954591321
0.9949768754
0.994247938
0.9770146101
0.9868767953
0.9968093795
0.9960191908
0.01091926692
0.005489888951
0.005490056586
0.005490136549
0.005490228231
0.005490325969
0.005490426029
0.005490523917
0.005490618411
0.005490712094
0.005490801929
0.005490878945
0.005490942441
0.005491005184
0.005491067189
0.005491113154
0.005491144532
0.005491179199
0.005491204572
0.005491202407
0.005491168927
0.00549113768
0.00549108287
0.005491073907
0.006406892286
0.0132888555
0.9970118172
0.9980560679
0.9978358741
0.9972854586
0.9969956387
0.9967489469
0.9967362921
0.9961927391
0.9943077364
0.01047419693
0.006396300789
0.005492065339
0.005492291559
0.005492018477
0.005491664643
0.00549142239
0.005493061374
0.007626140553
0.9863085249
0.9933776262
0.9939421241
0.995466543
0.9963158468
0.9962234211
0.9964826639
0.01515043006
0.005492055942
0.005490923268
0.005490805398
0.00549086338
0.00549095807
0.00549100138
0.005490983027
0.005490930191
0.005490868917
0.005490810327
0.005490767866
0.005490732632
0.005490696129
0.005490641309
0.006079200856
0.008946711764
0.9937204711
0.9965627885
0.9960218508
0.9940642389
0.9936279521
0.9939004559
0.9935410587
0.9927108049
0.9928416248
0.9909913693
0.9868031873
0.9896216492
0.9949841158
0.9943049268
0.009700579525
0.005732496553
0.005490699885
0.005490739444
0.005490752174
0.00549072495
0.005490695351
0.005490671458
0.00549065143
0.005490634056
0.005490619477
0.005490608236
0.005490600921
0.005490597681
0.005490598127
0.005490601144
0.005490605686
0.00549061027
0.00549061536
0.005490614489
0.005490605165
0.00549108547
0.006989501135
0.987527397
0.9963806467
0.996542937
0.9956203366
0.9946075443
0.9918477745
0.9879577055
0.01495662154
0.01394156425
0.9906481314
0.9906987739
0.9901738533
0.980607706
0.9878820024
0.995500877
0.9946007327
0.01091927014
0.005489892135
0.005490059112
0.005490132932
0.005490218686
0.005490312187
0.005490409891
0.005490508105
0.005490605024
0.005490700515
0.005490791776
0.005490874102
0.005490947703
0.005491018419
0.005491085294
0.005491141213
0.005491187455
0.005491230588
0.005491261892
0.00549127071
0.005491255626
0.005491235126
0.005491220063
0.005491215661
0.005491183919
0.005491278397
0.006652878557
0.02229816659
0.996938093
0.9969471791
0.996846326
0.9964205823
0.996222635
0.9963965727
0.9968085289
0.9966502517
0.9954868076
0.01169340661
0.006442562243
0.005491764857
0.005491603839
0.005491393516
0.006565332193
0.022235739
0.996312876
0.9950034412
0.9949158639
0.9944972552
0.9934407308
0.01409161782
0.9959029828
0.9975447752
0.009435288619
0.005490799576
0.00549064556
0.005490791285
0.005490972028
0.005491051431
0.005491032644
0.005490969817
0.005490898115
0.005490832168
0.005490781894
0.005490749206
0.00549074072
0.005490746444
0.005490757412
0.005490726059
0.00615103668
0.01088992812
0.9946409966
0.9930092585
0.9919016692
0.9927795735
0.9931353783
0.9930764486
0.9930519022
0.9932582735
0.9930911258
0.9944414196
0.9957586219
0.9860711513
0.006905993531
0.005490967623
0.005490908869
0.005490886705
0.005490833059
0.005490787287
0.005490747932
0.005490715972
0.005490690133
0.00549066864
0.005490650841
0.005490636431
0.005490625168
0.005490616637
0.005490610209
0.005490604941
0.00549059999
0.005490594652
0.005490588846
0.005490582452
0.005490580882
0.005490597907
0.005490519436
0.005867008847
0.009873015555
0.9945083378
0.9956086013
0.9955944205
0.9943585707
0.9940892711
0.994653331
0.9930352552
0.01080309481
0.01057945421
0.9696599335
0.9777070271
0.98830861
0.993999938
0.9909325059
0.01091927263
0.005489894676
0.005490061612
0.005490131136
0.005490212638
0.005490302972
0.005490398985
0.00549049747
0.005490596235
0.005490693832
0.005490787699
0.005490875032
0.005490955914
0.005491032695
0.005491104224
0.005491166961
0.005491221084
0.005491267923
0.005491301273
0.005491314093
0.005491305733
0.005491285059
0.00549125875
0.005491233349
0.005491214363
0.005491192371
0.005491136377
0.005492010874
0.007206318399
0.9877493629
0.995973102
0.9960430612
0.9952760916
0.9951888269
0.9954678195
0.9961095313
0.9968076154
0.9966061617
0.9948003507
0.009567848364
0.006122054855
0.006321535018
0.009987636396
0.9957521702
0.9972861699
0.9967230854
0.9952571486
0.9922376294
0.009496593528
0.006429860186
0.007400932979
0.9969526609
0.9967719479
0.006903145218
0.005490349678
0.005490669794
0.005490986414
0.005491103714
0.005491070771
0.005490989849
0.005490906573
0.005490833979
0.005490777751
0.005490742228
0.005490730841
0.00549075055
0.005490817933
0.005490877313
0.005490926995
0.005491189399
0.007083954061
0.9844864804
0.9911976129
0.9933984969
0.9947073147
0.9955450902
0.9961815282
0.9963925044
0.9956423585
0.9947665159
0.9953582603
0.01344133349
0.005932610145
0.005491142489
0.00549104103
0.005490964339
0.005490900822
0.005490843363
0.005490797536
0.005490760284
0.005490729759
0.005490704494
0.005490683514
0.005490666064
0.005490651432
0.005490638827
0.005490627498
0.005490616759
0.005490606495
0.00549059764
0.005490591725
0.00549059119
0.005490600274
0.005490622787
0.005490598957
0.005490507934
0.005490631181
0.006681538809
0.9815900563
0.9956950418
0.9952374104
0.9924179998
0.9931297764
0.9946718276
0.9941967343
0.9891786124
0.9793266775
0.9852489044
0.9904874687
0.9940946107
0.9849965532
0.01091927441
0.005489896489
0.00549006364
0.005490130303
0.005490209034
0.005490297336
0.005490392382
0.005490491248
0.00549059153
0.005490691112
0.005490787531
0.005490878765
0.005490964536
0.005491045332
0.00549111998
0.005491186604
0.00549124441
0.005491292444
0.005491326412
0.005491340796
0.005491335129
0.005491313562
0.005491281764
0.005491243778
0.005491204975
0.005491164465
0.005491136758
0.005491149343
0.005491025551
0.005847175872
0.009040378644
0.9918083442
0.9929146659
0.9930156831
0.9928259459
0.9936231456
0.9945151349
0.9951950021
0.9956698144
0.9941783708
0.9847881099
0.01120787402
0.993586836
0.9961950839
0.997348914
0.996172073
0.9922832465
0.008755927123
0.006174393428
0.005491338627
0.005491473173
0.01020532939
0.9977880844
0.995143315
0.006437662571
0.005490580232
0.005491078932
0.005491186183
0.005491100193
0.005490988456
0.005490893234
0.005490816494
0.00549075666
0.005490715816
0.005490690542
0.005490703232
0.005490785549
0.005490836752
0.005490857252
0.005490934842
0.006335580187
0.01009589166
0.9901259734
0.994146168
0.9957813811
0.9967629108
0.9974463868
0.9977320914
0.9971964651
0.9949188325
0.9598116609
0.007270936133
0.00549180239
0.005491410019
0.005491210701
0.005491054343
0.005490963356
0.005490896341
0.005490844195
0.005490802548
0.005490768436
0.00549074019
0.005490716727
0.005490697045
0.005490680124
0.005490664827
0.00549065023
0.005490635679
0.005490621629
0.005490610645
0.005490605374
0.005490608884
0.005490621543
0.005490641676
0.005490636854
0.005490612867
0.005490678619
0.005490653875
0.005861793253
0.01037105709
0.9949764702
0.9926815123
0.9922856814
0.9939110995
0.9951213916
0.9953270895
0.9934670276
0.9912118117
0.9888388732
0.9929484771
0.05591129119
0.01091927549
0.005489897495
0.005490064888
0.005490129854
0.005490207113
0.005490294476
0.005490389272
0.005490488722
0.005490590326
0.005490691543
0.005490789863
0.005490883588
0.005490972141
0.005491054874
0.005491130652
0.005491198734
0.005491257612
0.005491305548
0.005491340134
0.005491355748
0.005491352478
0.005491332164
0.00549130227
0.005491265935
0.005491233775
0.005491205727
0.005491202426
0.005491224933
0.005491226309
0.005491134116
0.005491128504
0.006571880086
0.9564309431
0.9911101861
0.9914301678
0.9911856956
0.9922595926
0.9930387571
0.9936201153
0.9939530385
0.9940545228
0.9946083261
0.9961120258
0.9968628583
0.9973251313
0.9957403033
0.009622301261
0.006122318352
0.00549093877
0.005491242476
0.005491386179
0.005492419658
0.01748153635
0.9967499232
0.983798102
0.006243290758
0.005491134855
0.005491278241
0.005491103203
0.005490960067
0.005490859329
0.005490783324
0.00549072601
0.005490686289
0.00549063526
0.005490614636
0.005490702043
0.005490705704
0.005490623949
0.00602078833
0.008190984429
0.9881605427
0.9900227202
0.9933911217
0.9954352913
0.9967791424
0.9976369493
0.9979975668
0.9977549413
0.9958863789
0.008441313907
0.005748148048
0.005491476142
0.00549133024
0.005491180579
0.005491074852
0.005490993725
0.00549093166
0.005490881217
0.005490839052
0.005490803576
0.005490773843
0.005490749152
0.005490728532
0.005490710783
0.005490694306
0.005490677795
0.005490660117
0.005490641865
0.005490627451
0.005490620466
0.005490625353
0.005490638268
0.005490656087
0.005490656741
0.005490662747
0.00549075829
0.005490834554
0.005490915045
0.005491299846
0.008570869717
0.9884426342
0.9927013339
0.9948875879
0.9959995016
0.9965160975
0.996238199
0.9950075709
0.9901515443
0.9821430294
0.02412056984
0.01091927584
0.005489897612
0.005490065136
0.005490129426
0.005490206408
0.005490293872
0.005490389095
0.005490489366
0.005490592185
0.005490694583
0.005490793874
0.00549088861
0.005490978103
0.00549106068
0.005491135331
0.005491202754
0.005491260678
0.005491307401
0.005491343032
0.005491359587
0.005491358592
0.005491339721
0.005491315574
0.005491285793
0.005491269522
0.005491261115
0.005491287124
0.005491324225
0.005491374755
0.005491330359
0.005491585473
0.005491642437
0.007131410501
0.01326711115
0.9905286453
0.9916773035
0.9928663656
0.9938901671
0.9950151961
0.9959205222
0.9964566077
0.9966264327
0.9968120249
0.9962424575
0.996563615
0.02380158217
0.006563995038
0.005491014462
0.005491105168
0.005491236929
0.005491232604
0.005491173462
0.005988328233
0.9814804572
0.9935509834
0.9857063994
0.006050668703
0.005491447564
0.005491118105
0.005490929536
0.005490823077
0.005490744489
0.005490691657
0.005490676851
0.005490613431
0.005490537539
0.005490664766
0.005490635254
0.006029407038
0.008041340611
0.9845890637
0.9902631069
0.9880804234
0.9885227997
0.9925746714
0.9953170673
0.9968753928
0.9975008782
0.9973816503
0.9965652085
0.0104038857
0.005491203303
0.005491451028
0.005491330774
0.005491188802
0.005491092802
0.005491019532
0.005490960752
0.005490912053
0.005490870266
0.005490834359
0.005490804108
0.005490779352
0.005490759237
0.005490742421
0.005490726562
0.005490709629
0.005490689132
0.005490665283
0.0054906451
0.005490632321
0.005490635056
0.005490646277
0.00549066282
0.005490642313
0.005490617697
0.005490685583
0.005490721716
0.005490673188
0.00598686174
0.007872447068
0.9759713841
0.9913434939
0.9948783124
0.996018808
0.996546425
0.9965149693
0.9957789725
0.9927729903
0.9788199801
0.01863736331
0.01091927538
0.00548989675
0.005490064236
0.005490128853
0.005490206743
0.005490295323
0.005490391591
0.005490492904
0.005490596915
0.005490699991
0.005490799148
0.005490893466
0.005490982406
0.005491062707
0.005491133609
0.005491198368
0.005491253059
0.005491296797
0.005491334035
0.005491349796
0.005491349765
0.005491328484
0.005491309188
0.005491283641
0.005491281311
0.005491279868
0.005491331687
0.005491326119
0.005491375965
0.005491309992
0.005492068568
0.006438908367
0.009129455623
0.9881738125
0.9900943082
0.9921457616
0.9936567093
0.9949103597
0.9961651853
0.9970796684
0.997579938
0.9974814708
0.9970504821
0.9954288675
0.9810032215
0.007560325555
0.005493171473
0.005491231867
0.00549118279
0.005491204737
0.005491151386
0.005491025052
0.005490694095
0.006164640931
0.9799679434
0.996886017
0.02153943863
0.005493289071
0.005491248903
0.005490939785
0.005490806985
0.005490707201
0.005490640673
0.005490663564
0.005490636528
0.005490584989
0.005491271421
0.006348224976
0.008921223851
0.990062659
0.9932931487
0.9930427514
0.9887327031
0.9881012662
0.9895020273
0.9923605864
0.9935382193
0.9954115319
0.9961341442
0.996386765
0.9935240996
0.006222763796
0.005491041571
0.005491188169
0.005491145086
0.005491078118
0.005491021779
0.005490974375
0.005490932096
0.005490893384
0.005490858671
0.005490829012
0.005490805359
0.005490787287
0.005490773549
0.005490760639
0.005490745561
0.005490722921
0.005490691789
0.005490664638
0.005490642561
0.005490639225
0.005490644718
0.00549067862
0.005490643585
0.00549055288
0.005490598284
0.00549055821
0.005924777953
0.007456066519
0.9616660349
0.98280136
0.9873611474
0.9930747664
0.9948137304
0.9955417264
0.9956825081
0.9950501313
0.9925614422
0.9864509239
0.02142777307
0.01091927401
0.005489894818
0.005490062135
0.005490128183
0.005490208256
0.005490298971
0.005490396797
0.00549049931
0.005490604624
0.005490707821
0.005490805505
0.005490898062
0.005490985565
0.005491061506
0.005491125513
0.005491185791
0.005491234029
0.005491271368
0.005491311648
0.005491322492
0.005491319669
0.005491288044
0.005491267452
0.005491227968
0.005491233831
0.005491169129
0.005491174002
0.005491055736
0.005491126144
0.005801453633
0.007134710446
0.01452559667
0.9929385113
0.9906460852
0.9886255653
0.9896540696
0.9928861153
0.9948439063
0.9963650508
0.9973846034
0.9979993508
0.9980669585
0.9972437958
0.9939917912
0.008332983459
0.00576823458
0.005491320422
0.005491126374
0.005491095955
0.005491099044
0.005491040073
0.005490900306
0.005490629456
0.005490234591
0.006330101906
0.9948387387
0.9979194114
0.01116102502
0.005491326302
0.005490859458
0.005490755709
0.005490646398
0.005490506058
0.005490494115
0.005490390101
0.005648356292
0.006833530162
0.01458275388
0.9947343364
0.9956985876
0.9955523565
0.9943208089
0.9925107616
0.9930123274
0.9922252657
0.9931926703
0.9917292517
0.9846721029
0.9950738458
0.9964969353
0.9960042037
0.009375493285
0.005490753036
0.005490986764
0.005491045394
0.00549102507
0.005490998197
0.005490970896
0.005490940628
0.005490907896
0.005490875769
0.005490847323
0.005490825356
0.005490810385
0.005490802094
0.005490795132
0.005490785426
0.005490762369
0.005490722327
0.005490688835
0.005490658492
0.005490649263
0.00549063102
0.005490688152
0.005490685908
0.005490590367
0.005490821577
0.006128476768
0.007844302215
0.9737908564
0.9868715247
0.9845924485
0.9788251388
0.9883156812
0.9914321076
0.992446596
0.9930908875
0.9929846686
0.9913064827
0.9887226405
0.9583240785
0.01091927154
0.005489891735
0.005490058916
0.005490127721
0.005490211431
0.005490305301
0.005490405022
0.005490508799
0.00549061579
0.005490718369
0.005490812801
0.005490902382
0.005490988533
0.005491058126
0.00549111182
0.005491166673
0.005491203389
0.005491228414
0.005491274561
0.005491273718
0.005491263153
0.005491199496
0.005491178979
0.005491071166
0.005491040936
0.005490896787
0.005490954929
0.005773884856
0.006698820362
0.01008531737
0.9782115632
0.9952405434
0.9956708754
0.9931982716
0.9895047297
0.9900440408
0.9920086985
0.9939111745
0.9956059136
0.9967469427
0.9975911257
0.997685383
0.9967422685
0.01385801843
0.006270628836
0.005491209512
0.00549150284
0.005491289728
0.005491134368
0.005491052253
0.005490952149
0.005490796371
0.005490564135
0.005490310808
0.005490192763
0.006702273229
0.9965768651
0.9971638354
0.007438975155
0.005490561699
0.005490648358
0.005490636317
0.005490501993
0.005490655985
0.005982077562
0.007219864657
0.9013304505
0.9956875922
0.9969086123
0.9968504923
0.9961171924
0.9956864513
0.9942996451
0.9943077987
0.9928721444
0.9649622271
0.009988322611
0.007103834474
0.01757177956
0.9969470808
0.9972137573
0.9949910819
0.006268681133
0.005490856846
0.005490935803
0.005490945889
0.005490955182
0.005490954891
0.005490940645
0.005490915601
0.00549088655
0.005490859034
0.005490838245
0.005490825869
0.005490824706
0.005490827356
0.005490828355
0.005490806254
0.005490756087
0.00549071984
0.005490676381
0.005490681755
0.005490599107
0.005490609873
0.005490477929
0.005679408641
0.006605577518
0.01082886768
0.9908183627
0.9924897488
0.991904429
0.9857058301
0.9797770121
0.9842451746
0.9859199451
0.9835057942
0.9843430188
0.9882896835
0.9907355882
0.9925646892
0.9841331903
0.01091926769
0.005489887449
0.00549005489
0.005490128129
0.005490217185
0.005490315104
0.0054904167
0.005490521826
0.005490631563
0.005490732098
0.005490820441
0.005490906418
0.00549099303
0.005491053107
0.005491093583
0.005491147336
0.005491162084
0.005491164575
0.005491226595
0.005491189707
0.005491178972
0.005491036922
0.005490980932
0.005490808382
0.005490874105
0.005772318094
0.006715374128
0.01019826781
0.9775209236
0.9945180734
0.9957451979
0.9953982878
0.9952262468
0.9920974181
0.9905796945
0.9915453855
0.9920996041
0.9928101937
0.9940465622
0.9947242506
0.99600001
0.996215681
0.9949514484
0.9692509918
0.005853566446
0.005491172139
0.005491422015
0.00549129941
0.00549114605
0.005491019852
0.005490891432
0.005490736959
0.005490560603
0.005490428979
0.005490429602
0.00549064856
0.008769268344
0.997473861
0.9957422407
0.006794574486
0.005490520886
0.005490511485
0.00568716425
0.006593100841
0.01065816602
0.9911379891
0.9952065294
0.9965907989
0.9970463807
0.9969774506
0.9962452299
0.9956677918
0.9936114358
0.9583767525
0.009778865686
0.006791690027
0.005840713513
0.005491245279
0.006438986189
0.9953834358
0.9974232358
0.9973855302
0.01224196967
0.005490983563
0.005490839947
0.005490857331
0.005490904817
0.005490935163
0.005490938007
0.005490920127
0.005490893399
0.005490865732
0.005490844821
0.005490832021
0.005490836445
0.005490850834
0.005490873788
0.005490853482
0.005490785429
0.005490777047
0.005490720489
0.005490762138
0.005490702064
0.005491289481
0.006084820211
0.007514427772
0.8179545102
0.9944540871
0.9957238298
0.9951151727
0.9935093304
0.9901774688
0.9869395809
0.986447911
0.9840110224
0.9687993739
0.9556552347
0.9521120044
0.988404758
0.9945151679
0.9918408302
0.01091926208
0.005489882004
0.005490050696
0.005490130555
0.005490227104
0.005490329423
0.00549043188
0.005490538843
0.005490654766
0.005490750109
0.005490826041
0.005490909265
0.005491003769
0.005491046099
0.005491065966
0.005491141887
0.005491123377
0.005491066088
0.005491179652
0.005491061066
0.005491008134
0.005490800656
0.005490926137
0.005792949001
0.006759948898
0.01037669118
0.9813130603
0.9950507361
0.9962159801
0.9960628289
0.9962841146
0.995631479
0.9950551174
0.9933918591
0.9928835856
0.9935662393
0.9939087626
0.9947430025
0.9938341131
0.9922003773
0.9925076644
0.9927213408
0.9944374988
0.99295865
0.006867225054
0.005490886913
0.005491212219
0.00549119608
0.005491105497
0.005490983588
0.005490847978
0.005490694204
0.005490554041
0.005490507415
0.005490540337
0.005490804912
0.005491493993
0.01304862329
0.9962675071
0.9897323685
0.006756574042
0.006212452414
0.007612270995
0.8334381575
0.9946041174
0.9964505473
0.9971198408
0.9973366341
0.9973995817
0.9972691776
0.9962961423
0.9818972319
0.009860544256
0.006656744857
0.005784896816
0.005491010293
0.005490976332
0.005490912995
0.005490553583
0.008358036838
0.9963065806
0.9978760783
0.996893978
0.006619569509
0.005490738083
0.005490770735
0.00549086296
0.005490923374
0.005490939796
0.005490925618
0.005490899549
0.005490870316
0.005490848744
0.005490830857
0.005490833585
0.005490847975
0.005490904355
0.005490897229
0.005490767379
0.005490764586
0.00549070334
0.005490938955
0.005841045608
0.007244298507
0.01528005309
0.9934952359
0.9953916603
0.9963750946
0.9964209644
0.9955821468
0.995010968
0.9938903065
0.9942412184
0.992761183
0.9897650517
0.9800747193
0.9844199447
0.9508609519
0.9683978827
0.9949051061
0.9939093619
0.01091925451
0.005489875803
0.005490047415
0.005490136572
0.005490243958
0.005490349924
0.005490449283
0.005490558741
0.005490691375
0.005490777279
0.005490825068
0.005490903734
0.005491029601
0.005491044453
0.005491012639
0.005491147032
0.005491123692
0.00549095862
0.005491089591
0.005490883233
0.005491238036
0.005855815188
0.006975200993
0.01131039084
0.9847775641
0.9953141288
0.9965183373
0.9965644735
0.9968799172
0.9965458356
0.9962490659
0.995838644
0.9955893062
0.9949515478
0.9954545191
0.9950197603
0.9947251006
0.9958460975
0.9961664083
0.9848912746
0.7999757258
0.0113795494
0.9924317931
0.9947825431
0.009799179184
0.00549098946
0.005491081244
0.005491109281
0.005491054596
0.005490944441
0.005490822334
0.005490669522
0.005490533109
0.005490574361
0.005490619837
0.005490860345
0.005491248427
0.006091103217
0.9833346333
0.9909720231
0.9872917195
0.01338906317
0.9929004038
0.9947868754
0.9961511934
0.9968963342
0.9973276602
0.9970757513
0.9963435973
0.9951201793
0.01790831885
0.007233906859
0.005792463951
0.005490920315
0.005490918936
0.005490941756
0.005490958921
0.005490898998
0.005490563492
0.005766642533
0.9847473663
0.9974339332
0.9980141916
0.01888663311
0.005491286812
0.005490702378
0.005490847185
0.005490928867
0.005490950293
0.005490934017
0.00549090782
0.005490877069
0.005490856166
0.005490831289
0.005490826582
0.005490804441
0.005490863829
0.005490872633
0.005490685084
0.005490722747
0.005788543679
0.006942404989
0.01217331741
0.9894170212
0.996538578
0.9973474207
0.9972081311
0.997242444
0.9969858192
0.9969182816
0.9962002336
0.9952143057
0.9959115179
0.9964192604
0.990936784
0.9351441105
0.9608941342
0.01166595977
0.9653977127
0.9940824632
0.993943945
0.01091924604
0.00548987046
0.005490046933
0.005490147348
0.00549027198
0.00549038072
0.005490466591
0.005490575245
0.005490748067
0.005490826712
0.005490822492
0.005490871054
0.005491057706
0.005491060971
0.005490938399
0.005491095536
0.005490999138
0.005491023035
0.005494953492
0.005996457627
0.007458399108
0.01425064364
0.990096399
0.9960510743
0.9968486453
0.9967178108
0.997145291
0.9970234431
0.996894815
0.9966888717
0.9965049865
0.9965964848
0.99592387
0.9950880685
0.9958184804
0.9960050042
0.9879159873
0.974158241
0.01506417962
0.00860617426
0.006296421652
0.006482369638
0.989543862
0.9953291271
0.9766453013
0.005823537948
0.005491005604
0.005491033893
0.005490997287
0.005490884691
0.005490791829
0.005490672638
0.005490522392
0.005490593097
0.005490618129
0.00549098509
0.005851759372
0.007229789855
0.01644473367
0.9936944851
0.9948399292
0.9958371755
0.996622914
0.996598137
0.9968950175
0.9973757899
0.9976235738
0.9969657851
0.9827953534
0.008159546382
0.006288455509
0.005491822997
0.005491070066
0.005491014552
0.00549103176
0.005491050554
0.00549097163
0.005490885788
0.005490678977
0.005490473007
0.006906967295
0.9967697545
0.9981279879
0.9967725586
0.0069089087
0.005490555724
0.005490811338
0.005490931665
0.005490961756
0.005490942907
0.005490919311
0.005490891776
0.005490880801
0.005490841498
0.005490858136
0.005490768988
0.005490763174
0.005490585375
0.00567671197
0.006591421304
0.01046376366
0.9863005589
0.9961865358
0.9971263744
0.9971511441
0.9976249299
0.9974429906
0.9976748164
0.9973338669
0.9974016011
0.9971951936
0.9901130179
0.9701789827
0.0136769165
0.008977445017
0.006693819595
0.006074896681
0.006004485715
0.009259787341
0.9950301791
0.9926552024
0.01091924295
0.005489870742
0.005490053429
0.005490161838
0.005490314438
0.005490429527
0.005490488608
0.005490576318
0.005490818451
0.005490893903
0.005490844224
0.005490828114
0.005490964882
0.005490865929
0.00549085849
0.005492095457
0.005819017587
0.006263771473
0.009874056145
0.04032299355
0.993963456
0.9969726416
0.9973988726
0.9971572893
0.9974055459
0.9971125736
0.9971470127
0.9971210458
0.9969723419
0.9968670939
0.9963701761
0.9966295602
0.9963575618
0.9858571982
0.9327834748
0.01143506135
0.007943376144
0.006149302504
0.005820836127
0.005500974777
0.005491514435
0.005491186766
0.01034080797
0.9965850978
0.9952815376
0.006858164361
0.005490954696
0.005490945349
0.005490933288
0.005490806686
0.005490702341
0.005490626747
0.005490626113
0.00549151155
0.005895805255
0.007055964406
0.01121678597
0.9831040166
0.9956461239
0.9968817304
0.9973053462
0.9972874016
0.997355656
0.9968291952
0.9969114261
0.9967825512
0.9964528356
0.03344765734
0.007516165835
0.005713773314
0.005490844093
0.005490917671
0.005491023342
0.005491075039
0.005491047771
0.005491035034
0.005490966044
0.005490870864
0.005490727687
0.005490619014
0.005491296735
0.01882924709
0.9980141718
0.9974353275
0.9847444076
0.005766838322
0.005490767502
0.005490942608
0.005490982587
0.005490960602
0.005490945353
0.005490920083
0.005490959725
0.005490915869
0.005490979389
0.005490952323
0.005493934732
0.006360744741
0.008074953682
0.9609640127
0.9952976476
0.9967936219
0.9971170371
0.9975339884
0.997409637
0.9977752391
0.997517238
0.997607988
0.9970232158
0.9926754858
0.02068295555
0.008730950905
0.006114675148
0.005785516975
0.005492948574
0.005492306832
0.005491946176
0.005491618618
0.00834951366
0.9962871714
0.9937433044
0.01091927702
0.005489887923
0.005490076275
0.005490176539
0.005490365383
0.005490490349
0.005490528825
0.005490580184
0.005490843224
0.005490797399
0.005490772304
0.005491181916
0.005544166276
0.005917091902
0.006382961059
0.009496601162
0.02154646411
0.9905723467
0.9949357024
0.9979586881
0.99797115
0.9976277469
0.9977225989
0.997380697
0.9973420724
0.9972047917
0.9974582402
0.9970140412
0.996399969
0.9960497537
0.9942805209
0.9830346706
0.01277095559
0.007788618922
0.006012954414
0.005741658845
0.005491344039
0.00549115983
0.005491176838
0.005491071991
0.00549112709
0.005490883565
0.006596554586
0.9941895022
0.9967971671
0.01267302492
0.005491517679
0.005491042612
0.005490843691
0.005490685967
0.005490721957
0.005704370596
0.006031458374
0.008254354797
0.01719695027
0.990779766
0.9957513039
0.996365954
0.9962364184
0.9970452246
0.9974293665
0.9975592353
0.9975024639
0.9965895031
0.9954034341
0.9925352736
0.01024796921
0.006687406096
0.005493735678
0.005491416047
0.00549131127
0.005491158383
0.005491110378
0.005491091825
0.005491049389
0.005491006381
0.005490943365
0.005490864576
0.005490764693
0.005490694767
0.005490755857
0.006614606324
0.9968882536
0.9978832333
0.9963140795
0.008312169142
0.005490818774
0.005491051443
0.005491055072
0.005490993947
0.005490994623
0.005490932333
0.005490966803
0.005490877004
0.00549124728
0.00590072348
0.007951460809
0.03401830612
0.9958060776
0.9962277831
0.9969130735
0.9973833682
0.9974100763
0.9974933536
0.9975548618
0.9978093221
0.9973618774
0.9933011313
0.01687062181
0.007514212782
0.00595441394
0.005493996283
0.005493210004
0.005493167873
0.005492763783
0.005492689629
0.005492330935
0.005491661455
0.007477249637
0.9950846354
0.9928886558
0.01091952216
0.00548995786
0.005490118328
0.005490185714
0.005490378274
0.005490419674
0.005490448044
0.005490724314
0.005493732035
0.005818767563
0.006125922862
0.007322707646
0.01370275378
0.5126126874
0.99331165
0.9957222619
0.9979868247
0.9979781155
0.9976795311
0.9978395331
0.997940025
0.9975586952
0.9973869539
0.997193089
0.9973984257
0.9970786348
0.997414523
0.9971640567
0.9902895436
0.9030014909
0.009097560495
0.006549839902
0.005809536455
0.005491213016
0.005490893533
0.005490972589
0.005490991136
0.0054911934
0.005491410578
0.005491371722
0.005491172595
0.005491175884
0.005929315952
0.9713384321
0.9946217174
0.9941165051
0.006457102096
0.005491647988
0.00549956055
0.005997484241
0.007031254207
0.01034695834
0.9634397043
0.990683572
0.9972202073
0.9974536167
0.9969315924
0.9969446224
0.9966398165
0.9968745279
0.9971966909
0.9974875612
0.9973586027
0.9961165111
0.9639515535
0.007573348906
0.006013713016
0.005491277002
0.00549118193
0.005491240718
0.005491278997
0.005491207292
0.005491150663
0.005491086184
0.005491021415
0.005490970198
0.005490920783
0.005490871958
0.005490819915
0.00549078959
0.005490815483
0.005490962188
0.01213255084
0.9973792133
0.9975037623
0.9949972441
0.006284112047
0.005491229996
0.005491212294
0.005491034709
0.005490997917
0.00549087635
0.005491080691
0.005844390206
0.007171080202
0.01413613408
0.9928569829
0.9974065356
0.9978621242
0.9975966498
0.9975069229
0.9974076019
0.997356458
0.9968698346
0.9961268627
0.9956255009
0.03088637551
0.00799390628
0.005950166656
0.005494027103
0.005494018872
0.005494004422
0.005494192484
0.00549412177
0.005493405497
0.005492771243
0.005492202329
0.005491442693
0.00699621008
0.9928489769
0.9906825689
0.01092210379
0.005490297042
0.005490126799
0.005490173783
0.005490899797
0.005733070715
0.006009952222
0.00696984626
0.01135269575
0.03681706887
0.9922187002
0.9948831902
0.9974098786
0.9984772048
0.9983666109
0.9980961123
0.9981938544
0.9982924297
0.9980513042
0.9978883915
0.9975634595
0.9971775902
0.9967983959
0.9963737805
0.9966500867
0.9958851804
0.9916960029
0.0168553716
0.008222348175
0.006001812809
0.005685053458
0.005490705599
0.005490641597
0.005490603472
0.005490746187
0.005490934798
0.005490938242
0.005491002984
0.00549120548
0.00549137815
0.005491640843
0.005492234275
0.005988588357
0.01127434606
0.9930585491
0.9930559441
0.01030258595
0.006812686982
0.0114838927
0.06143369126
0.9931092403
0.9960820173
0.9967812346
0.9966808264
0.9972224873
0.9975985552
0.997220257
0.9972728069
0.996683751
0.9961069476
0.9956905707
0.995553746
0.9940791862
0.0145613548
0.007009178592
0.005678809187
0.005491434583
0.005491452761
0.00549130688
0.005491219691
0.005491179641
0.005491180553
0.005491158954
0.005491060537
0.005490972216
0.005490921464
0.005490895826
0.005490885066
0.005490881817
0.005490892797
0.00549091694
0.005490895589
0.006262899854
0.9947628764
0.997250142
0.9974954778
0.01844327568
0.005492510896
0.00549145652
0.00549106745
0.005491030432
0.005816722751
0.007025520043
0.0126776245
0.9901576308
0.9966396559
0.9975467348
0.9976088518
0.99784232
0.9974397131
0.9975216309
0.9970755908
0.9967078535
0.9951132395
0.9529276239
0.007972152114
0.00633089909
0.005497042056
0.005495446628
0.005495432618
0.005495481314
0.005495147236
0.005494710562
0.005494283101
0.005493593945
0.005492866176
0.005492171358
0.005491367309
0.006654539472
0.9881664849
0.9867110875
0.01092670099
0.0054923895
0.005762953436
0.006188453195
0.008571276564
0.01706716276
0.9900568072
0.9945002783
0.9973003366
0.9984937338
0.9984692832
0.9982752469
0.9984271345
0.998577396
0.9986471636
0.9985012914
0.9984080511
0.9982656198
0.9981232094
0.9979140497
0.9974733095
0.9968046304
0.9957213334
0.9932563755
0.9912208165
0.03489525144
0.01296729611
0.00940845127
0.008475296332
0.008250571197
0.008179083514
0.008152194402
0.008141680445
0.008137500176
0.008137262949
0.00814273903
0.008159914916
0.008202816624
0.008302507037
0.008537834503
0.009181673544
0.01194373258
0.0150100919
0.9912712809
0.9952476835
0.9955208772
0.9932413154
0.9916307626
0.9956734471
0.9979975368
0.997814687
0.9972875148
0.9975213723
0.9974449981
0.9977726189
0.9974271383
0.9969585987
0.9972747878
0.9972883462
0.9932250752
0.9755047261
0.9910677265
0.009458031436
0.006058526637
0.00549220797
0.005492166872
0.005492100117
0.005491778764
0.005491498823
0.005491301569
0.005491135994
0.005491123493
0.005491131105
0.005490989847
0.005490889045
0.005490856492
0.005490867502
0.005490902209
0.005490950359
0.005491011278
0.005491080198
0.005491068373
0.00549100623
0.009385856328
0.9953481924
0.9967989326
0.9971351708
0.009065155676
0.005491584289
0.005793728635
0.006856678439
0.01144981414
0.9881501018
0.9963641181
0.9972365645
0.9972831032
0.9977873243
0.9976712842
0.9977396843
0.9971698161
0.997071811
0.996049208
0.9850642055
0.01018375517
0.006551630059
0.005675973345
0.005495600822
0.005496607146
0.005496732475
0.005496453879
0.00549597589
0.005495408306
0.00549485057
0.005494323565
0.005493699373
0.005493037132
0.005492354161
0.00549148154
0.006451221027
0.9777716307
0.9789590077
0.0324604729
0.01093311862
0.0341695723
0.9942972441
0.9966414678
0.9983080661
0.9984745166
0.9984145069
0.9985994319
0.9987608145
0.9988691903
0.9987962316
0.9987776788
0.9987357232
0.9986852411
0.9986472652
0.9985730324
0.998426895
0.998265533
0.9980667928
0.997733158
0.9972789704
0.9967097644
0.9960334364
0.9955110929
0.9966197727
0.9974190829
0.9972606877
0.9974157426
0.997376495
0.9973460094
0.9973316045
0.9973249933
0.9973221132
0.9973214446
0.9973233311
0.9973297624
0.9973446386
0.9973741966
0.9974273438
0.9975168416
0.997672438
0.9980477103
0.9976557841
0.997514816
0.9976023849
0.9972756545
0.9968268535
0.9968487865
0.997226504
0.9974752136
0.9971437533
0.997445747
0.9973515525
0.9978094555
0.997668589
0.993285891
0.9857699235
0.0161393362
0.009035865521
0.006392386536
0.008888362271
0.01049314741
0.005493184118
0.005492444263
0.005492467877
0.005492423462
0.005492107487
0.005491834992
0.005491649823
0.005491328555
0.005491085686
0.005490930742
0.005490781618
0.005490692598
0.005490691657
0.005490731807
0.00549079255
0.005490871155
0.005490979274
0.005491144988
0.005491472797
0.005492190668
0.006858866391
0.9897307102
0.9939230418
0.9951966413
0.9933487835
0.008575765142
0.01067921239
0.9838253928
0.9957560741
0.9969129873
0.9971547636
0.9975652205
0.9974450833
0.9978047452
0.9975192406
0.9974031695
0.9963445084
0.9884281638
0.01170654598
0.006880216218
0.005782321366
0.005496621745
0.005498577741
0.00549810907
0.005497726101
0.005497193905
0.005496480689
0.005495884202
0.005495345531
0.005494853474
0.005494372593
0.005493833247
0.005493239497
0.0054926238
0.005491902738
0.006220220958
0.8974937027
0.9681074161
0.9969257246
0.998274566
0.9988243572
0.9989217475
0.9988702434
0.9989677271
0.9990596836
0.9990291812
0.9990293106
0.999014527
0.9989979962
0.998995881
0.9989758412
0.9989134996
0.9988431891
0.9987861085
0.9987191273
0.9986080394
0.9984755443
0.9983217505
0.9981266973
0.9979187863
0.9977451932
0.9976616692
0.9977089276
0.9978470058
0.998218024
0.9983215361
0.9983522362
0.9983682716
0.9983738522
0.9983746855
0.9983744481
0.9983738253
0.9983728092
0.9983711229
0.9983682026
0.9983630141
0.9983537292
0.9983373324
0.9983098246
0.9982710571
0.9982518909
0.9983303871
0.998259793
0.9982551155
0.9981148782
0.9977464828
0.9972446505
0.9967690967
0.9962118274
0.9959767085
0.996613062
0.9960764329
0.9935842996
0.02542708532
0.009081900063
0.006185672874
0.005797224759
0.00549226909
0.005492311288
0.007530377403
0.9954521371
0.006992184939
0.005491990754
0.005491992773
0.005491981867
0.005491905936
0.005491919649
0.005492189694
0.005493108723
0.005495879154
0.005792444177
0.005890214346
0.006127463364
0.006302366637
0.006466392603
0.006618206072
0.006773468936
0.006957811948
0.007233212227
0.007824273767
0.01017106449
0.01466101868
0.9918748096
0.9941939543
0.9948457058
0.9945751525
0.9925891468
0.9955272052
0.9964288037
0.9966819329
0.9972489889
0.9973095565
0.9974319765
0.9975014757
0.9977486846
0.9972093833
0.9918044044
0.012788066
0.007018781444
0.00582369861
0.005498537069
0.005500272956
0.005500053233
0.005500015251
0.005499123296
0.005497970148
0.005497072337
0.005496339708
0.005495769205
0.005495295344
0.005494875388
0.00549447242
0.005494048131
0.005493602163
0.005493094924
0.005492734731
0.006438798531
0.9678521054
0.9054952476
0.9981620524
0.9990847798
0.9992563262
0.9993389088
0.9993131196
0.9993000397
0.9992797436
0.9992688369
0.9992514229
0.9992122026
0.9991717168
0.9991435092
0.9991136744
0.9990587842
0.9989934154
0.998930915
0.9988638727
0.9987785886
0.9986808771
0.9985743125
0.9984618017
0.9983626547
0.998297844
0.9982814528
0.9983084215
0.9983476312
0.9983924657
0.9984606587
0.9985036416
0.9985210161
0.9985327144
0.9985384113
0.9985404745
0.9985404852
0.9985388288
0.9985350802
0.9985280867
0.9985159043
0.9984957702
0.9984645055
0.9984204916
0.9983705236
0.9983461024
0.9983961618
0.9984867062
0.9984847723
0.9983496795
0.9980318622
0.99746853
0.9965639927
0.9949026604
0.9915640928
0.9896961911
0.02586895107
0.01187523059
0.008615974953
0.00764267563
0.007576019543
0.007544374143
0.007538861636
0.007583362704
0.008050542929
0.01572100085
0.01068970832
0.007350457351
0.007771433745
0.008144703976
0.008555506272
0.009063180425
0.009806711797
0.01138334127
0.01993144827
0.02950915001
0.9744713779
0.9566248221
0.983022776
0.9884589234
0.9911089378
0.9926631713
0.9937475107
0.9946034429
0.9953589931
0.996138379
0.9972623089
0.9970153833
0.9969214407
0.9969801224
0.9969473688
0.9966268007
0.9965803706
0.99675265
0.9968416506
0.9970228353
0.9971572317
0.9967293902
0.9959708897
0.9953811572
0.02495866319
0.00770611635
0.005873988093
0.005501792995
0.005503746168
0.005503579408
0.005502848769
0.005501487421
0.005500192727
0.005498955897
0.005497843641
0.005496951581
0.005496265538
0.005495747385
0.005495326447
0.005494960977
0.005494621973
0.005494296046
0.005494003784
0.005493754616
0.005493035205
0.00614399806
0.3152899401
0.9808503429
0.9987574588
0.9993502085
0.9994523464
0.9994859649
0.9994889406
0.9994742836
0.9994446635
0.9994170843
0.9993892598
0.9993497379
0.9993064451
0.9992669686
0.9992266989
0.999175986
0.9991182478
0.9990590049
0.9989967969
0.9989277991
0.9988545966
0.9987799889
0.9987089947
0.9986517296
0.9986160857
0.9986041298
0.9986086682
0.9986142163
0.9986159724
0.998627789
0.9986493757
0.9986634882
0.9986726185
0.9986780971
0.9986805793
0.9986808924
0.9986793714
0.9986757055
0.998668976
0.9986577291
0.9986402273
0.9986152539
0.9985842093
0.9985553931
0.9985482649
0.998580781
0.9986280984
0.9986226187
0.9985143331
0.998276169
0.9978731532
0.9972665926
0.9964362656
0.9955541697
0.9949270421
0.9961296346
0.9970099344
0.9967149875
0.9967592042
0.9967109355
0.9966705261
0.996638167
0.9966259089
0.9967108658
0.9971540631
0.9969337452
0.9966180855
0.9968404327
0.9971765274
0.9974477136
0.9976763374
0.9978722187
0.9980430022
0.9982056923
0.9984608436
0.9977547772
0.9964616819
0.9961229176
0.9961304053
0.9962766807
0.9964486802
0.9966034466
0.9967196955
0.9967826947
0.9967952501
0.996858715
0.9972402326
0.9974196003
0.9976186478
0.9976327261
0.9974880654
0.9974192191
0.9971199944
0.997242331
0.9969106733
0.9966389665
0.9950872989
0.946707202
0.007903658453
0.006305922805
0.005509215395
0.005509256602
0.005509585882
0.005508001073
0.00550568645
0.005503370401
0.005501455332
0.005499928396
0.005498690263
0.005497689237
0.005496915176
0.005496308601
0.005495840469
0.005495456692
0.005495119574
0.005494806234
0.005494513058
0.005494280591
0.005494187546
0.005494340394
0.005813608126
0.7903247712
0.977272072
0.9991693358
0.9995428576
0.9995910479
0.9996041223
0.9995978751
0.9995803994
0.9995521709
0.9995207403
0.9994873715
0.9994486841
0.9994067406
0.9993644412
0.999320498
0.9992716857
0.9992191289
0.9991647826
0.9991087447
0.9990507645
0.9989927823
0.9989369604
0.9988866851
0.9988467408
0.9988199535
0.9988057021
0.9987991186
0.9987927635
0.998784606
0.9987812211
0.9987851624
0.99879089
0.9987958877
0.9987992367
0.9988010297
0.9988014779
0.9988007209
0.9987986325
0.9987947821
0.9987885196
0.9987792318
0.9987669422
0.9987534645
0.99874391
0.998746428
0.9987644355
0.9987820121
0.9987665643
0.9986911787
0.9985421752
0.9983173257
0.9980359147
0.9977623573
0.9976105138
0.9976312301
0.9977538912
0.9981094258
0.9981951933
0.9981953165
0.99818563
0.9981799957
0.9981727367
0.9981692616
0.9981865821
0.9982400184
0.998269082
0.9982146162
0.9981966015
0.9982522395
0.9983198144
0.9983804905
0.9984264821
0.9984476431
0.9984292538
0.9983602219
0.9982478909
0.9977402598
0.997395291
0.997172248
0.9970593113
0.9970030575
0.9969618652
0.9969014824
0.9967968837
0.9966525283
0.9965757732
0.9968051384
0.9973000496
0.9976282721
0.9977150682
0.9976405081
0.9978011642
0.9974201013
0.9973318565
0.9965990481
0.9874875473
0.01051690585
0.006604998515
0.005701170825
0.005518379888
0.005522301606
0.00551776661
0.005513535021
0.005509212628
0.005506096685
0.005503211018
0.005501243658
0.005499668975
0.005498551067
0.005497666428
0.005497006342
0.005496480288
0.00549605809
0.005495697266
0.005495368245
0.005495055555
0.005494756913
0.005494524188
0.005494520874
0.005494990164
0.00549600221
0.01338624311
0.9773175513
0.9994699931
0.9996798362
0.9996927947
0.9996888774
0.9996745889
0.9996532623
0.9996257768
0.9995946509
0.9995606661
0.9995231274
0.9994828222
0.999440678
0.9993963617
0.9993490909
0.9992996379
0.9992490781
0.9991980265
0.9991473242
0.9990986714
0.9990537905
0.9990147075
0.9989834912
0.9989608341
0.9989455442
0.9989345803
0.9989242701
0.9989137324
0.998905949
0.9989025928
0.9989020845
0.9989030667
0.9989042355
0.9989051132
0.9989056127
0.9989057638
0.99890561
0.998905175
0.9989045067
0.9989038026
0.9989036278
0.998905186
0.9989103605
0.9989206964
0.998934083
0.998940522
0.9989245228
0.9988741089
0.9987854601
0.9986642464
0.9985295005
0.9984150255
0.9983561468
0.9983561487
0.9983808941
0.9984140527
0.9984667473
0.9984929746
0.9984953728
0.9984970856
0.9984980483
0.998499722
0.9985074032
0.9985241663
0.9985275803
0.9984927414
0.9984417339
0.9984077119
0.9983872838
0.9983681917
0.9983413499
0.9982977797
0.9982283868
0.998137114
0.998056627
0.9979883383
0.9978384119
0.9976612043
0.9975172982
0.9973980843
0.9972869853
0.9971676329
0.997029805
0.996883083
0.9967836175
0.9968302059
0.9970321876
0.9972489824
0.9973701572
0.9975310878
0.9977647642
0.9970135605
0.9938486645
0.01659291054
0.007314588491
0.005832136331
0.005521290357
0.005534298923
0.005529037356
0.005522973638
0.005517047398
0.005511652011
0.00550686341
0.005503591476
0.005501169081
0.00549932306
0.00549811886
0.005497201477
0.005496564114
0.005496069706
0.005495683245
0.005495362376
0.005495083148
0.00549482642
0.005494579524
0.005494350256
0.005494159403
0.005494130858
0.005494802557
0.00549571529
0.01019180146
0.9928991581
0.9997005924
0.9997784253
0.9997643854
0.9997478015
0.9997279925
0.9997050386
0.9996786883
0.9996493039
0.9996167974
0.999580959
0.9995421706
0.9995008052
0.9994568842
0.9994105406
0.9993625986
0.9993140616
0.9992659167
0.9992194499
0.9991763279
0.9991381202
0.9991061765
0.9990812384
0.9990628063
0.9990491344
0.9990377559
0.9990265987
0.9990155078
0.9990062038
0.9989998492
0.9989961916
0.9989946417
0.998994307
0.9989945588
0.9989951093
0.9989959278
0.998997186
0.998999256
0.9990027414
0.9990085048
0.9990176167
0.999031087
0.9990491769
0.9990701781
0.9990890444
0.9990972592
0.9990858453
0.9990497273
0.9989896864
0.9989129227
0.9988334244
0.9987688843
0.998731339
0.9987170511
0.9987105776
0.9987049312
0.9987096269
0.9987225694
0.9987303257
0.99873638
0.9987425304
0.9987488125
0.9987542324
0.9987543405
0.9987360654
0.9986883414
0.9986176376
0.9985362832
0.9984503784
0.9983611449
0.9982680418
0.9981736566
0.9980879257
0.9980334727
0.998034368
0.9980641455
0.9980440833
0.9979520446
0.9978319918
0.9977016267
0.9975665346
0.9974318998
0.9973080794
0.9972118603
0.9971547044
0.9971066951
0.9969573839
0.9965287954
0.9956867335
0.9951697551
0.9959100432
0.04754861103
0.009850350188
0.007190867146
0.00621305408
0.00637826406
0.006657745873
0.006886962369
0.006581286221
0.006887214454
0.006482343441
0.0067722786
0.006551051816
0.006767092544
0.006350030643
0.006743638461
0.006466631223
0.00666486434
0.00660451756
0.006677724414
0.006696822661
0.00673961978
0.006776568583
0.006815993161
0.006860841457
0.006891215693
0.00696473759
0.006943339621
0.007190958714
0.00672947037
0.008351915118
0.9829856726
0.9994426426
0.9997127255
0.9996156713
0.9995588387
0.9995131699
0.9994687104
0.9994205425
0.9993669011
0.9993065194
0.999238706
0.9991640984
0.9990834061
0.9989968832
0.9989051318
0.9988099928
0.9987136693
0.9986184484
0.998527222
0.9984435899
0.9983709309
0.9983119026
0.9982675579
0.9982361875
0.9982134344
0.9981936729
0.9981725503
0.9981497582
0.9981287798
0.9981127013
0.9981020556
0.9980964187
0.9980942995
0.9980942528
0.9980953591
0.9980973355
0.9981005077
0.9981058292
0.9981149652
0.9981303449
0.9981549729
0.9981916279
0.998241037
0.9982990461
0.9983541555
0.9983885218
0.9983844374
0.9983323635
0.9982343512
0.9981044193
0.9979684019
0.9978572571
0.9977900904
0.997757876
0.9977332624
0.9977037373
0.9976870072
0.9976934529
0.9977069006
0.9977229863
0.9977407163
0.9977602131
0.9977779419
0.9977812007
0.9977441709
0.9976431987
0.9974822092
0.9972762152
0.9970349437
0.9967669547
0.9964809838
0.9961984842
0.9959713118
0.9958850581
0.9959934566
0.9962003654
0.9963134996
0.9962529588
0.9960677591
0.9958092385
0.9955142659
0.99521769
0.9949677914
0.9948247987
0.9948162604
0.9948397154
0.9945818746
0.9934176172
0.9894052143
0.9817143305
0.05505437382
0.0345450944
0.9853693506
0.02142159146
0.974452802
0.02071726139
0.9648237315
0.1211790549
0.9337330664
0.248961815
0.8952537867
0.1250630984
0.8447197949
0.4164498512
0.7901762354
0.3956038652
0.7583497546
0.5247498273
0.6482955235
0.5877737967
0.6096702114
0.5994795656
0.6007826816
0.597849823
0.5980153326
0.5933918545
0.5975336417
0.5949111533
0.5866714888
0.5504866506
0.8006795306
0.04078578676
