0.9940083995
0.9955604203
0.9938893327
0.9929015701
0.9919542684
0.9909081481
0.9897214914
0.9883784477
0.9868725791
0.985203301
0.9833869168
0.9814666305
0.9795075853
0.9775836518
0.975763481
0.9741068333
0.9726544799
0.9714145012
0.9703599553
0.9694435272
0.9686263628
0.9679082198
0.9673087665
0.9668428962
0.9665255969
0.9663790755
0.9664149726
0.9665915891
0.9667920829
0.9668608172
0.9666936735
0.966262035
0.9655839902
0.9647968595
0.9642121888
0.9641384991
0.9646687923
0.9656458534
0.9668287053
0.9680455624
0.9692327969
0.9704008934
0.9715620279
0.9726578931
0.9735491006
0.974104134
0.9742751657
0.9740908382
0.9736089483
0.9728755254
0.9719399723
0.9709178947
0.9700214413
0.9694901759
0.9694236607
0.9695863913
0.9695924764
0.9690852366
0.9677604192
0.9655591946
0.9625735394
0.9589725772
0.9549577358
0.9508550226
0.9473633421
0.9451843508
0.943999035
0.9428853774
0.9413057616
0.939190583
0.9365288204
0.9332188508
0.9291114994
0.9240840863
0.9180947735
0.9113625443
0.9046925966
0.8996051651
0.8973629412
0.897666502
0.8982722332
0.894951521
0.8819486139
0.8500563017
0.7659299384
0.4156617819
0.2536374716
0.3106334716
0.4073696083
0.6098529379
0.391893562
0.7174343712
0.8108544453
0.4554736052
0.5726954999
0.6551723706
0.6249815346
0.5967565077
0.5753634696
0.5559293154
0.5465739617
0.536511861
0.5230395032
0.5072231108
0.4920647445
0.4837676077
0.483928485
0.4861045333
0.4839043842
0.4787375815
0.4757023837
0.4768307069
0.484370684
0.4987410315
0.5130712911
0.5146439921
0.5082572847
0.5216770998
0.5732909401
0.2981524457
0.5279541984
0.9925681119
0.9971479312
0.9966708357
0.9961672026
0.99566047
0.9951152807
0.9945141739
0.9938480961
0.9931126586
0.992304491
0.9914250482
0.9904885538
0.989520276
0.9885512651
0.9876131384
0.9867375636
0.9859520582
0.9852698268
0.9846851221
0.9841775844
0.9837261631
0.9833265074
0.9829831761
0.9826969001
0.9824720957
0.9823247964
0.9822744671
0.9823177509
0.9824112184
0.9824871381
0.9825007345
0.9824336803
0.9822676306
0.9820269438
0.9818227074
0.9817786658
0.981938463
0.9822520838
0.982635226
0.9830289961
0.9834165268
0.983813264
0.9842358543
0.9846611549
0.9850137971
0.9852171923
0.9852392577
0.9850869868
0.9847796161
0.9843250342
0.9837242937
0.9830078742
0.9822693518
0.9816665525
0.9813836032
0.9814635699
0.9816630787
0.9817267477
0.9814887599
0.9809491491
0.9801636541
0.9791893733
0.9780611642
0.9767418622
0.9752762942
0.9739356624
0.9729167092
0.9719386297
0.9707988141
0.9695252108
0.968168432
0.9666920312
0.9650559807
0.9632175812
0.961122027
0.9587225856
0.9560937856
0.9536722298
0.9520071581
0.9513831355
0.9515061947
0.951392869
0.9499813199
0.946800729
0.9430182436
0.9390807974
0.9242448508
0.8382018243
0.1787903821
0.1060705415
0.1052397565
0.1537604927
0.1335341201
0.09253067511
0.09121450556
0.09714352703
0.09446302564
0.0923674083
0.09232590252
0.09219233712
0.09197319671
0.09143435624
0.09083249228
0.09027837806
0.08984574542
0.0897020315
0.08991945442
0.0903210683
0.09057678041
0.09067086566
0.09086226893
0.0913052292
0.0921223004
0.09385162797
0.09666431181
0.1001383253
0.1034765374
0.1113285091
0.1249220408
0.1755172709
0.4765417291
0.987548452
0.9948916706
0.9955505332
0.9953231913
0.994845474
0.9942769604
0.9936574065
0.9929901487
0.9922687984
0.99148068
0.9906164071
0.9896847668
0.9887064034
0.9877065881
0.9867128258
0.9857626289
0.9849006579
0.9841566707
0.9835294233
0.982988839
0.982500807
0.9820625306
0.9816776863
0.9813307629
0.9810164249
0.9807662958
0.9806406645
0.9806724478
0.9808159341
0.9809811703
0.9811386868
0.9812950875
0.9813679038
0.9813070268
0.9812140057
0.9812045653
0.9813077316
0.9814541958
0.9815706549
0.9816221346
0.9816247842
0.9816462842
0.9817608135
0.9819611729
0.9821170019
0.9820910039
0.9818477554
0.9814181661
0.9808265651
0.980039868
0.9789774889
0.9775823993
0.9758729938
0.9740141285
0.9724895471
0.9722292953
0.9737292564
0.9752647513
0.9761795434
0.9768745201
0.9776195924
0.9781117397
0.9784152558
0.9783696012
0.9776001742
0.9758911276
0.9738468197
0.9724592244
0.9708524382
0.9690462251
0.967326414
0.9659433535
0.9647133677
0.963650057
0.9626198215
0.9614028984
0.9596740246
0.9573451845
0.9549707312
0.9532906147
0.9530566596
0.9534787368
0.9534069781
0.9526648188
0.9524801432
0.9544345615
0.957355244
0.9592099347
0.955525494
0.9297992441
0.1562106055
0.08672210338
0.07759429074
0.07634444676
0.07548767754
0.07509833389
0.07458911394
0.07403340511
0.07379217975
0.07366649074
0.07361246659
0.07359472448
0.0736121771
0.07367497833
0.07378310069
0.07393870045
0.07414080521
0.07438374493
0.07466600706
0.07500194272
0.07541450647
0.07592078585
0.07653836133
0.07728867158
0.07820565059
0.07928338429
0.0806178068
0.08122001589
0.09362268506
0.181372615
0.803675111
0.9816191889
0.9919989205
0.9933422913
0.9937340671
0.9934940809
0.9930074641
0.9924335799
0.9918187122
0.9911560176
0.9904157896
0.9895681195
0.9886185234
0.987588504
0.9864978788
0.9853667882
0.9842430105
0.983212845
0.9823580056
0.98170134
0.9811792969
0.9807026899
0.9802606194
0.9798594679
0.9794525839
0.9790025426
0.9785626561
0.978278423
0.9782842362
0.978552342
0.9788839069
0.9792552397
0.9797554744
0.980271745
0.9805386918
0.9806013058
0.9805971074
0.9805490159
0.9804549174
0.9802254826
0.9798580474
0.9793499756
0.9788031933
0.9784459662
0.9783620213
0.9783187505
0.9780318564
0.9773948912
0.9764949939
0.9754192335
0.9740672087
0.9721772494
0.9694902693
0.9657103221
0.9602251949
0.9524130042
0.9435015966
0.9429678243
0.9511059322
0.9580446681
0.9609586497
0.9645926454
0.968072732
0.9707558386
0.9730405845
0.9743056657
0.9732459722
0.9696598098
0.9670794921
0.9662149801
0.964647384
0.9627738212
0.9616847995
0.9614642087
0.9616667806
0.9622178622
0.962816141
0.9629552154
0.9617920668
0.957998959
0.9539295879
0.9506872752
0.9513193846
0.9516585114
0.9501724719
0.9489915219
0.9513525182
0.9557656797
0.9598661295
0.9629989797
0.9638565033
0.9593390317
0.9333668241
0.1324745399
0.08258838204
0.07391164519
0.0740769381
0.07401553493
0.07375975459
0.07355507604
0.0734495027
0.07341651572
0.07342798545
0.07347693573
0.07356519114
0.07369325274
0.07386371188
0.0740820905
0.07435707498
0.07469798941
0.07511502521
0.0756175428
0.07620874692
0.07687749204
0.07760020854
0.07832949766
0.0789922044
0.07949186113
0.0792215162
0.08788337387
0.411773656
0.7938956615
0.9661178807
0.986237277
0.988875944
0.9906368934
0.9911119035
0.9910543468
0.9906500186
0.9901691794
0.9897066657
0.989121064
0.9883390645
0.9873822513
0.9862850154
0.9850526188
0.9836750236
0.9821903779
0.9807511966
0.9795786034
0.9788561452
0.9785239197
0.9782644568
0.9779501947
0.9776145957
0.97719062
0.976564503
0.9757391712
0.9749990361
0.9747021281
0.9750274264
0.9757291973
0.9764499076
0.9774720367
0.9787733125
0.9801836518
0.9808249687
0.9808102256
0.9804240291
0.9795664024
0.9788257396
0.9777467673
0.9766722937
0.9753323336
0.974001781
0.9733231887
0.9729776178
0.9723713337
0.971403046
0.9698915649
0.9681619205
0.9662542857
0.9634206881
0.9591261703
0.9534221445
0.9458253255
0.9312439502
0.9008115288
0.8229952691
0.4715877476
0.2693409901
0.2360998093
0.2094180964
0.149896637
0.1597784467
0.1905057161
0.2650035038
0.446182587
0.69574207
0.8288308849
0.8500721959
0.8838292739
0.9011827071
0.9125461625
0.9218794381
0.9305534103
0.9378636864
0.9445799416
0.9507297188
0.9557608
0.9545011884
0.9485813741
0.9390429849
0.9361942307
0.9424150171
0.9424993766
0.9376986293
0.9403173641
0.9488918058
0.9561294312
0.9595744402
0.960935532
0.9625516292
0.9639298606
0.9567970135
0.9145837674
0.1182887039
0.0795647268
0.07351967542
0.07359876499
0.07354853739
0.07345894112
0.07341572931
0.07342490209
0.07347559413
0.07356834239
0.07369905425
0.07387101633
0.07409357482
0.07437608761
0.07472749053
0.07515035678
0.07564850145
0.07621549808
0.0768235438
0.07742540223
0.07795161085
0.07829992574
0.07836217388
0.07760432384
0.08696264
0.5347297381
0.7703257382
0.2356517589
0.4080099275
0.970751808
0.9770993525
0.984293963
0.9867339618
0.9875490917
0.9878872862
0.9874516515
0.9877615793
0.9870583695
0.9861413249
0.9849977984
0.9836038507
0.9818752498
0.9797395835
0.977332846
0.975031574
0.9735784446
0.9737247572
0.9748571508
0.9753854131
0.97504108
0.9746275334
0.9739075183
0.9726066874
0.970653443
0.9688528131
0.9679267703
0.9688642088
0.9719107722
0.973330886
0.9751345452
0.9779378281
0.9803538991
0.9805787741
0.9797331056
0.9778279686
0.9760069547
0.9745085509
0.9729438726
0.9716017142
0.969011633
0.9650529783
0.9636474355
0.9624642307
0.9609813091
0.9595171894
0.9576206392
0.955987963
0.9538679006
0.9489233058
0.9422333573
0.9385417035
0.9351125162
0.9281659803
0.9175560674
0.8899550994
0.7509451285
0.114419486
0.09132293932
0.08104105815
0.07822869499
0.07718981748
0.07810649877
0.07918760693
0.08103734816
0.08190322213
0.08340061183
0.08662272029
0.08985374421
0.09328448383
0.09767040755
0.1032098331
0.1092458299
0.1177774302
0.1287162038
0.155660321
0.2318859411
0.5594157152
0.7010571273
0.8422006235
0.8911795657
0.9137733831
0.8994047663
0.9022532053
0.9233608062
0.9431290818
0.9531638555
0.9549277628
0.9569414633
0.9599230815
0.9626734017
0.9635906213
0.9548896847
0.8889030951
0.1114496545
0.07877074704
0.07346665376
0.073409705
0.07338517007
0.07338357043
0.07342911124
0.07352282253
0.07365291291
0.07382090336
0.07403699637
0.07431457414
0.07465881024
0.07506500282
0.07553493889
0.07605606202
0.07658768059
0.07707444397
0.07744253541
0.07759247567
0.07742359854
0.07648988078
0.08700905298
0.6187184795
0.7650113361
0.1353220189
0.07520418757
0.07878591474
0.09593127662
0.2069390628
0.9190009668
0.9625085243
0.9791788829
0.9812761217
0.9840374652
0.9855616283
0.9851357676
0.9841130462
0.9825791824
0.9805779673
0.977685589
0.9737568416
0.9686127582
0.9627773375
0.9598859342
0.9640721737
0.9713031779
0.9715519234
0.970866562
0.9707460585
0.9702859127
0.9680957074
0.961297585
0.9532573163
0.94501788
0.9496703352
0.9554411856
0.9538808009
0.9578571286
0.9595426889
0.960440371
0.9589736722
0.9549437714
0.9531726535
0.9514948822
0.9530489796
0.9548612831
0.9566521732
0.9460621802
0.9361341264
0.9350831806
0.9333116444
0.9300901673
0.9294106163
0.9345974029
0.9404937387
0.942993009
0.9382662752
0.932588783
0.9268478335
0.9303511487
0.9349265773
0.9375190515
0.9330380333
0.9079859499
0.7263865575
0.1011099888
0.08150283025
0.07733225164
0.07730296806
0.07673948637
0.07647238717
0.07617340906
0.07594558261
0.07612387014
0.07717243463
0.07906006402
0.08148235547
0.08492474358
0.08731937634
0.08869322837
0.08736520002
0.08650938958
0.08831424298
0.09733068406
0.1150037875
0.31771371
0.6579514542
0.3534459016
0.2068658497
0.5877136005
0.8131276213
0.883599922
0.919028884
0.9382932505
0.9490325711
0.9549974092
0.9590088156
0.9620700088
0.964573674
0.9645758749
0.9557682658
0.8463351859
0.1083968521
0.07832261327
0.07330395709
0.07326886743
0.07332020085
0.0734234413
0.07355139479
0.07370650901
0.07390847776
0.07417126156
0.07449891563
0.07487646905
0.07531224532
0.07578808082
0.07625028829
0.07664377778
0.07690759756
0.07695035952
0.07669273007
0.07573783796
0.08810587492
0.7045037254
0.776132189
0.1324900746
0.07272450849
0.07292051676
0.07286986429
0.07354718653
0.0781435197
0.08691742114
0.1246757627
0.3022977657
0.9634366731
0.9624114835
0.9788636996
0.9811239294
0.9810257642
0.980524975
0.977334764
0.9727614372
0.9656902984
0.9532553151
0.9297118417
0.8979112099
0.9150653776
0.9393581503
0.9454875353
0.9482201161
0.9549263572
0.9614777628
0.9562576472
0.9417837882
0.9244709938
0.8915941205
0.3517513951
0.1693458803
0.1270841036
0.1152464929
0.1189714166
0.1212878283
0.1195073982
0.1150593098
0.1167403354
0.1231282539
0.1342646051
0.185376267
0.3539319886
0.804199731
0.8139552974
0.8055849843
0.827450091
0.8229569133
0.8568275926
0.9041501523
0.9254741371
0.9356473563
0.9399269237
0.9369401726
0.9258813817
0.9192737662
0.9323665295
0.9386010996
0.9366430277
0.930182431
0.8983989251
0.5729342909
0.09031185442
0.0775952465
0.07619889584
0.07643257498
0.07636740085
0.07633405711
0.07685676796
0.07779125229
0.0789145936
0.08078650881
0.08326910746
0.08507812233
0.08673192182
0.08740293998
0.08846027083
0.09022036235
0.0994651987
0.1274479281
0.7689353115
0.7743794363
0.7741074941
0.2181672374
0.7133814625
0.8382584497
0.786340531
0.2214090378
0.1658550769
0.8587026468
0.9361503274
0.9538243217
0.9590265225
0.9618533622
0.9641281356
0.9663988149
0.9661656414
0.9550706884
0.8161167602
0.1072177692
0.0786939371
0.07317957128
0.07322464746
0.07338669765
0.07354324129
0.07372181943
0.07396388822
0.07426690081
0.07460451751
0.07500670037
0.07545194599
0.07586406985
0.0761922167
0.07639925057
0.07640788233
0.07615479285
0.07527237577
0.08950280466
0.7885991502
0.7911134811
0.1321528559
0.07221958492
0.07276356996
0.0729210117
0.07313127002
0.07338870252
0.07350397965
0.07375085551
0.07480116118
0.08038223105
0.09229000712
0.1512197431
0.5264439481
0.9474904249
0.972138691
0.9760388608
0.9747679291
0.9699061612
0.9616928009
0.9464240729
0.911258828
0.7330703845
0.1376297113
0.1088935107
0.1049941372
0.1124620967
0.1432881645
0.2528117518
0.7919948263
0.899307765
0.9362598433
0.941354478
0.9242842456
0.8593193301
0.1489903824
0.09629178659
0.08723590433
0.08542440528
0.09395413555
0.09920003353
0.1136707337
0.1013144809
0.1161308809
0.136156905
0.4189346327
0.3181279522
0.2565267332
0.173617784
0.2307162343
0.5216817509
0.4973199649
0.3482860292
0.4716351098
0.8724503543
0.9217217053
0.9267492926
0.915443293
0.9018104612
0.9114660386
0.929549898
0.9348185328
0.9360838151
0.9303760839
0.8932304364
0.2764863825
0.08630890116
0.07620507815
0.07613104804
0.07658973817
0.0774280175
0.07923547424
0.08056538437
0.08208595642
0.08410896445
0.08645274862
0.08887825312
0.09074910519
0.09283515633
0.09518277187
0.1031615323
0.1464122596
0.8063305402
0.6164893068
0.2106815641
0.2426859449
0.880725802
0.8597388009
0.4541636418
0.107098219
0.07962164763
0.08313753339
0.1211778567
0.84060177
0.9382161562
0.9560436448
0.960272463
0.9627273205
0.9649295501
0.9664044061
0.964238988
0.9514306046
0.8315301133
0.1087267174
0.07955792343
0.07322996079
0.07330519778
0.07349990239
0.07370876447
0.07399314358
0.07426652116
0.07463253322
0.07506092148
0.07545132834
0.07574407001
0.07594268809
0.0759894701
0.07582057562
0.07504738686
0.09182982071
0.8390064761
0.8085963639
0.1320785352
0.0720804324
0.07260032968
0.07281930049
0.07303692333
0.07325677615
0.0734328978
0.07359352698
0.07378355848
0.07386039343
0.07380287981
0.07421046735
0.07638131116
0.08428822037
0.1190259475
0.4877282756
0.9598405884
0.969375109
0.9706464017
0.9652049897
0.9568087934
0.9463471262
0.9232158312
0.33714131
0.08778067299
0.07629233787
0.07696153545
0.07935899909
0.08361960204
0.09269659889
0.134900637
0.6393213263
0.9088575567
0.9440066554
0.9490183379
0.9306153375
0.8806540902
0.2512073099
0.12168761
0.1004567844
0.1012623443
0.1004794843
0.1045504936
0.1357434605
0.5699695358
0.7355530643
0.6515759968
0.7695216873
0.743685189
0.8108720984
0.7853528127
0.7994485451
0.8172906587
0.7862783655
0.6213915194
0.8638357864
0.9064907022
0.9072160717
0.8968784766
0.902203279
0.9243942461
0.9364891676
0.9395996846
0.9404075256
0.9326013879
0.8799464907
0.1385247243
0.08431008796
0.07611412526
0.07678939896
0.07865908084
0.08088669828
0.08373578129
0.08446363268
0.08532432572
0.08583391295
0.08542002197
0.08568026857
0.09202535571
0.1116261465
0.2863507863
0.8543578463
0.4098032401
0.2842343931
0.8357806481
0.9120959738
0.7422256807
0.1294284168
0.08097052878
0.07513586395
0.07357453795
0.07384605981
0.08102474956
0.1206126497
0.8333082324
0.9392028097
0.9563166947
0.9605801318
0.9625938434
0.9637897769
0.9639670171
0.9609053974
0.9459118842
0.8630283626
0.1153726684
0.08246686604
0.07416868665
0.07337411614
0.07366050299
0.07390073914
0.07418524403
0.07460688973
0.07499054952
0.07531412559
0.07558221537
0.07569859498
0.07574073418
0.07513227961
0.09536268191
0.8740424603
0.8293726132
0.1320607117
0.07202750338
0.07250210478
0.07271057435
0.07292939375
0.073137125
0.07331301788
0.07347306521
0.07363287076
0.07374157821
0.07377054971
0.07384949358
0.07396073272
0.073861514
0.0737687656
0.07595856631
0.09325786204
0.207523417
0.9564120694
0.9699555121
0.9679369832
0.9617470387
0.9581279226
0.9499486003
0.9118056067
0.1482253117
0.08551836663
0.07772043432
0.07894222507
0.0796389837
0.0804598771
0.08522743574
0.09320651058
0.1297935173
0.4216850627
0.8980274935
0.9342833639
0.9492186444
0.940780189
0.8949866423
0.6169351585
0.2176688991
0.1843225803
0.2138237721
0.7652896273
0.4362835869
0.4348118435
0.2651566001
0.4948789115
0.7269209517
0.5380969275
0.3577889575
0.3448895021
0.5020702922
0.6478564823
0.2179485959
0.6274058123
0.8417386558
0.8827473038
0.8712267989
0.8841169092
0.9168683684
0.936047876
0.9417756431
0.9431663073
0.9418781348
0.9294375585
0.8667944448
0.1198675372
0.08758040702
0.0794938591
0.07903641702
0.08145437781
0.08382404474
0.08416786268
0.08338652892
0.08151949044
0.07923304905
0.08524459974
0.1210650643
0.4095934855
0.847993286
0.1578102058
0.5540442833
0.9052595429
0.8501797997
0.1760119922
0.08475162561
0.07558233827
0.07376487121
0.07333597389
0.07305441436
0.07291544102
0.07347505971
0.08065618108
0.1151308508
0.8505239168
0.9420644683
0.9575005
0.9603532332
0.9610142667
0.9606316309
0.9591181474
0.9548118109
0.9419430992
0.897947318
0.161191577
0.09232679026
0.07906083997
0.07471409192
0.0739307258
0.07401093529
0.07456176947
0.07490086827
0.0756452426
0.07584113634
0.07615721075
0.07555446338
0.1014760011
0.8982100719
0.8501613744
0.1320552357
0.07200259055
0.07244131968
0.07262763424
0.07283180704
0.07302981741
0.07320565726
0.07336582889
0.07351349416
0.07362268151
0.07368546625
0.0737555534
0.07383622332
0.07384619145
0.073798107
0.07379444644
0.0738031468
0.07414682844
0.09267100617
0.3756141835
0.9582809647
0.9628373716
0.9621148085
0.9583951608
0.9558962509
0.9459167999
0.8946176018
0.1286825794
0.08570880507
0.0797812145
0.08254551439
0.08618442571
0.08509153907
0.08510557245
0.08822454767
0.0918739772
0.1096946218
0.2257795074
0.8594927229
0.906989153
0.929682165
0.9287146642
0.8914533211
0.8345656234
0.8064158913
0.7017346091
0.5961337631
0.699686464
0.8000078667
0.8051639785
0.7469147046
0.6051067735
0.7773934741
0.8199344143
0.4016916271
0.5627194026
0.1979084491
0.2063384564
0.532516437
0.8296712625
0.8356486996
0.8573994892
0.9016952066
0.9319616669
0.9424726062
0.9422417285
0.9408544092
0.939844265
0.9273478176
0.8782053128
0.2076983799
0.09975871728
0.08630935765
0.08352654905
0.08509734172
0.08648931829
0.08618570069
0.08512727439
0.09530414902
0.135049812
0.6380065165
0.737299815
0.4971467641
0.9201211419
0.8892517707
0.4956848874
0.08635039609
0.07507723504
0.07336536248
0.07338090108
0.07320037165
0.07306720552
0.07293281723
0.07283055476
0.07282816265
0.07330459052
0.0797034437
0.1115079802
0.8810564563
0.9460737403
0.9584958949
0.9587307117
0.9567566821
0.954392097
0.9519572739
0.9495263869
0.9438210483
0.9186938896
0.7581106381
0.1467626199
0.09917213492
0.08345946845
0.07944172274
0.07804288475
0.07903713936
0.07701188602
0.08040580132
0.0781561053
0.1123242842
0.9168541183
0.8696784589
0.1320521443
0.07198827268
0.07240141748
0.07256753644
0.07275399841
0.07294047272
0.07311395042
0.07327392831
0.07341848691
0.07353415535
0.07362023601
0.07370149139
0.07377634367
0.07381001494
0.07380818738
0.07380738468
0.07379400335
0.07375893314
0.07370235708
0.07524904514
0.1042446324
0.8894406548
0.9562230981
0.9594705984
0.956117586
0.9545227815
0.9524781851
0.939578373
0.8744141817
0.1290694045
0.08791101494
0.08315369799
0.08555432359
0.08908130712
0.09319071953
0.09038583544
0.09030198335
0.09073364553
0.0957527445
0.1144168938
0.3155396894
0.7873707031
0.8502905595
0.8539916635
0.8518689444
0.7512821502
0.8108184584
0.8089391694
0.8579406947
0.7894642548
0.5481715183
0.6859930759
0.565876179
0.2828557907
0.3005347045
0.1805535327
0.1739356253
0.1745342041
0.128157896
0.1154858073
0.5921198363
0.7724201509
0.7576525556
0.8700605816
0.9296345225
0.9404671867
0.9395792672
0.9367813543
0.9349928007
0.935238122
0.9271877597
0.8909354361
0.6178076778
0.1309851596
0.1029272842
0.1011486812
0.1052587677
0.1036654512
0.1246363784
0.2928541005
0.6171620684
0.7572302419
0.8025087891
0.9159601902
0.5978668327
0.07877809963
0.07727989993
0.07355920888
0.07329510128
0.07328917103
0.07318765793
0.0730919827
0.07299628647
0.07291720472
0.07286239094
0.07284092002
0.0728570024
0.07300635888
0.08009736741
0.117822357
0.9080512814
0.9518019362
0.9561046526
0.9524929215
0.9481933359
0.9419967139
0.9369454677
0.9352947148
0.9292500878
0.9327235719
0.9167082898
0.803720955
0.4704113099
0.1532389651
0.1276109222
0.09316337253
0.1099841507
0.1032327322
0.157641649
0.9312477085
0.8892979909
0.1320494583
0.07197872444
0.07237379111
0.07252402055
0.07269477247
0.07286998986
0.07303922552
0.07319863832
0.07334416243
0.07346819502
0.07357113981
0.07366391412
0.0737433612
0.07379332947
0.07381760382
0.07382983269
0.07382175558
0.07379003726
0.07372466747
0.07366002083
0.07348963201
0.07971863492
0.1419575269
0.9298279725
0.9500097877
0.9519431103
0.9493195742
0.9487356121
0.9473427236
0.9323158055
0.8631503919
0.1505964333
0.09376899469
0.08481923895
0.08781453128
0.0908824808
0.09154285148
0.1021506641
0.104677946
0.1029636312
0.1079442981
0.1245248636
0.3213694237
0.7327314806
0.7753330523
0.7749130274
0.7532403544
0.8080568733
0.856725689
0.8186635787
0.7612161657
0.6855873699
0.6860045151
0.5157102225
0.3124590181
0.294399642
0.2193058895
0.143659301
0.1504686774
0.09985851264
0.0920983684
0.1276335073
0.6570858031
0.6961950919
0.4708044912
0.8984819221
0.9272405724
0.9320890549
0.9281785187
0.9240960176
0.9231696853
0.9239452584
0.9099399127
0.8797996719
0.7664688032
0.510992015
0.3135717003
0.256689914
0.2650710964
0.447816206
0.6788322263
0.7417907505
0.8370599489
0.8354810947
0.2692547416
0.0818807871
0.07408780822
0.07336766065
0.07330749292
0.07327881211
0.07318787778
0.07310929944
0.07303211968
0.0729664485
0.07291744056
0.07289333342
0.07288904664
0.0729011903
0.07291333498
0.07303910016
0.08228139647
0.1504245706
0.9221745728
0.9458626055
0.9472435541
0.9399723347
0.9291776025
0.9086578184
0.889187136
0.8981519527
0.9228298747
0.9231441679
0.9194921271
0.9034176558
0.8693092865
0.670217476
0.8425361041
0.2856087833
0.7493028121
0.9250338056
0.9031821802
0.1320469595
0.07197174847
0.07235386723
0.07249218886
0.07265044188
0.07281599374
0.07298053997
0.07313904209
0.07328678182
0.07341856327
0.07353407123
0.07363727683
0.07372498948
0.07378917064
0.07383174688
0.07385761672
0.07386170389
0.07384209747
0.07379453505
0.07372705056
0.07357857975
0.07331907978
0.07346469278
0.0894659092
0.6817416391
0.9342038157
0.9428419831
0.9415323316
0.941134318
0.9410001187
0.9401638721
0.9262035611
0.8740423294
0.224597203
0.1085145527
0.08978572483
0.09112342459
0.09611830836
0.1018176656
0.1156312414
0.1548860585
0.1453897119
0.4679059396
0.6047699666
0.6396670008
0.6807072386
0.7908389441
0.8536484285
0.8811955668
0.8777185793
0.77339226
0.619241834
0.5546805416
0.4849654486
0.2959263566
0.1586935816
0.1386634833
0.1124714053
0.107974618
0.1008240021
0.08369152729
0.08138586974
0.1044187536
0.4614103348
0.7204623101
0.3184786247
0.7877791422
0.908482734
0.9240772468
0.9190059747
0.9106017619
0.9054233273
0.9037265793
0.8999138809
0.8803201079
0.8257071645
0.7516752232
0.6515362203
0.6830859437
0.6108969948
0.6967867734
0.8443874258
0.8786162807
0.7368537766
0.07139248601
0.07618263299
0.07335122053
0.07321033747
0.07323052731
0.07321761168
0.07316514437
0.07311004691
0.07305236778
0.07300002002
0.07295748422
0.0729303878
0.07291872223
0.07292252427
0.07293248722
0.07293545552
0.07293263399
0.07350989905
0.08807856543
0.5722257664
0.9278286675
0.9408909744
0.9367073558
0.9219329644
0.8915087547
0.7726216018
0.7034470176
0.8288622508
0.8894340948
0.8959036857
0.8812963338
0.8496385066
0.7794344213
0.4267876987
0.8687925168
0.9138619961
0.8902879821
0.1320446901
0.07196637116
0.07233903581
0.07246861971
0.07261737563
0.07277525498
0.07293552755
0.07309303055
0.07324297492
0.07338108087
0.07350594222
0.07361805756
0.07371436026
0.07379029014
0.07384614524
0.07388293686
0.07389695394
0.07388571609
0.07384500846
0.07377090943
0.07362987189
0.07341862253
0.07326370303
0.07309231969
0.07768243102
0.1323269785
0.8784392077
0.927043362
0.9298219326
0.9270553019
0.9282981364
0.9304980183
0.9318005641
0.923089603
0.8839288309
0.4403522888
0.1203146376
0.09926885149
0.09756025482
0.1087687609
0.1388823226
0.3209212692
0.5631346174
0.5965702862
0.5047882603
0.6898251702
0.7927504486
0.8557913329
0.8610850268
0.8371409436
0.8098502771
0.2769231327
0.4641310997
0.2493351513
0.3616214066
0.17017599
0.1197879006
0.1044610958
0.09528180361
0.08927280822
0.0848874333
0.078439217
0.08018672031
0.1006727067
0.3267208492
0.5478449979
0.1439001717
0.1820332297
0.8359078557
0.906381027
0.9060436126
0.893709663
0.8883278961
0.8898404333
0.891793797
0.8828728146
0.8477709471
0.820425203
0.6760333874
0.6150909267
0.8164380149
0.8915407012
0.8557591903
0.2498036864
0.07870474289
0.07324692634
0.07333634657
0.07322433817
0.07320405878
0.07319072333
0.07315648502
0.07311683673
0.07307269018
0.07303046889
0.07299422822
0.07296804755
0.07295265327
0.07294777234
0.07294867493
0.07295093365
0.07295733217
0.07297100052
0.07290506901
0.07633414064
0.1045730324
0.8600326879
0.935451244
0.9376651583
0.925916648
0.9121470084
0.8747167226
0.3874109757
0.2291916839
0.4988988434
0.8214544199
0.8454518149
0.815328978
0.8130240067
0.8922785447
0.9091985886
0.8580664561
0.1320426678
0.07196205168
0.072327675
0.07245093266
0.07259271313
0.07274475859
0.07290154327
0.07305812281
0.07320984843
0.07335271678
0.07348442663
0.07360357839
0.07370722277
0.07379211653
0.07385733051
0.07390212041
0.07392338245
0.0739186074
0.07388401745
0.07381498516
0.07369759957
0.0735416352
0.07340986047
0.073278879
0.07308660666
0.0739436464
0.08851908373
0.5979435863
0.9034537604
0.9098280842
0.9045375377
0.9080969385
0.9130228583
0.918424955
0.9225368858
0.9127409982
0.8753936055
0.3910944474
0.1212412384
0.103572512
0.2040536459
0.3615766376
0.6798597767
0.5214708967
0.6685076713
0.7931304978
0.8662037878
0.8865348351
0.8535251381
0.5047253901
0.7655045348
0.7966772019
0.173032807
0.208580981
0.1391505416
0.118704581
0.103673725
0.09425298462
0.08928181286
0.08400788067
0.08187040592
0.07928745896
0.07810004014
0.08106301606
0.1006648434
0.2334900462
0.6978577886
0.1444125836
0.1063798722
0.4821155249
0.8727367283
0.8813868948
0.8816570732
0.8850599872
0.8882346124
0.8931371607
0.8881604819
0.8533544282
0.7846051308
0.7720191911
0.8891574767
0.898056272
0.7321104739
0.08934722243
0.07415362291
0.07340612393
0.07327912694
0.07323991673
0.07322200705
0.07320138437
0.07317108535
0.07313710201
0.07309981221
0.07306397071
0.07303275508
0.07300912919
0.07299428807
0.07298824889
0.07298900233
0.07299578948
0.07301132696
0.07303666203
0.07303710682
0.07297164987
0.07302035201
0.08245691356
0.3227217165
0.9236267944
0.9310837116
0.9239195908
0.9220920233
0.9173393048
0.8826023563
0.5806287962
0.312344619
0.3544691879
0.7743399871
0.8309861006
0.9044879753
0.9021851344
0.7774239089
0.1320408322
0.07195842751
0.07231869566
0.07243743142
0.07257424128
0.07272206717
0.07287621063
0.07303203537
0.07318503685
0.07333124075
0.07346768614
0.07359195686
0.07370101923
0.07379203377
0.07386337286
0.0739133624
0.07393953109
0.07393956012
0.07391109656
0.07385157112
0.07375731164
0.07363949904
0.07352727568
0.07340805598
0.07326894304
0.07320304068
0.07332646748
0.07948095447
0.1395995326
0.8421616
0.8695310428
0.8676834214
0.8781698329
0.8896913556
0.8980935301
0.9024895304
0.9051621491
0.8953976639
0.7957866548
0.2750015274
0.2884615492
0.6098398712
0.6311654169
0.6361133643
0.808383245
0.8845695207
0.8951654846
0.8623305237
0.2561306182
0.1631686472
0.1512717971
0.8173383888
0.5921586686
0.1240834871
0.1214903153
0.1001875318
0.09926819947
0.08936999602
0.08621977872
0.08484454169
0.08240060538
0.08024731129
0.07902981333
0.07895937587
0.08158578308
0.09656045582
0.1876519487
0.4820621981
0.1415513041
0.1013107832
0.2434219756
0.7884947304
0.8592270159
0.8817247351
0.8910515154
0.8994414157
0.9065908718
0.9027983216
0.8684648478
0.8757024001
0.8967328544
0.876509384
0.1221206252
0.07909489704
0.07324039305
0.07364030812
0.07348841668
0.07336749187
0.07330560237
0.07325643858
0.07321241445
0.07317285502
0.07313564232
0.07310223022
0.07307437249
0.07305384605
0.07304130356
0.07303682353
0.07304006927
0.07305076658
0.07306991291
0.07309499269
0.07310744942
0.07309617733
0.07312041032
0.07308300737
0.0758858444
0.107034049
0.8660547095
0.912682746
0.9062648245
0.901987827
0.9072752229
0.8969729478
0.8573065655
0.7740499443
0.8196842649
0.8564656655
0.9083788438
0.8762177127
0.5816511612
0.1320391007
0.07195522165
0.07231132939
0.0724269434
0.07256038028
0.0727053559
0.0728576792
0.073012939
0.0731667442
0.07331505069
0.07345446568
0.07358194484
0.07369432932
0.07378884996
0.07386340123
0.07391605936
0.07394466765
0.07394784733
0.07392420366
0.07387404624
0.07379804547
0.07370623655
0.07361301116
0.07351394678
0.07341329388
0.0733602711
0.07340532587
0.07369449582
0.07698512715
0.1094026051
0.7210435968
0.8175984748
0.8256625481
0.8485316373
0.8677538501
0.8751732692
0.8779074673
0.8777234255
0.8731526299
0.808504688
0.6971557839
0.6404632963
0.6956774604
0.7678767737
0.8958002626
0.9051908233
0.8619177584
0.237878617
0.1323803398
0.1146515336
0.158382085
0.163264631
0.8845965518
0.5526607158
0.1018973938
0.09575948825
0.09154359009
0.08647284565
0.08438073669
0.08392545165
0.08530858236
0.08200938876
0.08016262446
0.0789111241
0.08015361937
0.083386936
0.09579824829
0.1792781896
0.7127860821
0.2312413785
0.1412415335
0.5517858701
0.7903794341
0.8637142242
0.8907508169
0.9097006603
0.9266385178
0.9361768637
0.927577452
0.9095125245
0.892559173
0.4549627067
0.09160012198
0.07474287763
0.07385904388
0.07380653677
0.0736520006
0.07349987843
0.07339464611
0.07331985431
0.07326190612
0.0732150475
0.07317590215
0.07314358085
0.0731181945
0.07310050686
0.07309088896
0.07308927412
0.07309531793
0.07310885374
0.07313013319
0.07315747599
0.0731833441
0.0732114415
0.07327108085
0.07334262946
0.07338727671
0.07362857317
0.08786793952
0.7091097579
0.8919595958
0.8829303511
0.8938641486
0.9090331629
0.9155284569
0.9081228647
0.8951286085
0.8737658112
0.897285219
0.8021422122
0.4087477261
0.1320373862
0.07195222697
0.07230500897
0.07241865413
0.07255005447
0.07269335332
0.07284462517
0.07299953883
0.07315371849
0.07330308537
0.07344391392
0.07357279042
0.07368646981
0.07378208347
0.07385723364
0.07391009102
0.07393879503
0.07394275027
0.07392193779
0.07387829188
0.07381493335
0.07374089714
0.07366518102
0.07358880255
0.07352282093
0.07349364837
0.07355041126
0.07383487216
0.07459577454
0.07871619388
0.1096864727
0.618708274
0.7740832314
0.8087809646
0.833606517
0.8507371042
0.8603921675
0.8682440906
0.8751394151
0.8716435638
0.8439219406
0.788903889
0.8029048894
0.8795582228
0.9107231441
0.8769885711
0.265271688
0.1412407973
0.114500368
0.1819444581
0.09537491096
0.08447279603
0.2122048724
0.9116775945
0.171188145
0.08919955008
0.08892583834
0.08681686507
0.08584907756
0.08389151175
0.08422355313
0.08490078088
0.08175226053
0.08014809025
0.08025039043
0.08253816037
0.08552414811
0.09234329016
0.1213024659
0.2530820239
0.6564455727
0.7096544624
0.8029756443
0.8307574957
0.8742400744
0.9087122186
0.9351307029
0.9502024978
0.9499305723
0.928670872
0.731680939
0.1063960102
0.07837623361
0.07446830361
0.07399933039
0.07384088616
0.07368886253
0.07356047893
0.07345514895
0.07337263689
0.07330840242
0.07325781943
0.07321727339
0.07318566633
0.07316256985
0.0731476061
0.07314103166
0.0731425098
0.07315123057
0.07316616733
0.0731880609
0.07321633853
0.07324853333
0.07329517323
0.0733667156
0.07347517549
0.07359826926
0.07376741434
0.07397758775
0.08634942029
0.5121225896
0.8656443969
0.895602023
0.9205725018
0.9350782471
0.9404886117
0.9356122641
0.9045463108
0.880348288
0.4856681949
0.5185300892
0.1320356172
0.07194929659
0.07229939619
0.07241207381
0.07254263728
0.07268534045
0.0728362801
0.07299106328
0.07314525739
0.07329470334
0.07343555707
0.07356414733
0.07367715083
0.07377169761
0.07384508268
0.07389573138
0.07392190679
0.07392408899
0.0739027669
0.07386215266
0.07380429699
0.07373949369
0.07367384847
0.07361193533
0.07356682094
0.0735429659
0.07360802301
0.07396930884
0.07595710312
0.08167370696
0.1078155791
0.2379156124
0.6978713598
0.7843841443
0.8133183678
0.8303942301
0.8550034249
0.8763442335
0.8957994518
0.9070715753
0.9040832981
0.8843560996
0.8854878354
0.9011184168
0.8901520789
0.3241616017
0.1958079376
0.1312953238
0.1893168369
0.09999636885
0.09242784791
0.09052671657
0.08820368746
0.3980874846
0.9177938441
0.1197317505
0.09043692268
0.08895169993
0.08842571515
0.08491871382
0.08423169792
0.08297979991
0.08277821578
0.08087557081
0.08159008535
0.08335645859
0.08904885101
0.1011019218
0.1333173483
0.6126012799
0.7753635827
0.8222159732
0.8054109594
0.8158922987
0.8456848226
0.8867515868
0.92509683
0.9462224673
0.9501612383
0.9397415174
0.5308193081
0.08582163058
0.07501753536
0.07445043096
0.07404374319
0.07385014986
0.07369971091
0.07358562637
0.07349110485
0.07341242094
0.07334858265
0.0732973324
0.07325701841
0.07322639623
0.07320538169
0.07319331748
0.07319024359
0.07319427557
0.07320577662
0.07322112804
0.07324240387
0.07327038636
0.07330443668
0.07335754135
0.07342302712
0.07356077783
0.07370617236
0.07383234706
0.07417098704
0.08265864478
0.1251849108
0.8108387061
0.897907063
0.9249727596
0.9385849797
0.9450554652
0.9436164956
0.9232746304
0.8825285966
0.3713389135
0.6702714062
0.1320337656
0.07194634229
0.07229429298
0.07240699848
0.07253790658
0.07268107855
0.07283242753
0.07298728478
0.07314107482
0.07328970624
0.07342921186
0.07355586573
0.07366633827
0.0737578043
0.07382716224
0.07387331451
0.07389410661
0.07389154071
0.07386588234
0.07382391153
0.07376417684
0.07369835964
0.07362753311
0.07356132319
0.07351916539
0.0734762867
0.07354111759
0.07478548982
0.07905242004
0.1020424789
0.1731523091
0.5906623571
0.7125845065
0.7707653581
0.802510939
0.823158363
0.8527339678
0.8845377411
0.9107126587
0.9268337053
0.9317737713
0.9201473551
0.9049906811
0.8869470254
0.5513905283
0.2010496438
0.1610059472
0.1611802492
0.1101743745
0.09450573131
0.09160001918
0.09776214681
0.09125218296
0.08981505434
0.5179063209
0.8633304046
0.1152931866
0.1023693008
0.09335623059
0.0890416244
0.08519286233
0.0818268676
0.08051122944
0.08123419715
0.08179568669
0.08699265558
0.1003719587
0.1428603627
0.6209434848
0.804573284
0.8475654079
0.8395507684
0.8196046152
0.8162635195
0.8322895019
0.8506708409
0.8881412352
0.9195329896
0.9310263877
0.9345235386
0.8954510427
0.101279523
0.07442913678
0.07404186451
0.07388304984
0.07377307993
0.07366889194
0.07358023678
0.07350388256
0.07343711615
0.07337950908
0.07333121357
0.07329293544
0.07326421318
0.07324558333
0.07323618354
0.07323664047
0.07324355386
0.07325830073
0.07327335603
0.07329236876
0.07331720661
0.0733497493
0.07340763377
0.07342689472
0.07353845685
0.07361083606
0.0735625421
0.08007899677
0.106933408
0.7309658385
0.8777646661
0.8972017664
0.916057637
0.9264856746
0.931675009
0.9320678784
0.9199453139
0.9044624594
0.5023361993
0.6617175644
0.1320317931
0.07194332745
0.07228968588
0.07240352318
0.07253607071
0.07268085692
0.07283339583
0.07298851298
0.07314142761
0.07328823808
0.07342501046
0.07354798076
0.07365404955
0.07374058358
0.07380372658
0.0738432378
0.07385559789
0.0738452624
0.0738106537
0.07376385022
0.0736957899
0.07362112415
0.07353079252
0.07343198127
0.07339476338
0.07335732605
0.07438386904
0.07872593334
0.0998349998
0.1515419527
0.6580905206
0.7527866036
0.7455836439
0.7604471186
0.7921245312
0.8256890768
0.8571001609
0.8890523159
0.9158524367
0.9342195918
0.9424575664
0.9360462838
0.904585554
0.7114151272
0.2435634324
0.1580719585
0.1416645753
0.1086067788
0.1045435764
0.0988170532
0.09849864133
0.09637945609
0.09452161746
0.09283694579
0.1049534689
0.7777277201
0.7553289411
0.142761264
0.109856933
0.09453074781
0.08666602793
0.08092278074
0.08006816374
0.08093604557
0.08704040841
0.09875485099
0.2253500075
0.7313137057
0.8562293763
0.8747967394
0.8665749607
0.8582359095
0.8383514794
0.8373934609
0.8474503545
0.8534669152
0.8558900137
0.8423629964
0.8763208226
0.9182506033
0.9267461664
0.5652339535
0.07769960171
0.07369329491
0.0736696616
0.07366160892
0.07361026746
0.07355446732
0.07350090565
0.07344945668
0.07340174711
0.07335928609
0.07332450786
0.07329805165
0.07328193952
0.0732746159
0.07327939348
0.07328866566
0.07330761298
0.0733213775
0.07333993103
0.07335725756
0.07338114539
0.07346245723
0.07343405616
0.07355101627
0.07361092558
0.08091054799
0.1070010012
0.7572921895
0.9006804337
0.898651453
0.883032426
0.892421903
0.8985871285
0.8925416348
0.8946645799
0.8964772246
0.9072150569
0.8567002126
0.6041111113
0.132029696
0.0719402461
0.07228571227
0.07240205392
0.07253776814
0.07268547235
0.07284012841
0.07299565273
0.07314702594
0.07329090726
0.07342335808
0.07354062213
0.07364023619
0.07372018029
0.07377488813
0.07380621264
0.07380651843
0.07378608276
0.07373815125
0.07368390564
0.07359945385
0.07352191443
0.07340165905
0.07326860591
0.07323092109
0.07424973286
0.07966623365
0.106117971
0.2131819145
0.7339630039
0.8071537411
0.789106716
0.7683552237
0.7705945572
0.8133872254
0.8433022266
0.8677702842
0.8874502499
0.907352808
0.9259441813
0.9359535411
0.9308243407
0.8950474488
0.353705438
0.1541832628
0.1112089585
0.1086099277
0.09959218692
0.1032312013
0.09375187844
0.09456391885
0.09041673846
0.09209207299
0.09762920452
0.1088362062
0.1729148673
0.826984568
0.8004996774
0.2135857209
0.1107640723
0.08821257897
0.08121777266
0.08214398006
0.09099611619
0.1010811021
0.4348561236
0.8144732372
0.885734242
0.8955598364
0.8859158287
0.8783319358
0.8743097413
0.8698295798
0.868622867
0.8599186602
0.8525517581
0.8197992098
0.4991731528
0.4866462951
0.9049073906
0.9370494316
0.891438129
0.09089500325
0.07382134835
0.07346675754
0.07352340569
0.07352263901
0.07350904264
0.07348491842
0.0734535727
0.07341748225
0.07338227544
0.07335208546
0.07332817703
0.0733148326
0.07330851143
0.07331725957
0.07332810833
0.07335333818
0.07335725721
0.07337900728
0.07339060117
0.07336094215
0.07344486964
0.07337451092
0.0756841063
0.08744825651
0.1253568963
0.8529185069
0.9168985167
0.9199486407
0.8942425102
0.8713515304
0.8678240029
0.865068491
0.8122588119
0.807350561
0.8517995174
0.8995193389
0.8974273403
0.6208179859
0.1320274127
0.07193709932
0.07228268656
0.07240336815
0.07254415222
0.07269629969
0.07285423184
0.07301023516
0.07315911487
0.07329884198
0.07342511804
0.07353410746
0.0736248734
0.07369662782
0.0737401948
0.07376340969
0.07374802411
0.07371587027
0.07365119372
0.07359580661
0.07348120027
0.07341074883
0.07332964369
0.07317174393
0.07488314293
0.0821797318
0.1178966028
0.4575886214
0.809438276
0.853410228
0.8403460433
0.8060022901
0.8021465494
0.8226623302
0.8496819022
0.8660932925
0.8767040584
0.8829828469
0.8881032803
0.8995667957
0.9103473262
0.9077241786
0.8895693876
0.7269112019
0.1137304577
0.1019786574
0.1002177065
0.1036013675
0.09155830514
0.08986042286
0.08931938363
0.08973317854
0.09692310473
0.09971475924
0.1171579086
0.171406629
0.6662762395
0.8647491835
0.7977740474
0.134123333
0.09144130722
0.08811054973
0.09576922346
0.1369599576
0.7085938765
0.8702761596
0.9067278921
0.9133602148
0.9078558687
0.8998555078
0.8955142209
0.8869308804
0.8754730232
0.8535547993
0.8022138292
0.6355977033
0.2007029508
0.09332064792
0.07727817746
0.7267160789
0.9483628989
0.938155703
0.5495980237
0.07930623865
0.07355879033
0.07343900422
0.07344396964
0.07346245156
0.07346891894
0.07345611231
0.07343134814
0.07340217318
0.07337665757
0.07335549454
0.07334587736
0.07333863165
0.07334979707
0.07335383046
0.073393606
0.07336596687
0.07335250072
0.07334694106
0.07326554304
0.07349503491
0.07866001853
0.1002643663
0.3549068797
0.9204430414
0.9358524078
0.9348332172
0.9172793322
0.8888920397
0.8662987868
0.8530118041
0.8416496332
0.7315606798
0.7817802744
0.753955513
0.8831400292
0.9121067196
0.7919789203
0.1320248212
0.07193385928
0.07228111834
0.07240872212
0.07255696688
0.07271536269
0.07287810054
0.07303448168
0.07317951356
0.07331383247
0.0734318414
0.07352918777
0.07360774691
0.07366984484
0.07369813037
0.07371391484
0.07367949061
0.07363693875
0.0735376677
0.07349709039
0.07333076296
0.07325608365
0.07334119344
0.07733011297
0.08828578902
0.1597130317
0.7392443279
0.8603265711
0.8807702437
0.8726589143
0.84902431
0.8456065794
0.8593421055
0.8709257443
0.8812294317
0.8839845514
0.8836571086
0.8801085122
0.8690726363
0.8594377855
0.8464791949
0.8544358594
0.8712126175
0.8678373342
0.1573258709
0.1002814922
0.09620906675
0.08983564234
0.08934530807
0.08527642479
0.08815742379
0.08837924752
0.09345266732
0.1030746842
0.1186355648
0.1694915902
0.5587499866
0.759604572
0.8750195574
0.2508929634
0.1158775476
0.1120588507
0.4858393811
0.8500346585
0.9076054624
0.9210740608
0.9250267139
0.924378311
0.9170833327
0.9064917991
0.8901318543
0.8582477126
0.7611978552
0.6141327567
0.2855897545
0.1317621845
0.09208720091
0.07620931928
0.07811514174
0.0889835318
0.9432074345
0.9577224721
0.9207096749
0.07950724105
0.07454658766
0.07350818348
0.07341898248
0.07344110788
0.07346529647
0.07346494431
0.07344644826
0.07342026087
0.07339958677
0.07338062784
0.07337639696
0.07336643122
0.07338295212
0.07334782415
0.07338878142
0.07330560396
0.07321253846
0.07310821703
0.07662766262
0.08892720467
0.1402007195
0.8480564852
0.9426955589
0.9530234954
0.9474751699
0.9352565086
0.9188513388
0.8998767491
0.8772117556
0.8615148167
0.8463858842
0.7323978089
0.8324717149
0.5512944163
0.8424709639
0.914437298
0.8520407337
0.1320216133
0.07193046187
0.07228185776
0.07242005516
0.07257873055
0.07274542716
0.07291514956
0.07307121066
0.07321047312
0.07333891266
0.07344607194
0.07352728644
0.07359029772
0.07363984589
0.07364611654
0.07366037261
0.073591735
0.07356757272
0.07341970079
0.07340182791
0.07327555465
0.07481607749
0.08282592297
0.1076680937
0.5721443341
0.8715939937
0.9054019182
0.9051674684
0.8990250975
0.8884614677
0.8854329334
0.892414343
0.8965479142
0.8986599441
0.8980479154
0.8924485865
0.8852612299
0.8689318423
0.8465945648
0.8031268479
0.7053963067
0.7270153628
0.8344003342
0.8799152304
0.5765058906
0.1094365714
0.08861215658
0.08608556166
0.08573087366
0.08654563807
0.08735956085
0.09210010087
0.09750477211
0.1078993301
0.158327275
0.2081708587
0.1643396983
0.1854208247
0.3081928698
0.6547130843
0.7526369082
0.7939291625
0.9033029691
0.9226650506
0.9317329217
0.9325181488
0.9332944307
0.9271959109
0.9141447479
0.8696916452
0.7390364563
0.3951463478
0.1901334078
0.09468453171
0.09708741452
0.1006382444
0.09935883161
0.08940880194
0.07787058641
0.07820162079
0.2019882057
0.9554803891
0.9553246377
0.4915143185
0.08010798771
0.0739787048
0.0735026941
0.0734669925
0.0734847987
0.0734820936
0.07346284576
0.07343528482
0.07341943948
0.07340463437
0.07341279603
0.07338674418
0.07342945911
0.07332431651
0.07332229179
0.07309984329
0.07581886026
0.08423927109
0.1145831594
0.7262548662
0.9337888879
0.9529990868
0.9568941622
0.9576140979
0.9501340115
0.9409508867
0.9276492701
0.9198771126
0.9101422625
0.8937226246
0.8719940908
0.8179826893
0.804377575
0.1767687031
0.7994969907
0.9091945229
0.8688664646
0.1320171983
0.07192685014
0.07228648308
0.07244036515
0.07261263463
0.07279005365
0.07297059969
0.07312371131
0.07325368865
0.07337912708
0.07347327061
0.07352878177
0.07357518246
0.0736141078
0.07356905816
0.0736045237
0.07347518958
0.07345127129
0.07332639351
0.07384078931
0.07942152095
0.09693541188
0.2204545824
0.8687918289
0.9172940768
0.9275995791
0.9249860021
0.917552391
0.9137768085
0.9114363246
0.9122472045
0.9139327816
0.9125413077
0.9075273846
0.8971859924
0.8848135815
0.870033333
0.8460031008
0.7609926765
0.6778499742
0.4104938425
0.4864446118
0.815938061
0.8882266725
0.8424999007
0.1633437885
0.09134100764
0.08512134244
0.08702676898
0.08827001555
0.08982520215
0.09212008762
0.107484733
0.12012709
0.1166642358
0.1179702577
0.1180576045
0.1791859707
0.8333904438
0.8928875311
0.9079245691
0.9164942215
0.9304652614
0.9346044497
0.9385517223
0.9355702222
0.9284549109
0.8966649171
0.6558647365
0.2590473138
0.102492392
0.08579123407
0.09211211089
0.09108238385
0.09232779396
0.09289357327
0.09223721762
0.0937461266
0.08282784367
0.07598672338
0.08684694
0.9039529655
0.9563156444
0.9335903648
0.09198924112
0.07476755801
0.07365519275
0.07353609935
0.07352067534
0.07349896839
0.07347255549
0.07344223667
0.07343361964
0.07341828361
0.07346646286
0.07339965487
0.07345058878
0.07328434826
0.07457744852
0.0811376763
0.1058079057
0.5312553245
0.9233351187
0.9512302676
0.9603771014
0.9637147894
0.9637628471
0.9593184411
0.9537615474
0.9476907324
0.913136595
0.8091475949
0.5599376223
0.406097305
0.231534869
0.1644226938
0.1199923268
0.1033201734
0.6817004681
0.9028715503
0.8601490854
0.1320106297
0.07192305498
0.0722982903
0.07247481611
0.07266225377
0.0728526836
0.07305307621
0.0731967231
0.07330766678
0.07343886095
0.07352592023
0.07353865981
0.07355038323
0.07360737725
0.07347741066
0.07348209965
0.07331308557
0.07375677657
0.07867737257
0.09426561833
0.161115179
0.848955359
0.9305246785
0.9433194029
0.9423571702
0.9388598771
0.9330504328
0.9291581487
0.9289421333
0.9276070722
0.9241850934
0.9182586485
0.9104203219
0.8991220944
0.8668728495
0.7907614246
0.6566445754
0.4196707953
0.2664999198
0.1706253357
0.1417101769
0.1631348005
0.6998411896
0.8731459072
0.8712336126
0.5164465272
0.1112795663
0.08845579831
0.08791292544
0.08892762187
0.08946544904
0.09531822261
0.09864064943
0.1015501797
0.1084365792
0.1305599315
0.5842559807
0.8766057616
0.9223484894
0.9364269923
0.9409633082
0.9415448611
0.9425059671
0.9398453079
0.9353009565
0.9122496782
0.7419979997
0.1508623337
0.0919396698
0.08804419891
0.08790406484
0.08478255299
0.08580329398
0.08650131666
0.08657021477
0.08810304706
0.08604530983
0.0877111559
0.08396107637
0.08112909223
0.07811820008
0.1200562679
0.9396983366
0.9498196338
0.663537749
0.0808659202
0.07400640292
0.07365420054
0.07357864253
0.07350814179
0.07346413158
0.07342448289
0.07343584929
0.07338011803
0.07343458654
0.0733113749
0.07391583735
0.07916454301
0.1004836642
0.2604914721
0.9113565621
0.9523734675
0.9633394237
0.9659488944
0.9683104964
0.965752762
0.9643186735
0.9567348135
0.8963166343
0.5826440794
0.1459437149
0.09640978861
0.08607873794
0.08292237318
0.08287092472
0.08306463394
0.08204387572
0.08081231205
0.1971843876
0.913391164
0.8385008372
0.1320015004
0.07191944573
0.07232360075
0.07253360345
0.07273194832
0.0729325728
0.07317458286
0.07330186281
0.07337137184
0.07351196601
0.0736093651
0.07359117629
0.07353107918
0.07354472091
0.0734634712
0.07429810187
0.07960199758
0.09529042043
0.1648506688
0.8508683074
0.9389469355
0.9520295378
0.9514182727
0.9509590133
0.9460680701
0.9436685596
0.940190347
0.9369010841
0.932366432
0.9271171749
0.9143823305
0.8707665227
0.7500021235
0.5058963707
0.2679604452
0.1534292828
0.1162842991
0.1061816074
0.1054580634
0.1125490768
0.1221996371
0.1481060716
0.6602617877
0.8921490392
0.9012016918
0.8306245885
0.1740223147
0.09342443639
0.08700025127
0.08996183284
0.08865712343
0.08821010082
0.0980960404
0.117980705
0.4586428893
0.8867952693
0.9321769575
0.9437827007
0.9492899818
0.95045574
0.9496660293
0.9443969938
0.9391041968
0.9215116786
0.8512430953
0.2365721275
0.1067238945
0.08958067909
0.08522160048
0.08425281579
0.0807562224
0.08198585378
0.08319090904
0.0860928748
0.08640553997
0.0865848208
0.08584909357
0.08478268217
0.08672349874
0.08670993473
0.08377580315
0.09283142582
0.8706873402
0.9466802598
0.924946543
0.1036614878
0.07488379369
0.07371224237
0.07364762934
0.07349436646
0.0734306317
0.07333754517
0.07334634955
0.07323180235
0.073545356
0.07792171577
0.09498161387
0.1870185478
0.8903216909
0.9530974475
0.9646623838
0.9667073508
0.9702032724
0.9680895622
0.9677844541
0.9604194809
0.9152552351
0.3188867111
0.1125914128
0.0828982363
0.07850924161
0.07571394225
0.07537485852
0.07557543291
0.07596794352
0.07673140665
0.0770215863
0.07797905879
0.1444434749
0.9268071432
0.8418106017
0.1319947811
0.07191897828
0.07237281399
0.07263493979
0.07283441022
0.07302140583
0.07333375468
0.07344728184
0.0734699135
0.07358892748
0.07361207155
0.07364079929
0.07407843147
0.07772315122
0.08348990606
0.1082920486
0.2255495263
0.8881632119
0.9456511399
0.9576701037
0.9571180815
0.9577171003
0.9537345477
0.951043789
0.9490002287
0.9437843161
0.9378672503
0.9295834643
0.9016605089
0.7876451759
0.5058284117
0.2137702644
0.1274603473
0.1059144982
0.09998210585
0.09677184
0.09543879207
0.09852635483
0.1072968684
0.118256455
0.1278585387
0.1468174497
0.2678954912
0.8197001371
0.7849803583
0.8018992672
0.3169461497
0.1202417697
0.08752053832
0.08702092817
0.09310207616
0.1215054127
0.3259703923
0.8973649693
0.9417421588
0.9547677371
0.9566243371
0.9569204247
0.9532942104
0.9477899778
0.939268448
0.9300946986
0.890620768
0.5773384854
0.133480122
0.1000462968
0.08962101363
0.08594270488
0.08190057476
0.07932361721
0.0806039251
0.08210261836
0.08534310697
0.08728093609
0.08904282129
0.08882590663
0.08649862537
0.0869182269
0.08916671213
0.09502641092
0.09583903276
0.09323329532
0.1585380055
0.9269295544
0.9371892526
0.8344305735
0.08829750411
0.07426718336
0.07382584299
0.07348918913
0.07334829501
0.0731625253
0.07329081848
0.0770386419
0.09039601384
0.152047139
0.8590077008
0.9490885594
0.9630379027
0.9660703572
0.9704769472
0.9690074247
0.9693218846
0.9628553745
0.9271717203
0.3440826947
0.1102934584
0.08202383583
0.07586415534
0.07467549044
0.07476642335
0.07528896292
0.07593164738
0.07644507308
0.07687882417
0.07701900848
0.07689790273
0.07654030369
0.1192245864
0.9169704012
0.8242123499
0.1320128141
0.07193743848
0.07246284477
0.07279343047
0.0729883661
0.07313443967
0.07344355501
0.07344431315
0.07362316748
0.07445169901
0.07841911136
0.08337269263
0.1001419968
0.1859040659
0.7312867202
0.9284458051
0.9601899777
0.9651856331
0.9624991479
0.9625517876
0.9585297543
0.9552758212
0.9522534631
0.9477893587
0.9453726037
0.9320931989
0.8544128501
0.6358362036
0.1971867404
0.1255931814
0.1066339702
0.09714091036
0.09160725374
0.08503614341
0.08162651339
0.08140015727
0.08235397714
0.08527533933
0.09132750988
0.1024644522
0.1161543788
0.1460926921
0.186785324
0.8394270899
0.8122309326
0.8688879891
0.7283355141
0.1435714952
0.1090515506
0.1476791572
0.6048093215
0.9011714202
0.9524831635
0.9612089487
0.9620933867
0.9648376942
0.9617577333
0.9548230451
0.9458582967
0.9023385156
0.8637844222
0.7174505794
0.2260210914
0.1113173771
0.0964433441
0.09129015301
0.0889583485
0.08220228051
0.07985750672
0.08097757834
0.08232257255
0.08393260209
0.08526174549
0.08773328449
0.08891891995
0.08859860993
0.08708200568
0.08732792369
0.09092437173
0.09832211972
0.1059986012
0.1041970269
0.1104960926
0.8686663158
0.9293743434
0.9193885355
0.2448882952
0.07900682811
0.07448067627
0.07362244173
0.07335701419
0.0766344297
0.08730232356
0.1328218436
0.8080299674
0.940535053
0.9595525239
0.9648636258
0.969363323
0.9689880783
0.9689616128
0.9629785876
0.9371813007
0.4678092189
0.1166667851
0.08287121876
0.07570009414
0.07445921301
0.0745738385
0.07507822117
0.07564261613
0.07601796226
0.07646551047
0.07699560677
0.07739130688
0.07745104764
0.07712182301
0.07619103934
0.107097853
0.9021280451
0.7944496573
0.1321379726
0.07201204665
0.07260987425
0.07290198898
0.07307426673
0.07354446468
0.07589751916
0.079883697
0.08757331196
0.1185431251
0.239196436
0.8868117802
0.9353072216
0.9624063576
0.9729970363
0.9724149587
0.9692755776
0.9684956226
0.9633867513
0.9583827243
0.9521405636
0.9467919127
0.9396697362
0.9164372188
0.8336443991
0.2579644919
0.1258313735
0.09573668943
0.08809240587
0.08527607035
0.08310375242
0.08165052678
0.08148784519
0.08133973751
0.08064984858
0.08180533562
0.08631550502
0.0961566085
0.1074141801
0.1221477032
0.1279870014
0.1596340864
0.1611613727
0.8138448722
0.6569884355
0.7678510078
0.7357393153
0.4845236355
0.8464950977
0.9182313448
0.952837293
0.9599243051
0.9619927626
0.9641268933
0.9611293662
0.9596394978
0.9439488829
0.9059082211
0.4918492611
0.5277651869
0.411318654
0.4765294462
0.1397453074
0.1007846508
0.09433837057
0.08994106622
0.08539177806
0.08342861024
0.08385769091
0.08537050141
0.08591273833
0.08521754541
0.08578094408
0.08710788591
0.08792148554
0.08709772631
0.08603215982
0.08483668833
0.08629461779
0.09097835513
0.09570086528
0.1006180756
0.103894824
0.3422082474
0.9100958998
0.9144340467
0.8995203959
0.1320115887
0.07789586397
0.07799806977
0.08680528398
0.1241076003
0.7346736097
0.9309862894
0.9552445054
0.9625984299
0.968165303
0.9688133229
0.9672334624
0.9617727971
0.9445542924
0.6954758202
0.1247843189
0.0850753635
0.07636124403
0.0743471432
0.07440702801
0.07484935373
0.07526970859
0.07564071178
0.07614630743
0.07659861534
0.07702902072
0.07751441435
0.07788881448
0.07791724641
0.07750131641
0.07616446493
0.09984016592
0.8843735411
0.7579698254
0.1334739482
0.07224650414
0.07331629056
0.0770031514
0.08108025613
0.09772877527
0.1789365781
0.5363998172
0.9524100533
0.9553484871
0.972865056
0.9772032
0.9789225268
0.9778839763
0.9767440147
0.9753318119
0.9713346
0.9664410745
0.9592747007
0.9490427466
0.9300661635
0.8963628206
0.8311329128
0.3232859984
0.1640169963
0.1289711391
0.1157456647
0.1088814113
0.1067886111
0.1062499974
0.1074138977
0.1097667798
0.1131872844
0.1161513891
0.1183511702
0.1176006507
0.1169432772
0.1233189998
0.1385418114
0.1666499445
0.2383095859
0.4485627416
0.7720233733
0.8875807701
0.9096896948
0.9202156171
0.9273561032
0.9372299758
0.9477887323
0.949391715
0.9552312242
0.9600484633
0.9603311863
0.9557602957
0.9385727492
0.866376107
0.2250478257
0.1396841582
0.3620728371
0.3034689061
0.5647080936
0.3160251391
0.2147277298
0.1014985065
0.08928702341
0.08586474769
0.08586844455
0.08554937932
0.08572383667
0.08622831977
0.08534294338
0.08394655338
0.08335505157
0.083883215
0.08483751983
0.08472650117
0.085183122
0.08409363418
0.08517290916
0.0882554534
0.09056764086
0.09585005222
0.09979710313
0.163355072
0.8666652813
0.8875398136
0.8786267892
0.7553043187
0.1213879391
0.1379378554
0.6945196615
0.9217915474
0.9509631886
0.9606334181
0.9666090805
0.9690352192
0.9685706606
0.965785323
0.9490049125
0.8518365757
0.1323835103
0.08842222688
0.07732021691
0.0740895762
0.07408893666
0.07449143793
0.07488943126
0.07524282567
0.07567263001
0.07609448734
0.07658950419
0.07709740925
0.07759302073
0.07808901939
0.07847989981
0.07855452461
0.07809925506
0.07641586616
0.09383462054
0.8588798488
0.7148516
0.1760176573
0.09119375342
0.1229036906
0.2773762992
0.9385882652
0.9516344417
0.9707055493
0.980590619
0.9814891961
0.9820523954
0.9826501707
0.9825038192
0.9818821228
0.9807292415
0.9784789719
0.9758898544
0.9728155429
0.968644387
0.9627460672
0.9555345887
0.9462675425
0.9376561606
0.9346031977
0.9438313458
0.9514869248
0.9514968619
0.953393422
0.9527082431
0.9521035535
0.9517387629
0.951965997
0.9533926163
0.9554838792
0.9573287055
0.9586934474
0.9582126173
0.9562907515
0.9541814003
0.9547415693
0.9571684161
0.9598268559
0.9611613868
0.956908952
0.9543317386
0.9533927354
0.9538054185
0.9537115537
0.9527434574
0.9511645889
0.9461454131
0.9435650301
0.9396429588
0.9195355391
0.8257931857
0.1786019177
0.1226364289
0.126413183
0.5543954198
0.4679216747
0.349532628
0.3528996678
0.3071156612
0.7294644783
0.1228650509
0.09715709403
0.09172165162
0.09326692218
0.09138337851
0.08718257021
0.08579846655
0.08475719937
0.08360968649
0.08361677028
0.08451321744
0.08631609468
0.08699501607
0.08965373837
0.08815425221
0.09006163008
0.09455047312
0.0987066005
0.1075662756
0.1301079689
0.2058179281
0.8587944122
0.8994357245
0.8921142005
0.881872078
0.8557205497
0.9151397825
0.9474318544
0.9571026814
0.9637410693
0.9680503294
0.9680208205
0.9668794304
0.9573066431
0.8834911337
0.1636216559
0.09152148067
0.07732959438
0.07370611403
0.07367068606
0.07404119276
0.07439851388
0.07472873514
0.07511686639
0.07550966038
0.07596044238
0.07645780622
0.07701521994
0.07759419537
0.07816989864
0.07872469642
0.07919262232
0.07945728943
0.07917228372
0.07712823068
0.08982423025
0.8194866375
0.666545503
0.9217512493
0.9654527067
0.970787503
0.9820676604
0.9842145923
0.9851845765
0.9855186834
0.9860718257
0.9866080652
0.9859904996
0.9855564455
0.9844946539
0.9834699829
0.9821871526
0.980480569
0.9783795841
0.9760136436
0.9733566973
0.9703166506
0.9674492619
0.9652356881
0.9644235462
0.9652042978
0.9670715652
0.9702841468
0.9718587925
0.9725250947
0.9729748887
0.9734291631
0.973927816
0.9746004654
0.9755762489
0.9768434164
0.9778977359
0.978302045
0.9781558628
0.9768841398
0.9746063899
0.9727922441
0.9718170256
0.9711147284
0.9699558251
0.968414376
0.9669459142
0.9659138705
0.9641849134
0.9609764231
0.9550141931
0.9423463463
0.9183403725
0.8763738074
0.7443200458
0.2407013438
0.1752918181
0.1427688208
0.133424614
0.231115036
0.2227330431
0.1548607575
0.1167658117
0.1172505565
0.1237088959
0.145584145
0.1265188681
0.1028151993
0.1038584062
0.105663127
0.1070099406
0.1072579906
0.1083843544
0.1104597669
0.1139639058
0.1200918251
0.1294875401
0.1452385106
0.1762567988
0.2737379932
0.4101546267
0.7496894557
0.7911142798
0.8502515719
0.881798724
0.902818869
0.928865963
0.9360410685
0.9395865253
0.9399221341
0.941856158
0.9449985431
0.9509549381
0.9583636887
0.9645985222
0.9666109888
0.9678711489
0.9611300767
0.9149003639
0.2093468663
0.09858656664
0.07840385328
0.07388409981
0.07355873008
0.07371493867
0.07397186288
0.07424706772
0.07452977809
0.07485269538
0.07523604313
0.07567694798
0.07618746741
0.07676258917
0.07740833631
0.07809290758
0.07878350085
0.07944341867
0.08003005294
0.08057243448
0.08094168877
0.07933023296
0.08666770391
0.7527556333
0.6082022576
0.9731834367
0.9852855901
0.9894477154
0.990596627
0.990456025
0.9901246384
0.9897909034
0.9891709727
0.9886202939
0.9880809141
0.9873336376
0.9863340661
0.9852609673
0.9840491467
0.9826520273
0.9810973766
0.9794552742
0.9778000268
0.9762107942
0.974916213
0.9740913382
0.973856224
0.9740848692
0.9745060573
0.9749997542
0.9756567303
0.9761905168
0.9765750566
0.9769889618
0.9774127403
0.9778602967
0.9783334707
0.9788264178
0.9792724582
0.9794702116
0.9793224967
0.978844952
0.9777935651
0.9765081373
0.9752637877
0.9741456945
0.9731661589
0.972451844
0.9720829197
0.9713968233
0.9695854676
0.9661076703
0.9599076129
0.9487080055
0.9312541682
0.9084367167
0.8876112772
0.8924159461
0.8997472888
0.8935673164
0.8929077802
0.879644235
0.8676395619
0.8589385142
0.8555826101
0.8557290185
0.8568951549
0.873179355
0.86759271
0.8630322739
0.8851964419
0.9058440838
0.9186382368
0.9287384924
0.9359829328
0.9417459037
0.9466482755
0.9516905944
0.9561603641
0.9599698359
0.963195842
0.9657661872
0.9675770052
0.9626373019
0.9562955899
0.9535901064
0.9491261095
0.9450648613
0.9443096474
0.9490005248
0.953100109
0.956259265
0.9588119611
0.9617439525
0.9642018799
0.9651889733
0.9663301339
0.9617671132
0.9345362513
0.332232123
0.1089119679
0.08101969393
0.07434926253
0.07365433551
0.07359329247
0.0737686691
0.07392650409
0.07405684414
0.07428423552
0.0745470524
0.07487892165
0.07528680546
0.07577061153
0.07634122805
0.07699842888
0.07774772136
0.07856945888
0.07943028548
0.08027955511
0.08104221366
0.08183215131
0.08302420367
0.08359904222
0.0886869087
0.6402846593
0.6099923754
0.9849656482
0.9916752821
0.9927992846
0.9931676691
0.9928129528
0.9923813287
0.9918439368
0.9911759752
0.9904404252
0.9896926457
0.9888826177
0.9879218689
0.9868992458
0.9858020276
0.984636171
0.9834333257
0.9822433506
0.9811211309
0.9801293508
0.9793554932
0.9788472832
0.9786099792
0.9785588193
0.9785730748
0.9786068322
0.9787193044
0.9789089241
0.9790996264
0.9792997126
0.9794951169
0.9796689704
0.9798023318
0.9798846776
0.9799224151
0.9799171253
0.9798448323
0.9796824919
0.979386962
0.9788848753
0.9782247
0.977542357
0.9769981388
0.976690924
0.9764868064
0.9759748595
0.9747130921
0.9724339587
0.9688394029
0.9637764158
0.9581735854
0.9539113342
0.9522227213
0.9529582334
0.9553955811
0.9557307923
0.9551421882
0.9545021952
0.9537235161
0.9549536439
0.9564718317
0.9573755687
0.9585417894
0.9600509617
0.9614207558
0.9629347278
0.9648917582
0.9662774803
0.9668001283
0.9669973458
0.9671731704
0.9670881473
0.9669175275
0.9672696996
0.967935273
0.9685366168
0.9687695395
0.9684880032
0.9673886618
0.9655601189
0.9611552743
0.9572780411
0.9535022015
0.9497395424
0.9482541156
0.9506521315
0.9559067827
0.9606953882
0.9633993659
0.9653751379
0.964525823
0.9609009024
0.9471333024
0.6953528198
0.1276429257
0.08561110551
0.07588888198
0.07411180202
0.07383478407
0.0738439172
0.07378721939
0.07377565144
0.07388296676
0.0740006064
0.07420557472
0.07447926494
0.07482916374
0.0752642135
0.07579066336
0.07641763181
0.07715344059
0.07801272269
0.07899879747
0.08010114681
0.08128570265
0.08247812429
0.08377156673
0.08560171258
0.08936617257
0.09047635299
0.2500345044
0.7959974612
0.991032597
0.9945322956
0.9948345365
0.9946951594
0.9943190259
0.9938348686
0.9932453738
0.992554832
0.9917964159
0.9909931466
0.9901412736
0.9892167431
0.9882467832
0.9872436531
0.9862286513
0.9852346159
0.9842988331
0.9834577713
0.9827463248
0.982195673
0.9818113328
0.9815738285
0.9814296153
0.981317714
0.9812157301
0.9811502906
0.9811299208
0.9811341087
0.9811481212
0.9811510033
0.9811299237
0.9810760462
0.9809941833
0.9809099805
0.980857682
0.9808542334
0.9808865956
0.9809092407
0.9808588207
0.9807190055
0.9805580361
0.980461114
0.980447171
0.9804030028
0.9801084379
0.9793643594
0.9780729197
0.9762109169
0.9739197926
0.9716733149
0.9700101774
0.9691581529
0.9688860463
0.9688188458
0.9689549651
0.9690850783
0.9691416373
0.9694295371
0.9699343116
0.9704583211
0.9707842444
0.971054961
0.9713846919
0.9714676727
0.9712915086
0.9710527087
0.9707746715
0.9702250988
0.9694525591
0.9684880551
0.9674886437
0.9663350792
0.9652713547
0.964326233
0.9634084392
0.9622927155
0.9608593775
0.9591387167
0.9573603528
0.9555743341
0.9530890976
0.950544129
0.9489546597
0.9487442336
0.950630808
0.9544029585
0.958891218
0.9614180801
0.9602617751
0.9467773752
0.8542356823
0.1542515817
0.0998550357
0.08586357407
0.07868602963
0.07558346636
0.07450640347
0.07411982176
0.07390059793
0.07379191734
0.07373722939
0.07378282864
0.07389187453
0.07407943598
0.07433785169
0.07466898839
0.07507245493
0.07555353436
0.07612894349
0.07682017746
0.07765574432
0.07868217152
0.07996342755
0.08158138412
0.08365991713
0.08655149829
0.0910526296
0.1031571364
0.1485402461
0.1579193357
0.8485435551
0.9950980935
0.9963507131
0.9961428547
0.9958011023
0.9953483721
0.9948296466
0.9942296367
0.9935449562
0.9927886105
0.9919728456
0.9911025926
0.9901818697
0.9892313948
0.9882705469
0.9873288493
0.9864411892
0.9856415235
0.9849581158
0.9844106058
0.9840046997
0.9837244434
0.9835357406
0.9833921727
0.9832543615
0.9831101795
0.982972487
0.9828476685
0.9827282006
0.982602587
0.9824542701
0.9822757423
0.9820732299
0.9818728746
0.9817213167
0.9816696005
0.9817454656
0.9819355598
0.9821890484
0.9824470814
0.9826882137
0.9829379584
0.9832231418
0.983513695
0.9837017321
0.9836422407
0.9832256927
0.982416476
0.9812510827
0.9798665849
0.978507415
0.977404998
0.9766577894
0.9762164965
0.9760037198
0.9760269226
0.9762297318
0.9764964364
0.9768206029
0.9771641271
0.9773862763
0.9774039963
0.9772165295
0.9767903942
0.976036467
0.9748889042
0.9734662309
0.9719604544
0.9704112609
0.9687545889
0.9669276362
0.9649046982
0.9626731685
0.9601789983
0.9574374486
0.9545319908
0.9515879863
0.9488240846
0.9465989407
0.9452073105
0.9443071768
0.9430616581
0.9414213309
0.9403084664
0.9399849987
0.939411843
0.9383591971
0.9360210007
0.9191006678
0.8665298041
0.2976390146
0.1271356042
0.1172590612
0.1230721363
0.1365735078
0.1050742752
0.09748437134
0.09385406989
0.09147892585
0.09251971954
0.09243127435
0.09203570115
0.09167037726
0.09136231635
0.09125658062
0.09127255941
0.09142944425
0.09182247064
0.09234964691
0.09287748315
0.0936097717
0.0947185687
0.0962794928
0.09856555801
0.1020184145
0.1069895494
0.1143862712
0.1219068763
0.1381150711
0.7473397488
0.6254998776
0.6284517161
0.9910656416
0.99536683
0.9939103206
0.9928985926
0.9919116088
0.9908833639
0.9897320773
0.9884158548
0.9869389352
0.9853182527
0.9835714313
0.981718921
0.9798089691
0.977888611
0.9760239848
0.9742922999
0.9727664744
0.9715038652
0.970537752
0.9698677123
0.969445473
0.9691848921
0.9689797585
0.9687462777
0.9684589846
0.9681438397
0.9678220531
0.9674866387
0.9671168049
0.9666763041
0.9661445218
0.9655369273
0.9649255171
0.9644424337
0.9642417105
0.9644236862
0.964973668
0.9657649741
0.9666382778
0.967511309
0.9684084746
0.9693723936
0.9703465242
0.9711260819
0.9714334707
0.9710509401
0.9698978657
0.9680362329
0.9657023868
0.9633060343
0.9612475266
0.9597331844
0.9587537911
0.9582470356
0.9582452275
0.9586727185
0.9593247539
0.9601018343
0.9608566649
0.9613513764
0.9613862182
0.9609057333
0.9597893583
0.9578242596
0.9548584958
0.9510362613
0.9467732606
0.9423380882
0.9377323444
0.9327664049
0.9272204194
0.9208181741
0.913201259
0.9040394115
0.893394599
0.8818003233
0.8705594476
0.86187919
0.8578206341
0.8575963173
0.8573358613
0.8546476818
0.8498062431
0.841998068
0.8240766253
0.7952519575
0.6653356782
0.4384596904
0.3640151676
0.4095951536
0.5264577651
0.5273215983
0.8021127723
0.8888506428
0.784362579
0.5968822274
0.6679246207
0.642284573
0.5979978864
0.5923842456
0.5802849371
0.5676857976
0.5563520369
0.5435513891
0.5298268301
0.5165270147
0.5072019668
0.5029744062
0.5017998054
0.5022184351
0.5048871401
0.5098394806
0.5159150626
0.5227077043
0.5295233901
0.537087434
0.5428944978
0.5485633864
0.812479346
0.937322653
0.8878314201
