0.9986372525
0.9990076579
0.9985842329
0.9984193929
0.9983202916
0.9982625995
0.9982550738
0.9983157909
0.9984578296
0.9986728397
0.9989194236
0.9991243883
0.9992047865
0.9991079714
0.9988371153
0.9984404497
0.9979830723
0.9975221144
0.9970924307
0.9967058853
0.9963624529
0.9960682042
0.9958403888
0.9956907998
0.9956139486
0.9955896252
0.9955946501
0.9956134331
0.9956396303
0.995670114
0.9956967384
0.9957019116
0.9956645041
0.9955802454
0.9954759046
0.9953910702
0.9953509999
0.9953637166
0.9954306487
0.9955552353
0.9957479473
0.9960280255
0.9964005875
0.9968223127
0.9972156146
0.9975257445
0.9977463756
0.9978956642
0.9979918124
0.9980375145
0.9980169049
0.9979108592
0.9977166097
0.9974591247
0.9971739799
0.9968336496
0.9963751073
0.9959317381
0.9956407007
0.9954407047
0.9952868207
0.9951456714
0.994959863
0.9946970456
0.9943467093
0.9938878367
0.993290295
0.9925466849
0.9916945357
0.9908080168
0.9899501977
0.9890960982
0.9881162121
0.9869778608
0.9860898735
0.9860665397
0.9865381627
0.9865798841
0.9861070322
0.9860787333
0.9866579155
0.9870233307
0.9865048378
0.9862667801
0.9875399692
0.9741492969
0.5770398517
0.2746241411
0.3829813916
0.6722801432
0.5848708354
0.6358298411
0.5814259378
0.640747142
0.5926154507
0.6107786889
0.6306020242
0.6139307959
0.6084606205
0.6030603392
0.6008637892
0.5980539183
0.5988352938
0.6072346971
0.6067976789
0.5999503763
0.602116603
0.6042096974
0.6028762928
0.600046956
0.599237915
0.6010484919
0.6084740351
0.6105036833
0.6068237465
0.6076127568
0.6150544177
0.5994066436
0.7188994003
0.209301233
0.5436710402
0.9983971815
0.9994619006
0.9993201324
0.9991789342
0.9990501406
0.9989241389
0.9987985812
0.9986755136
0.9985612511
0.9984660417
0.9984023004
0.9983830576
0.9984192426
0.9985148262
0.9986633819
0.9988486034
0.9990480099
0.9992400159
0.9994121086
0.9995625773
0.9996929143
0.9997980096
0.9998691634
0.9999048216
0.9999105361
0.9998941047
0.9998633559
0.9998243098
0.9997808825
0.9997368797
0.9996970331
0.9996673821
0.9996532648
0.9996488621
0.9996386445
0.9996158738
0.9995880697
0.99956487
0.9995497184
0.9995388538
0.9995223699
0.9994879075
0.999427028
0.9993462096
0.9992658122
0.9992038882
0.9991666088
0.9991524548
0.9991591682
0.9991882848
0.9992450561
0.9993312836
0.99943535
0.999526286
0.9995647887
0.9995463958
0.9995117137
0.9994604385
0.9993788882
0.9992592234
0.9991231985
0.9989700411
0.9987827622
0.9985489852
0.9982871009
0.9980086931
0.9977109602
0.997397516
0.9970813556
0.9967774832
0.9965009902
0.9962647534
0.9960761473
0.9959341808
0.995826505
0.9957182325
0.9955712309
0.9954667765
0.9954960578
0.9955982894
0.9956906472
0.9957498016
0.9957347763
0.9954718206
0.9943564736
0.9920252457
0.9900728152
0.9876924263
0.800096478
0.02767559769
0.02263822409
0.02316174723
0.02220174757
0.02266584434
0.02282588256
0.02252497513
0.02275930436
0.02276723202
0.0226308871
0.02262327945
0.02268081991
0.02269770962
0.02265024884
0.02257575606
0.02255977645
0.02260006096
0.02264349227
0.02263323147
0.02264626545
0.02269698913
0.02279609031
0.02295027314
0.02309880812
0.02329741039
0.02359052654
0.0240079992
0.02449947802
0.02585793639
0.02507924649
0.06060466012
0.6160049317
0.998339678
0.9988529974
0.9990145383
0.9989551787
0.9988425598
0.9987210703
0.998605583
0.9985029557
0.9984200951
0.9983658488
0.9983495824
0.9983810807
0.9984677214
0.9986087558
0.9987931625
0.999000892
0.9992045888
0.9993774382
0.9995077559
0.9996042343
0.9996806769
0.9997361666
0.9997628567
0.999763415
0.999745527
0.9997152001
0.9996778261
0.9996375537
0.9995986174
0.9995676518
0.9995488209
0.9995398279
0.9995371668
0.9995324647
0.9995152168
0.9994910143
0.9994717962
0.9994604065
0.9994547332
0.9994531681
0.9994546098
0.999458023
0.9994583433
0.9994503423
0.9994387309
0.9994303658
0.9994270428
0.9994267263
0.9994285753
0.9994313693
0.9994232932
0.9993717453
0.9992172232
0.9988959009
0.9984550921
0.9982101286
0.9984694113
0.9987755102
0.9984479719
0.9981848678
0.9978433287
0.9975746012
0.9974121428
0.997226007
0.9969645482
0.996811936
0.9967073053
0.9966205925
0.9965492651
0.9964905736
0.9964384806
0.9963883242
0.9963346085
0.9962683313
0.9961755859
0.9960506802
0.9959474552
0.9959078174
0.9958130212
0.9956090142
0.9954535538
0.9954689864
0.9954937258
0.9953745253
0.9951736608
0.9951810198
0.9953948754
0.9957143803
0.9954478887
0.9939462773
0.233742284
0.02375026625
0.01923309466
0.01916156341
0.01925153018
0.01918435326
0.01920291683
0.01922497212
0.01921678108
0.01920434843
0.01919599409
0.01918992409
0.01918964565
0.01919474948
0.01920077036
0.01919283105
0.0191810132
0.01918333124
0.01919751552
0.01921411174
0.01923437631
0.0192713565
0.01933747615
0.01943326096
0.01954040607
0.01964644612
0.01978849155
0.01992582689
0.02266310075
0.1051220351
0.9584504338
0.9983101932
0.9982990291
0.9985003479
0.9985797784
0.9985382744
0.9984589935
0.9983826125
0.9983241355
0.9982918457
0.9982920421
0.9983301354
0.9984141629
0.9985489644
0.9987279143
0.9989348718
0.9991470768
0.9993325635
0.9994591767
0.9995175317
0.9995297831
0.9995255322
0.9995078676
0.9994727676
0.9994320643
0.9993913058
0.9993407262
0.9992721115
0.9991875039
0.9991026626
0.999051668
0.9990672569
0.9991404736
0.9992186012
0.9992580086
0.9992607951
0.9992572735
0.9992659317
0.9992765137
0.9992753594
0.9992547782
0.9992155849
0.9991865211
0.99917795
0.9991693252
0.9991264445
0.9990267314
0.9988767422
0.9987026889
0.9985364068
0.9983795156
0.9981586892
0.9977665409
0.9971310969
0.9963600226
0.9959070068
0.9952748408
0.9952881319
0.9961761507
0.9971285903
0.9964172755
0.9960734986
0.9959456571
0.9958796554
0.9958842413
0.9958509839
0.9958316206
0.9958668289
0.995924858
0.9959991691
0.9960932458
0.9962109862
0.9963526235
0.9965149755
0.996687443
0.9968441732
0.9969203482
0.9967510073
0.9962212949
0.9959668535
0.99521187
0.9940657854
0.9940454683
0.994656578
0.994600632
0.9942999076
0.9950351513
0.9958230175
0.996047995
0.9960770856
0.9962274252
0.9961741046
0.9935807242
0.07919196027
0.02244510235
0.01914889288
0.01916379961
0.01918778468
0.01918254618
0.01918688337
0.01918819761
0.01919114132
0.01919365892
0.01919848002
0.01920374701
0.01921004702
0.01921570314
0.01922183756
0.01923328169
0.01925320735
0.01928051662
0.01931306785
0.01935180596
0.01940196153
0.01946821742
0.01954608428
0.0196227515
0.0196884775
0.01970586282
0.02130319758
0.4691115693
0.9487783519
0.9964064737
0.9979870426
0.9980346856
0.9981384263
0.9981802417
0.9981823554
0.9981797333
0.9981903293
0.9982285
0.9982916395
0.9983790319
0.9985035374
0.9986685464
0.9988572429
0.9990483566
0.9992186142
0.9993318874
0.9993596325
0.9993182012
0.9992533321
0.9991746804
0.9990762016
0.998972375
0.9988979963
0.9988491675
0.9987815082
0.9986559949
0.9984628618
0.9982390147
0.9980725192
0.998068199
0.9982756409
0.9985952656
0.9988332455
0.9989387141
0.9990160332
0.9990911077
0.9991432909
0.9991559407
0.9991130681
0.9989780163
0.9987377891
0.9985288408
0.9983647378
0.9981439642
0.9977846713
0.9973472208
0.9969439089
0.996668754
0.9965100088
0.9963601034
0.9961469229
0.9959323479
0.9956019333
0.9932045844
0.9883354093
0.9844178612
0.9759991102
0.5549918689
0.9926791713
0.9806657343
0.998431997
0.9968879116
0.9954586873
0.9898841823
0.9880717562
0.9884430121
0.9895553557
0.9903541623
0.9912001626
0.9923053331
0.9934638243
0.9944242636
0.9950821233
0.9954758802
0.9957536764
0.9961845284
0.9963675253
0.995873999
0.9925276869
0.9904893766
0.9888650375
0.9908577118
0.9929996952
0.9910483738
0.9919900174
0.9949281079
0.9959307525
0.9959560701
0.9959513627
0.9960653729
0.9963602534
0.9958589744
0.9912544478
0.05028057035
0.02200255787
0.01910615899
0.0191255925
0.01914781685
0.019147924
0.0191555389
0.01916093855
0.01916961813
0.01917761256
0.0191877595
0.01919928222
0.01921381609
0.01923283832
0.0192574596
0.01928786775
0.01932265699
0.01936029052
0.01940134541
0.01944787789
0.01949800106
0.01954182798
0.01956477925
0.0194981026
0.02130056824
0.6374233435
0.9094636454
0.9931138485
0.9969224868
0.997655529
0.9978708505
0.9979268664
0.998062281
0.998131557
0.9981950191
0.9982877658
0.9983853769
0.9984789099
0.9986029242
0.9987582483
0.9989047599
0.9990152212
0.9990599399
0.9989811523
0.9987601669
0.9985092549
0.9984172728
0.9984933213
0.9984640114
0.9983624345
0.9982616718
0.9981837839
0.9980834664
0.9978744793
0.9975226472
0.9970625028
0.9966876447
0.9965655944
0.9966851156
0.9971565554
0.9980892774
0.9987558508
0.9989461954
0.9990687213
0.9991396864
0.9991692218
0.9991590961
0.9990683981
0.9986843505
0.997503792
0.9968974557
0.9965417892
0.9962183014
0.9960014117
0.9959057415
0.9958127509
0.9957632865
0.9957531788
0.9957013438
0.9955240132
0.9949683616
0.993261175
0.9905289767
0.986746951
0.9860445188
0.2856527575
0.02406688084
0.02214650281
0.02152109131
0.02156120351
0.02188564169
0.02248558719
0.02294990997
0.02334427325
0.02397805764
0.02457768764
0.02494683357
0.02504725339
0.02494007864
0.02477714539
0.02487948606
0.02598159893
0.03034998386
0.04838399377
0.1264854247
0.5406476375
0.9587043757
0.9713391829
0.9741714811
0.9837857073
0.9873723834
0.9873682263
0.9878923581
0.9888687053
0.9933688885
0.9954046658
0.9952730489
0.9956374186
0.9959559614
0.9961168525
0.9962421388
0.9956835051
0.9902473642
0.04103789518
0.02177632315
0.01907437118
0.01910211478
0.01913011384
0.01913522616
0.01914767762
0.0191573849
0.01917014074
0.01918354579
0.01920095681
0.01922343288
0.01925051616
0.01928148024
0.01931506502
0.01934916838
0.01938216488
0.01941377076
0.01944155793
0.01945679223
0.01944654695
0.01934765002
0.02134151874
0.7517215055
0.9002254322
0.04632992976
0.04298944105
0.2886342154
0.9998651367
0.9967003072
0.9973915267
0.9978590066
0.9981944243
0.9983285189
0.9984789002
0.9984802562
0.9985842297
0.9986994144
0.9987723753
0.9987638405
0.9986217438
0.9982201734
0.9975264533
0.9968101522
0.9964643453
0.9967148989
0.997907563
0.9981521293
0.9979414868
0.9976077356
0.9972661708
0.9970496432
0.9966100754
0.9961232714
0.9958089531
0.9956774683
0.9954270444
0.9955212844
0.9960386609
0.9972202161
0.9979849665
0.9976408926
0.9974267898
0.9973192926
0.9973291879
0.9974971312
0.9976837184
0.9960850885
0.9953368694
0.9949135117
0.9944491339
0.9938346587
0.9933045523
0.9926690628
0.9918687
0.992513144
0.9931432698
0.9937296067
0.9941241678
0.9934820876
0.9922475504
0.9911093853
0.9910069224
0.9907369069
0.9887541166
0.03030086942
0.02128571469
0.01912392813
0.01904842007
0.01901928041
0.01898289483
0.01895200276
0.01894540342
0.01895912252
0.01898215729
0.01900924411
0.01904029191
0.01907475059
0.01911066332
0.01914833923
0.0191904062
0.01924964426
0.01938807674
0.02004638337
0.02082155678
0.02310652139
0.03770014214
0.9234399412
0.9609700286
0.09871674007
0.8365537716
0.9717999331
0.9836541292
0.9883756489
0.9927361548
0.9950379913
0.9956506252
0.9959284105
0.9960484834
0.9961343461
0.996157698
0.9955111638
0.9895302435
0.03524479526
0.02158317662
0.01905928605
0.01909519862
0.0191268502
0.01913554424
0.01915003408
0.01916274499
0.01918036007
0.01920388215
0.01923165078
0.01926199856
0.01929366667
0.01932383118
0.01934958769
0.0193701077
0.01938272422
0.01937859562
0.0193474322
0.01923952688
0.02151336417
0.8553031372
0.9056660498
0.03044120223
0.01896769153
0.01908114785
0.02082655194
0.01701118673
0.1555893155
0.9985088033
0.9986878478
0.9971079177
0.9976546562
0.9979184013
0.9983132621
0.9984611971
0.9984669512
0.9984033667
0.9981619448
0.9975368253
0.9965349944
0.99590291
0.995298331
0.9934576203
0.9959142538
0.9977651732
0.9973931808
0.9967013247
0.9961476526
0.9960388811
0.9959479178
0.9958408385
0.9957367048
0.9934060599
0.9893379046
0.9921720135
0.9888770245
0.9577476609
0.3807928718
0.1916243867
0.1078269258
0.07359627915
0.06738054815
0.08113125742
0.1523559119
0.3246341251
0.9576818973
0.9772017048
0.987756488
0.98712989
0.9917131709
0.989606763
0.98921783
0.9890812788
0.9881124939
0.9889911697
0.9912430774
0.991478036
0.9908985235
0.9904725513
0.9903842697
0.9911789705
0.992809891
0.9901840646
0.988468704
0.0264730509
0.02087274722
0.01899851891
0.01900089444
0.01899170451
0.01898287868
0.01898599896
0.0190037814
0.01902905478
0.01905995923
0.0190948895
0.01912736277
0.0191550596
0.01917380509
0.01918147769
0.01918664997
0.01918460885
0.01916489873
0.02087139897
0.6939977902
0.9819592026
0.8698978222
0.05016371168
0.9721968972
0.9593362239
0.7932875211
0.02636115643
0.03576112406
0.993558081
0.9920201325
0.995594277
0.9958907949
0.9960049518
0.9960744784
0.9961139443
0.9960966873
0.995249516
0.9887686961
0.03103721157
0.0214176154
0.01905619518
0.01909759432
0.01912955837
0.0191381634
0.01915332401
0.01917627357
0.01920336518
0.01923240238
0.01926270682
0.01928981528
0.01930964445
0.01932300546
0.01932801652
0.01931439639
0.01927453143
0.01917008552
0.02183765901
0.9276996465
0.9223115295
0.03028724952
0.0188597544
0.01891638992
0.01892860131
0.01895462924
0.01907326254
0.02037924193
0.022829212
0.0564016627
0.3172271951
0.99439042
0.9976722529
0.9973286411
0.9977397161
0.9977619766
0.9979608947
0.9975162952
0.9965888534
0.9960381403
0.9943190083
0.9894346602
0.9832292711
0.417570398
0.5855157591
0.9999861877
0.9997379637
0.9917859308
0.9899315517
0.99199795
0.9954249342
0.994785559
0.9914870406
0.9900366041
0.9917327475
0.919806135
0.07663104836
0.02515682882
0.02145902901
0.01972924936
0.01946747569
0.01953378921
0.01963442822
0.01994529148
0.02233362498
0.02280251132
0.02534789024
0.02590610169
0.02709157711
0.03136946016
0.1397604925
0.8927077936
0.9007363588
0.9644613518
0.9871820769
0.9890185319
0.9877966022
0.9887180396
0.9894814479
0.9903113684
0.991450314
0.9926648369
0.9930742469
0.9891189837
0.9829697706
0.02652160155
0.02064742321
0.01898092514
0.01899314554
0.01899897245
0.0190144333
0.01903602254
0.01906452505
0.01909926667
0.01913036847
0.01915659301
0.01917095239
0.01916998056
0.01916427607
0.01915709484
0.01922151862
0.02197344724
0.7998730431
0.9750594292
0.06564694345
0.661209443
0.9848722459
0.9653372769
0.02605552574
0.02065091405
0.01911364397
0.0211979049
0.02565183823
0.9944335071
0.9927217076
0.9957554386
0.9959456766
0.9960266293
0.9960732996
0.996090693
0.996058326
0.9948577846
0.9884125408
0.02850657498
0.02132760825
0.01906439373
0.01909925381
0.01912257437
0.01914187529
0.01916747639
0.01919352298
0.01922450227
0.01925076821
0.01926612863
0.01927633889
0.01928143733
0.01926688627
0.01922719554
0.01913335458
0.02234210502
0.9652083617
0.9439419478
0.03025778287
0.01883669136
0.01890037299
0.01892822203
0.01895433544
0.0189880594
0.01902271163
0.01905089226
0.01909172756
0.01935729857
0.02122990616
0.02250764626
0.09128186891
0.7720503041
0.9946799267
0.9963540342
0.9972849073
0.9974633907
0.9966089236
0.9962586555
0.9955453352
0.9914748349
0.9888513138
0.07655077951
0.01855341483
0.02226972095
0.02228593045
0.02285456829
0.02418584692
0.02857855121
0.09668531379
0.9807836038
0.9894901596
0.9928474088
0.9934628385
0.9951688304
0.9930057425
0.995105619
0.1451107635
0.02832780564
0.02237211214
0.02097458421
0.01979847912
0.02348927845
0.4616671676
0.981293916
0.03482192038
0.9564560736
0.2698779483
0.9230870323
0.9255027467
0.8664192696
0.8761331707
0.9207135113
0.3350876218
0.8157469038
0.9815958236
0.9874620613
0.9903727088
0.9912844984
0.9921597499
0.9928751847
0.993147023
0.9928019875
0.988769241
0.9796915528
0.02635670439
0.02054113288
0.01898234305
0.01900827151
0.01903359814
0.01906204684
0.01909837964
0.01912906675
0.01916052338
0.01917691724
0.01917033915
0.01915557341
0.01915368883
0.01944308007
0.02478104027
0.9726379417
0.9535438988
0.148545904
0.9838242429
0.9836367642
0.06890817407
0.02143785207
0.01919607286
0.01905214995
0.01899670783
0.01895667496
0.02097167206
0.02559129244
0.9925290865
0.9934551831
0.9958388663
0.9959738063
0.9960335932
0.9960619339
0.9960668934
0.9960349955
0.9943875352
0.9887067629
0.02900665743
0.02167714397
0.01913944121
0.01907085132
0.01911768414
0.01914508901
0.01917598139
0.01920917125
0.01922251951
0.01923213148
0.01924553675
0.01923597992
0.01920347635
0.01912524429
0.02316205983
0.9768446514
0.9621337537
0.03025184221
0.01883156088
0.01889118765
0.01891968296
0.01894774391
0.01897748145
0.0190085718
0.01903784567
0.01906130937
0.01907588992
0.01908298874
0.01909506903
0.01916522391
0.02003015134
0.02256991482
0.03857768536
0.7289968061
0.9963552421
0.9965774832
0.9968379923
0.996454641
0.9963554791
0.9960560996
0.9949187151
0.98921222
0.0265462573
0.02123097579
0.01912339413
0.01916964445
0.01920304464
0.01937069412
0.02081259699
0.024022655
0.04107589128
0.9597853336
0.9906792053
0.9953638321
0.9955365555
0.995634646
0.9956025673
0.9886656769
0.9833032025
0.1365752718
0.04269791004
0.7591732313
0.07306646559
0.02452762383
0.02440442365
0.0523646225
0.8426631575
0.7916461663
0.7321294182
0.9183799661
0.644145371
0.02554338709
0.0217101511
0.02443804576
0.2157947852
0.9837990957
0.9889365891
0.9920872291
0.9927995091
0.9932191669
0.993329129
0.9931379169
0.9924486903
0.9883889791
0.9773377813
0.02617614685
0.02052802233
0.01901789675
0.01903566907
0.01909331163
0.01912151024
0.01916514068
0.01919246449
0.01918288774
0.01915936408
0.01917367884
0.02011630338
0.02984463818
0.982286304
0.4094246387
0.9748509032
0.9810784105
0.791789602
0.02210479795
0.01926713635
0.01903053609
0.01902337373
0.01899686242
0.01897016109
0.01894984772
0.01894985323
0.02110296544
0.02657630436
0.9896636723
0.9941232522
0.9958921862
0.9959916871
0.9960239646
0.9960324218
0.996037813
0.9960299859
0.9941924764
0.9880464954
0.05750428269
0.02334442631
0.02007071655
0.01910209817
0.01907982999
0.01913685874
0.01919159476
0.01919685175
0.01921622526
0.01922369644
0.01920240631
0.01915295412
0.02465977883
0.9835615359
0.9717435831
0.03025158745
0.01883073428
0.01888689841
0.01891249836
0.01893983904
0.01896798624
0.01899614624
0.01902283587
0.0190457349
0.01906381224
0.01907779382
0.0190901745
0.01910675088
0.01911597491
0.0191135866
0.01911471479
0.01995959012
0.02368591434
0.1112478351
0.9949588809
0.9964899506
0.9966187402
0.9964332277
0.9962937995
0.9960482049
0.9933956805
0.9958337978
0.02502552353
0.02093263051
0.01916429122
0.01930564908
0.01942120264
0.0193752174
0.01938270846
0.02041545261
0.02170706173
0.02483633904
0.1171127055
0.989089936
0.9917788703
0.9936465461
0.9921648624
0.9939696649
0.9928940271
0.9860517045
0.9755527576
0.7448997418
0.8788899352
0.8996856743
0.9476882671
0.9202041546
0.9443925802
0.9058203511
0.02420235377
0.02214115931
0.02038519697
0.01928925845
0.01966637186
0.02220348147
0.02623302555
0.9865398509
0.9893978142
0.9929478862
0.9936112744
0.9936213513
0.9933419272
0.9928861106
0.9920291291
0.98821687
0.9761444203
0.02616593885
0.02093985923
0.01922092209
0.01908315565
0.019134478
0.01920443825
0.01920739399
0.0191665548
0.01926429477
0.02087568843
0.3235187216
0.9814066456
0.9744143077
0.9787573173
0.9663965673
0.02502551561
0.01971259924
0.01899068712
0.01901602261
0.01900921686
0.01899519692
0.01897961963
0.018965756
0.01895644181
0.01895120548
0.01895889718
0.02127439844
0.02864582102
0.9885584551
0.9946674674
0.9959358437
0.9959847233
0.9959657272
0.9959454656
0.9959071499
0.9959104382
0.9948407
0.9879606219
0.919681138
0.02737122412
0.02208413031
0.02029154148
0.01930281604
0.01918277941
0.01916634126
0.0191771442
0.01935422973
0.01920934019
0.02748500348
0.9868782313
0.977582266
0.0302524649
0.01883104205
0.01888506651
0.01890771552
0.01893312392
0.01895961581
0.01898601118
0.01901116559
0.01903371983
0.01905294702
0.01906887759
0.01908248812
0.01909631539
0.01910722167
0.01911179127
0.01910677337
0.01910636563
0.01912535167
0.0191757851
0.02264977405
0.1099919807
0.9956577699
0.9965658272
0.9965470686
0.9965074497
0.9963254356
0.9958375429
0.9914935392
0.9897643915
0.0255656685
0.02080256338
0.01929959084
0.01943952929
0.01949888209
0.01955103425
0.0194529583
0.01933948498
0.01942457623
0.02055847121
0.02343652006
0.03190440167
0.9097204187
0.9861891848
0.9874344523
0.9872245936
0.9771869649
0.9814594081
0.9782861529
0.9709286151
0.9559343987
0.8814128035
0.9225633671
0.1197794338
0.02212781657
0.01964159
0.01927283615
0.01916241398
0.01903699993
0.01904236714
0.01933941154
0.02199076094
0.02640050714
0.9876733051
0.9897984821
0.9939291847
0.9939844447
0.9936423843
0.993061379
0.9922963295
0.9914633786
0.988118786
0.9814598922
0.03815947975
0.02311240379
0.02022330892
0.01931638587
0.01929026139
0.01920460969
0.01949083936
0.02313194767
0.8590908835
0.9836436546
0.9737891841
0.972360144
0.02989189305
0.02070666556
0.01904167514
0.01900418743
0.01901079427
0.01900493801
0.01899462279
0.01898407977
0.01897393185
0.01896609579
0.01896200734
0.01896038367
0.0189588422
0.01896941087
0.02145078059
0.03207129441
0.9888665865
0.9951716328
0.9959378766
0.9958780999
0.9955365961
0.9948939835
0.9943175144
0.9934324993
0.9894045838
0.9882827617
0.9830385901
0.9470357255
0.04964962037
0.02538720201
0.02192772247
0.02081960279
0.02105687272
0.02080127106
0.02912566779
0.9907806636
0.98323323
0.03025336538
0.01883161175
0.01888442276
0.0189047114
0.01892808628
0.01895286454
0.01897786249
0.0190020368
0.01902440575
0.01904437256
0.01906174547
0.01907687094
0.019090616
0.01910151845
0.01910778468
0.01910833151
0.01911137661
0.01912398426
0.01912375645
0.01909363168
0.01912932499
0.02388301385
0.6546358738
0.9955261359
0.9968095058
0.9966980273
0.9964639266
0.9958872028
0.994512715
0.989774339
0.9809958335
0.02596839398
0.02090571954
0.01936667252
0.01952633399
0.01957859998
0.01948604708
0.01946259149
0.01936626142
0.01925863701
0.01930202542
0.02044499964
0.0229741166
0.04804464279
0.9189202046
0.9654204409
0.9782877074
0.9864435715
0.9885803847
0.9845323879
0.9513861281
0.6915584828
0.02473761869
0.02067034439
0.01939206313
0.01923899334
0.01913583074
0.01909746078
0.01907640786
0.01904644262
0.01905461406
0.01938436634
0.02278023631
0.02622661538
0.9889422622
0.9904542901
0.9941003392
0.9939005082
0.9928278119
0.9914929363
0.9906400417
0.9906514479
0.9897415644
0.9862042475
0.8519709625
0.02571852584
0.02189560829
0.01987923103
0.02065861521
0.0318934368
0.9776456394
0.9841211243
0.9753905174
0.7142160772
0.02271399342
0.01922744421
0.01897992911
0.01900716239
0.01900831998
0.0190021641
0.0189946529
0.01898680205
0.01897913763
0.01897263186
0.01896820376
0.01896595013
0.01896598303
0.01896664449
0.01896610225
0.0189820718
0.02170285641
0.04211632586
0.9896296644
0.9954962744
0.9956725003
0.994489276
0.9928459201
0.9900550263
0.9867618814
0.9849191477
0.9859918657
0.9881067824
0.9913329603
0.987736919
0.9681116082
0.7106940576
0.7714234192
0.03946263924
0.751144138
0.9902452922
0.9849296929
0.03025407888
0.0188321839
0.01888433093
0.01890284978
0.01892447961
0.01894772436
0.01897154959
0.01899502224
0.01901732402
0.01903789514
0.01905642756
0.01907290646
0.0190874956
0.01909940711
0.01910789683
0.01911310089
0.01911918078
0.01912801905
0.01912814265
0.01911108041
0.01908761663
0.01906271475
0.01971787496
0.02544037689
0.988148718
0.9949095602
0.9967775603
0.9965449992
0.995582585
0.9943476714
0.9932943458
0.9892492914
0.9805031161
0.02631302347
0.02133081413
0.01944838938
0.01951382509
0.01953659497
0.01941937291
0.01930966854
0.01937345174
0.0198343258
0.02188435806
0.02546864531
0.6954243134
0.9144403225
0.9765797683
0.986639491
0.9927075856
0.9885014296
0.9557140872
0.02481918003
0.02087028593
0.01937308491
0.01915038577
0.01912496253
0.01912214815
0.01912074286
0.01911500356
0.01909635935
0.01907735718
0.01904741086
0.01919236852
0.01981105789
0.02349482352
0.02655862401
0.9909659988
0.9909295271
0.9941251941
0.9920225182
0.9892469951
0.9877148369
0.9881530066
0.9892080891
0.9868005015
0.9866976016
0.9669270005
0.02577176154
0.02568996252
0.8579300473
0.9837901909
0.9846573759
0.9549800986
0.02549083104
0.02001535783
0.01900784589
0.0189944917
0.01900246626
0.01900514379
0.01900108778
0.01899537701
0.01898927294
0.01898314563
0.01897763339
0.0189732967
0.01897034489
0.01896886293
0.01896840818
0.01896893836
0.01896869873
0.01896699674
0.01900806449
0.02255961018
0.2963994166
0.9895514287
0.9928406795
0.9928078072
0.9896359643
0.9858439327
0.9803782974
0.9624015134
0.9666232845
0.9853018699
0.9884765753
0.9847686754
0.9748921335
0.9384067316
0.9304412159
0.9712149437
0.9885338173
0.9838981824
0.03025460097
0.01883267237
0.01888446103
0.01890168261
0.01892193812
0.01894393786
0.01896682152
0.01898977434
0.0190120718
0.01903315796
0.0190526425
0.01907030577
0.01908601602
0.01909929534
0.01910983817
0.01911795667
0.01912541902
0.01913185962
0.0191308739
0.01911872712
0.01910077543
0.01908086637
0.01906341351
0.01903281441
0.02052161502
0.02896922439
0.9881679661
0.9966198485
0.9966115835
0.9949828065
0.9936537521
0.9925125317
0.9922636835
0.9897136896
0.9878991734
0.03083193261
0.02178836166
0.01945293097
0.01946262411
0.01931624053
0.0194003242
0.0201373863
0.02303662652
0.1543559726
0.9341039215
0.9653028899
0.9767083887
0.9848852424
0.9885773794
0.9878301772
0.9854182834
0.02686309785
0.01939628882
0.01907138995
0.01915263002
0.01918541704
0.01917263072
0.01916935009
0.01915064035
0.01912638432
0.01910552838
0.01908950818
0.01908586167
0.01910022591
0.01968696832
0.02136833567
0.02154040867
0.02756999848
0.9894067804
0.9928609855
0.9906607674
0.985507538
0.984356427
0.9844836437
0.9844043103
0.9848797391
0.9853338413
0.9774943301
0.9601952089
0.9755074025
0.9851308091
0.9843166269
0.5175088507
0.02168741932
0.0191477973
0.01900217618
0.01900788907
0.01900864143
0.01900626082
0.01900249763
0.0189975541
0.01899225132
0.0189869465
0.01898202803
0.01897783205
0.01897452144
0.01897215256
0.01897049566
0.01896936584
0.01896826592
0.01896760548
0.01896670178
0.0189586286
0.01937470536
0.02478291495
0.9707861447
0.9908687203
0.9918270196
0.9883245357
0.9853967084
0.9802076359
0.9701867181
0.09110638253
0.2800554111
0.9756139881
0.9736832157
0.9502306318
0.9180192582
0.9746378161
0.9860950424
0.9801748155
0.0302549537
0.01883304013
0.01888462775
0.01890091151
0.01892014073
0.01894119885
0.01896337542
0.01898595963
0.01900829074
0.0190298106
0.01905007054
0.01906873101
0.01908552032
0.0191000729
0.01911218396
0.01912198043
0.01912997023
0.01913518756
0.01913415268
0.01912550398
0.01911231279
0.01909721261
0.01908286923
0.01906430145
0.01903178034
0.01901616687
0.02185506917
0.122278616
0.9902040251
0.993157513
0.9927689533
0.9904449252
0.9898651525
0.9908439114
0.9925550909
0.9913634343
0.9867411277
0.03491858275
0.02154441557
0.01934778666
0.01958964747
0.02110958616
0.02474293164
0.7229904516
0.9775588236
0.9798504796
0.9848600765
0.9857296931
0.9850500072
0.2247614908
0.9833014345
0.9848399524
0.0229769421
0.01898575623
0.01911365799
0.01916276693
0.01914917296
0.01915220952
0.0191458642
0.01912889152
0.0191116665
0.01909868746
0.01909322675
0.01909324988
0.01911229652
0.0198250997
0.0213261959
0.01955967634
0.02165538238
0.08262363937
0.987249447
0.9843500479
0.9812169908
0.981710413
0.9822454933
0.9827035296
0.9833997935
0.9832958748
0.9796425996
0.9825443858
0.9856868315
0.9682773986
0.02524079455
0.02004574384
0.01902481016
0.01902381226
0.01901600583
0.0190142991
0.01901029393
0.01900558476
0.01900073433
0.01899577624
0.01899090122
0.01898635136
0.01898232839
0.01897894892
0.01897627192
0.01897422967
0.01897279663
0.0189719108
0.01897195428
0.01897312276
0.0189731995
0.01897035784
0.01896225429
0.02038252481
0.03157520167
0.9862382958
0.9883761116
0.9877986491
0.9852635805
0.9854029418
0.9849458383
0.9781878481
0.06827105561
0.09348786203
0.9468532086
0.9625187901
0.9774021036
0.9845298552
0.9693857749
0.0302551478
0.0188332627
0.01888471461
0.01890033483
0.01891883727
0.01893923341
0.01896092368
0.01898327533
0.01900567035
0.01902754837
0.01904842149
0.01906787511
0.01908555411
0.01910110026
0.01911426536
0.01912495082
0.01913306862
0.01913768019
0.01913695617
0.01913057249
0.01912034073
0.01910783072
0.01909386808
0.01907588329
0.01905206154
0.01903454771
0.01901488466
0.01924521355
0.02441969189
0.965027433
0.9893569746
0.9892780167
0.9860339644
0.9862771404
0.9876712735
0.9899444987
0.9921125311
0.990590355
0.9828919465
0.02589494974
0.0215437692
0.02468670063
0.360542001
0.979124058
0.9849946075
0.9882774036
0.987647852
0.9838719059
0.03917644702
0.02326225858
0.02547219148
0.9889829938
0.9797322425
0.02080581212
0.01906715541
0.01915920526
0.01914717523
0.01914010829
0.01913603518
0.01912499214
0.01911092497
0.01910033633
0.01909593446
0.01909736971
0.01910670615
0.01910553331
0.01972936439
0.02098696167
0.01989084211
0.019634008
0.02619351793
0.9751556408
0.9799312575
0.9828373751
0.9851035804
0.9873515066
0.9892165645
0.989572541
0.986571755
0.9856574476
0.9853319625
0.6806785762
0.02174081361
0.01921062238
0.01905380515
0.01904447573
0.01903037263
0.01902248059
0.01901631665
0.01901048112
0.01900505863
0.01899999205
0.01899524488
0.01899090269
0.01898706572
0.01898380142
0.01898116594
0.01897916762
0.01897788419
0.01897741478
0.0189780238
0.01897973444
0.01898132943
0.01898216265
0.01898191286
0.01897626187
0.01906094383
0.02312227003
0.9450227448
0.9856651775
0.9843272418
0.9801080286
0.9827591825
0.9852183456
0.984854044
0.9769603685
0.9654960908
0.9715915368
0.9787726389
0.9807358176
0.888560439
0.03025518084
0.01883331809
0.0188846398
0.01889981282
0.01891784298
0.01893782522
0.01895922985
0.01898147233
0.01900395796
0.01902612372
0.01904745804
0.01906749722
0.01908582764
0.0191020513
0.01911583287
0.01912690462
0.01913493153
0.01913917177
0.0191387086
0.0191336721
0.01912513641
0.01911407049
0.01910060861
0.01908399117
0.01906495585
0.01905077391
0.01904289352
0.01903757364
0.01902618863
0.02043175884
0.02969101017
0.9830344487
0.9818543006
0.9792439768
0.9816760611
0.9846368657
0.9855611255
0.9861842362
0.9873340816
0.9859050898
0.8848038857
0.1592888842
0.9806255075
0.9849073945
0.9903190356
0.9901561626
0.985838422
0.03200093807
0.02186112264
0.01941607264
0.01937142727
0.03272039555
0.9948495788
0.9739060242
0.02094813217
0.01921536783
0.01919218388
0.01915877888
0.01913899869
0.01912224911
0.01910736448
0.01909584165
0.01909132383
0.01909233439
0.01909851409
0.01909909045
0.01914024442
0.01952825818
0.02109905806
0.0202239178
0.02212583733
0.0347225674
0.9760103318
0.9847129435
0.9879735935
0.9916637234
0.9950437629
0.9958827041
0.9939708334
0.9880797232
0.9688705145
0.02538476108
0.02009181353
0.01909023908
0.01909169062
0.01906570924
0.01904536144
0.01903276466
0.01902357742
0.01901631374
0.01901014963
0.01900474877
0.01899995726
0.01899573495
0.01899209881
0.01898905887
0.01898664832
0.01898486737
0.01898382601
0.01898365727
0.01898454539
0.01898651812
0.01898882671
0.0189915136
0.01899414282
0.01899755585
0.01900832845
0.01900039741
0.02068368197
0.4823361797
0.98388997
0.981123211
0.980886748
0.9845924558
0.9876193017
0.9879882157
0.9853665274
0.9768619017
0.9744882433
0.9709173095
0.3179998972
0.0302550423
0.01883318468
0.01888434142
0.01889924861
0.01891702958
0.01893682117
0.0189581233
0.01898036879
0.0190029661
0.01902534896
0.0190469981
0.01906742072
0.01908616551
0.01910277994
0.01911683767
0.01912796304
0.01913573517
0.01913961151
0.01913919129
0.01913486309
0.019127249
0.0191171247
0.01910426134
0.01908908536
0.01907302291
0.01906076443
0.01905509064
0.01905617456
0.01906827815
0.01907677413
0.01946517294
0.02502342025
0.9351702965
0.9722814336
0.9731438838
0.9750650494
0.9767052446
0.9783503586
0.9802277419
0.9841815965
0.987237129
0.9860415494
0.9860065739
0.9892555025
0.9914427238
0.9881006791
0.04234899285
0.02174585871
0.01923006437
0.01925747084
0.01927955422
0.01947834059
0.1109776328
0.9944324468
0.7900390347
0.02075918532
0.01926848968
0.01918896067
0.01914626455
0.01911932293
0.01909924906
0.01908698368
0.01908145048
0.01908429491
0.01909181132
0.01909305185
0.01910579267
0.01913558037
0.01953970548
0.02174635939
0.02634698285
0.9617878787
0.9740544268
0.9839366964
0.9868240877
0.9917394801
0.9957984041
0.9961602384
0.9959103636
0.9902166459
0.03115894674
0.02115651758
0.01922151178
0.01914110851
0.01910678789
0.01907697801
0.01905503527
0.01904069847
0.01903021637
0.01902205827
0.01901537843
0.01900971055
0.01900485897
0.01900074408
0.01899734486
0.01899461076
0.01899253962
0.01899104665
0.01899023271
0.01899021082
0.01899120847
0.01899352373
0.01899652728
0.01900100289
0.01900612689
0.01901645041
0.01903907161
0.0190612126
0.01906933667
0.02015211007
0.03983074086
0.9774164124
0.9841196385
0.9872937736
0.990854477
0.9930425975
0.991784221
0.9869107801
0.9781391143
0.9211207482
0.2010484484
0.03025471841
0.0188328415
0.01888377175
0.01889857887
0.01891631931
0.01893613165
0.01895750488
0.01897985696
0.01900257666
0.01902509509
0.0190469074
0.01906751322
0.01908645377
0.01910322196
0.01911730402
0.0191282546
0.01913561307
0.01913898626
0.01913831058
0.01913424721
0.0191270296
0.01911759845
0.01910513883
0.01909108076
0.01907639381
0.01906465673
0.01905984848
0.01905941542
0.01907482919
0.01910743175
0.01937694111
0.02124515165
0.02583860197
0.9071297601
0.9649919942
0.972677145
0.975584061
0.979709668
0.9844423371
0.9877577276
0.9903625179
0.9903764226
0.9905701539
0.9896738085
0.989112861
0.3578601571
0.02318154617
0.01923621985
0.01918046169
0.01919605316
0.01916943097
0.01912090743
0.02023226946
0.9162375205
0.9954581661
0.1530580767
0.01945633834
0.01919165517
0.01913461066
0.01910456432
0.01908309497
0.01907004888
0.01906524979
0.01906828673
0.01907580039
0.01906713197
0.01906980717
0.0192945375
0.02131886458
0.02641665919
0.9540804233
0.9751731258
0.9728444124
0.9743400767
0.9820910569
0.9868087466
0.992702106
0.9957270186
0.9955247628
0.9921086573
0.04760040374
0.01943715619
0.01910784135
0.0191284819
0.01909776634
0.01907365023
0.01905685593
0.01904457935
0.01903492858
0.01902698116
0.01902026388
0.01901453399
0.01900970471
0.01900573757
0.01900263773
0.01900029563
0.01899867845
0.01899751933
0.01899690988
0.0189968342
0.01899759019
0.01900010907
0.01900358794
0.01900921747
0.01901252795
0.01902188852
0.01904356919
0.01905627774
0.01907196032
0.02080565282
0.02644288143
0.965219491
0.9834698157
0.9876656788
0.9910407946
0.9932833764
0.9930927157
0.9896004197
0.9845745038
0.6307102591
0.5066418992
0.03025419514
0.01883226843
0.01888289523
0.01889777018
0.01891568232
0.01893573075
0.01895735
0.01897990813
0.01900274439
0.01902529085
0.0190470909
0.01906766186
0.01908659128
0.01910332217
0.01911725004
0.01912787602
0.01913466551
0.01913727768
0.0191359509
0.01913184682
0.0191245697
0.01911564008
0.01910289913
0.01908935342
0.01907445284
0.01906063899
0.01905371081
0.01904287043
0.01905009924
0.01924568075
0.02074661009
0.02546714726
0.7601259145
0.9009223156
0.9595879197
0.972687651
0.977256479
0.984306632
0.9876705614
0.9929443376
0.9959241872
0.9954515921
0.9927165701
0.9882249126
0.9347605956
0.02534285501
0.01977087584
0.01917800729
0.01916591328
0.01914429847
0.01910023684
0.01903658995
0.01893841665
0.02007305331
0.9524629416
0.9952605163
0.03447021674
0.01912832781
0.01908547355
0.01907242832
0.01905627399
0.01904679169
0.01903942143
0.01904058476
0.01903999543
0.01901997793
0.01965853922
0.02222075964
0.02980151221
0.9763595561
0.9819958929
0.9815092413
0.9744226635
0.9743451309
0.9765467697
0.9805189866
0.9864700561
0.9883295572
0.9906619069
0.9917725315
0.9911030828
0.02245339876
0.01906724187
0.01907519998
0.01907353772
0.01906294865
0.01905335745
0.01904518162
0.01903770661
0.01903080046
0.01902450675
0.01901893697
0.01901424075
0.01901048249
0.01900776305
0.01900591151
0.01900492014
0.01900415562
0.01900377638
0.0190035224
0.01900353961
0.019005659
0.01900900677
0.01901712374
0.01901543372
0.01901527609
0.01902871996
0.01902258847
0.02055855025
0.02551399642
0.9391306907
0.9736699591
0.977702311
0.9846424251
0.9874001396
0.989356789
0.9898131169
0.9877218549
0.9844711328
0.9658480343
0.4926858507
0.03025345913
0.01883144614
0.01888168823
0.01889681917
0.01891513704
0.01893565784
0.01895771186
0.018980578
0.01900350214
0.01902592578
0.01904749168
0.01906775524
0.01908644886
0.01910297369
0.01911662875
0.01912685616
0.01913296105
0.01913449316
0.01913196204
0.01912757851
0.01911984605
0.01911140744
0.01909686857
0.01908331425
0.0190662819
0.01904884828
0.01904170521
0.01902957977
0.01927375985
0.02107726466
0.02580698047
0.8232483318
0.9429558859
0.9402675813
0.9476253905
0.9720234012
0.9780211591
0.9847902774
0.9889860639
0.9948911307
0.9964582489
0.9964088842
0.9936915151
0.988092735
0.02465004794
0.02039666037
0.01919159779
0.01916235457
0.01913968885
0.01911027473
0.01906999203
0.01901570706
0.01894405076
0.01887628428
0.02067579938
0.980672189
0.9893724671
0.02437457913
0.01901037015
0.01903594434
0.01902749766
0.01902176048
0.01901004078
0.01900484999
0.0190631025
0.02010124133
0.02428596546
0.3911896228
0.9864208606
0.9872160744
0.9864874869
0.9833488521
0.980564826
0.9821678135
0.9822972984
0.9837297046
0.9798304112
0.9638978498
0.9861696251
0.9910728915
0.990966743
0.03288730657
0.01912535125
0.01902943658
0.0190451314
0.01904782176
0.01904641759
0.01904325626
0.01903877138
0.019033455
0.01902792275
0.01902269707
0.01901824106
0.01901475179
0.01901250657
0.0190112186
0.01901111273
0.01901087866
0.01901084532
0.01901035724
0.01900965855
0.01901087678
0.01901136952
0.0190243749
0.01902019463
0.01901922005
0.01907463317
0.02111705709
0.02621669756
0.9603731987
0.9783760167
0.9766199599
0.9703227279
0.9770761832
0.9817406219
0.9834850978
0.984143567
0.983376841
0.9818536152
0.9769661743
0.596554984
0.03025249639
0.01883035562
0.01888014081
0.01889575645
0.01891475333
0.01893602119
0.01895872511
0.01898201263
0.01900496659
0.01902705874
0.01904810637
0.01906768726
0.01908585048
0.01910195432
0.01911525224
0.01912510994
0.01913045301
0.01913059956
0.01912628997
0.01912120536
0.01911202629
0.01910495042
0.01908437621
0.01906773635
0.01904381167
0.01901924036
0.01908129544
0.02008567706
0.02277385347
0.03918632086
0.9705834967
0.9756065473
0.9743107558
0.9636047699
0.9663031864
0.9744181659
0.9784733097
0.982807051
0.986601017
0.9918799424
0.9961998484
0.9963611378
0.9926154632
0.06861545281
0.02132943302
0.01919363265
0.01920112851
0.01916705983
0.01913153394
0.01909572984
0.01906007575
0.01901841747
0.01897225525
0.01893601521
0.01893498527
0.02241356248
0.9858013851
0.98369318
0.02146604612
0.01901260322
0.01901708
0.01900815626
0.01898640776
0.01925172777
0.02146703133
0.02636285882
0.9174921974
0.9870038032
0.9903378312
0.9908157237
0.9882900466
0.9877261641
0.9851329058
0.9854542342
0.983412483
0.9341129251
0.321575463
0.02556255504
0.08644194988
0.9912897329
0.99518741
0.9882870025
0.02181182735
0.01897971146
0.01901298999
0.01902812658
0.01903634142
0.01903938926
0.01903853102
0.01903511232
0.01903050164
0.01902570741
0.01902156088
0.01901836255
0.01901671992
0.0190159877
0.01901699351
0.01901736561
0.01901814368
0.01901678844
0.01901462228
0.01901656929
0.01900596395
0.01901439581
0.01899586386
0.01980617169
0.02294436255
0.04592420259
0.9818876913
0.9847779252
0.9843660445
0.9754941675
0.9690955052
0.9719618834
0.9730921026
0.967545004
0.9685797523
0.974497529
0.9792764227
0.9838401743
0.9298220448
0.03025128736
0.01882897808
0.0188782627
0.01889465705
0.0189146589
0.01893700356
0.01896060962
0.01898445389
0.01900733833
0.01902882638
0.01904902389
0.01906740096
0.01908462416
0.01909990162
0.01911265895
0.01912236337
0.01912702506
0.0191252177
0.01911907719
0.01911387918
0.01909940378
0.01909555802
0.01906582417
0.01904139031
0.01901694536
0.01988835841
0.02189590936
0.02760509484
0.8508197807
0.9833342459
0.9855112205
0.982622073
0.9772350267
0.9750083274
0.9750548376
0.9773558379
0.9803273953
0.9812014326
0.9828894816
0.9854996869
0.9895924634
0.9908058632
0.9897693329
0.956070855
0.02084825979
0.01917483386
0.01918502132
0.01915707923
0.01911957018
0.0190864815
0.01905510547
0.01902519152
0.01899738784
0.01898041232
0.01900044739
0.01906339594
0.02644197651
0.9889322448
0.978082301
0.02117749695
0.01907034686
0.01908402068
0.01999621808
0.0240261715
0.09368757676
0.9906569336
0.9885724467
0.991810202
0.992697138
0.9922666989
0.9898701059
0.9887747147
0.9847467321
0.929718341
0.1058295731
0.0260180318
0.02132815286
0.02007197497
0.02132092488
0.9874732403
0.9956274799
0.9948755296
0.04318050141
0.01909568968
0.01899010954
0.0190118428
0.0190274953
0.01903597428
0.01903826564
0.01903635652
0.019032444
0.01902799538
0.01902420832
0.01902122505
0.01902034378
0.0190201614
0.01902253915
0.01902261344
0.019025268
0.01902339792
0.01901529835
0.01901846702
0.01900472175
0.019116504
0.0210339247
0.02597450135
0.8129856269
0.987188559
0.9903011611
0.9886786174
0.984365836
0.9772666822
0.9725539149
0.9710601251
0.9671828464
0.931098118
0.933116605
0.9284963259
0.9751414221
0.9859792558
0.9731468665
0.03024979582
0.01882729627
0.01887609909
0.01889366381
0.01891504964
0.01893886964
0.01896367186
0.01898824458
0.01901088552
0.01903142744
0.01905048212
0.01906697482
0.01908275235
0.01909643368
0.01910796398
0.01911762074
0.01912232408
0.01911756686
0.01910795182
0.01910763537
0.01908313104
0.01907605988
0.01904045248
0.01976505521
0.02168142688
0.02695917979
0.6889159846
0.9883926265
0.9884601103
0.9890636401
0.9880186859
0.9841191279
0.9825594712
0.9825678626
0.9831360968
0.9839121134
0.9846455669
0.9846591386
0.984960419
0.9840644497
0.9866615747
0.9805740593
0.9865777015
0.9889858569
0.02456557372
0.01912527667
0.01915334707
0.01913278992
0.01910497513
0.01907322522
0.01904579596
0.01902158825
0.01900247658
0.01899764427
0.01901933479
0.01907317411
0.02004453665
0.2891114511
0.9893004833
0.9330856845
0.02203673459
0.02195037201
0.02600755699
0.8914443114
0.9880501185
0.9930559549
0.9943930128
0.994580102
0.993997551
0.9924678918
0.9879455625
0.9589770923
0.03978034959
0.02492825448
0.02081484827
0.01962333555
0.01928542494
0.01915909422
0.01910804624
0.02596300839
0.9942999412
0.9962424514
0.9903996959
0.02244777966
0.01897260642
0.01900213863
0.01902297836
0.01903495802
0.01903899726
0.019037609
0.01903388
0.01902954073
0.01902628665
0.01902347001
0.01902329206
0.01902313429
0.01902786444
0.01902388565
0.01902405226
0.01901867615
0.01899981795
0.01901191001
0.02015686798
0.02502133856
0.0920638943
0.9906319485
0.9897319728
0.99271146
0.9921834283
0.9886266315
0.9862185571
0.9840250521
0.9838411896
0.9805242787
0.9742343049
0.9502194035
0.9683378009
0.847743608
0.9524878416
0.986792338
0.9778999388
0.03024794963
0.01882529798
0.0188737648
0.01889303896
0.01891620683
0.01894197295
0.01896829659
0.01899383591
0.01901590837
0.01903505079
0.01905288923
0.01906678012
0.0190806735
0.01909144326
0.01910029558
0.01910847856
0.01911357695
0.01910637477
0.01908825043
0.01908968511
0.01907948452
0.01992105232
0.02178894
0.02787618646
0.5089479059
0.9889712484
0.9921314829
0.994045611
0.9931422234
0.9911496075
0.9892255046
0.9868950927
0.9864192334
0.9870018825
0.9876009848
0.988929214
0.9881436536
0.9873678714
0.9879521756
0.9876630355
0.9632314537
0.1858175159
0.9781523101
0.9904125527
0.04986522811
0.01925346805
0.01909467928
0.01910026803
0.01908435972
0.01905854075
0.0190312086
0.01901049546
0.01899204894
0.01898977647
0.01900281468
0.0190278192
0.01908409257
0.0224993991
0.5784959959
0.9813737604
0.9029098918
0.2893906358
0.9900863512
0.9885458516
0.9926467121
0.9946732463
0.9946957973
0.993137977
0.989563403
0.990372075
0.1724235691
0.02531784242
0.02060290415
0.01935328478
0.01920951469
0.01913206279
0.01916949719
0.01917316717
0.01910358512
0.01952901576
0.4603831196
0.9962424778
0.9959808359
0.2814801516
0.01934797532
0.01900196822
0.01902537701
0.01903777063
0.01904136875
0.01903898455
0.01903482421
0.01903033558
0.01902778743
0.01902543186
0.01902660369
0.01902296191
0.01903135726
0.01901959663
0.01900893934
0.01898796799
0.01986933036
0.0227666585
0.03356523931
0.9743003071
0.9914491391
0.9953444493
0.9953074025
0.9953360538
0.9938065266
0.9925383657
0.9899694711
0.9880265925
0.9890834961
0.9889160147
0.9772157478
0.9250128414
0.9334750781
0.05643549839
0.9039121709
0.9852817565
0.9794755935
0.03024563579
0.01882298641
0.01887150299
0.01889326755
0.01891854229
0.01894676142
0.01897488767
0.01900180512
0.01902267992
0.01903975452
0.01905667646
0.0190673539
0.01907998599
0.0190847432
0.01908820256
0.01909133231
0.01908701998
0.01907040202
0.0190760166
0.02016211534
0.02223411822
0.04040274437
0.6354451143
0.9886741447
0.9960073893
0.9965980526
0.9961591477
0.995669657
0.9936501379
0.9919430866
0.9910204356
0.9902296527
0.9903390612
0.9895408758
0.9892058856
0.9903879149
0.9889537278
0.9741651108
0.8935878414
0.07425676402
0.02302911287
0.02558217725
0.9678794782
0.9879331491
0.9477775425
0.0205342482
0.0190362374
0.01906487873
0.01906701452
0.01904651698
0.01901972465
0.01900263112
0.01898535904
0.01897891163
0.01898446547
0.01916371874
0.02068052286
0.02458406482
0.562259811
0.9873947257
0.9880073302
0.9884633286
0.9917758807
0.9935954501
0.9952276582
0.9950104787
0.9934483302
0.9881937395
0.8619299112
0.02591499013
0.02134807332
0.01946832859
0.01913362726
0.01911507671
0.01915950135
0.01917808766
0.01917594258
0.01916135521
0.01909490368
0.01903126807
0.02345555789
0.9928491333
0.9963631616
0.991992172
0.02450427397
0.01898766351
0.01902715594
0.0190419258
0.01904460075
0.0190400805
0.01903502905
0.01903056926
0.0190293822
0.01902625817
0.01903341542
0.01902253556
0.01902770252
0.01900364077
0.01974592632
0.0218621388
0.02609099226
0.923571926
0.9885983669
0.9943454464
0.9955274131
0.9960691456
0.9958956789
0.9960588164
0.994842746
0.9943779272
0.9916611696
0.9738882433
0.8750028152
0.08959785016
0.02825449374
0.02414557613
0.0227793674
0.02331290483
0.6942259782
0.9849388948
0.9761674122
0.03024280556
0.01882042283
0.01886978674
0.01889521297
0.0189227307
0.01895390999
0.01898361225
0.01901275374
0.01903144349
0.01904524412
0.01906196377
0.01906769592
0.0190828208
0.01907818828
0.01906331811
0.01906242021
0.01911930717
0.02031419453
0.02364821413
0.04953927005
0.9715454619
0.9896775721
0.9965436146
0.9965426295
0.9966055209
0.9965048725
0.9958681896
0.9952890797
0.9940144254
0.9933467559
0.9912897942
0.9904196176
0.9903740838
0.986862275
0.965972472
0.8496485211
0.0596038369
0.02676730333
0.02180280309
0.0206835611
0.01991441867
0.02043726844
0.2856261144
0.9894735272
0.9829816076
0.02306884569
0.01904631356
0.01905223813
0.01906072234
0.01904396513
0.01901282185
0.01899599731
0.01898443202
0.01915050235
0.02038491618
0.02415395395
0.04792559896
0.9666055868
0.9916527034
0.9902090152
0.9931815699
0.9950536351
0.9956191056
0.995557461
0.9952105344
0.9914604547
0.9899446553
0.04929239614
0.02346406078
0.01993795048
0.01910161009
0.01910915807
0.01915279509
0.01917194587
0.01918812084
0.01919764599
0.01918298019
0.01915600595
0.01910011562
0.01904206921
0.01905036321
0.06054897851
0.9958915577
0.9957308192
0.9682838895
0.02012563836
0.01902682325
0.01904903306
0.01904995611
0.01904166351
0.01903475019
0.01902902643
0.01903183379
0.01902309354
0.01902989794
0.01901421115
0.01921967688
0.02114196169
0.02582201648
0.6940887037
0.9884007237
0.9927408054
0.9952800761
0.9960833978
0.9961253667
0.9962046955
0.9959321153
0.9955969441
0.9900837696
0.9759731493
0.08262113792
0.02650999343
0.02100721137
0.02025614084
0.0195989469
0.01949630481
0.0194734701
0.01936690278
0.03302686664
0.9876519212
0.9734821423
0.03023982865
0.01881786997
0.01886953273
0.01890031236
0.018929792
0.01896519189
0.01899424641
0.01902585599
0.01904126004
0.01905082178
0.01906567999
0.01905761984
0.01908318521
0.01913197557
0.02012900967
0.0212957471
0.02448547349
0.1066927907
0.9959304578
0.9913765707
0.9965952284
0.9966775333
0.9966011834
0.9964778281
0.9963337658
0.995965126
0.9955702064
0.9943457831
0.9921651183
0.9914478402
0.9883861728
0.9668576899
0.7493105606
0.03721551647
0.02494149444
0.02109900541
0.02029212742
0.01952307043
0.01944232855
0.01940612293
0.01936986018
0.01956263134
0.02549232294
0.9857163924
0.9862227466
0.04917059902
0.01950380646
0.01906672554
0.01905750119
0.01903600183
0.01904383383
0.01978947454
0.02083638755
0.02575221034
0.07596892059
0.9742973484
0.9883163905
0.9915515606
0.9915216685
0.9944957568
0.995782855
0.9960653986
0.9959675844
0.9949731897
0.9900200251
0.7801979877
0.02584077777
0.02091614447
0.01916734673
0.01914633765
0.01916983238
0.01917209627
0.0191854972
0.01919985732
0.01920800414
0.01920775903
0.01919159558
0.01916069097
0.01911375392
0.01906250136
0.01901980779
0.02199838035
0.989355619
0.9961469048
0.9914636788
0.02668674889
0.0190293611
0.01906535061
0.0190612013
0.0190443194
0.01903483008
0.01902081262
0.0190203826
0.01900155987
0.019064947
0.02042013101
0.0258291926
0.166969913
0.9883897837
0.9929691533
0.9955591999
0.9960567071
0.9961401442
0.996258422
0.9961118602
0.9959697304
0.9919292624
0.9790822755
0.05311764293
0.02389872822
0.02041617683
0.01930380931
0.01921116851
0.01921097245
0.01925441608
0.01934269054
0.01939403369
0.0193391907
0.02785922045
0.9894037561
0.9757382111
0.0302380732
0.0188162333
0.01887231757
0.01891052194
0.01893974215
0.01898288106
0.01900725414
0.01902955161
0.01902813796
0.01905165103
0.0191902146
0.02019582458
0.02111163782
0.02209389745
0.09249453772
0.9717297733
0.9902313977
0.9965013581
0.9966709377
0.9967620112
0.9966463949
0.9965900798
0.9964588188
0.9959741834
0.9958491866
0.9945699244
0.9939302431
0.9916838042
0.9867962922
0.8832174622
0.0407952997
0.02519933782
0.02096670023
0.02011738265
0.01939629519
0.01929951454
0.01930699643
0.01935225195
0.0194086683
0.01941568557
0.01935345178
0.0192859041
0.02357084755
0.9675055035
0.9811842702
0.9700948052
0.02161651831
0.01913639214
0.01923622701
0.02037540769
0.02209857507
0.02875837782
0.602083363
0.9844280743
0.9916542488
0.9945547222
0.9940672236
0.9949667056
0.9940927937
0.9957251135
0.9958285656
0.9960332104
0.9950312495
0.9934741381
0.050171643
0.02402356135
0.02006480862
0.01921479359
0.01921532669
0.01920488306
0.01921482918
0.01921153269
0.01921445587
0.01922083308
0.01922552039
0.01922032656
0.01920053864
0.01916981288
0.01912877261
0.01908602811
0.01904601458
0.01902962258
0.03130656475
0.9935093957
0.9956844572
0.9870354862
0.02167329576
0.0190850324
0.0190829026
0.01904648618
0.0190286117
0.01900153323
0.01901573352
0.02011105024
0.02440333269
0.06536637092
0.990919306
0.9940898657
0.9958672667
0.9960407343
0.9961520111
0.9962517842
0.9961402719
0.9960646277
0.9944578844
0.9911433841
0.06405487017
0.02442759447
0.02036775204
0.01921932471
0.01918740478
0.01922415902
0.01929427211
0.01933783842
0.01934943405
0.01935298086
0.0193639597
0.0192927411
0.02572679826
0.9857213661
0.9729481144
0.0302467753
0.01881728557
0.01887976188
0.01892204864
0.01894180428
0.01899697545
0.01907094009
0.01975962994
0.0205940659
0.02281979049
0.04148908866
0.1597837692
0.9997230127
0.9911695619
0.9965044418
0.9962467773
0.9963121103
0.9963355077
0.9963605615
0.9964957697
0.9963942865
0.9956438664
0.9947605224
0.9935387893
0.993010746
0.9889177386
0.9727848662
0.2867375157
0.02646015544
0.02148577014
0.02019971059
0.01938941906
0.01928128316
0.01929320704
0.01933220375
0.01938182487
0.0193916
0.01938874247
0.01937937345
0.01931273281
0.01924914908
0.01920831229
0.02281027976
0.8684174404
0.9635091324
0.9627636526
0.02717158902
0.02257188692
0.02672392738
0.1078490289
0.9726149871
0.9892590398
0.9941218806
0.9949971195
0.9953293579
0.9959405163
0.9957445655
0.995296045
0.9932359689
0.9937341251
0.9890975946
0.9874775516
0.4034734084
0.02624179621
0.02090166462
0.01929577962
0.01929843558
0.01930097116
0.01927413549
0.01925118644
0.0192460328
0.01924142173
0.01924044416
0.01924258524
0.0192428652
0.01923421049
0.01921184434
0.01918026306
0.01914476653
0.01911064169
0.01908042123
0.01904889959
0.0212749378
0.9921316562
0.9939610276
0.9954472538
0.1706767883
0.01943435211
0.01912529577
0.01904936012
0.01902366716
0.02002826498
0.02306498882
0.03615122787
0.9745318902
0.991519583
0.9957174502
0.9960030757
0.9962193103
0.9962057729
0.9961759609
0.9960997938
0.9954363474
0.9889598117
0.116491087
0.02525462554
0.02045412753
0.01918200554
0.0191613862
0.0192201304
0.01928920572
0.01932843506
0.01936513912
0.0194049342
0.01941597735
0.01940245512
0.01938752571
0.01929565814
0.02426988693
0.9821722719
0.9628995269
0.03032219895
0.01882971353
0.01889447556
0.01908964263
0.0200791966
0.02147613881
0.01755836987
0.1166831844
0.6074526182
0.9938442813
0.9946830859
0.996305636
0.9965348055
0.996563663
0.9967872515
0.9969497959
0.9966592911
0.9963397619
0.9961997524
0.9960246806
0.9944783293
0.9909254847
0.9881680831
0.9893046789
0.9772566902
0.0451335398
0.02462943474
0.02088416605
0.01994019102
0.01943305071
0.01932505466
0.01931965317
0.01934898382
0.01940743934
0.01950942248
0.01975995744
0.02034167179
0.02085632305
0.02102512611
0.02159183573
0.02255686533
0.02417262499
0.02595257476
0.9618117892
0.9767178986
0.9746450414
0.9637352123
0.9431167778
0.9932121735
0.9938430857
0.994873012
0.9941384961
0.9954977455
0.995818448
0.9959849656
0.9958467525
0.9957482729
0.994807737
0.987078219
0.9830562609
0.2758622676
0.9894777188
0.02487262961
0.01990808933
0.01945794836
0.0194556753
0.01939321516
0.01936338814
0.01933192315
0.01930537871
0.01929066323
0.01927790108
0.01927030589
0.01926496824
0.01925740808
0.01924342017
0.01921959862
0.01918835724
0.01915949886
0.01913788908
0.01912391039
0.01911789636
0.01918937035
0.02610178977
0.9873880106
0.9916393257
0.9939438388
0.02927165128
0.01919564178
0.02015447725
0.02276003872
0.03130867955
0.953209551
0.9886108039
0.9946780186
0.9958014762
0.9961888584
0.9961915774
0.9962043639
0.9959705171
0.9942288944
0.9890089795
0.3158481256
0.02503414524
0.02072185274
0.01918690615
0.01912761777
0.01918306382
0.01924890215
0.01930407835
0.01935389171
0.01940106578
0.01943965145
0.01947679989
0.0194918242
0.0194773882
0.01945117894
0.01934111027
0.02325683885
0.9726046627
0.9371044113
0.05229404223
0.02128946132
0.02206991492
0.05427253787
0.2201305415
0.9998164526
0.9954788773
0.9969192766
0.9974066466
0.9975660839
0.9975321017
0.9979213766
0.9982062219
0.9979887589
0.9978716801
0.9974134204
0.9969068082
0.9963583228
0.9959870589
0.9956264584
0.9931130228
0.989232116
0.9928114219
0.9797591405
0.5132234378
0.2693850919
0.1332033325
0.07679795367
0.06434470275
0.05966506321
0.05616146781
0.05604718393
0.05831852005
0.06435759695
0.07971742419
0.1232534523
0.2442002504
0.5364042032
0.9464806085
0.9733015512
0.9796477539
0.993193368
0.9877616555
0.9903855014
0.9910154152
0.9908076756
0.9897761844
0.989864652
0.9913607546
0.9927786232
0.9944667431
0.9940872395
0.9953037064
0.9948287723
0.9954936056
0.9934784093
0.9901720924
0.6847151652
0.04175983976
0.0243363251
0.02267886399
0.03675399709
0.0688432137
0.01986173344
0.0195615363
0.01952516864
0.01946755515
0.01942807608
0.01940002498
0.0193793492
0.01936494649
0.01934627023
0.01931665212
0.01928360273
0.01925743581
0.01921125395
0.01918199748
0.01915726232
0.01914087858
0.01913514568
0.01915024004
0.01921394883
0.01941020829
0.02390218901
0.9748497459
0.98523583
0.9863256094
0.9832585362
0.02715216849
0.03418155889
0.9440944571
0.9873413657
0.9931467626
0.995001612
0.9961223332
0.9961469742
0.9962001225
0.9959625546
0.9947948597
0.9892110995
0.871913955
0.02507361021
0.02171422074
0.01943213428
0.01910619598
0.01914140502
0.0192060109
0.01926576294
0.01931238806
0.01936580424
0.01941612048
0.0194691344
0.01952213478
0.01957233784
0.01960096709
0.01959347026
0.01955961152
0.01943467385
0.0225346076
0.9519279019
0.90011515
0.9938629509
0.9452300207
0.9974444879
0.9998837537
0.9970644007
0.9976100691
0.9978567329
0.9981624975
0.9983724092
0.9984523325
0.9985901409
0.9986669276
0.9986806641
0.9986718776
0.9985921896
0.9982495196
0.9977140698
0.9970317839
0.9963110398
0.9959263683
0.9957834352
0.9951690178
0.9945557188
0.9952200219
0.9960339312
0.9965581518
0.9973761019
0.997265621
0.9971564902
0.9971178884
0.9971342319
0.9971845182
0.9972582409
0.9973568137
0.9974885532
0.9976707692
0.9979306905
0.9979362756
0.9965514745
0.9957684381
0.9953848112
0.9950655251
0.9948468348
0.99539211
0.9956101478
0.9957641672
0.9957384459
0.9950233368
0.9936044407
0.9920772953
0.9909234073
0.990559256
0.9911393803
0.9876017368
0.979142599
0.07651142332
0.02625375406
0.02343692098
0.02151021082
0.0207288335
0.02094923663
0.02588442265
0.9877679087
0.02519891076
0.01946286423
0.01942732055
0.01939191407
0.01936232707
0.01934488257
0.01934871012
0.0193833041
0.01947367425
0.01973777375
0.0204533498
0.02069685613
0.02110159871
0.02172995266
0.02212822159
0.0226966646
0.02341044802
0.02445158018
0.02645508673
0.03329364632
0.08625442498
0.982656724
0.9875587795
0.9861559219
0.9858854262
0.9839550308
0.9872139863
0.9919934364
0.9936671861
0.9958443093
0.996007487
0.9961738156
0.996049551
0.9958612696
0.9911019278
0.9698304548
0.02970873628
0.02239437525
0.01985632546
0.01904645406
0.01908240802
0.01915209929
0.01921073721
0.01925745952
0.01931656425
0.01936742704
0.01942210801
0.01947982513
0.01954347433
0.01961469675
0.01969232096
0.01975682368
0.01977929857
0.01975008404
0.01960318453
0.02203897939
0.9055166937
0.8559014611
0.9974217572
0.9972686881
0.9977865595
0.9980138129
0.998062945
0.9980824593
0.9982195748
0.9982782171
0.9984119546
0.9985164284
0.9986198909
0.998754326
0.9988948928
0.9989896731
0.9990455916
0.9989784457
0.99873286
0.9983029119
0.997726522
0.9971600904
0.9967563251
0.9965867403
0.9966700676
0.9970316884
0.9976576559
0.9985410265
0.9988816166
0.9990167332
0.9990855177
0.9991261444
0.9991563998
0.9991814958
0.9992023091
0.9992168611
0.9992186997
0.9991921336
0.9991038045
0.9988985594
0.9984520278
0.9975055542
0.9966506904
0.9962539993
0.996089193
0.9961360222
0.9963792202
0.9963727997
0.9960407514
0.9957360153
0.9940128155
0.9900119169
0.9874003811
0.9787432118
0.9693981119
0.1103976905
0.03121026269
0.02427560495
0.02437637587
0.02465073422
0.02472429525
0.0246351326
0.0249253447
0.02511257775
0.07437943931
0.03321038743
0.02382333514
0.02467000888
0.02487264339
0.02447746758
0.02375058795
0.02364281609
0.02663323977
0.03954559306
0.08852695012
0.2375945161
0.6830233506
0.9335559596
0.9530855324
0.9754471212
0.9824629663
0.9890252334
0.9888077584
0.9869603079
0.9887577763
0.993946421
0.9926909603
0.9927279658
0.9934979516
0.993872901
0.992868449
0.9927870491
0.9941416411
0.9950960696
0.9961071485
0.9960734507
0.9960001297
0.9945506616
0.9898516264
0.05747082915
0.023606832
0.01988689368
0.01898674126
0.01902044815
0.01907765044
0.01913114456
0.01918243232
0.0192419885
0.01929416885
0.0193529848
0.01941306858
0.01947662784
0.01954445645
0.01962182727
0.01971549706
0.0198331431
0.01996525917
0.02007084994
0.02010070176
0.01998186182
0.02150879611
0.8063842809
0.8236016635
0.9973878165
0.9981064979
0.9980617012
0.998113501
0.9981410256
0.9981546489
0.9981745149
0.9982171236
0.9982926977
0.9983873374
0.9984954756
0.9986259468
0.9988002663
0.9989812756
0.999154224
0.9992895106
0.999335017
0.9992594076
0.9990707657
0.9988375184
0.9986455546
0.9985686394
0.9986397728
0.9988093979
0.9989758993
0.9990806042
0.9991546617
0.9992066085
0.9992517945
0.9992816825
0.9993010494
0.9993124286
0.9993161026
0.9993097176
0.999286837
0.9992348462
0.9991369359
0.9989882266
0.9988075843
0.9985730644
0.9981947684
0.9977720697
0.9975366528
0.9975519692
0.9976411162
0.9974799054
0.9968527973
0.9960167642
0.99545226
0.9929961315
0.9897286615
0.9880737657
0.9925943485
0.9896019325
0.9907220372
0.9905550936
0.9908693726
0.9907416755
0.9905742937
0.9904657527
0.9904366274
0.9906460649
0.9913136912
0.9909575128
0.9904609539
0.9910668198
0.991696586
0.9927800426
0.993979899
0.9948304093
0.9952882533
0.9955810427
0.9959278188
0.9964357165
0.9961387502
0.9956470447
0.9943768811
0.9937345608
0.9930191054
0.9929005451
0.9930633072
0.9930595632
0.9928638594
0.9927575169
0.9943825769
0.9952488255
0.9958646101
0.9960125335
0.9960007777
0.9959514841
0.9955799118
0.9958811091
0.9958830288
0.994067687
0.9876327304
0.1440078907
0.02521132966
0.02029454218
0.01903966102
0.0189930177
0.01901230696
0.01905656116
0.0191026667
0.01915130158
0.01920096022
0.01925655768
0.01931374259
0.0193784841
0.019448822
0.0195253941
0.0196084826
0.01970388323
0.01982264689
0.01998503086
0.02021086468
0.02048213919
0.02072064225
0.02081889682
0.02160818216
0.7714714692
0.779780755
0.9984782518
0.9982810659
0.9984035051
0.9984480988
0.9984261089
0.9983735068
0.9983266386
0.9982950373
0.9982908476
0.9983233773
0.9983894202
0.9984899007
0.9986345557
0.9988160653
0.9990226902
0.9992340675
0.9994154806
0.9995368261
0.9995853028
0.9995771573
0.9995435741
0.9995145462
0.9995058022
0.9995117872
0.9995152901
0.9995029633
0.9994777621
0.9994599157
0.9994501913
0.9994446644
0.9994415632
0.9994383596
0.9994327282
0.9994224364
0.999404661
0.9993761019
0.9993362811
0.9992934058
0.9992581113
0.9992175758
0.9991415339
0.9990304766
0.9989396633
0.9989067386
0.998880886
0.9987345929
0.9983051754
0.9974754325
0.9964752422
0.9959046164
0.9956828372
0.9954338504
0.9954138446
0.9955354097
0.9957503543
0.9958037438
0.9958044783
0.9957897785
0.9957960423
0.995804767
0.9958145923
0.9958470829
0.9959372056
0.9960177309
0.9959728603
0.9959753644
0.9961030471
0.9962923021
0.9965222395
0.9967678603
0.9969913351
0.997138395
0.9971428364
0.9969536659
0.9965994873
0.9961674252
0.996068779
0.9959081653
0.9954514137
0.9948483816
0.9941910852
0.9933588994
0.9924284077
0.991940127
0.9929122383
0.9950884685
0.9959330209
0.9960522208
0.9960382805
0.9960794482
0.9955151619
0.994249016
0.9898431856
0.7887604454
0.02525532406
0.02129087534
0.01911023166
0.01895772391
0.01896691664
0.01899169073
0.01902604094
0.01906539083
0.01910785753
0.01915180694
0.01920078214
0.01925884353
0.01932096808
0.01939126104
0.01947371759
0.01956812317
0.01967412925
0.01979660555
0.01994627161
0.02014889987
0.02045936687
0.02095963343
0.02169700267
0.02297581137
0.02217169301
0.192807732
0.9345553492
0.9982636665
0.9987643185
0.9988247626
0.998804377
0.9987355867
0.9986392156
0.9985419023
0.9984559192
0.9983911643
0.9983603232
0.9983679985
0.9984171102
0.9985124059
0.9986531936
0.9988333347
0.9990376011
0.9992406111
0.9994171397
0.9995494817
0.9996337862
0.9996775394
0.999693488
0.9996948024
0.9996926159
0.999692699
0.9996914027
0.9996808154
0.9996594967
0.999633131
0.9996080744
0.9995878685
0.9995722494
0.9995595026
0.9995481735
0.9995375497
0.9995277366
0.9995198034
0.999514482
0.9995079032
0.9994931129
0.9994732997
0.9994583367
0.9994499234
0.999449931
0.9994618115
0.9994689435
0.9994090756
0.9991699334
0.9986720709
0.9980228157
0.9974783777
0.9971968018
0.9971462479
0.9971947681
0.9972600221
0.997402356
0.9974841447
0.9974783692
0.997471811
0.9974619999
0.9974527734
0.9974734728
0.9975481257
0.9975689651
0.9974099042
0.9971762653
0.9970275003
0.9969372324
0.9968604174
0.9967746464
0.9966666893
0.9965248565
0.9963485125
0.9961683761
0.9960358347
0.9959806586
0.9959796056
0.9959558696
0.9957883476
0.9954408921
0.9948936501
0.9941635607
0.9933683852
0.992854297
0.9931058366
0.9940984439
0.9950140367
0.9953127584
0.995520806
0.995369058
0.9914613634
0.9803994095
0.03564027145
0.02333516225
0.01993451109
0.01895613739
0.01892581166
0.0189203477
0.01893005884
0.01896192309
0.01900998578
0.01905535445
0.01908651146
0.01910472329
0.01913211738
0.01918271771
0.01925242816
0.01931874038
0.01938078177
0.01946642248
0.0195798745
0.01972296254
0.01988757261
0.02007869793
0.02035076576
0.02087676672
0.02207771104
0.02588846339
0.01352204753
0.08102895812
0.9750361826
0.9988946281
0.999235051
0.9991749223
0.9990923803
0.998988163
0.9988690559
0.9987458915
0.998627585
0.9985235539
0.9984451043
0.9984006592
0.998396976
0.9984397237
0.9985308412
0.998666459
0.998834171
0.9990129315
0.9991801501
0.9993187176
0.9994216983
0.9994921831
0.9995400079
0.99957782
0.9996171217
0.9996626194
0.9997074544
0.9997377323
0.9997450659
0.9997322974
0.9997087721
0.9996825955
0.9996580944
0.9996367134
0.9996186532
0.9996037335
0.9995908107
0.9995756586
0.9995486094
0.9994975459
0.9994211993
0.9993371585
0.9992659394
0.9992180114
0.9992035382
0.9992384242
0.9993337785
0.9994777461
0.9996163557
0.9996630815
0.9995724006
0.9994028673
0.9992581249
0.9991808713
0.9991401461
0.9991073287
0.9990996375
0.9991159535
0.9991183785
0.9991176889
0.9991179803
0.9991201698
0.9991216672
0.9991053946
0.9990136035
0.9987761825
0.9984005641
0.9979579605
0.9974962855
0.9970502634
0.9966488964
0.9963241233
0.9960972918
0.9959610684
0.9958809437
0.9958307059
0.995808269
0.9958036617
0.9957869924
0.9957113511
0.9955226161
0.9951904254
0.9947616925
0.9943535906
0.9940603211
0.9937690217
0.9930066694
0.9914151126
0.9890736635
0.9880703951
0.9900571296
0.2365620373
0.02942132995
0.02264879348
0.02042172588
0.02298658775
0.0224592233
0.02214229806
0.02230055223
0.02202044648
0.02179169151
0.0220951028
0.02229990953
0.02234627165
0.0223975344
0.02255912817
0.02282022512
0.02257422544
0.02220379534
0.02272947024
0.02329158671
0.02332263929
0.02332866421
0.02355104548
0.02388751671
0.02431772793
0.02463039166
0.02557457657
0.02574872811
0.1933961297
0.6810346498
0.8784222051
0.9982693375
0.9989577807
0.9986042828
0.9984444902
0.9983434721
0.9982872316
0.9982874131
0.998359031
0.9985086522
0.9987190359
0.9989496312
0.999143462
0.9992427919
0.9992073955
0.9990289406
0.9987326084
0.9983701493
0.9979992106
0.9976661363
0.9973963308
0.9971922162
0.9970370568
0.9968997669
0.9967431915
0.9965420822
0.9963040007
0.9960697688
0.9958803604
0.9957488398
0.9956657347
0.9956162932
0.9955883601
0.9955759415
0.9955794284
0.9956047122
0.9956626166
0.9957693404
0.9959466792
0.9962134709
0.9965599761
0.9969374584
0.9972942553
0.9975966227
0.9978079766
0.9978789271
0.9977580514
0.9974163493
0.9968912029
0.9963168071
0.995851905
0.9955572253
0.9954055814
0.9953476766
0.9953282665
0.9953118045
0.9952976042
0.9952851716
0.9952659891
0.9952470551
0.9952306272
0.9952193327
0.9952101798
0.9951813195
0.9950801503
0.9948393039
0.9943876166
0.9936431042
0.9925806157
0.9913289556
0.9900880563
0.9889240733
0.9877213368
0.9865987324
0.9859500749
0.9857955744
0.9859123933
0.9861050326
0.9860879634
0.9858979267
0.9858929888
0.9862916124
0.9868511395
0.9871227644
0.987002132
0.9868654745
0.9875200157
0.9852794591
0.9715302057
0.9078206453
0.2433709079
0.4949954138
0.6780451173
0.5046482058
0.6163599641
0.5941351791
0.6648987484
0.6085898317
0.6098198813
0.6054934713
0.6097907704
0.6160012653
0.6179747578
0.6320506725
0.634216849
0.626198188
0.6174169491
0.6145031763
0.680512691
0.6842136018
0.6246258746
0.61342073
0.6235319922
0.6263866371
0.631807141
0.6266917558
0.6190720648
0.6184461529
0.5719039607
0.8017841082
0.8763374441
0.8734328771
