0.9997328654
0.9997993019
0.9997157488
0.9996715786
0.9996369712
0.9996035738
0.9995683884
0.9995303187
0.9994887626
0.9994432966
0.9993935926
0.9993394272
0.9992809782
0.9992190382
0.9991547973
0.9990895303
0.999024487
0.9989607287
0.9988988442
0.9988387616
0.998779678
0.9987202166
0.9986593157
0.9985970294
0.9985347317
0.9984749319
0.9984213684
0.9983790792
0.9983536171
0.9983490165
0.9983646681
0.9983943628
0.9984296007
0.9984637434
0.998493423
0.9985188593
0.9985424564
0.9985662676
0.9985909762
0.9986169179
0.9986445474
0.9986742947
0.9987064594
0.9987411712
0.9987782589
0.9988164173
0.9988541294
0.9988895304
0.998919662
0.9989388757
0.9989390863
0.9989129593
0.9988573137
0.9987764408
0.9986831901
0.9985916591
0.9985064955
0.9984264284
0.9983513086
0.9982792564
0.9982064319
0.9981299114
0.9980482338
0.9979606473
0.9978665828
0.9977654434
0.9976565314
0.9975390133
0.9974118724
0.9972738081
0.9971230147
0.9969567511
0.9967708575
0.9965618865
0.9963463003
0.9962121886
0.9962975892
0.9965818193
0.9969022048
0.9971628592
0.9973597197
0.997501753
0.9975536299
0.9974248586
0.996938826
0.9954728493
0.9927266403
0.04179228449
0.01465862505
0.9626077412
0.01390785526
0.9695261641
0.01372746573
0.9695752767
0.01372919508
0.9696370499
0.01372454122
0.969575705
0.01372111954
0.9697490885
0.01369529374
0.9700746938
0.01374007417
0.9696067672
0.0135991218
0.9696703795
0.01358615773
0.9698186148
0.01349170766
0.9688432584
0.01344460473
0.9689030677
0.01379981057
0.9686638354
0.01788073919
0.8649911356
0.8929659507
0.01765277322
0.9638808072
0.02445031464
0.08242736302
0.9996740202
0.9998746099
0.9998505975
0.9998279685
0.9998082251
0.9997891139
0.9997695355
0.9997489915
0.9997271093
0.9997035915
0.9996782108
0.9996507763
0.9996212798
0.9995900224
0.9995575081
0.9995242975
0.9994910041
0.9994582529
0.9994265225
0.9993960112
0.9993665467
0.9993375914
0.9993086379
0.9992795924
0.9992507992
0.9992229377
0.9991971597
0.9991753333
0.9991598982
0.9991530932
0.9991553992
0.9991646702
0.9991774138
0.9991907126
0.9992028807
0.9992137727
0.9992243031
0.9992351674
0.9992463896
0.9992579665
0.9992700739
0.9992828799
0.9992964867
0.9993109081
0.9993260381
0.999341256
0.9993560491
0.9993699876
0.9993820347
0.9993894305
0.9993875898
0.9993719054
0.9993395282
0.9992912036
0.999233834
0.99917958
0.99913347
0.9990937224
0.9990594091
0.9990290218
0.9989999085
0.9989704445
0.9989399884
0.9989082837
0.998875197
0.9988406327
0.9988045065
0.9987667392
0.9987272547
0.9986859652
0.9986426979
0.9985969429
0.9985471426
0.9984891368
0.9984153293
0.998328892
0.9982856964
0.9983148648
0.9983727587
0.9984212243
0.9984609687
0.9985014348
0.9985296023
0.9985111632
0.9984064776
0.9981467266
0.9976406286
0.9971971807
0.9962166283
0.007887766547
0.005056158639
0.004518648257
0.004603823789
0.004519152613
0.004603923129
0.004519374803
0.004603997108
0.004518824221
0.004603229367
0.004519302646
0.004604229686
0.004520938764
0.004604732293
0.004516986357
0.004602849895
0.004518139801
0.004602489958
0.004518094451
0.004604856636
0.004515863363
0.004602827194
0.00451966218
0.004618740715
0.004559493929
0.004588169238
0.004748439968
0.004243801462
0.004875109535
0.004574390732
0.008696548373
0.9807126851
0.9994689169
0.9997801063
0.9998055607
0.9997959746
0.9997780658
0.9997573808
0.9997353531
0.9997125178
0.9996887258
0.9996636406
0.9996369457
0.9996082557
0.9995774261
0.9995447867
0.999510854
0.9994760957
0.9994411343
0.9994068387
0.9993740733
0.9993434186
0.999314885
0.999287767
0.9992613611
0.9992354828
0.9992101445
0.9991851565
0.9991605903
0.9991376746
0.9991190509
0.9991079821
0.9991058316
0.9991104944
0.9991182886
0.9991265062
0.999133627
0.9991400676
0.9991474329
0.9991561106
0.9991650718
0.999173815
0.9991824948
0.9991912862
0.9992003108
0.999209592
0.9992189588
0.9992270395
0.999233732
0.9992403199
0.9992475732
0.9992520516
0.9992454651
0.99921912
0.9991665389
0.9990848422
0.9989802714
0.9988815334
0.9988301052
0.998804941
0.9987920417
0.9987861504
0.998781263
0.9987757485
0.9987700181
0.9987643996
0.9987589851
0.9987537831
0.9987487905
0.9987440142
0.9987394717
0.9987351678
0.9987310123
0.9987265685
0.9987203801
0.9987082496
0.9986786639
0.9986039813
0.9984679933
0.9983671537
0.998295122
0.9982054337
0.9981138036
0.998083958
0.99812874
0.998195751
0.9982430519
0.9982378145
0.9981426694
0.9980345193
0.998102979
0.9976722382
0.9942135391
0.005653090161
0.004057666352
0.004056435187
0.004056010417
0.004056317488
0.00405593369
0.004056221101
0.004055871407
0.004056141053
0.004055847171
0.004056119058
0.00405589141
0.00405608655
0.004056122704
0.004056503052
0.004056669066
0.004057323879
0.004057917902
0.004058909288
0.004059824816
0.004060664858
0.00406166925
0.004062762475
0.004058548685
0.004057701009
0.004058580082
0.004061131212
0.004349519297
0.009502728269
0.9935333381
0.9991999764
0.9996688479
0.9997207553
0.9997363171
0.9997282826
0.9997099328
0.9996873186
0.9996633597
0.9996385509
0.9996125724
0.9995850516
0.9995552269
0.9995226865
0.9994879678
0.9994517872
0.9994144487
0.9993764964
0.9993392165
0.9993043298
0.9992733537
0.9992466472
0.9992228158
0.9992004242
0.9991791367
0.9991586974
0.9991376737
0.9991142627
0.9990885933
0.999064052
0.9990464117
0.9990388282
0.9990388825
0.9990425821
0.9990470649
0.9990497309
0.9990513885
0.999055354
0.9990618701
0.9990680583
0.999072788
0.9990763997
0.9990792426
0.9990817509
0.9990843855
0.9990871037
0.9990859229
0.9990801506
0.9990750424
0.999078049
0.9990861919
0.9990822164
0.9990470515
0.9989646485
0.9988185331
0.9985923537
0.9982935595
0.9980916622
0.99826897
0.9983444149
0.9984113239
0.9984642511
0.9985074717
0.9985462707
0.9985829452
0.9986182228
0.9986523187
0.9986853032
0.9987172116
0.9987480678
0.9987778771
0.998806598
0.9988340727
0.9988598677
0.9988828723
0.9988999497
0.9988970165
0.9988048559
0.9983867542
0.9981382373
0.9978973355
0.9976438332
0.9974801663
0.997583018
0.9978247646
0.9980470336
0.9981966754
0.9982421056
0.99819581
0.9981671221
0.9981986038
0.9981582249
0.9981118433
0.02481392301
0.005000410865
0.004056308213
0.004056014091
0.004055974874
0.004055909117
0.00405589992
0.004055862172
0.004055885461
0.004055892294
0.004055980064
0.004056066493
0.00405629724
0.004056546047
0.004056990693
0.004057502315
0.004058227144
0.004058877259
0.00405977438
0.004059968868
0.004060657224
0.004059440995
0.004058661446
0.004058371479
0.004058500317
0.004059697663
0.004344544567
0.9686536636
0.442861496
0.9987907685
0.9995115138
0.9996018512
0.9996420904
0.9996502948
0.9996385832
0.9996176396
0.9995945032
0.999570478
0.9995451453
0.9995182292
0.9994881352
0.9994538751
0.9994166466
0.9993777007
0.9993367813
0.9992938665
0.9992505794
0.999210086
0.9991766986
0.9991524801
0.9991344439
0.9991192235
0.9991062748
0.9990952916
0.9990830947
0.9990646877
0.9990369172
0.9990032808
0.9989744025
0.9989567822
0.9989461743
0.99893946
0.9989400359
0.9989411592
0.9989404755
0.9989437408
0.9989504587
0.9989540306
0.9989533576
0.9989499365
0.9989440847
0.9989371571
0.9989313038
0.9989281942
0.9989170443
0.9988928725
0.9988630419
0.9988552079
0.9988772779
0.9988937332
0.998864687
0.9987592497
0.9985372241
0.9981256891
0.9973321688
0.9955439758
0.995218659
0.9962154848
0.9966420723
0.9969372199
0.9971609134
0.9973506406
0.997518433
0.99766901
0.9978051189
0.997928733
0.9980414115
0.9981444362
0.9982388898
0.9983257461
0.9984060553
0.9984813871
0.9985548912
0.998633786
0.9987350488
0.9988791728
0.9984405973
0.9975355575
0.9971501639
0.9968768662
0.9967413529
0.9964784153
0.9970885086
0.9975791419
0.9979151534
0.9980980721
0.9981397278
0.9981202258
0.9981398403
0.9982479591
0.9985886417
0.9987277393
0.9980594374
0.01134560677
0.004826429457
0.004056117306
0.004055917797
0.004055872477
0.004055857375
0.004055868752
0.004055910171
0.004056003541
0.004056144632
0.004056367589
0.004056652524
0.004057057405
0.004057547541
0.004058131071
0.004058692635
0.00405925969
0.004059485893
0.004059618574
0.00405899713
0.004058520362
0.004058389774
0.004058390388
0.00405850304
0.004443226054
0.01077118599
0.9803597129
0.9979672818
0.9992613374
0.9994313492
0.9994936235
0.9995291536
0.999530397
0.9995135545
0.9994946875
0.9994746842
0.9994528405
0.9994299769
0.9994021702
0.9993668378
0.9993271193
0.9992857113
0.9992407585
0.999190393
0.999135791
0.9990809705
0.9990358208
0.9990125345
0.9990058625
0.9990055738
0.9990095099
0.9990174562
0.9990238857
0.9990204165
0.9989986326
0.9989542036
0.9989050038
0.9988673856
0.9988312664
0.9987886409
0.9987660945
0.998783539
0.9987974285
0.9988103576
0.9988234148
0.9988241185
0.9988148783
0.9988016484
0.9987841581
0.9987620935
0.9987447597
0.9987397575
0.9987238275
0.9986829504
0.9986173854
0.9985562636
0.9985880921
0.9986589575
0.9986775429
0.9985979714
0.9983679773
0.9979243578
0.9971286292
0.9954169007
0.9923458363
0.008985834438
0.005861376345
0.00524798303
0.005353645638
0.005459146694
0.005571071124
0.005690721568
0.005819208673
0.005957562201
0.006106877141
0.006268314153
0.006443207357
0.006633267872
0.006841428755
0.007074752326
0.007354246762
0.007749077548
0.008524106848
0.01188729377
0.01664100183
0.9859346641
0.981830038
0.9910287882
0.9935852772
0.9939926034
0.9945699165
0.9960239858
0.9967193213
0.9972494677
0.9975390685
0.9979524502
0.9979377072
0.9980318417
0.9982850284
0.9985821362
0.9987539233
0.9985573606
0.9977756273
0.01012135004
0.004770722634
0.004056027035
0.004055872331
0.004055875422
0.004055920497
0.004056024206
0.004056176022
0.004056397167
0.004056673876
0.004057038669
0.004057470272
0.004057959934
0.004058420341
0.004058825394
0.004059005375
0.004059010561
0.004058639472
0.004058311647
0.004058107617
0.004057936987
0.004057735386
0.004574677079
0.9827892942
0.9860210189
0.9926676789
0.9982727381
0.9989945075
0.9991841473
0.9992854892
0.9993831906
0.99935357
0.9993459545
0.9993357026
0.999319241
0.9993085547
0.9992906504
0.999256506
0.9992151548
0.9991735381
0.9991258919
0.9990660582
0.9989931902
0.998907804
0.9988216133
0.9987724361
0.9987933637
0.9988350123
0.998877918
0.9989229873
0.9989625303
0.9989882458
0.9989929179
0.9989596976
0.9988720528
0.9987873457
0.9987032984
0.9985727424
0.9984225335
0.9984210278
0.9986452151
0.9986750767
0.9986963946
0.9986865283
0.9986580613
0.9986285014
0.9985975653
0.9985592631
0.9985123528
0.9985207261
0.9985036306
0.9984743599
0.9984172659
0.9983253564
0.9981018618
0.9982601121
0.9984090674
0.9984318026
0.9982870131
0.9979597001
0.997487832
0.9970156105
0.9969319306
0.9967849247
0.9946528663
0.006273415398
0.004438638001
0.004055947522
0.004056040407
0.00405609925
0.004056162773
0.004056209955
0.004056263627
0.004056309098
0.004056356634
0.004056401589
0.004056449215
0.004056499812
0.004056556717
0.004056625717
0.004056741418
0.004056975807
0.004057788218
0.004287263858
0.004400663149
0.004690530318
0.00563058798
0.008992071108
0.9853198437
0.9896637913
0.992708503
0.9925818925
0.9924224625
0.9968766391
0.9978127479
0.9980367585
0.9981643731
0.9983781765
0.9985522931
0.9986597808
0.9987155977
0.9984745272
0.9976007474
0.009355257796
0.004717351133
0.004055986463
0.004055920448
0.004056017549
0.004056165816
0.004056374493
0.004056626231
0.004056943079
0.004057315555
0.004057730965
0.004058110826
0.004058420397
0.004058565029
0.004058534444
0.0040582863
0.004058016321
0.004057770237
0.004057509837
0.004057100478
0.004731863822
0.4852261995
0.9792739095
0.008932134283
0.005374537949
0.008107814149
0.9518778805
0.9977644299
0.9988786233
0.9990733952
0.9990601163
0.9991546681
0.9991080151
0.9991171972
0.9991434012
0.9991197938
0.999077878
0.9990416367
0.998995996
0.9989271533
0.9988318858
0.9986972172
0.9985127189
0.9983109751
0.9982683537
0.9985708446
0.998708746
0.9988201776
0.9989048211
0.9989685517
0.9990191272
0.9990526784
0.9990163158
0.9987387711
0.9985666104
0.9983396903
0.9978500335
0.9971785965
0.9976488765
0.9980762687
0.9979057216
0.9979244508
0.9977666383
0.9976621825
0.9975822266
0.9975247039
0.9974740052
0.9973989844
0.9976142987
0.9974226711
0.9976601793
0.9976185886
0.9972804348
0.9970537868
0.9975972572
0.9978967695
0.9978867469
0.997963975
0.9976310863
0.9973575088
0.9972689195
0.9973668696
0.9975071237
0.9968731217
0.9938776809
0.006211400079
0.004438896337
0.004056059211
0.004056189081
0.004056264405
0.004056333256
0.004056381625
0.004056430773
0.004056468086
0.004056501529
0.00405652701
0.004056540345
0.004056526961
0.004056475375
0.004056414251
0.004056343452
0.004056353321
0.004056270744
0.004056337965
0.004671962507
0.9107364857
0.9907741449
0.9911247348
0.9888967879
0.9307113244
0.005358224294
0.005320168351
0.009198748688
0.9960955222
0.9976086787
0.9982081294
0.9983706666
0.9984953606
0.9985789599
0.9986312788
0.9986618891
0.9983848778
0.9973932088
0.00867543875
0.004663684895
0.004056022293
0.00405609615
0.004056302068
0.004056522018
0.004056788232
0.004057103712
0.004057464134
0.004057778951
0.004058034379
0.004058160697
0.004058123704
0.004057938482
0.004057699737
0.004057436329
0.004057142115
0.004056711564
0.004629722095
0.9823042786
0.9878547824
0.008062788281
0.004055805926
0.004055847652
0.004142329068
0.004562714769
0.006348980962
0.02338240478
0.9970243461
0.9983665801
0.9986774872
0.9986583416
0.9988749507
0.9990187858
0.9989216794
0.9988975301
0.9988624195
0.9987880067
0.9986819722
0.9985064795
0.9981925824
0.997632324
0.9965921016
0.9970077956
0.9978366699
0.9981928355
0.9983436977
0.998478479
0.9986192528
0.998792312
0.9990071417
0.998749765
0.9982463085
0.9981423174
0.9979631149
0.9966150452
0.9955153479
0.1241662007
0.01064055876
0.007180865388
0.005949608313
0.00574608288
0.00567494023
0.005661000158
0.005769384388
0.006570069986
0.008531716881
0.00863462992
0.008117845101
0.008199191103
0.01390314586
0.992942545
0.9950752744
0.995837238
0.9952737565
0.9970249354
0.9977426834
0.9977916355
0.9976395942
0.9976002832
0.9976170112
0.9976251376
0.9975898404
0.9968811634
0.993915601
0.006228831828
0.004441195205
0.004056123205
0.004056264401
0.004056334724
0.00405639052
0.004056423213
0.004056453637
0.004056476326
0.004056491615
0.004056479582
0.004056421097
0.004056350222
0.004056317574
0.004056329633
0.004056244706
0.004056779457
0.00598183699
0.9828292801
0.9937394809
0.9948508434
0.9901831939
0.005829528024
0.004428981996
0.00405607549
0.004056225393
0.004565278294
0.006739686423
0.9956516211
0.9977400983
0.9983159725
0.9984321676
0.99851201
0.9985639058
0.9985934602
0.9986027679
0.9982825953
0.9971419906
0.00809058996
0.004616602259
0.004056158307
0.004056361143
0.004056597935
0.004056851265
0.004057173984
0.004057428245
0.004057661241
0.004057790649
0.004057760088
0.004057621058
0.004057412974
0.0040571538
0.004056862719
0.004056457514
0.00479944078
0.9806392448
0.9822120892
0.008062583139
0.004055626215
0.004055754442
0.004055794263
0.004055811148
0.004055880335
0.00405670922
0.004431593659
0.005443005865
0.01024235453
0.9940663057
0.996994326
0.9986066133
0.9987360476
0.9986454705
0.9987771186
0.9986544804
0.9985829751
0.9984588044
0.9981688072
0.9976476092
0.9965247302
0.9947296217
0.01322190958
0.007759402753
0.006790194531
0.006867924617
0.007247488208
0.008225816474
0.01328446781
0.04071323158
0.9941881504
0.9955727067
0.9978667061
0.9978372053
0.9974601372
0.9980309375
0.9973300812
0.9951053059
0.01200666704
0.006095606776
0.004594309811
0.004279102453
0.004057320776
0.004488079554
0.9933466429
0.007900676675
0.9928291632
0.006912622128
0.9913029262
0.9944471617
0.9953832622
0.9935405114
0.006394392119
0.005477530353
0.009298581587
0.9961593456
0.9974048565
0.9978219693
0.9977720191
0.9977381929
0.997699679
0.9976518842
0.9975984007
0.9968947586
0.9939570942
0.006235048455
0.004441307905
0.004056173444
0.00405631972
0.004056380134
0.004056414372
0.004056437196
0.004056472184
0.004056485352
0.004056433464
0.004056357383
0.004056296508
0.004056282328
0.004056207192
0.004343809919
0.01067664013
0.9972461174
0.995936665
0.9951177521
0.008229698061
0.004608517828
0.004056181833
0.004056139161
0.004056048443
0.004055957906
0.004055879732
0.004485720075
0.006835188829
0.996086302
0.9979002921
0.9983961654
0.998473744
0.998524038
0.9985512686
0.9985563638
0.9985386933
0.9981671452
0.9968732199
0.007828900392
0.004675457203
0.004056553876
0.00405649493
0.00405684773
0.004057047248
0.004057292301
0.004057458913
0.004057439871
0.004057356848
0.004057192868
0.00405695479
0.00405668979
0.004056328928
0.005003426233
0.991551455
0.9888389383
0.008062536651
0.00405557519
0.00405569483
0.004055760227
0.004055805456
0.00405584912
0.00405591508
0.004055930047
0.004055889722
0.004056121749
0.004299097263
0.004706195245
0.006717672673
0.01773748608
0.9960369615
0.9979496743
0.9983776696
0.9983551183
0.9985877367
0.9984268303
0.9981859779
0.9979151865
0.9977440847
0.9974626158
0.9958412307
0.006404483087
0.004422534339
0.004056363976
0.004056712192
0.00405729114
0.00406167817
0.004370492405
0.004671069444
0.006118521256
0.01086657875
0.9932784943
0.9971782871
0.9980011759
0.9975868938
0.9981416438
0.9977947318
0.99326511
0.9763383118
0.007751846951
0.005921009369
0.006688917146
0.00611170136
0.005865495326
0.008610229568
0.994384602
0.99450655
0.9951157049
0.009159428576
0.004764511866
0.004056276561
0.004056363842
0.0046165037
0.006936170426
0.9953953785
0.9973343512
0.9978339174
0.9977922895
0.9977475603
0.9977004534
0.9976525264
0.9976022544
0.9969001664
0.9939556267
0.006230663151
0.004443679547
0.004056220078
0.004056361195
0.004056404126
0.004056462063
0.0040565242
0.004056476009
0.004056385544
0.004056288244
0.004056178896
0.004056337384
0.005242625983
0.9917365252
0.9975500747
0.9967366083
0.9195031392
0.00501233835
0.004056336925
0.004056142244
0.004056077443
0.004056034702
0.004055983145
0.004055927999
0.004055888445
0.004055894808
0.004522292268
0.007198510615
0.9965077066
0.998041285
0.9984692939
0.9985160032
0.9985394304
0.9985369743
0.9985068849
0.9984565456
0.9980598279
0.9969901213
0.01047561364
0.005122855221
0.004287925259
0.004056543381
0.004056750089
0.004057140172
0.004057165595
0.004057163061
0.004057072572
0.0040568662
0.004056638888
0.004056310972
0.005273591329
0.9948493483
0.9925362323
0.00806252628
0.004055559678
0.004055665822
0.004055730853
0.004055788382
0.004055841648
0.004055904668
0.004055952438
0.004055978435
0.004056035331
0.004056071826
0.004056051143
0.004056158547
0.004056919333
0.004419776461
0.005361435586
0.009983558428
0.994928336
0.9979946258
0.9985637245
0.9985614329
0.9983947964
0.9982531015
0.9981727095
0.9981179794
0.9974578559
0.9943836786
0.006036408714
0.004379600545
0.004056220128
0.004056418268
0.004056528573
0.004056471443
0.004056523618
0.004056977441
0.00437939156
0.005151565861
0.00820562969
0.9897158326
0.9962122156
0.9976643554
0.9968791799
0.9965055199
0.9965086852
0.9964992245
0.9932081412
0.9895750524
0.01120392751
0.9949576292
0.9965536968
0.9956654868
0.9138453653
0.005230667474
0.004056704535
0.004056293031
0.004056210039
0.004056134155
0.004056038744
0.00451474621
0.006724847255
0.9952944935
0.9973273876
0.997832113
0.9977899116
0.9977465172
0.9977032111
0.9976572489
0.9976040448
0.9968981023
0.9940376411
0.006378183745
0.004550422014
0.004056462675
0.004056338351
0.004056525672
0.004056519679
0.00405640491
0.004056251801
0.004056163395
0.004296896431
0.008480466201
0.9968494255
0.9969741772
0.9942104511
0.006190715746
0.004229293897
0.004056095768
0.004056041225
0.004056011419
0.004055997877
0.00405598074
0.004055953929
0.004055932008
0.004055922608
0.004055918855
0.004055944757
0.004567069228
0.007611648284
0.996844494
0.9981638034
0.9985363703
0.9985517373
0.9985233231
0.9984485034
0.9983536376
0.9983157073
0.9981062639
0.9968824321
0.9836757942
0.006725543388
0.004889704861
0.004312980527
0.004056752266
0.004056784831
0.004057014551
0.004056920331
0.004056752509
0.004056436701
0.00565558786
0.9964098289
0.9946123458
0.008062525742
0.004055556018
0.004055653468
0.004055713377
0.004055774144
0.004055834148
0.00405589744
0.004055951993
0.004055994189
0.004056043048
0.0040560818
0.004056100354
0.004056150954
0.004056221882
0.00405620464
0.004056116146
0.004056332312
0.004379817761
0.005562785737
0.0173112325
0.9977046028
0.9983267931
0.9985302051
0.9984577921
0.998384266
0.9982576639
0.998014117
0.9970740863
0.9930367171
0.005949873534
0.004411850762
0.004056350757
0.00405663647
0.004056759075
0.004056952405
0.004057059627
0.004056793167
0.004056714789
0.004290717342
0.00480624414
0.006790497043
0.9778527781
0.9934018566
0.9952663494
0.9954209335
0.9950509821
0.9951501677
0.997088558
0.9975235925
0.9974161614
0.996060545
0.005933286857
0.004243304849
0.004056296133
0.004056201756
0.004056170472
0.004056155362
0.004056121453
0.004056067924
0.00405601802
0.004508490251
0.006716846442
0.9952858029
0.9973227395
0.9978293512
0.9977913846
0.9977525277
0.9977031712
0.9976369968
0.9975747375
0.9969579916
0.9954014749
0.009104807246
0.005181765719
0.004306088847
0.004056380694
0.00405647252
0.004056237516
0.004056346105
0.005126971595
0.988719549
0.9974398731
0.9971414875
0.9359287409
0.004685178817
0.004056002004
0.004056071605
0.004056033526
0.004055999426
0.004055988587
0.004055980026
0.004055966778
0.004055953809
0.004055947083
0.004055949489
0.004055957556
0.004055958687
0.004055992648
0.004611899095
0.008060494436
0.9971163341
0.9982729291
0.9985875422
0.9984863716
0.9982883573
0.9981277466
0.9980249496
0.9978273586
0.9967155024
0.9962018114
0.9947696717
0.9863749488
0.007634277352
0.00500725319
0.004336107125
0.00405707009
0.004056833234
0.004056751575
0.006466870699
0.9972949309
0.9959017173
0.008062527963
0.00405555685
0.004055649892
0.00405570445
0.004055764014
0.004055825596
0.004055888541
0.00405594564
0.004055994714
0.004056042446
0.004056080569
0.00405610889
0.004056153383
0.004056215147
0.004056253538
0.004056258591
0.004056298648
0.004056299382
0.00405626783
0.004057105945
0.004845531391
0.009331286704
0.997422192
0.9983555248
0.9986183308
0.9985410289
0.9983851384
0.9981296463
0.9977840585
0.9968691498
0.993869679
0.006364811178
0.004492689565
0.004056559285
0.004056940237
0.004057208312
0.004057186146
0.004057126052
0.004056964019
0.004056578996
0.004056524871
0.004256346883
0.0047009842
0.00616029964
0.98512845
0.9924863166
0.9962346779
0.9978872089
0.9983677148
0.9974418704
0.01485969036
0.004967069169
0.004056194061
0.004056313547
0.004056223631
0.00405617899
0.004056173416
0.004056161959
0.004056136126
0.004056103409
0.004056063231
0.004056016708
0.004507965135
0.006708716744
0.9952572196
0.9973109407
0.9978245931
0.9977829712
0.9976858182
0.9975183142
0.997363012
0.9974529305
0.9974982104
0.9965031432
0.9843940132
0.006224571348
0.004577031097
0.004056431176
0.004369354491
0.007892810888
0.9963208485
0.996784175
0.9950185622
0.006417402341
0.004210798543
0.00405599759
0.004056032517
0.004056020568
0.004056002241
0.004055991953
0.004055985325
0.004055977353
0.004055969391
0.004055964334
0.00405596431
0.004055969741
0.004055980335
0.004055991414
0.004055990734
0.004056036393
0.004656690038
0.008663176997
0.9974951189
0.9984724397
0.9983994771
0.9980831604
0.9978804411
0.9974833662
0.996719757
0.995588307
0.9954841658
0.9962384549
0.9975117816
0.9964182247
0.9883511153
0.00872850496
0.006148390495
0.005155621226
0.008326688039
0.9979703309
0.9967554361
0.008062530865
0.004055559422
0.004055650813
0.004055700722
0.004055757435
0.00405581787
0.004055879704
0.004055938005
0.004055990892
0.004056040381
0.00405608278
0.004056120423
0.0040561668
0.00405622139
0.004056264336
0.00405628853
0.004056317943
0.004056333869
0.004056340983
0.004056376476
0.004056364417
0.004056322236
0.004742088941
0.009598204118
0.997689557
0.9985117063
0.9987032798
0.9985007437
0.9981780338
0.9979154159
0.9977726211
0.9971605482
0.9951672992
0.007008620544
0.004611963853
0.004056899129
0.004057231753
0.004057360958
0.004057187506
0.004056890036
0.00405673695
0.004056764105
0.004056716765
0.004499391375
0.008428242617
0.9924893814
0.9958144699
0.9976748336
0.9983730886
0.9975729146
0.9924110027
0.004501391807
0.004056310523
0.004056199077
0.004056145512
0.004056146831
0.004056171353
0.0040561829
0.004056170909
0.004056144105
0.004056114907
0.004056084605
0.004056049322
0.004056008066
0.004505109648
0.006677609833
0.9951835032
0.9972910819
0.9977902658
0.9975203147
0.9969650299
0.9965677918
0.9967502946
0.9970750319
0.9961820606
0.9954850276
0.9929793922
0.006673745896
0.005561705095
0.9878164117
0.9970869191
0.9970865269
0.9725411456
0.004745748517
0.004055983104
0.004056038849
0.004056053498
0.004056033215
0.004056017834
0.004056006684
0.004055998269
0.004055990657
0.004055983877
0.004055979021
0.004055977198
0.004055978899
0.004055984018
0.004055991745
0.004056002149
0.004056011511
0.004056010228
0.004056087109
0.004773360755
0.01243433091
0.9975328469
0.9977631078
0.9977732049
0.9973218365
0.9965104621
0.9949752526
0.9894573665
0.9900517514
0.9965387927
0.9976553224
0.996799546
0.9964600982
0.9959625881
0.9846472502
0.9909679439
0.9977477087
0.9972543109
0.008062533766
0.004055562544
0.004055653861
0.004055699972
0.004055753559
0.004055811888
0.004055872313
0.004055931166
0.004055986604
0.004056038767
0.004056086028
0.00405613057
0.004056179035
0.004056230066
0.004056273365
0.004056305221
0.004056333968
0.004056351587
0.004056365428
0.004056396923
0.004056421431
0.004056413328
0.004056352235
0.004056374802
0.004827897739
0.01146145044
0.9980525737
0.9986914603
0.9985243469
0.9981380576
0.9979331005
0.9977677441
0.9977712803
0.9974357764
0.9962810195
0.008238350284
0.004781517641
0.004057112738
0.004057264361
0.004057059327
0.004056746822
0.004056549179
0.004057880631
0.005714712677
0.9913082462
0.9953212786
0.9956035049
0.9968562763
0.997464981
0.9972561583
0.9974416833
0.01013718024
0.00405655816
0.00405605946
0.004056039793
0.004056095714
0.0040561646
0.004056200545
0.004056197889
0.004056172535
0.004056139824
0.004056107551
0.004056083449
0.004056063747
0.004056040585
0.004056009797
0.004498694257
0.00667975727
0.9955479189
0.997538968
0.9971563678
0.9957836787
0.9954921378
0.9956934978
0.9954442037
0.9948714303
0.9949884937
0.9937572644
0.9910376926
0.9928382594
0.9964030372
0.9958781187
0.007179060584
0.004233088452
0.004056036535
0.00405606724
0.004056073158
0.004056057232
0.004056040305
0.004056027042
0.004056016218
0.004056006976
0.004055999219
0.004055993186
0.004055989222
0.004055987454
0.004055987691
0.004055989317
0.004055991769
0.004055994221
0.004055997028
0.004055996203
0.004055989405
0.004056343492
0.00520665116
0.9916713795
0.9974532433
0.9975582882
0.9969067297
0.996195298
0.9942785309
0.9916765526
0.01153781771
0.01077566312
0.9935575923
0.9934833143
0.9930561346
0.9862603958
0.9914182124
0.9968434113
0.9962926444
0.008062536401
0.004055565628
0.004055657683
0.004055700808
0.004055751601
0.004055807777
0.004055866854
0.004055925926
0.00405598317
0.004056037914
0.00405608926
0.004056138581
0.004056188894
0.004056238779
0.004056282792
0.004056318994
0.004056350315
0.004056373686
0.004056394738
0.004056423193
0.004056446274
0.004056451783
0.004056440111
0.004056431457
0.004056394338
0.004056527847
0.005014736343
0.02187368499
0.9979523972
0.9979219844
0.9978385721
0.9975505936
0.9974261075
0.9975563076
0.9978460615
0.9977620125
0.9970512814
0.009452999061
0.004831797298
0.004056846162
0.004056697067
0.004056506074
0.004859440124
0.01768696672
0.9973894262
0.996393066
0.9963009118
0.9961123189
0.9954434424
0.01057102502
0.9971691381
0.9981783853
0.006742062723
0.004055999086
0.004055949992
0.004056051042
0.004056167584
0.004056224785
0.004056223466
0.004056193668
0.004056155958
0.004056119937
0.004056091889
0.004056073808
0.004056069082
0.004056072919
0.004056076943
0.004056059034
0.004551815603
0.008168819018
0.9961670763
0.9950112818
0.9942690682
0.9949078821
0.9951689516
0.9951432965
0.9951525047
0.9953095275
0.9951788794
0.9960499012
0.9969343982
0.9900427542
0.005100641834
0.004056187265
0.004056156282
0.004056147793
0.004056118486
0.004056092474
0.004056069999
0.004056051994
0.004056037599
0.004056025747
0.004056015971
0.004056008029
0.004056001753
0.004055996914
0.004055993167
0.004055989991
0.004055986931
0.004055983612
0.004055980031
0.004055976139
0.004055975025
0.004055984911
0.004055940232
0.004342766523
0.007471534268
0.9961736322
0.9968966223
0.996882161
0.9960113223
0.995803117
0.9962050619
0.9951213662
0.008129185883
0.007903477011
0.9789434705
0.9843146508
0.9917213686
0.9957780296
0.9937886675
0.008062538638
0.004055568352
0.00405566148
0.004055702347
0.004055750919
0.004055805309
0.004055863299
0.004055922457
0.004055980985
0.004056037817
0.004056092189
0.004056144712
0.004056196545
0.004056246495
0.004056291646
0.004056330933
0.00405636518
0.004056393143
0.004056418013
0.004056443117
0.004056460905
0.004056464066
0.004056452238
0.004056435259
0.004056415819
0.004056397964
0.004056349006
0.004057406705
0.005439737405
0.9923669962
0.9972487226
0.9972813344
0.9967775275
0.9967399781
0.9969481047
0.9973896426
0.9978652413
0.9977616773
0.9967102232
0.00763825447
0.004587577845
0.004656328307
0.007383746011
0.9969456337
0.9980574839
0.9976446438
0.9965924353
0.9945996351
0.00718180472
0.004762082971
0.005602659874
0.9978689208
0.9976019402
0.005047971586
0.004055809527
0.004056002589
0.004056186598
0.004056259907
0.004056248388
0.00405620725
0.004056162397
0.004056122212
0.004056090701
0.004056070959
0.004056064963
0.004056077366
0.004056116895
0.004056151501
0.004056178978
0.004056345798
0.005251272065
0.9892753855
0.9937939784
0.9953438537
0.9962625198
0.9968518056
0.9973011827
0.9974511944
0.9969226607
0.9962711482
0.9966569036
0.0100202699
0.004382381907
0.004056283961
0.004056236127
0.004056193357
0.004056157244
0.004056124542
0.004056098271
0.004056077022
0.004056059726
0.004056045497
0.004056033721
0.004056023913
0.00405601563
0.004056008405
0.004056001806
0.004055995449
0.004055989287
0.004055983884
0.00405598016
0.004055979567
0.004055984578
0.004055997611
0.004055983472
0.004055929911
0.004056010972
0.004966754292
0.9879488293
0.996963613
0.996638532
0.9946655442
0.9951438361
0.9962213597
0.9958915319
0.9924176591
0.985653375
0.9895104177
0.9931980647
0.99581035
0.9897408835
0.008062540392
0.004055570518
0.004055664757
0.004055704023
0.004055751032
0.004055804171
0.004055861441
0.004055920683
0.00405598012
0.004056038451
0.004056094828
0.004056149329
0.004056202199
0.004056252508
0.004056298723
0.004056340248
0.00405637684
0.004056407631
0.00405643405
0.004056456104
0.004056469116
0.004056468458
0.004056454711
0.004056431945
0.004056403439
0.004056372958
0.004056346368
0.004056350868
0.00405626692
0.004333401484
0.006858314519
0.9944621835
0.9951439094
0.9952380966
0.9951610881
0.9957140581
0.9963307568
0.9968161433
0.9971746185
0.9963702832
0.9919585652
0.008627751065
0.9953396699
0.997263753
0.9981100598
0.9972878416
0.9946161304
0.006566668017
0.004581358642
0.004056466621
0.00405661617
0.007931110527
0.9984350814
0.9964085376
0.004736392241
0.004055973215
0.004056259453
0.004056319237
0.004056273189
0.004056211754
0.004056158319
0.004056114606
0.004056080388
0.004056057139
0.004056043013
0.004056051551
0.004056099768
0.004056128323
0.004056138692
0.004056191896
0.004704357619
0.007619591064
0.9931584817
0.9958771783
0.9970131479
0.9977010905
0.9981830171
0.9983854764
0.9980071574
0.9963876669
0.9713248937
0.005386087252
0.004056685476
0.004056444497
0.004056333669
0.004056245283
0.004056193115
0.004056154709
0.004056124779
0.004056100896
0.004056081387
0.004056065284
0.004056051936
0.004056040732
0.004056031057
0.004056022235
0.004056013727
0.004056005153
0.00405599678
0.004055990107
0.004055986692
0.004055988399
0.004055995563
0.004056007451
0.004056005199
0.004055992215
0.004056030059
0.004056014072
0.004338090262
0.007854206822
0.9964812304
0.994867665
0.9945793103
0.9957026274
0.9965396717
0.9966731047
0.9953542807
0.9937762883
0.9921948036
0.9950304958
0.06512736421
0.008062541597
0.004055571992
0.004055667199
0.004055705473
0.0040557516
0.004055804095
0.004055861059
0.004055920477
0.004055980567
0.004056039838
0.004056097297
0.004056152746
0.004056205981
0.004056256317
0.004056303108
0.004056346131
0.004056384291
0.004056416552
0.004056443566
0.004056463412
0.004056473544
0.004056470847
0.004056458092
0.004056437233
0.004056415228
0.004056393621
0.004056385398
0.00405639571
0.004056394206
0.004056335703
0.004056332016
0.004871150339
0.9701363567
0.9937490355
0.9940076511
0.9938837831
0.994642665
0.995227186
0.9956947787
0.9960348617
0.9962074998
0.9964671936
0.9972917879
0.9977850677
0.9981229385
0.9970504133
0.007283579222
0.0045392364
0.004056200453
0.004056395356
0.004056508618
0.004057440486
0.01412566448
0.997654358
0.9877099937
0.004603633673
0.004056304096
0.004056387413
0.004056285859
0.004056202877
0.004056143769
0.004056098819
0.004056065053
0.004056041543
0.004056011751
0.00405600094
0.004056052019
0.004056050284
0.004056002539
0.004459677672
0.006133628774
0.9920083269
0.9931016744
0.9953530647
0.9967666325
0.9977073179
0.9983129969
0.9985698445
0.9984016228
0.9971041144
0.006294735202
0.004246713984
0.004056478958
0.004056404044
0.004056317495
0.004056257046
0.004056210513
0.004056174807
0.004056145753
0.004056121471
0.004056101056
0.004056083967
0.004056069789
0.004056057945
0.004056047723
0.00405603818
0.004056028549
0.004056018163
0.004056007352
0.004055998666
0.004055994176
0.004055996549
0.004056003726
0.004056014241
0.004056015452
0.004056020389
0.004056075474
0.004056119152
0.004056165825
0.004056423147
0.006421087772
0.9920878433
0.9948823751
0.9963917463
0.9971626634
0.997517202
0.9973133627
0.9964471262
0.9931423774
0.9880913668
0.01868509003
0.008062542199
0.004055572681
0.004055668603
0.004055706481
0.004055752426
0.004055804909
0.004055862001
0.00405592175
0.004055982348
0.004056042067
0.004056099772
0.004056155239
0.004056208001
0.004056257586
0.004056304159
0.004056348
0.004056386863
0.004056419443
0.004056446716
0.004056464802
0.004056473333
0.004056469258
0.004056459351
0.004056442696
0.004056432086
0.004056424135
0.00405643688
0.004056456508
0.004056490223
0.004056457025
0.004056627554
0.004056649947
0.005292469384
0.009945769732
0.9932312606
0.9940090104
0.9948374466
0.9955953611
0.9964532177
0.9971945065
0.9976305371
0.997753392
0.9978236887
0.997390053
0.9976212465
0.02060437966
0.004890805325
0.004056249764
0.004056295576
0.004056382012
0.004056390144
0.004056345176
0.00443863633
0.9874636168
0.9952146687
0.9893785813
0.004469668071
0.004056491824
0.00405630714
0.004056193936
0.004056128525
0.00405608017
0.004056048192
0.004056037865
0.004055999306
0.004055956279
0.004056032248
0.004056014168
0.004468128068
0.006019306173
0.9897458363
0.9932357986
0.9916678655
0.9919441435
0.994742571
0.9966647394
0.9977661779
0.9982122493
0.9981351153
0.9975856842
0.007935629247
0.004056355301
0.004056466754
0.004056405231
0.004056323358
0.004056267781
0.004056225411
0.004056191403
0.004056163204
0.004056139015
0.004056118234
0.004056100729
0.004056086405
0.00405607476
0.004056065013
0.004056055789
0.004056045905
0.004056033903
0.004056019875
0.004056007857
0.004055999943
0.004056000921
0.004056006759
0.004056016145
0.004056005293
0.004055993495
0.004056032488
0.004056051442
0.00405602711
0.004426925936
0.005843631297
0.9837072028
0.9939457565
0.9963886733
0.9971809958
0.9975425507
0.99751317
0.9969941123
0.9949114578
0.9858538761
0.01396923551
0.008062542148
0.004055572519
0.004055668859
0.004055706959
0.004055753449
0.004055806558
0.004055864202
0.004055924474
0.004055985546
0.004056045307
0.004056102474
0.004056157121
0.004056208443
0.004056256127
0.004056301445
0.004056345542
0.004056383983
0.00405641546
0.004056442848
0.004056458429
0.00405646548
0.004056458076
0.004056450187
0.004056435379
0.00405643408
0.004056430161
0.00405646058
0.004056450545
0.00405648358
0.004056430713
0.004057048421
0.004799448922
0.006913671034
0.9919706756
0.9930768614
0.9943979028
0.995388068
0.99626069
0.9971997771
0.9979638657
0.998373418
0.9983249869
0.9980041715
0.9968451515
0.987961609
0.00568040109
0.004058050988
0.004056366307
0.004056336324
0.004056351588
0.004056323944
0.00405624562
0.0040560465
0.004564331141
0.9858486759
0.9977178642
0.0164133916
0.004057980047
0.004056396376
0.004056209899
0.004056125212
0.00405606212
0.004056021622
0.004056032244
0.004056010046
0.004055982393
0.004056426037
0.004714954233
0.006728573436
0.9932854992
0.9953259077
0.9951014126
0.992064043
0.9915569343
0.9925305286
0.9945653703
0.9954047141
0.9967226081
0.9972464548
0.9974540346
0.9955807199
0.004621804997
0.004056241088
0.004056324886
0.004056299616
0.004056260135
0.004056226909
0.004056199102
0.004056174417
0.004056151872
0.00405613167
0.0040561144
0.004056100611
0.004056090055
0.004056082022
0.004056074459
0.004056065643
0.004056052438
0.004056034251
0.004056018272
0.00405600499
0.004056002398
0.004056004679
0.004056023066
0.004056003154
0.004055955043
0.004055979464
0.004055954587
0.004376219749
0.005515559257
0.9721892103
0.9876569885
0.9910615011
0.9951228003
0.9963431585
0.9968421223
0.9969300092
0.9964829082
0.9947551423
0.9906354429
0.01618730436
0.008062541396
0.004055571468
0.004055667945
0.004055706944
0.004055754751
0.00405580911
0.004055867658
0.00405592865
0.004055990303
0.004056049794
0.004056105686
0.004056158835
0.004056207655
0.004056251948
0.0040562948
0.004056338952
0.004056375292
0.004056403267
0.004056430997
0.004056441697
0.004056445694
0.004056430356
0.004056420964
0.004056394969
0.00405639848
0.004056353106
0.004056352848
0.004056273143
0.004056344071
0.00430111088
0.005378454819
0.01195131744
0.9953345877
0.9937842438
0.9924625996
0.9930447448
0.995010021
0.9962355352
0.9972889132
0.9981710691
0.998659237
0.9987121449
0.9981463128
0.9958513513
0.006223200152
0.004266268637
0.004056414343
0.004056296585
0.004056277706
0.004056280143
0.004056246397
0.004056162073
0.004056001377
0.00405576648
0.004684479629
0.9962635561
0.9984951134
0.008431424946
0.004056483271
0.004056172239
0.004056100936
0.004056029481
0.004055946152
0.00405593725
0.004055871223
0.004179341528
0.005097183825
0.01137614348
0.9963607599
0.9969908289
0.9968664723
0.9959840257
0.994673699
0.9949997419
0.9944184369
0.9951323904
0.9942031351
0.9893667337
0.9964692509
0.9975095582
0.9972088467
0.007114283526
0.004056082104
0.004056208365
0.004056242307
0.004056229534
0.004056213022
0.004056196641
0.004056178814
0.004056159671
0.004056140902
0.00405612425
0.004056111341
0.004056102477
0.004056097515
0.004056093329
0.004056087593
0.004056074189
0.00405605096
0.004056031415
0.004056013423
0.004056007707
0.004055996106
0.004056027905
0.004056022652
0.00405597207
0.004056102857
0.004528308097
0.005802907917
0.981246638
0.9904530781
0.9886332294
0.9846333935
0.9917168126
0.9939672264
0.9946882514
0.9951232639
0.9950379916
0.9938712864
0.9921330828
0.9711691019
0.008062539887
0.004055569531
0.004055665962
0.004055706631
0.004055756592
0.004055812758
0.004055872387
0.004055934233
0.004055996739
0.00405605575
0.004056109742
0.004056161138
0.004056206223
0.004056245224
0.004056284598
0.004056329502
0.004056360905
0.004056381456
0.00405641003
0.004056411761
0.004056411029
0.004056373881
0.004056364947
0.004056294159
0.004056272788
0.00405617562
0.00405622252
0.004273983968
0.005022368819
0.007914632422
0.9879243329
0.9968531946
0.9970961926
0.9954959713
0.9933040028
0.9936319849
0.9947730451
0.9957969917
0.9966749683
0.9977450931
0.9984161228
0.9984612006
0.9978305542
0.01102929781
0.004630146996
0.004056331992
0.004056503984
0.004056384086
0.004056293022
0.004056245657
0.004056186962
0.004056093811
0.004055955171
0.004055800725
0.004055722138
0.004954428258
0.9975126245
0.9979699934
0.005566760652
0.004055996727
0.004056040946
0.004056021507
0.004055940273
0.004056030558
0.004430979176
0.005402024556
0.9481464742
0.9970117889
0.9978272186
0.9977766021
0.9972459645
0.996927075
0.9959151726
0.9959190273
0.9949564809
0.9761860899
0.00749785206
0.005279314947
0.01330521055
0.997810925
0.9980263907
0.9965382237
0.004655959297
0.004056131005
0.004056178017
0.004056182835
0.004056187199
0.00405618652
0.004056178071
0.00405616344
0.004056146457
0.004056130289
0.004056117972
0.004056110491
0.004056109544
0.004056110798
0.004056111214
0.004056098358
0.00405606943
0.004056048725
0.004056023188
0.004056027131
0.004055980505
0.004055987296
0.004055915511
0.004196445775
0.00489209064
0.008055885021
0.9934664409
0.9946130517
0.9941629372
0.9896410341
0.9852072235
0.9886229004
0.9899019697
0.9882985906
0.98897818
0.9917554959
0.9934581371
0.9947549645
0.9889767562
0.008062537552
0.004055566778
0.004055663197
0.004055706432
0.004055759448
0.004055817802
0.004055878349
0.004055941071
0.004056004874
0.004056063051
0.004056114774
0.004056165575
0.004056205355
0.004056235766
0.004056271749
0.004056321607
0.004056341316
0.004056348034
0.004056381762
0.004056358908
0.004056360431
0.004056273632
0.004056241425
0.004056128044
0.004056189703
0.004275474625
0.005017742058
0.007850953494
0.9870585221
0.996434811
0.9971797015
0.9969237344
0.9967901373
0.9948507869
0.9940674704
0.9946730037
0.9951070287
0.995604539
0.9959338378
0.9968665588
0.9974520493
0.9974868523
0.9965582789
0.9819461238
0.004339970011
0.004056289058
0.004056443708
0.004056380694
0.004056295131
0.004056222744
0.004056147356
0.004056055399
0.004055949234
0.004055865076
0.004055851096
0.004055967159
0.006446449062
0.9981454963
0.9969779216
0.005069494439
0.004055963754
0.004055954531
0.004205284533
0.004902953386
0.008102991468
0.9939860099
0.9966839604
0.9976141567
0.9979128518
0.9978526916
0.9973190316
0.996901351
0.995459235
0.97105533
0.007321529481
0.005041203196
0.004318631492
0.004056371788
0.004765490926
0.9966979589
0.9981617752
0.9981547774
0.009440763983
0.004056232876
0.004056121155
0.004056129955
0.004056156476
0.004056173858
0.004056175616
0.004056165318
0.004056149759
0.004056133482
0.00405612101
0.004056113131
0.004056115292
0.004056123053
0.004056135979
0.004056124194
0.004056084528
0.004056080017
0.00405604693
0.004056069299
0.004056033884
0.004056406297
0.004497651337
0.00559698855
0.9033503073
0.9960842838
0.9969507154
0.9965297685
0.9954143833
0.9930855714
0.990760733
0.9903579159
0.9884602943
0.9771410938
0.9643006955
0.9639748671
0.9917840963
0.996121646
0.9942574178
0.008062534331
0.004055563402
0.004055660214
0.004055707064
0.004055764139
0.004055824591
0.004055885229
0.00405594889
0.004056014789
0.00405607068
0.00405611948
0.004056174746
0.004056208703
0.00405622316
0.004056254661
0.004056325621
0.004056323553
0.004056292615
0.004056351831
0.004056277451
0.004056254755
0.004056126374
0.004056251768
0.004297097472
0.005078871158
0.008113162069
0.9887669878
0.9966490986
0.9974264377
0.9973558446
0.9975136396
0.9970650607
0.996641703
0.9955833843
0.9953616094
0.9958231165
0.9961557482
0.9967014508
0.9964950792
0.9970307146
0.9971674873
0.9949849848
0.9959632056
0.994583003
0.005014491706
0.004056103899
0.004056318292
0.004056320493
0.004056271719
0.004056201732
0.004056121635
0.00405603069
0.004055946698
0.004055913341
0.004055921359
0.004056056612
0.004056463854
0.00942492253
0.9972500646
0.9929484757
0.005030044517
0.004609384178
0.005699668499
0.9172048299
0.9962568909
0.9975064071
0.9979641844
0.998109515
0.9981465063
0.9980504606
0.9973534126
0.9875267023
0.007370837502
0.004932476172
0.004275291708
0.004056229946
0.00405619507
0.004056160581
0.004055957219
0.006215591711
0.9973608282
0.9984885349
0.9978177215
0.004923473116
0.004056062203
0.0040560778
0.004056130241
0.004056165581
0.004056175679
0.004056167785
0.004056152747
0.004056135566
0.004056122672
0.00405611165
0.004056112683
0.004056120179
0.004056151748
0.004056147479
0.004056072904
0.004056069246
0.004056032247
0.004056188622
0.004320106569
0.00538329221
0.01164522125
0.9954041162
0.9967750837
0.9974497774
0.9974696642
0.9968918734
0.9964952838
0.9957136734
0.9959681342
0.9949406793
0.9926772368
0.9854574651
0.9884109673
0.9621481694
0.9780617214
0.9963928325
0.995712324
0.008062530356
0.00405555989
0.004055657959
0.004055709572
0.00405577213
0.004055833594
0.004055891841
0.004055956986
0.004056027638
0.004056076823
0.004056118738
0.004056189573
0.004056223924
0.004056213924
0.004056226693
0.004056343093
0.004056329214
0.004056225472
0.004056278764
0.004056167951
0.004056517603
0.004348757751
0.005268117117
0.009083744309
0.9911001878
0.9969071387
0.9976300274
0.9976122108
0.9978568955
0.9976641022
0.997469998
0.9971671986
0.9969492664
0.9965687319
0.9967591405
0.9964255384
0.9962840646
0.9968635906
0.9964326477
0.9920408289
0.01115943725
0.009265301809
0.9948765371
0.9961048319
0.006916055117
0.00405614136
0.004056243209
0.004056273575
0.004056245565
0.004056182188
0.004056109132
0.004056019307
0.004055939711
0.004055960365
0.004055980249
0.004056111305
0.004056323482
0.004483294304
0.9870843849
0.9934737154
0.9914078221
0.01034575396
0.9951407696
0.9963697281
0.9972847356
0.9978017098
0.9980980706
0.997911796
0.9973873814
0.9965372698
0.01382295659
0.005368837009
0.004280259688
0.004056171932
0.00405615905
0.004056176607
0.004056190821
0.004056154171
0.004055959785
0.004261570771
0.9895338149
0.9981673893
0.9985885572
0.0150288509
0.004056507645
0.004056036371
0.004056118993
0.004056167367
0.00405618092
0.00405617204
0.00405615708
0.004056139087
0.004056126586
0.004056111441
0.004056108025
0.004056093912
0.004056127906
0.004056129799
0.004056021947
0.004056054579
0.004281326953
0.005163654634
0.009271316607
0.9927282846
0.997542038
0.9981134251
0.9980191923
0.9980494648
0.9978696769
0.9978296827
0.9973281348
0.9966290742
0.997130915
0.9975151475
0.9937737252
0.9542851641
0.9729629138
0.008708061684
0.975323476
0.9958283795
0.9957484752
0.008062526627
0.004055557534
0.004055657963
0.004055714925
0.004055785895
0.004055846269
0.004055895731
0.004055962301
0.004056046348
0.004056082608
0.004056102904
0.0040562021
0.00405624694
0.004056227323
0.004056207056
0.00405633638
0.004056257766
0.004056295685
0.004073512318
0.004466761383
0.005688183535
0.01200017207
0.9938907584
0.9973970064
0.9978838121
0.997781289
0.9980482881
0.9979158326
0.9978540413
0.9977480166
0.9975980694
0.997587442
0.9970803619
0.9966791833
0.9970658194
0.9967168597
0.989448347
0.9607809653
0.008074960399
0.005296019378
0.00441810351
0.004536766274
0.9942214185
0.9968584214
0.9814281718
0.004285396224
0.004056217168
0.004056239857
0.004056219094
0.004056154102
0.004056096603
0.004056025816
0.004055938476
0.004055979218
0.004055986817
0.004056209735
0.004328161911
0.005394280239
0.01253891968
0.9954774076
0.9963475538
0.99707302
0.9976222539
0.9975899831
0.9977882262
0.998128938
0.998303128
0.9978317169
0.9882049764
0.006069568857
0.004656335121
0.004056810845
0.0040562496
0.004056217809
0.004056231273
0.004056242213
0.004056198623
0.004056148288
0.004056027965
0.004055908097
0.005126744725
0.9977034546
0.9986643357
0.9977124394
0.005133411065
0.004055952022
0.004056095801
0.004056167681
0.004056186895
0.004056176695
0.004056163332
0.004056147292
0.004056141047
0.004056117204
0.004056127551
0.00405607358
0.00405606901
0.004055970677
0.004196578843
0.004896362845
0.007922903892
0.9908055974
0.9973124202
0.9979603657
0.9979757876
0.9983142856
0.9981913401
0.9983568098
0.9981203009
0.9981739377
0.9980365454
0.9933047767
0.9813617357
0.01067397055
0.006808720163
0.00496604213
0.004486718267
0.004442119469
0.006838715792
0.9964650993
0.9948829608
0.008062527379
0.004055559585
0.004055663202
0.004055722916
0.004055808014
0.004055866397
0.004055896671
0.004055956581
0.004056064945
0.00405608858
0.004056064471
0.004056164096
0.00405615903
0.004056133628
0.004056267966
0.00405868967
0.004338400971
0.004710755395
0.007888657484
0.1393339786
0.9960102198
0.9979748995
0.998234438
0.9980625306
0.9982248472
0.9980240688
0.9980457934
0.9980021544
0.9979852596
0.9978078624
0.9974017225
0.997471323
0.997134227
0.9893862779
0.9368411496
0.00812024907
0.005547811999
0.004475775732
0.004259058622
0.004056555298
0.004056497035
0.004056608237
0.008316228405
0.9977547841
0.9967714697
0.005087627599
0.004056224081
0.004056206824
0.004056192641
0.004056117084
0.004056051947
0.004056002375
0.004055996388
0.004056540987
0.004358368889
0.005240559819
0.008467516457
0.988709405
0.9969361317
0.9977737226
0.9980743078
0.9980693548
0.9981230016
0.997736746
0.9977958569
0.9977114882
0.9974840129
0.02776187352
0.005589873607
0.004221835046
0.004056108736
0.004056153067
0.004056220449
0.004056252393
0.004056240064
0.004056234338
0.004056195479
0.004056140462
0.004056057758
0.004055996015
0.004056495011
0.01484466999
0.9985860216
0.9981698553
0.9896280561
0.004262746185
0.004056066298
0.004056172697
0.004056198386
0.004056186358
0.00405617824
0.004056162962
0.004056187165
0.004056162121
0.00405619858
0.004056185272
0.004058627083
0.00472259837
0.006044644312
0.9752866961
0.9967036906
0.997730258
0.9979539748
0.9982479368
0.9981617564
0.9984234346
0.9982479782
0.9983156449
0.9979166356
0.9950147319
0.01701668937
0.006595143085
0.004531897925
0.004279661097
0.004057786318
0.004057286714
0.004056965221
0.004056656518
0.00616321799
0.9973354047
0.9956119391
0.008062552524
0.004055573128
0.004055679912
0.00405573201
0.004055835873
0.004055891618
0.004055899298
0.004055938549
0.004056022907
0.004055989909
0.004056001806
0.004056433067
0.004248381165
0.004431395296
0.005103837515
0.008414720599
0.02837168077
0.9945040415
0.9967549497
0.998592037
0.9985820349
0.9983513739
0.9984163962
0.9981755617
0.9981453164
0.9980509756
0.9982191522
0.9979409983
0.9978135059
0.9976027722
0.9953052052
0.9841695805
0.008633555658
0.005538415705
0.004428354736
0.004243181747
0.004056439135
0.00405637109
0.004056429646
0.004056395186
0.004056407517
0.004056220501
0.004946113662
0.9962493217
0.9978435445
0.01018120052
0.00405665218
0.00405628187
0.004056157276
0.004056047676
0.004056063746
0.004214278978
0.004456147198
0.00611942568
0.0130242181
0.9935297376
0.9969845626
0.9974125836
0.9973202192
0.9978864071
0.9981574328
0.9982518389
0.9982137509
0.9975288254
0.996656722
0.9948062346
0.007745825448
0.00496738815
0.004058746321
0.004056436297
0.004056377268
0.004056297299
0.004056273223
0.004056263556
0.004056240825
0.004056217595
0.004056182445
0.0040561375
0.004056080515
0.004056041568
0.004056078538
0.004916087983
0.9978068882
0.9984923746
0.9973720973
0.006192039141
0.00405609596
0.004056233853
0.004056240193
0.00405620451
0.004056206198
0.00405617023
0.00405618835
0.004056135561
0.004056409089
0.004369539545
0.005960543497
0.02889334852
0.9970682669
0.9973380643
0.9978092227
0.9981411789
0.9981597765
0.9982180584
0.9982679231
0.9984522388
0.9981466383
0.9954233381
0.01343404935
0.00562704202
0.004412129746
0.00405903741
0.004058302592
0.004058239166
0.00405783926
0.004057651069
0.00405727223
0.004056707876
0.005521179675
0.9964812833
0.9950101709
0.008062713461
0.004055620644
0.004055710441
0.004055744357
0.004055849755
0.004055854382
0.004055872582
0.004056122081
0.004141223785
0.004376505582
0.00475198938
0.006743675698
0.01237798413
0.9902548481
0.9945525355
0.9975570583
0.9987272606
0.9986530851
0.9984094617
0.9985003251
0.9985480646
0.9982848279
0.998151462
0.9980032289
0.9981318098
0.9978811023
0.9980796309
0.9978004434
0.9937192651
0.9623109788
0.006833008087
0.004688449893
0.004262708442
0.004056246231
0.004056156747
0.004056231381
0.004056266146
0.004056405059
0.004056543877
0.004056506274
0.00405637128
0.004056319264
0.004378318399
0.9808959076
0.9964322267
0.9963196963
0.004858591299
0.004056607872
0.004062053268
0.00443074186
0.005198195152
0.007687062734
0.9737701542
0.9933527743
0.9979968526
0.9981732886
0.9978084126
0.9978214064
0.9976033752
0.9977639188
0.9979938913
0.9982032412
0.9981198525
0.9972339908
0.973921697
0.005633701576
0.004455974401
0.004056371606
0.004056303729
0.00405633804
0.004056363507
0.004056325788
0.004056296517
0.004056260465
0.004056224552
0.004056196453
0.004056169317
0.004056142309
0.004056113737
0.004056098549
0.004056116861
0.004056222623
0.009316250276
0.998146453
0.9982192449
0.9964446374
0.0046524227
0.00405633299
0.004056332376
0.004056229631
0.00405620559
0.004056133372
0.00405628934
0.004326758477
0.005354082548
0.01102163387
0.9951036912
0.9981716181
0.9984861416
0.9982953929
0.9982283497
0.998157366
0.9981230402
0.9977744949
0.9972674187
0.9969627918
0.02718915827
0.00600877135
0.004409776307
0.004059419164
0.00405941948
0.004059379626
0.004059303138
0.004059025936
0.004058319441
0.004057699181
0.004057170381
0.004056578193
0.005160418035
0.9948750898
0.993462433
0.008064594253
0.00405584547
0.004055724866
0.004055758102
0.004056346024
0.004256540831
0.004496304004
0.005488676504
0.01009305352
0.9999999898
0.9951571643
0.9970974028
0.9985341951
0.9985477688
0.998379719
0.9985500838
0.9987082045
0.9987923
0.9986144528
0.9984973387
0.9982684484
0.9979961981
0.9977077579
0.9973741039
0.9975426449
0.9969506206
0.9935732423
0.01096603754
0.005755332175
0.004439120807
0.004196114254
0.004056144099
0.004056068476
0.004056028014
0.004056105333
0.004056213599
0.00405622638
0.004056271015
0.004056394092
0.0040565044
0.004056693651
0.004057168713
0.00442564355
0.00824240548
0.9951834118
0.9956351744
0.008310272962
0.005030725484
0.008476196823
0.04224075584
0.9950356632
0.9971640581
0.9976785364
0.9976141185
0.9980080003
0.9982842836
0.9980198362
0.9980616876
0.9976431629
0.9972176978
0.9969262194
0.9968463891
0.9958609092
0.01142321756
0.005216712019
0.004200452505
0.004056435778
0.004056459179
0.004056379467
0.004056328417
0.004056307964
0.00405630973
0.004056299577
0.004056244734
0.004056195507
0.004056167768
0.00405615447
0.004056149832
0.004056149927
0.004056158986
0.004056176591
0.004056165715
0.004649278069
0.9963699542
0.998048337
0.9982057766
0.01420784747
0.004057257539
0.004056477402
0.004056244597
0.004056251375
0.004306109507
0.00524540529
0.009823208144
0.993384784
0.9976476181
0.9982687623
0.9983073724
0.9984690893
0.9981832702
0.9982413218
0.9979270254
0.9976771639
0.9965862974
0.9709424689
0.005972733689
0.004707156311
0.004063236721
0.004061326715
0.004061288807
0.00406099212
0.004060389515
0.00405970628
0.004059064405
0.004058343427
0.004057692768
0.004057137037
0.004056563176
0.00489956503
0.9914291738
0.9906503756
0.008069287788
0.004058301606
0.004278650058
0.004624952135
0.006689773411
0.01557923592
0.9940789066
0.9965315529
0.9982829127
0.9988865847
0.9988442591
0.9987508851
0.9988496599
0.9989467606
0.9988742079
0.9988558321
0.9988050546
0.9987247043
0.9986392236
0.9984987077
0.9981916734
0.9977249335
0.9969556752
0.9952210417
0.9938039692
0.02684521241
0.009893768298
0.007146431586
0.006453477964
0.006247628361
0.0061798504
0.006152699323
0.006140404654
0.006133920039
0.006130836043
0.006132331734
0.006143156016
0.00617446262
0.006251122132
0.006436893371
0.006955688633
0.009271293755
0.01188025713
0.9938191077
0.9966191735
0.9969251183
0.9954962602
0.9941312602
0.9968411103
0.9985443124
0.9984192677
0.9980462232
0.9982209082
0.9981741328
0.9984135858
0.9981772291
0.9978471337
0.9980720308
0.9980876563
0.995256886
0.9835223142
0.9934899226
0.007019570321
0.004490679793
0.004057042093
0.004056876443
0.004056833612
0.004056658261
0.004056500912
0.004056382998
0.0040562854
0.004056275844
0.004056281934
0.004056202694
0.004056146571
0.004056129376
0.004056137348
0.004056159361
0.004056189891
0.004056228944
0.00405627443
0.004056270823
0.00405624254
0.007101500894
0.9967415141
0.997716932
0.9979439255
0.006760922101
0.004056608708
0.004288976043
0.005116641432
0.008824073466
0.9921780489
0.9974674737
0.998056245
0.998081315
0.9984322255
0.998347466
0.9983948848
0.9979921314
0.9979280073
0.9972283959
0.9901302094
0.007741129929
0.004871965355
0.004198621925
0.004062876263
0.004063876713
0.004063349074
0.004062502101
0.004061500701
0.004060515497
0.004059663772
0.004058946504
0.004058282338
0.004057715231
0.004057240266
0.004056684045
0.004750396557
0.9838541047
0.9849446532
0.03032832268
0.008925761658
0.04355307114
0.9963417486
0.9977722541
0.9988581593
0.9989560176
0.998899505
0.9990136126
0.9991157945
0.9991535809
0.999107693
0.9990840563
0.9990561705
0.9990464154
0.9990201302
0.9989423127
0.9988391357
0.9987338414
0.9986019406
0.9983727085
0.998059332
0.9976667332
0.9972106349
0.9968853926
0.997664768
0.9982128001
0.9981133655
0.9982206052
0.9981879586
0.9981634632
0.9981509575
0.9981441616
0.9981400683
0.9981375649
0.9981368217
0.9981391742
0.9981473044
0.9981655454
0.9982001388
0.9982600978
0.9983662536
0.9986256163
0.998336287
0.9982298816
0.9983056489
0.9980844498
0.9977473342
0.9977361248
0.9980055697
0.9981890834
0.9979619954
0.9981865285
0.998127842
0.9984564796
0.9983703596
0.9954109049
0.9905977241
0.01274454682
0.006814255404
0.004736456188
0.00657916006
0.007702907063
0.004057454041
0.004057071068
0.004057077569
0.004057023304
0.004056851954
0.00405670428
0.004056592395
0.00405639132
0.004056256176
0.004056163006
0.004056079011
0.004056028404
0.00405602883
0.004056052828
0.004056089435
0.004056137785
0.004056206001
0.004056314056
0.004056535302
0.004057068478
0.005110252106
0.9930705015
0.9957389229
0.9965845028
0.9952771555
0.006443233185
0.008213620519
0.9896318221
0.9970599993
0.9978354837
0.9979936664
0.9982773474
0.9981886168
0.9984397858
0.998237268
0.998157055
0.997421182
0.9921569407
0.0089506227
0.005126610934
0.00428275328
0.004065473675
0.004067743366
0.004066612697
0.004065479683
0.004064036978
0.004062520186
0.004061291344
0.00406029154
0.004059480242
0.004058807354
0.004058216346
0.004057710383
0.004057334766
0.004056998467
0.004588063817
0.8664989689
0.977674705
0.9979110136
0.9988371839
0.9991999163
0.9992580518
0.9992172437
0.9992805855
0.9993399462
0.9993113661
0.9993048552
0.9992885046
0.9992742212
0.9992662199
0.9992435655
0.9992045576
0.9991734288
0.999138396
0.9990713769
0.9989837482
0.9988906343
0.9987862734
0.998653509
0.9985121682
0.9983955727
0.9983437419
0.9983838705
0.99848777
0.9987518017
0.9988253812
0.9988464988
0.9988571564
0.9988605971
0.9988605441
0.9988596717
0.9988584978
0.9988570434
0.9988551156
0.9988523104
0.998847886
0.9988405278
0.9988280511
0.9988074919
0.9987783599
0.9987617205
0.9988126171
0.9987610477
0.9987617816
0.9986670883
0.9984075815
0.9980481864
0.9977101744
0.9973243998
0.9971754834
0.9976335692
0.9972838912
0.9956582628
0.02292723011
0.006928602525
0.004591011284
0.004289339839
0.004057140018
0.004056986791
0.005570745025
0.9966931987
0.005177017217
0.004056805628
0.004056799355
0.004056776228
0.00405674304
0.004056784654
0.004057006613
0.004057776222
0.004060466066
0.004285569184
0.004358192677
0.004538691793
0.004674183079
0.004801301728
0.004918687982
0.005038815154
0.005181644373
0.005395576709
0.00585742225
0.007726462562
0.0114691774
0.9944703064
0.9959601495
0.9963836203
0.9961865691
0.9948760996
0.9969157706
0.9975016116
0.997662222
0.9980555291
0.9980915442
0.9981738963
0.9982223819
0.9983976069
0.9980184668
0.9943313482
0.009800061897
0.00522903681
0.004315635624
0.004069333416
0.004071976023
0.004071555366
0.004070475587
0.004068218681
0.004065836156
0.004063854293
0.004062262419
0.004061028084
0.004060068538
0.0040593199
0.004058720117
0.004058227503
0.004057840385
0.00405756207
0.004057836256
0.004676009553
0.9911414458
0.9058416343
0.9987157793
0.9993630127
0.9994809874
0.9995366418
0.9995164147
0.9995049714
0.9994878273
0.9994771245
0.9994619341
0.9994318098
0.9994026501
0.9993809162
0.9993560886
0.9993206487
0.9992836854
0.9992424146
0.9991863044
0.9991185283
0.9990465766
0.998972
0.9988949736
0.9988281553
0.9987858731
0.9987779399
0.9988003003
0.9988309036
0.9988654072
0.9989151523
0.9989455145
0.9989576985
0.9989660411
0.9989700063
0.9989712663
0.9989709962
0.9989695111
0.9989665348
0.9989612588
0.9989522982
0.998937669
0.9989150555
0.9988831763
0.9988465948
0.9988274379
0.9988610428
0.9989250443
0.9989255306
0.9988328807
0.9986114863
0.9982179349
0.9975891916
0.9964486899
0.9942215361
0.9930388746
0.021748559
0.009087916081
0.006453591745
0.005684479572
0.005641108887
0.005622348341
0.005622722957
0.005661597446
0.006023361959
0.01190028705
0.00805419031
0.005490097499
0.005818283737
0.006111228828
0.006435620797
0.00683936696
0.007437279487
0.008731020092
0.01631017233
0.02540740373
0.98368603
0.9726343172
0.9887379235
0.9922083808
0.9939299682
0.994953533
0.9956760363
0.9962519275
0.9967648659
0.9972992996
0.9980759779
0.997904309
0.9978341266
0.997869617
0.9978441148
0.9976206188
0.9975894796
0.9977072578
0.9977600383
0.9978834905
0.9979749345
0.9976667259
0.9971350588
0.9967427067
0.02024383403
0.005757471129
0.004355465238
0.004074463846
0.004078025512
0.004078755146
0.004077060629
0.004074166765
0.004071139174
0.004068275116
0.004065722239
0.004063652299
0.004062055897
0.004060850659
0.004059925901
0.004059229297
0.004058691096
0.004058276645
0.004057983361
0.004057805159
0.004057385038
0.00437301404
0.02586675893
0.9927116004
0.9991190368
0.9995404053
0.9996120684
0.9996352713
0.9996367152
0.9996252862
0.9996028446
0.9995818616
0.9995609565
0.999532168
0.9995015034
0.9994732611
0.9994441463
0.9994104811
0.9993738893
0.9993331871
0.9992853338
0.9992322284
0.9991775549
0.9991238789
0.9990742586
0.9990351913
0.9990117858
0.9990052457
0.9990102321
0.9990157124
0.9990183467
0.9990277306
0.9990434258
0.9990536311
0.9990603544
0.9990644313
0.9990662879
0.9990665309
0.9990654298
0.9990627875
0.9990579638
0.9990499251
0.99903742
0.9990195453
0.9989972257
0.9989762702
0.9989705225
0.9989931037
0.9990270007
0.9990243906
0.9989497575
0.9987840279
0.998503007
0.9980799883
0.9974996557
0.9968757681
0.9964202918
0.9972470505
0.9978686206
0.9976622774
0.997694126
0.9976663668
0.9976433599
0.9976256671
0.9976215416
0.9976832796
0.9979873057
0.9978369812
0.997628223
0.9977825957
0.9980151269
0.9982034071
0.998362496
0.9984990652
0.9986184115
0.998732332
0.99891097
0.998406808
0.9974829939
0.9972411605
0.9972580015
0.9973693147
0.9974938377
0.9976040978
0.9976865308
0.9977314041
0.9977410912
0.9977866739
0.9980527997
0.9981757804
0.9983129147
0.9983209076
0.9982176613
0.9981654501
0.9979496915
0.9980326518
0.9977952307
0.9976034161
0.9965188602
0.9648614715
0.005899115128
0.004689562265
0.004085191614
0.004086190105
0.004087903132
0.004085797381
0.004082522297
0.004078603308
0.00407486444
0.004071206995
0.004068285531
0.004065639951
0.004063568585
0.004061987182
0.004060801065
0.004059892855
0.004059234554
0.004058733499
0.004058356111
0.004058105489
0.004057992171
0.004057979704
0.004254677166
0.9428721418
0.9897944725
0.9994057976
0.9996735397
0.9997077012
0.9997168785
0.9997122566
0.9996994564
0.9996788049
0.9996559109
0.9996318572
0.999604373
0.9995749918
0.9995453868
0.9995147502
0.9994817987
0.9994466643
0.9994086503
0.9993671391
0.999323646
0.999280423
0.9992395417
0.9992034788
0.9991754017
0.9991570371
0.9991477343
0.9991438723
0.9991400953
0.9991349503
0.9991330464
0.9991361755
0.9991405303
0.9991443859
0.9991470514
0.9991485702
0.9991490896
0.9991487212
0.9991473891
0.9991447966
0.999140484
0.9991340105
0.9991253803
0.9991158652
0.9991090906
0.9991108958
0.9991238623
0.9991368936
0.9991269438
0.9990749085
0.998971075
0.9988137418
0.9986158581
0.9984214222
0.9983099423
0.9983192887
0.9984024684
0.9986518022
0.9987133378
0.9987143928
0.9987082974
0.9987050155
0.9987006965
0.998698983
0.9987115779
0.9987492936
0.9987705234
0.9987335269
0.9987213013
0.9987606982
0.9988084221
0.9988512009
0.9988835184
0.9988981545
0.9988846295
0.9988349468
0.9987539809
0.9983912382
0.9981437433
0.9979868599
0.9979103011
0.9978737158
0.9978470064
0.9978061852
0.997733901
0.9976334212
0.9975797686
0.9977395091
0.9980850822
0.998314444
0.9983743548
0.9983198835
0.9984295276
0.9981572716
0.998093726
0.9975793007
0.9913878473
0.007924348264
0.004912381545
0.004234258494
0.004099495606
0.004108239327
0.004101100757
0.004093727822
0.004088140768
0.00408439299
0.004079550848
0.004075772729
0.004071407623
0.004068586544
0.004065741647
0.004063628001
0.004062067818
0.004060924515
0.004060004172
0.004059369907
0.004058892016
0.004058534785
0.004058306006
0.004058277999
0.004058435031
0.004059023023
0.00941827081
0.9737889921
0.999618673
0.9997699175
0.9997791065
0.9997762752
0.9997660499
0.999750765
0.9997310666
0.9997088713
0.999684851
0.9996585973
0.9996306744
0.9996015734
0.9995710838
0.9995388881
0.9995050638
0.9994694531
0.9994322528
0.9993947246
0.9993585175
0.9993252261
0.9992964872
0.9992737832
0.9992575098
0.9992466974
0.9992390694
0.9992319421
0.9992246586
0.9992193192
0.9992171237
0.9992170028
0.9992179993
0.9992191508
0.9992200964
0.9992207633
0.9992211705
0.9992213522
0.9992213294
0.9992211401
0.9992209276
0.9992210979
0.9992225145
0.9992265323
0.9992342806
0.9992443107
0.9992495777
0.9992391082
0.9992043795
0.9991426112
0.9990576403
0.998962543
0.9988807843
0.9988374055
0.9988354675
0.9988513724
0.998873631
0.9989101607
0.9989285734
0.998930103
0.9989309992
0.9989314005
0.9989323222
0.9989374349
0.9989489702
0.9989515001
0.9989272366
0.9988912608
0.9988672563
0.9988528341
0.9988393037
0.9988202048
0.9987891466
0.9987396849
0.998674725
0.99861759
0.9985689076
0.9984616486
0.9983351607
0.9982331443
0.9981494394
0.9980717285
0.9979881352
0.9978913839
0.997788217
0.9977180229
0.9977498969
0.9978902521
0.9980405744
0.9981244307
0.9982360768
0.9984000686
0.9978665529
0.9956782778
0.01288987535
0.005451959368
0.00432288903
0.004091508215
0.00411328757
0.004109080389
0.004103419437
0.004096132644
0.004089976667
0.00408425385
0.004080720973
0.004076921136
0.004073512314
0.004069638593
0.00406663462
0.004064287515
0.004062524475
0.004061163435
0.004060236663
0.00405953671
0.004058943007
0.004058524963
0.00405830526
0.004058169034
0.004058139902
0.004058620974
0.004059083392
0.007793908761
0.9950409061
0.9997838385
0.999840066
0.9998298193
0.9998178539
0.9998036636
0.9997872973
0.999768609
0.9997479371
0.9997252955
0.9997005862
0.9996740691
0.9996459145
0.9996160756
0.9995845562
0.999551539
0.9995172517
0.9994823085
0.9994479418
0.9994156392
0.9993868264
0.9993626992
0.9993439006
0.9993300777
0.9993199197
0.999311579
0.9993035071
0.9992955545
0.9992889351
0.9992844914
0.9992820694
0.9992812441
0.999281348
0.9992819056
0.9992826923
0.9992836742
0.9992849682
0.9992868387
0.9992897178
0.9992942249
0.9993011318
0.9993111726
0.9993245546
0.9993400872
0.9993542029
0.9993608557
0.9993536565
0.9993289684
0.9992872785
0.999233556
0.9991775008
0.9991314797
0.9991040903
0.9990929745
0.9990874061
0.9990824432
0.9990849052
0.9990933703
0.9990981689
0.9991016712
0.9991052166
0.99910888
0.9991119954
0.9991114866
0.9990982226
0.9990642597
0.9990139417
0.9989560603
0.9988949617
0.9988315287
0.9987653949
0.9986984439
0.9986378397
0.9985997973
0.9986013421
0.9986231451
0.9986087996
0.9985427331
0.9984565965
0.9983634202
0.9982671974
0.9981714786
0.9980835429
0.9980153111
0.9979749524
0.997941205
0.9978354592
0.9975309016
0.9969339627
0.996565565
0.9970831188
0.03752935267
0.007397453939
0.005363811946
0.004905738076
0.005003108935
0.004639478675
0.004729312917
0.004904998174
0.005064133207
0.004875038823
0.005036742725
0.004932621285
0.005122963687
0.004990182224
0.005249472073
0.004908315395
0.005093899894
0.004747175454
0.004866658523
0.004704307224
0.004898819721
0.004930956561
0.005029474497
0.005011874381
0.005032268678
0.005150066121
0.005131570391
0.005491458287
0.004999500154
0.006225873328
0.9881633324
0.9995971661
0.9997923209
0.9997217104
0.9996804577
0.9996475832
0.9996158538
0.999581776
0.9995442233
0.999502443
0.9994560542
0.9994055104
0.9993511724
0.9992930567
0.9992312665
0.9991662233
0.9990985273
0.9990295668
0.9989619287
0.9988987717
0.9988431727
0.9987976078
0.9987631905
0.9987388071
0.9987212519
0.9987063158
0.9986907119
0.9986741093
0.9986589599
0.9986474985
0.9986401643
0.9986366557
0.9986358458
0.9986366353
0.9986383122
0.9986406346
0.9986438114
0.9986485136
0.9986559283
0.9986677951
0.9986862721
0.9987133681
0.9987496431
0.9987921895
0.9988328666
0.9988589987
0.9988579798
0.9988229798
0.9987553449
0.998664788
0.9985692517
0.9984903653
0.9984417417
0.9984174325
0.9983984135
0.9983758354
0.9983622549
0.9983651889
0.9983729982
0.9983824572
0.9983929645
0.9984047282
0.9984153859
0.9984161285
0.9983888151
0.9983165143
0.9982015721
0.9980546574
0.9978826916
0.9976918563
0.9974885278
0.9972882336
0.9971282218
0.9970695395
0.9971497351
0.9972990474
0.9973800097
0.9973359573
0.9972022689
0.9970164007
0.9968050957
0.9965931811
0.9964148416
0.9963128015
0.9963067689
0.9963243954
0.9961442196
0.9953268795
0.9925412149
0.9872709118
0.0507078841
0.02788166165
0.9898726009
0.01663895398
0.9721664501
0.4352819941
0.9638327587
0.01594561161
0.971827672
0.2089107118
0.9173247612
0.4126672007
0.8999190317
0.2518113106
0.8638809082
0.2775826161
0.7901434472
0.3493846302
0.7919455266
0.4860913889
0.7796412168
0.5962897888
0.5769338418
0.6048834136
0.6491263731
0.5981548113
0.6484879993
0.6924776155
0.7278119327
0.494360803
0.8774881893
0.03647984153
