0.9978195437
0.9983635081
0.9977268889
0.9973930672
0.9971139574
0.9968325323
0.996528289
0.9961927953
0.9958236342
0.9954192913
0.9949760689
0.9944918988
0.9939707724
0.9934215908
0.9928559484
0.9922893946
0.9917424274
0.9912375568
0.990794781
0.9904265552
0.9901330085
0.9898998639
0.9897009519
0.9895069957
0.9892961911
0.9890694861
0.9888522363
0.9886828319
0.9885968008
0.988621426
0.988777277
0.989073659
0.989494412
0.9899800945
0.9904348307
0.9907570371
0.9908668063
0.990738449
0.9904087083
0.9899596131
0.9894968891
0.9891290071
0.9889424635
0.9889621503
0.989142015
0.9894141058
0.9897395853
0.9901128875
0.9905296707
0.9909586199
0.9913571456
0.9916875787
0.991898669
0.9919109225
0.9916172382
0.9909108413
0.9897511284
0.9881374475
0.9860726712
0.9836951018
0.9814591601
0.9799640323
0.9794477656
0.9797685135
0.9805570972
0.9811365916
0.9811546184
0.9806356352
0.9799577776
0.9794050172
0.9790180932
0.9787380581
0.9785120252
0.9783092255
0.9781139845
0.9779176147
0.9777122186
0.9774866009
0.9772501455
0.9772327919
0.978192576
0.9798768938
0.9811857366
0.981469502
0.980850302
0.9797056889
0.9783868589
0.9772629165
0.9764536896
0.9751557698
0.9710502444
0.9594129321
0.9163216559
0.147176843
0.07197301595
0.06130634514
0.06104643705
0.06083260099
0.06068802994
0.06058257839
0.06050599211
0.06044790657
0.0604017115
0.06036327204
0.0603301948
0.06030125677
0.06027581924
0.06025381843
0.06023536545
0.06022041243
0.06020870125
0.06019987207
0.06019352024
0.06018921323
0.0601865105
0.06018498279
0.06018423352
0.06018392609
0.06018381666
0.06018370944
0.1619517379
0.9973664825
0.9989689717
0.9987916302
0.9986281445
0.9984796527
0.9983315632
0.9981759604
0.998007056
0.9978213762
0.9976170285
0.9973926156
0.9971485837
0.9968883697
0.9966168502
0.9963390564
0.9960614248
0.9957925949
0.9955419456
0.9953180012
0.995127134
0.99497172
0.9948484238
0.9947478799
0.9946575887
0.994566498
0.9944724492
0.9943835671
0.99431253
0.9942698499
0.9942631256
0.9943006789
0.9943913421
0.994537778
0.9947241227
0.9949131711
0.9950594104
0.9951236069
0.9950907094
0.9949736601
0.9948016932
0.9946111494
0.9944417555
0.9943306835
0.9942939527
0.9943162401
0.9943710214
0.9944448106
0.9945390359
0.9946536916
0.9947730193
0.9948784426
0.9949672022
0.9950401918
0.9950626502
0.9949772897
0.9947257835
0.9942892795
0.9936759469
0.9928615475
0.9918296452
0.9907213342
0.9897811846
0.9891593312
0.9889614604
0.9893037561
0.9899141043
0.9902872192
0.9903514538
0.990284309
0.990223042
0.990177399
0.9901368004
0.9900965329
0.9900553614
0.9900128882
0.9899678929
0.9899158523
0.9898426857
0.9897102603
0.9894491307
0.9891655509
0.9892898304
0.9895259835
0.9894073192
0.9889060484
0.9881818985
0.9873415508
0.9865359299
0.9860313275
0.9857778345
0.9852702567
0.9837428221
0.9812292988
0.977586206
0.9537126376
0.05028413649
0.03291831177
0.0314751214
0.03144015934
0.03141228331
0.03139005109
0.03137242401
0.03135840904
0.0313470791
0.0313376636
0.03132967789
0.03132278211
0.03131666157
0.03131131072
0.03130673127
0.03130285073
0.0312996016
0.03129692666
0.03129476449
0.03129305498
0.03129174729
0.03129079661
0.03129015858
0.03128979045
0.03128964831
0.06018371042
0.9957966943
0.9982358341
0.9984445156
0.9983833885
0.998247844
0.998087775
0.9979146689
0.9977282273
0.9975279882
0.9973139145
0.9970833349
0.9968347867
0.9965713869
0.9962971543
0.9960143765
0.995727082
0.995443214
0.9951723927
0.9949245804
0.9947094925
0.9945342972
0.9944003644
0.9942996615
0.9942167578
0.9941345239
0.994049082
0.9939702816
0.9939092524
0.9938670695
0.9938391234
0.9938297018
0.9938578968
0.9939488604
0.9941061713
0.9942959273
0.994457172
0.9945278154
0.9944896491
0.9943695429
0.9942016589
0.9940094454
0.9938195661
0.9936713455
0.9935819573
0.9935214684
0.9934506496
0.9933641873
0.9932876724
0.9932353076
0.9931685926
0.9930364201
0.9928528224
0.992741665
0.9928069964
0.992837477
0.9926962763
0.9924079177
0.9920968675
0.991709209
0.9910409126
0.9899152489
0.9886621355
0.987343334
0.9861140337
0.9860508569
0.9878307996
0.9898687762
0.990324873
0.9905461201
0.9907323857
0.9908634595
0.9909431778
0.9909917794
0.9910244499
0.9910491945
0.9910683805
0.9910794903
0.9910715198
0.9910123505
0.9907931087
0.9900587423
0.9880477267
0.9873754443
0.986755072
0.9854349666
0.9841524041
0.9829085254
0.9818082618
0.9811791329
0.9818523987
0.9832181906
0.9843569041
0.9849228782
0.9853268965
0.9856533259
0.9849334825
0.8792541711
0.04045733792
0.03148162254
0.03140443691
0.0313816345
0.03136674418
0.03135528277
0.03134634717
0.03133903872
0.03133285955
0.0313275177
0.03132236345
0.03131750382
0.03131314888
0.03130918879
0.0313055437
0.0313022262
0.0312992484
0.03129661975
0.03129437376
0.03129255646
0.03129120121
0.03129031341
0.03128980434
0.06018384367
0.9938265127
0.9973810863
0.9978054694
0.9979297657
0.9978583531
0.9977117372
0.9975372887
0.997344389
0.9971384649
0.9969235858
0.9966932162
0.9964416118
0.9961734021
0.9958930773
0.9955976212
0.9952859013
0.9949654098
0.994648432
0.9943501109
0.9940879985
0.9938781787
0.9937308469
0.9936422427
0.9935884833
0.9935332197
0.9934653086
0.9934015289
0.9933583188
0.9933259169
0.9932777441
0.9932018904
0.9931290407
0.9931295605
0.9932517311
0.9934786628
0.993727551
0.9938563101
0.9938193012
0.9936779371
0.9934997586
0.993294506
0.9930449486
0.992802314
0.9926167764
0.9924348744
0.9921700499
0.9918109664
0.9914337216
0.9911016681
0.9907136074
0.9900644108
0.989013352
0.9877228683
0.9873258945
0.9886303845
0.9889161065
0.9890747821
0.989559426
0.9902238127
0.9906897603
0.990255467
0.9876809126
0.9851288916
0.9807837085
0.9752615259
0.9771445966
0.984855117
0.9882121445
0.9873184026
0.9873264451
0.9874692063
0.987595553
0.9877062263
0.9878073293
0.9879042768
0.9880005152
0.9880997518
0.9882106092
0.9883560336
0.9885786801
0.9888344767
0.9851009225
0.9801038516
0.9797383967
0.9782295422
0.976151526
0.9752439219
0.9750877111
0.975537249
0.974439819
0.9785326444
0.982068837
0.9842283436
0.9851451486
0.9857604775
0.9875210071
0.9881302392
0.9826916277
0.07858925464
0.03603457393
0.03139954072
0.03137164976
0.03136073785
0.0313530832
0.03134638127
0.03134044027
0.0313353095
0.03132968
0.03132409179
0.03131923645
0.03131480806
0.03131060062
0.0313066737
0.03130306271
0.03129977651
0.03129687624
0.03129445049
0.03129256341
0.03129123316
0.03129019386
0.06018398291
0.9918852005
0.9962441473
0.9969345402
0.99724343
0.9972587346
0.9971498644
0.9970016608
0.9968214845
0.9966251284
0.9964276964
0.9962117534
0.9959622934
0.9956907498
0.995404282
0.9950879782
0.994730264
0.9943393936
0.9939340403
0.9935394064
0.9931871847
0.9929067536
0.9927210197
0.9926423591
0.9926600499
0.9926880376
0.9926880102
0.9926835881
0.9927043751
0.9927267322
0.9926935449
0.9925553214
0.9923111821
0.9920981556
0.9920704083
0.9922659858
0.9926289172
0.9929563083
0.9929993089
0.9928788459
0.9927575481
0.9926470239
0.9924254126
0.9919977348
0.9915604459
0.9911531401
0.9905919042
0.9897830677
0.9888999165
0.9881881663
0.9874791188
0.9862125044
0.9836325808
0.9781680368
0.9665772374
0.9673447422
0.9743285431
0.9726043434
0.9776069889
0.9827028415
0.9867930911
0.9897145832
0.9877198803
0.9833880184
0.9804327472
0.9647632434
0.9076180719
0.7410157874
0.1233539095
0.07372900529
0.0609750626
0.05630422439
0.05573050222
0.05564133392
0.05571685926
0.05599366
0.05632548819
0.05676037343
0.05738771719
0.05855460166
0.06138015125
0.07242528183
0.08943665086
0.8676877061
0.882723507
0.8124178255
0.8743706524
0.9123659904
0.9451058309
0.9571761653
0.9597840596
0.9624352169
0.9717247699
0.9771897497
0.9797865381
0.9834894055
0.9850116388
0.9869293789
0.9883569553
0.9865182088
0.9749669922
0.05498185639
0.03487032338
0.03137963673
0.03136050066
0.03135271885
0.03134704094
0.03134289872
0.03133690822
0.03133056351
0.03132550051
0.03132086755
0.03131625359
0.03131186247
0.03130774892
0.03130387508
0.03130032198
0.0312972316
0.03129470247
0.03129277015
0.03129090893
0.06018431562
0.9882418081
0.9941402322
0.9951332087
0.996111829
0.9964188514
0.9963007197
0.9962435037
0.9961112253
0.9959336018
0.9957878064
0.9956168421
0.9953767253
0.9951038972
0.9948182389
0.994479556
0.9940547512
0.9935539111
0.9930020024
0.9924340657
0.9919086793
0.9914801246
0.9911775749
0.9910246627
0.9911020339
0.9914025415
0.9916574978
0.9918441364
0.9920263832
0.9921767646
0.9922280822
0.9921157401
0.9917400823
0.9910635226
0.9904876198
0.990282519
0.9904193401
0.9909394363
0.9918960214
0.9919776345
0.9920554307
0.9922411261
0.9923943632
0.9921358544
0.9907823748
0.9896331224
0.988683373
0.9873664458
0.9856368812
0.984442837
0.9839511659
0.9832737316
0.9816862638
0.978533873
0.970731841
0.9491067993
0.06704309125
0.04023344301
0.03997640875
0.04358750828
0.05106668218
0.08176723221
0.4403752696
0.9557998761
0.9765313683
0.979486859
0.9724981457
0.9448465907
0.8635969794
0.04274927081
0.03467166447
0.03239203882
0.03246387987
0.03248816057
0.03216688366
0.03205719074
0.03195329077
0.03188144843
0.03181549809
0.03175088309
0.03170615523
0.03173705584
0.03195659721
0.04497057421
0.04801228475
0.03596837034
0.03500867599
0.03600415883
0.03821863814
0.04842342323
0.09116164022
0.9291871832
0.9443836049
0.9473944197
0.9344039849
0.9695193397
0.9820834466
0.9861440176
0.9874924031
0.9880340769
0.9874494084
0.9826509505
0.9658039954
0.05181631909
0.03462543926
0.03136702896
0.03135151701
0.03134942757
0.03134348708
0.03133638743
0.03133178597
0.03132739158
0.03132254139
0.0313178826
0.03131347313
0.03130912478
0.03130493681
0.03130113224
0.03129784327
0.03129512407
0.0312920894
0.06018509541
0.2023905314
1.000000008
0.9827282025
0.9909242291
0.9941687951
0.994631208
0.9947744876
0.9952146269
0.9949584758
0.994860121
0.9948609291
0.9946591939
0.9943843763
0.9941338639
0.9938049463
0.9933149091
0.9926778802
0.9919141634
0.99104039
0.9901522359
0.9893986974
0.9888248522
0.9883187225
0.9880130051
0.9885792878
0.990432498
0.9911024976
0.9915413647
0.9918266195
0.9919836468
0.9920322752
0.9919129728
0.9912360562
0.988908028
0.9870281972
0.9856760418
0.9842387104
0.9858022218
0.9875690858
0.9883872862
0.988776841
0.9897755179
0.9909676887
0.9896558926
0.9865139761
0.9848142944
0.9842202189
0.9830386539
0.9796578089
0.9799346485
0.9815464831
0.9827793256
0.9833999935
0.9828874309
0.9811625402
0.9802470881
0.08786896048
0.03659432753
0.0317117436
0.03172073229
0.03174902121
0.03234408115
0.03487744903
0.04187092781
0.08433726527
0.9691751149
0.9753134616
0.9734827832
0.9719414698
0.9379376422
0.05079539873
0.03762867462
0.03290418878
0.03250650508
0.03244212977
0.03228446298
0.03215335525
0.03202913168
0.03188923309
0.03177716688
0.0316470138
0.0354490795
0.054706585
0.9135308154
0.03516514094
0.03173053459
0.03156822966
0.0316995467
0.04361071672
0.9190391369
0.9628431088
0.9500945513
0.8881634392
0.04424654944
0.03936277284
0.0634780287
0.9737484498
0.9853728295
0.9886156785
0.9881406001
0.986664185
0.9852387374
0.9806172728
0.9610313433
0.04705179708
0.033099356
0.03135403366
0.03134921852
0.03134138207
0.03133834785
0.03133462929
0.03132952667
0.03132481579
0.03132042079
0.03131575538
0.03131096585
0.03130642441
0.03130227842
0.03129858292
0.03129395385
0.06018675018
0.06139978221
0.0327870493
0.03459813389
0.04244038805
0.1205248915
0.9896113482
0.9864473513
0.9919192625
0.9930811253
0.992889647
0.9935537862
0.9940395258
0.9935395655
0.9933424957
0.9931450679
0.9926424247
0.9918875485
0.9908933515
0.9895621415
0.9879203402
0.9862634127
0.9851058728
0.9840577422
0.9818112311
0.9790940501
0.9834147078
0.9872680634
0.98868389
0.9884423232
0.9884722007
0.9887256019
0.9893498397
0.9904044374
0.9880515277
0.9827706493
0.978206715
0.9746446527
0.9649210749
0.2103782134
0.07099838904
0.06044454931
0.06425959432
0.08956762648
0.2095948066
0.9013894159
0.9385949424
0.9612726615
0.9763981085
0.9725915579
0.9711432961
0.9769224942
0.9811671848
0.9835212323
0.9834915582
0.9818992371
0.9829899665
0.9835611844
0.9695940442
0.05057476976
0.03418314038
0.0316561573
0.03175763941
0.03172377566
0.03168526025
0.03174495474
0.0398309117
0.07389798099
0.9372029388
0.9771869003
0.9829912239
0.9804075969
0.975474519
0.2554941322
0.04582142071
0.03440325412
0.03204720998
0.0321016636
0.03208918495
0.03192244966
0.03178527743
0.03169689097
0.03364925844
0.878680531
0.05330488609
0.03436703946
0.03152729368
0.03158353083
0.03389293194
0.07643081724
0.9735067494
0.9686898111
0.9428396391
0.04762656693
0.03508262941
0.03148598882
0.03150426685
0.03606228748
0.06681748457
0.980987604
0.9884756989
0.9879722376
0.985998505
0.9854525575
0.9844013809
0.9772657151
0.8913726373
0.03756139795
0.03138931103
0.03135028944
0.03134669623
0.03134314134
0.0313371593
0.0313326631
0.0313287962
0.0313240108
0.03131865772
0.03131342197
0.03130839254
0.03130356337
0.03129683136
0.06018995346
0.0603202965
0.03146636178
0.03141408256
0.03140651911
0.03148668782
0.03315678974
0.03761958741
0.05526646613
0.3900035668
0.9772110131
0.9855076497
0.9916440084
0.9922491167
0.9917984314
0.9924310455
0.9922712734
0.9914424174
0.9903602605
0.9886368288
0.9859761649
0.982109876
0.9778642066
0.9776639487
0.9788388787
0.967920267
0.956419638
0.2530487872
0.09377883724
0.06509572451
0.05741358815
0.05710409077
0.06103533661
0.083787806
0.1633348654
0.9238813214
0.946895686
0.9685565521
0.9721772916
0.97194774
0.9389428391
0.0435335372
0.03450719617
0.03190018859
0.03214643129
0.03372475792
0.03462737521
0.03710943691
0.04447907637
0.06781249043
0.8950960326
0.9511218921
0.968690541
0.9762958311
0.9779391635
0.976788352
0.9763978303
0.9794331753
0.9815737614
0.9759041008
0.9355302778
0.04295790495
0.03295766624
0.03168027579
0.03171559932
0.03191692914
0.03536904503
0.6207824993
0.03937658862
0.04320494556
0.0871751518
0.9673757651
0.9799984806
0.9849512215
0.9835015967
0.9514474511
0.05727668198
0.0388910819
0.03262425252
0.03188938442
0.03183346416
0.03171651851
0.03495778597
0.06103493689
0.8437599473
0.03303641925
0.03159153028
0.03179531512
0.04336234653
0.9488207721
0.9794138054
0.9705816076
0.06420987871
0.03605866702
0.03150571582
0.03150825598
0.03150447785
0.03150236218
0.03151439158
0.0379516587
0.1915977784
0.983201125
0.9843684647
0.9857940691
0.9860579523
0.9848938383
0.9808626231
0.9692461021
0.05336886608
0.03318951511
0.03135158875
0.03135107467
0.03134446486
0.03134115301
0.03133883838
0.0313341265
0.03132820977
0.03132245972
0.03131668086
0.03131066583
0.031301218
0.06019577163
0.06023279569
0.03135967158
0.03139988541
0.03140328146
0.03141765409
0.03143172885
0.03142628152
0.03144112955
0.0316844777
0.03431058783
0.03924176779
0.06699897433
0.7944051937
0.9819728204
0.9866840935
0.9906477974
0.9909236988
0.9907103985
0.9890592712
0.9862131505
0.9810974108
0.969313297
0.9576295679
0.9728322619
0.9793402836
0.976981857
0.9802287021
0.9730820527
0.07676781741
0.03993445144
0.0336087223
0.03168340245
0.03176057782
0.0321114169
0.03532615123
0.0785326759
0.9645202922
0.9497706
0.9753599822
0.9810090313
0.9763211409
0.9569484528
0.05852944601
0.03833976012
0.03241799658
0.03168532579
0.03156941442
0.03213767793
0.04248459472
0.753831175
0.8905919457
0.9407503769
0.9428074546
0.9409733392
0.9589977709
0.9719209652
0.9754896007
0.9783204521
0.9797876445
0.9789260877
0.9704659616
0.7475645036
0.03794250134
0.03172326362
0.03181100018
0.03711873346
0.06656949352
0.03998203701
0.0317239691
0.03168802197
0.03511070944
0.04495915929
0.8828278006
0.9795334129
0.9826823299
0.9816190574
0.9791458593
0.6490838369
0.05071366475
0.03513767427
0.03211346885
0.03661300111
0.9224358779
0.05237554314
0.03547605406
0.03157579604
0.03596370541
0.1191474112
0.9811121776
0.9761398434
0.7350828337
0.03829740872
0.03153299069
0.03149018296
0.03149934033
0.03151220529
0.03152957096
0.03155006618
0.03157083731
0.03185096156
0.04472464781
0.9518147633
0.9812929287
0.986810301
0.9867752307
0.9847624689
0.9837446611
0.9798262435
0.8881335723
0.03654996948
0.03138446556
0.03135546903
0.03135119618
0.03135131991
0.03134636057
0.03133966628
0.03133385056
0.03132775834
0.03132073892
0.03130786446
0.06020596051
0.06021181765
0.03133553213
0.03137785021
0.03139259472
0.03140761074
0.0314227537
0.0314309854
0.03143798492
0.0314541846
0.03145959019
0.03144889287
0.03149330589
0.03203183076
0.03528766152
0.0430244033
0.1035436862
0.9535674688
0.986126966
0.9889484248
0.9886429265
0.9856587074
0.9793127056
0.968174283
0.8237409025
0.1326153223
0.964126665
0.9820922118
0.9870933592
0.9865920027
0.9786397092
0.9278339424
0.05619280595
0.03841635607
0.03434933517
0.03481529587
0.1669174885
0.9839090167
0.08870171092
0.04545777201
0.08971015298
0.9704861365
0.9787288817
0.9802766075
0.9763349733
0.2803381877
0.04720016276
0.03719780181
0.03547792085
0.05892474793
0.9245474559
0.9436974923
0.9452142184
0.9000175131
0.04457757881
0.04221854406
0.6891541029
0.9618437657
0.9754306504
0.978683507
0.9798067599
0.9803278896
0.9786011824
0.9693952943
0.06521167169
0.03922167896
0.04123397052
0.6271398397
0.03746370918
0.03228118224
0.03165231759
0.03153226095
0.0314409312
0.03278477052
0.03908568791
0.06786534877
0.9588569728
0.9783604311
0.9849829666
0.9843843014
0.9625325044
0.07604192605
0.04828058998
0.06081326685
0.04353593425
0.03166233058
0.03370372662
0.04790388209
0.9697273858
0.9847574465
0.9679755865
0.04533535695
0.03289440466
0.03146151088
0.03146976204
0.03148587237
0.03150803666
0.0315385311
0.03157782011
0.03162609229
0.03170554462
0.03188003616
0.04944557915
0.131062265
0.9797992402
0.9871097428
0.9870869932
0.9852654453
0.9847751579
0.9810641985
0.9647911622
0.0502464717
0.03280947436
0.03135753009
0.03136442918
0.03136003171
0.03135255544
0.0313478256
0.03134235299
0.03133492535
0.03131790767
0.06022358462
0.06020583378
0.03132686847
0.03136539705
0.03138113806
0.03139826699
0.03141431488
0.03142632837
0.03143680199
0.031450079
0.03145981021
0.0314608315
0.03146967708
0.03148728391
0.03148149721
0.03146292792
0.03154403512
0.03451557285
0.04355864067
0.1272879119
0.9834242835
0.988419352
0.9870612744
0.9838848163
0.9806442814
0.9644754912
0.05557102992
0.04925694323
0.1444152828
0.9778526465
0.9830261377
0.9800361364
0.978269055
0.9660686373
0.8453307985
0.05940604407
0.7050965564
0.9751800508
0.0729040984
0.03191173362
0.03179923749
0.03613939095
0.04943754695
0.9376075565
0.9749943311
0.9812146901
0.9746697948
0.9116395873
0.2911239958
0.8672215022
0.9552424131
0.967504012
0.9557904697
0.05130247148
0.03530145282
0.03147021252
0.03310146182
0.04101459586
0.8784052203
0.9695881189
0.9790242201
0.9805026074
0.9809247846
0.9818836244
0.9799149529
0.9575777007
0.202941443
0.04557391372
0.03416489596
0.03162336361
0.03157366573
0.03150878499
0.03146213417
0.03143290051
0.03140766228
0.03145079167
0.03407816044
0.04152941379
0.8132250038
0.9748336664
0.9802741658
0.9815091495
0.9752566003
0.9482585942
0.8108097208
0.05395328685
0.04760802774
0.9022816241
0.9689281911
0.9805430198
0.09524356803
0.03461844234
0.03142304682
0.03145643295
0.03146467574
0.03147646523
0.03149692158
0.03152726858
0.03156345196
0.03161062205
0.03171579756
0.0437110588
0.0662210818
0.9615187402
0.05711258328
0.1310249212
0.9818182941
0.9854341377
0.9864626709
0.9851017685
0.9841178046
0.9813643728
0.7501251226
0.03550263933
0.03139166926
0.03137819033
0.03136770603
0.0313653367
0.031361456
0.03135461422
0.03133306373
0.06025433915
0.06020372049
0.03132300247
0.03135796799
0.03137272159
0.03138966658
0.03140619259
0.03142019888
0.0314328398
0.03144560291
0.03145532888
0.031460287
0.03146758643
0.03147935112
0.03148416102
0.03147931109
0.03148459359
0.03148997228
0.03148118645
0.03161336881
0.03924193819
0.2619145942
0.984085916
0.9854511775
0.9855650508
0.9839396286
0.9806952382
0.409882589
0.03793359659
0.03694035085
0.05403530283
0.9408227742
0.9706389936
0.9773258394
0.9691341502
0.9677484425
0.957053773
0.9501487758
0.04734123338
0.03179957321
0.03177483233
0.03169070366
0.03153308947
0.03343024454
0.0409191373
0.8675248564
0.9589764294
0.9531303961
0.9676459322
0.9744537673
0.9707928276
0.9732890314
0.2265904001
0.03803745098
0.03154682957
0.03151737962
0.03148194824
0.03144444963
0.03339116509
0.04434568209
0.9422929168
0.9758384157
0.9810455986
0.9813087757
0.9814553202
0.9803630854
0.9720820208
0.9374317414
0.0431867632
0.03292213731
0.03153004773
0.03151289756
0.03146843943
0.03143765654
0.03141188286
0.03139723055
0.03138594313
0.03136449399
0.03237714345
0.03726139247
0.06700200701
0.9490400897
0.9722578344
0.9664376375
0.9538989662
0.9621854716
0.9705521801
0.9736965914
0.9725786819
0.9222082144
0.04394282677
0.03156627767
0.03143854704
0.03144899517
0.03145422234
0.0314609572
0.03147504538
0.03149682249
0.03152732779
0.03159128852
0.04127119983
0.06136607027
0.9635343368
0.04769859636
0.03714012137
0.03168676601
0.04212347218
0.9616765718
0.9861230522
0.9871438178
0.9858133851
0.986200238
0.983758647
0.9617653636
0.04425763662
0.0315176593
0.03138892476
0.03138743562
0.03138532851
0.03138051722
0.03135582608
0.06030930756
0.06020268189
0.03132088617
0.03135319361
0.03136671635
0.03138265935
0.03139892005
0.03141387312
0.03142769364
0.03144066013
0.03145110516
0.03145865033
0.03146675242
0.03147594826
0.03148105475
0.03148097899
0.03148340225
0.03148648905
0.03148465501
0.03148404009
0.03148187171
0.03181682082
0.04479985103
0.9633566207
0.9851679333
0.9861958798
0.9860053545
0.9853503982
0.9742710914
0.05766584996
0.03563820351
0.03404822446
0.04362236245
0.8605146297
0.9607499305
0.9715447006
0.9751630268
0.9638264708
0.0690937062
0.03547296749
0.03168864718
0.03172206591
0.03161617324
0.03151240312
0.03146713523
0.03344201449
0.04684724023
0.9022910335
0.9723139513
0.9840675852
0.9812315664
0.9519191878
0.04919823555
0.03245996259
0.0315676078
0.0315311697
0.03150030602
0.03147352568
0.03145441476
0.03143310863
0.03427730673
0.05116663927
0.9618618534
0.9793805067
0.9821106372
0.9812488551
0.9800654322
0.9781919207
0.9703938281
0.8174605871
0.03818698706
0.03151092843
0.0314714915
0.03144114955
0.03141742235
0.03140119174
0.0313928678
0.03138470504
0.03138261688
0.03138736626
0.03159360795
0.03445280317
0.04471004908
0.7977393514
0.8836783717
0.9441117976
0.9751648461
0.982843923
0.9784919123
0.9368992461
0.04166827876
0.03144762064
0.03142285374
0.03142564161
0.03143147321
0.03143638342
0.03144397206
0.03146085689
0.03150321712
0.03923330177
0.05638121346
0.9637632544
0.05214844342
0.03688724628
0.03147452854
0.03151014804
0.03148256251
0.03457802698
0.08190700257
0.9816665563
0.985613095
0.9870914198
0.9865927985
0.9854915874
0.9837250002
0.09254374606
0.03472099603
0.03141307277
0.03140873006
0.03140941621
0.03138949604
0.06041065227
0.0602019629
0.03131948902
0.031349864
0.03136231421
0.03137715279
0.03139281059
0.03140802714
0.03142247109
0.03143588796
0.03144732347
0.03145674165
0.03146576666
0.03147432485
0.03147992643
0.03148244115
0.03148516649
0.03148704639
0.03148612557
0.03148496636
0.03148085554
0.03147536541
0.03145817333
0.03452234146
0.07213977751
0.9778000813
0.982974467
0.9847865917
0.984119652
0.9794834998
0.9623753203
0.0589297196
0.03986378283
0.04311985008
0.08139568358
0.9456626106
0.9712603871
0.9709677143
0.9674583724
0.9436668495
0.043320524
0.03260226908
0.03161933639
0.03152976301
0.03146942188
0.0327361677
0.04466393429
0.8828507557
0.9628996099
0.9810129311
0.9822380842
0.9747938141
0.05855828478
0.03163551697
0.03156743217
0.03153045615
0.03149882545
0.03147386604
0.0314563571
0.03144502108
0.03143921017
0.03147934368
0.035948038
0.1023029069
0.9720583896
0.9804624953
0.9807488414
0.9803468093
0.9804920939
0.9788681594
0.9715511744
0.06117508985
0.03493351279
0.03143181951
0.031421366
0.03140996492
0.03140740495
0.03140555378
0.03140799186
0.0314128745
0.03143598958
0.03146553634
0.03155578243
0.0369784637
0.05565833712
0.91043703
0.9660340618
0.9790774698
0.9742887868
0.9620113565
0.9425515032
0.03956792478
0.03140508844
0.03140880367
0.031413559
0.0314131507
0.03141561566
0.03144107866
0.03762240167
0.05265684507
0.9626026301
0.05634500867
0.0385242946
0.03145982003
0.03144837142
0.03148402748
0.03148664422
0.03148081114
0.03152359696
0.04183343319
0.9606429319
0.9861950511
0.9877297288
0.9869191941
0.9882858627
0.9867904526
0.9644049421
0.04538968149
0.03230193806
0.03142908041
0.03143784388
0.06060363047
0.06020134356
0.03131840851
0.03134733269
0.03135894313
0.03137282269
0.0313878235
0.03140296413
0.0314177149
0.03143161364
0.03144401751
0.0314548842
0.03146489318
0.0314738062
0.0314804135
0.03148483243
0.03148853147
0.03149089419
0.03149116135
0.03149036291
0.03148692139
0.0314804524
0.03146334944
0.03143435708
0.03146539672
0.03936558318
0.9273927138
0.9807089579
0.982260021
0.9788059247
0.9773491859
0.9731131
0.9618061332
0.7759991855
0.8542353407
0.815513562
0.7820434186
0.9317310125
0.9431840009
0.9653666769
0.9631982824
0.1601579904
0.03495285356
0.03153960436
0.03158155931
0.03598647901
0.2327858374
0.9550962354
0.9567555928
0.9695817347
0.9680202496
0.9719377309
0.9804980695
0.05303421646
0.03155751843
0.03152374195
0.03149077269
0.03146626863
0.03144964323
0.03144097035
0.03144278655
0.03145379103
0.03146936568
0.03202541097
0.04026561534
0.8102241503
0.9723440865
0.9789504898
0.981025636
0.9813685802
0.9825142047
0.9805469968
0.957202227
0.04684035804
0.03401113195
0.03141055134
0.0314214574
0.03142830885
0.03143374838
0.03143132914
0.03143859574
0.03144217926
0.03220720422
0.04159707341
0.8448635655
0.9573704711
0.9713003049
0.9734612924
0.9511978231
0.6701130809
0.9661536691
0.9576865853
0.03783708158
0.03138903102
0.03140332702
0.03139936572
0.03140436136
0.03641770098
0.049734687
0.9600761276
0.06311147278
0.04026441969
0.03154905387
0.03145408018
0.03146560637
0.03148630477
0.03148887973
0.03148724448
0.03149015923
0.03147666137
0.03441368124
0.07824647402
0.9811667704
0.9855182453
0.9873757818
0.9872080914
0.9853430265
0.9822538959
0.5889292626
0.0372723149
0.03150938619
0.06101601642
0.06020075296
0.03131746881
0.03134524462
0.03135623447
0.03136936164
0.03138378313
0.03139872655
0.03141361992
0.03142794451
0.03144118893
0.03145321951
0.03146423016
0.03147395801
0.03148178426
0.03148781154
0.03149265734
0.03149592566
0.0314971821
0.03149660872
0.03149296742
0.03148511856
0.03146939304
0.03144711044
0.03143380215
0.03141490954
0.0334690341
0.05649706294
0.9719303552
0.9726570254
0.9660217927
0.9622783863
0.9651859545
0.9615487893
0.9530929607
0.9180546507
0.8830028166
0.06233839362
0.825624005
0.8560650373
0.9606667354
0.9652684639
0.8468054321
0.03933003535
0.03455055406
0.04703588614
0.9288484834
0.9651941504
0.964176025
0.9575093621
0.7498960749
0.05452788551
0.9734722941
0.9808429111
0.04669045443
0.03148560352
0.03146871811
0.03144930533
0.03143686604
0.031433059
0.03144122896
0.03146565302
0.0315133334
0.03157374988
0.0316622467
0.03474971594
0.05919997499
0.9342982642
0.9730259964
0.9807431579
0.9812519793
0.9810317828
0.9801500929
0.9722421864
0.9290336832
0.04452679607
0.03417035128
0.03144109276
0.03146135138
0.03144886127
0.0314396511
0.03146767723
0.03610591612
0.1526057513
0.9675909556
0.9750659769
0.974641022
0.9671057028
0.06061459369
0.03743808471
0.05105078307
0.9752444754
0.9614982651
0.03848462281
0.03141920213
0.03141241049
0.03556542334
0.04775438277
0.9554595852
0.07169497317
0.04199291861
0.03170322608
0.03150216684
0.0314828338
0.03148855915
0.03149634043
0.03149642325
0.03149522862
0.03149641718
0.03149441959
0.03147819241
0.03151339477
0.04110465671
0.9577867431
0.9862503957
0.9875687541
0.9850626632
0.9859902234
0.9865985957
0.9758108089
0.04652305886
0.06242609066
0.06020016497
0.03131658736
0.03134340192
0.03135395587
0.03136653154
0.03138049726
0.03139523362
0.03141019207
0.03142486117
0.03143878876
0.0314517558
0.03146370721
0.03147438587
0.03148342417
0.03149083729
0.03149681444
0.03150104288
0.03150313977
0.03150287752
0.03149919667
0.031491108
0.03147743291
0.03146015736
0.03144727694
0.03143415667
0.0314196453
0.03144943965
0.0402030024
0.9248165402
0.9541188518
0.9413639825
0.9466095324
0.9580569466
0.9635748652
0.9585548113
0.9385877289
0.9036201774
0.04968259452
0.05475202638
0.846217342
0.9512015964
0.9511974269
0.893172939
0.05586648385
0.8145028425
0.9577538604
0.9712979222
0.9632412614
0.8648090491
0.04401873893
0.03398946556
0.04094725888
0.9752490381
0.9790625734
0.04345944648
0.03143343837
0.03142449695
0.03141719697
0.03141816172
0.03143176394
0.03146561643
0.03152466819
0.03161108952
0.0317528157
0.03886047753
0.1215167444
0.9293127237
0.05180272344
0.9533682944
0.9798048249
0.9814981835
0.9792241437
0.977689613
0.9750887748
0.9650932836
0.9278148731
0.0480191891
0.03518017164
0.03147901805
0.03146954842
0.03515665957
0.05269313411
0.9665253917
0.9821417215
0.9807311004
0.9710734274
0.06378932761
0.03732856455
0.03158310614
0.03157808633
0.04634011247
0.9735512663
0.9647034216
0.04081854233
0.03543965
0.04635330832
0.9489137743
0.08480279161
0.04357194742
0.03195415979
0.03155434201
0.03152221957
0.03150910257
0.03150570358
0.03150559421
0.03150328857
0.03150153965
0.03150115259
0.03149847125
0.03149006031
0.03149259157
0.03148460507
0.0343042566
0.08558310404
0.9838497047
0.9829370582
0.9823448899
0.9852987443
0.9869296287
0.9835360168
0.4085153122
0.06019956986
0.03131572493
0.03134169519
0.03135196376
0.03136416353
0.03137780283
0.03139236907
0.03140735606
0.0314222828
0.03143673068
0.031450422
0.03146317443
0.03147473928
0.03148484091
0.031493411
0.03150041017
0.03150554722
0.03150840997
0.03150863255
0.03150521661
0.03149739729
0.03148538958
0.03147035745
0.03145640812
0.03144284016
0.03143105278
0.03144023638
0.03144043301
0.03741234442
0.8631125192
0.9310160181
0.933031059
0.9476121212
0.9543248321
0.9524190956
0.9430184191
0.9404766107
0.9395247143
0.05571092742
0.9069331312
0.1120626182
0.9285618174
0.9126179511
0.928806177
0.9502362206
0.9705055806
0.9743707787
0.9523565024
0.04758285819
0.03405356026
0.03154004858
0.03150448184
0.0419259789
0.9776673059
0.9769609717
0.04113986318
0.03139400763
0.03139246093
0.03139710516
0.03141257824
0.03144675341
0.03150581285
0.03159017059
0.036708538
0.04490454866
0.58645787
0.04702551298
0.03561235403
0.03496535247
0.05895021044
0.9697729712
0.9762211078
0.9759579651
0.9710041325
0.9680331499
0.9700510047
0.9660168562
0.942532565
0.04986192736
0.03812638554
0.05242791465
0.9560073164
0.9805847959
0.9846846366
0.9775083975
0.06666120807
0.03701338814
0.03159309803
0.03160154078
0.03158577175
0.03156780591
0.04372093755
0.9708638805
0.970895689
0.06082768548
0.9317321523
0.1409719625
0.04509178004
0.03229732746
0.03159175097
0.03155787573
0.03153717835
0.03152203102
0.03151465068
0.03151059582
0.03150729146
0.03150596166
0.03150694252
0.03150844191
0.03150830757
0.03151495887
0.03153156651
0.03156275593
0.03166622325
0.04804689765
0.9677825243
0.9781883361
0.9840660586
0.9881816747
0.991490911
0.981194982
0.06019896564
0.03131486525
0.03134006851
0.0313501757
0.03136214938
0.03137558214
0.03139002819
0.03140502003
0.03142011329
0.03143491652
0.03144911632
0.0314624649
0.0314747229
0.03148563398
0.03149508992
0.03150294252
0.03150891616
0.03151251127
0.03151340739
0.03151060143
0.03150352939
0.03149347069
0.03148025878
0.03146714869
0.03145601394
0.03144706566
0.03146155826
0.0314776931
0.03148278968
0.04180347331
0.8350410823
0.9325438646
0.9449833245
0.9422752491
0.9261171075
0.9022602863
0.8984395159
0.9452198126
0.945707036
0.2141890155
0.7377932076
0.8900675491
0.9339465309
0.953079105
0.9674648293
0.9726849284
0.9711837887
0.09741876201
0.03622578464
0.03155365105
0.0315690166
0.03155280325
0.03149734778
0.04433480442
0.9797350186
0.974612117
0.03934575223
0.03136844941
0.03137657268
0.03138946265
0.03141738751
0.0314729412
0.03536458498
0.04077455674
0.363562227
0.03853981018
0.03377599502
0.03151666121
0.03152948234
0.03147183719
0.038325788
0.8886190056
0.9726997358
0.9697910422
0.9558062588
0.9549691925
0.9595139632
0.9646864576
0.9594676579
0.9229770121
0.9463967659
0.9726629694
0.9813856805
0.9806184278
0.1093854843
0.03823797586
0.03159865943
0.03161890644
0.03163832416
0.03163337442
0.03164907284
0.03188723169
0.05288271391
0.962294141
0.9661351573
0.4344440064
0.0441775346
0.03279844047
0.03159624155
0.03157006768
0.03155188723
0.03153530969
0.0315230484
0.03151530942
0.03151014832
0.03150674785
0.03150637387
0.03151018876
0.03151786602
0.03152473605
0.03153256372
0.03154869997
0.03159465548
0.03167644919
0.0322099996
0.05648067326
0.9656212917
0.9833579802
0.9895869981
0.9934232459
0.9884188319
0.06019835547
0.03131400595
0.03133850194
0.03134855605
0.03136043527
0.03137376984
0.0313881432
0.03140311232
0.03141827191
0.0314332607
0.03144774182
0.03146143242
0.03147410748
0.03148547691
0.03149545575
0.03150389941
0.03151063875
0.03151495226
0.03151659341
0.03151431109
0.03150820062
0.03150102821
0.03148896463
0.03147740835
0.03147121336
0.03145920369
0.03147161942
0.03147627777
0.03465961594
0.04703006813
0.8784152525
0.9361796841
0.9484653332
0.9380502454
0.8935262493
0.8382074229
0.859958154
0.916980128
0.9417315677
0.9314090838
0.2037709298
0.9314787609
0.9519623323
0.9651384315
0.9718112373
0.9692664011
0.8547799999
0.04174295079
0.03189352335
0.03159727465
0.03160199593
0.03158144547
0.03155462529
0.03153345401
0.04761117499
0.981568159
0.9720214883
0.03806227218
0.03136408372
0.03137286528
0.03139305248
0.03416421487
0.03929959321
0.3932985016
0.03854994089
0.03375323812
0.03142717851
0.03147542693
0.031480565
0.03145810628
0.03145451474
0.03385574021
0.0701006496
0.966982797
0.9529868184
0.9439175759
0.9493834761
0.9577261099
0.9691680373
0.9760332114
0.9772772811
0.9767081391
0.9777521733
0.8667701932
0.04273587986
0.0317034562
0.03161838784
0.03161673181
0.03160426126
0.03158487729
0.03451170844
0.04398037196
0.0790306951
0.9472277454
0.9533472906
0.9633732945
0.04245012907
0.03152427417
0.03154428715
0.03154052389
0.03153245707
0.03152349376
0.03151583234
0.03150963601
0.0315045121
0.03150079542
0.03150040979
0.03150640439
0.03151989644
0.03153054101
0.0315330014
0.03153330754
0.03158552445
0.0317649473
0.04144101722
0.1773713715
0.974368799
0.9808871086
0.9888198802
0.9934123565
0.9895074595
0.06019774583
0.03131315376
0.03133700287
0.03134710996
0.03135901989
0.0313723586
0.03138669924
0.03140160355
0.03141671371
0.03143171002
0.03144623065
0.03145997362
0.03147274675
0.03148413635
0.03149413368
0.03150268475
0.03151003981
0.0315151771
0.03151772652
0.03151498319
0.03150847008
0.03150643674
0.03149568947
0.03148191143
0.03148279948
0.03147087278
0.03162131555
0.03594653075
0.04722180341
0.9025501831
0.945350042
0.9359286845
0.941827241
0.9295553371
0.8439532179
0.8423506544
0.8581626865
0.8883189357
0.9054483891
0.9135933857
0.9292983386
0.9514451133
0.9694515147
0.9751139576
0.9720840787
0.94490275
0.04688140182
0.03343932529
0.03160298708
0.03161170662
0.03161014884
0.03159558139
0.03157893534
0.03157878721
0.03158675615
0.05258459991
0.9830326962
0.9689345032
0.0380563693
0.03137053645
0.03321161587
0.03766209209
0.3934279122
0.04021126836
0.03484082495
0.03145121386
0.03145778709
0.03148250495
0.03148256013
0.03147666669
0.03149729917
0.03151041772
0.03227878349
0.05965225013
0.9323862717
0.9477657629
0.9583323565
0.9664642155
0.9758039285
0.9825506667
0.9849242467
0.9810402534
0.960518288
0.05518154476
0.03380252767
0.03163125185
0.0316012598
0.03157373581
0.03167396672
0.03737893452
0.04845473664
0.7800722255
0.9386154249
0.05776058182
0.04885174628
0.9594076728
0.9623867355
0.0406080137
0.03148519892
0.03150980866
0.03150980663
0.03150755797
0.03150418432
0.03149984018
0.03149501415
0.03148989193
0.03148669157
0.03149135653
0.03150657108
0.03151041604
0.03149474688
0.0314818922
0.03256091615
0.04085743342
0.1119959453
0.9789203589
0.9777217179
0.976622885
0.9845826463
0.990633675
0.9872853923
0.06019714372
0.03131232069
0.03133560173
0.03134588226
0.03135795608
0.0313714064
0.03138574785
0.03140052244
0.03141544523
0.03143026045
0.03144456008
0.0314580393
0.03147059126
0.03148150765
0.03149090366
0.03149870914
0.03150607306
0.03151201013
0.03151657737
0.03151165849
0.03149942252
0.03149976717
0.03149041978
0.03146768176
0.03146140606
0.03312412112
0.04000639739
0.0850484119
0.9562462106
0.9618989083
0.9594876897
0.9395210332
0.9491501401
0.9324659302
0.9185336077
0.9183358236
0.9336644122
0.8682343632
0.8504377707
0.881479462
0.9431719642
0.9648714403
0.9737502645
0.9769962519
0.9670712007
0.05427983831
0.03501056871
0.03158293225
0.03165186559
0.03164731856
0.03162960549
0.03160947864
0.03159187596
0.03158435041
0.03159536879
0.03167323427
0.06266442033
0.9822991932
0.963873996
0.04158335233
0.03833873268
0.3838200079
0.04164963897
0.03614860679
0.03154294824
0.03150182054
0.03148894625
0.03149609107
0.03148528338
0.03147757556
0.03149042913
0.03149152363
0.03485036593
0.04700271946
0.9012209178
0.9512987135
0.965181549
0.9696793687
0.9747756001
0.9799908917
0.9827122919
0.9797006442
0.9596699474
0.04599408987
0.03159698015
0.03162195146
0.0315504215
0.03372540188
0.04146591744
0.06969731755
0.9428088454
0.6624096308
0.04452219618
0.03541979471
0.03149907227
0.03909378255
0.9575524553
0.9636378208
0.04004219912
0.03146393341
0.03148636529
0.03148976444
0.03149019639
0.03148772672
0.03148372878
0.03147681063
0.03146762711
0.03146532296
0.03147787828
0.03146649246
0.03143350187
0.03289334582
0.04184141844
0.5645519104
0.980457186
0.9829212269
0.978073934
0.9742154348
0.9775988737
0.9802235716
0.9761116476
0.06019655299
0.03131151965
0.03133434984
0.03134496013
0.03135735449
0.03137104575
0.03138542157
0.03139997091
0.03141454157
0.03142897923
0.03144276439
0.03145563842
0.03146771369
0.03147761844
0.03148585813
0.03149186547
0.031497946
0.03150318163
0.03151225939
0.03150724495
0.03148252251
0.03147718992
0.0314511383
0.03260161818
0.03714132631
0.05166097406
0.8854486404
0.9750861111
0.9792684428
0.9769143748
0.9675577465
0.9529588006
0.960979992
0.940905383
0.834198209
0.9213391251
0.1191535506
0.1408819383
0.07595698714
0.9237716735
0.9521144693
0.9683057676
0.9739863616
0.9736623913
0.9665148943
0.04968870296
0.03154042927
0.03161911793
0.03166911691
0.03166255778
0.03164031644
0.03161677246
0.03159358873
0.03157569219
0.0315741969
0.03158314213
0.03218524171
0.0881315187
0.9737959087
0.9390618024
0.4866481307
0.04524079499
0.03751741217
0.03166473486
0.03158974977
0.03153204927
0.03150602879
0.03150329777
0.03148805358
0.03147998683
0.03150082165
0.03525738153
0.04681641083
0.9066092252
0.9417600573
0.953962484
0.9667025724
0.9685961657
0.9677979812
0.9679361444
0.9704527872
0.9690574437
0.9653010796
0.950018303
0.03644732578
0.03160846747
0.03567914397
0.04528094431
0.6584593713
0.9439451437
0.07258232046
0.04063137295
0.03351525132
0.03142203326
0.03142459776
0.03140919419
0.03864661806
0.9588362281
0.962948534
0.03980333823
0.03145210841
0.03147280543
0.03147611355
0.03147518802
0.03147311874
0.03146648087
0.03145203184
0.03144070678
0.03146208664
0.0314489196
0.03430515466
0.04407940615
0.8844532904
0.9777488092
0.9852000793
0.9844367117
0.9796649407
0.9786290208
0.9782742379
0.9148427727
0.7578230187
0.06019596921
0.03131075908
0.03133331925
0.03134447903
0.03135738881
0.0313714943
0.03138594709
0.03140014132
0.03141417405
0.03142804373
0.0314409593
0.03145281825
0.03146434675
0.03147265366
0.0314793017
0.03148295353
0.03148696756
0.03148760928
0.03150053873
0.03150106833
0.03147376016
0.03151256958
0.03440063132
0.04352525817
0.6979392785
0.9693272832
0.978450272
0.9823393097
0.9819557337
0.979493571
0.9773926549
0.9168059249
0.9123031291
0.1042470202
0.9625440393
0.05026249341
0.05069731074
0.06313215068
0.9466113215
0.9508326732
0.9599775878
0.9632283654
0.9623197411
0.961297483
0.9653141382
0.878841665
0.03387245605
0.03158727974
0.03163938856
0.03164332311
0.03163202531
0.03161395923
0.03158971122
0.03156797627
0.03157408305
0.03158317492
0.03158109162
0.03594627415
0.8027509375
0.9663924816
0.9476059412
0.0409051029
0.03173300145
0.0316649506
0.03158392179
0.03153425708
0.03149620847
0.03148824094
0.03146310594
0.03270486971
0.03817059698
0.05842669737
0.9462790997
0.9583410909
0.9559319114
0.9525012058
0.965124881
0.9663323703
0.9585667281
0.9395286347
0.929125382
0.9238837291
0.9437380794
0.9713964909
0.06434648442
0.04473946055
0.05813565318
0.9357797498
0.7830257171
0.04767145047
0.03692471236
0.03160965669
0.03142815812
0.03142284255
0.0314233316
0.03141809437
0.03140718659
0.0387740745
0.9594664997
0.962349079
0.03960505857
0.0314450594
0.03146326419
0.03146289865
0.03146280156
0.03145624113
0.03143946389
0.03143191376
0.03165420734
0.03703153915
0.05691856058
0.9585484631
0.9767074293
0.9832777671
0.9865126916
0.9830229103
0.9755146804
0.9658475056
0.4720294395
0.04996135343
0.07168096857
0.06019537579
0.03131003918
0.03133260677
0.03134462944
0.03135830098
0.03137307464
0.0313876459
0.03140131132
0.03141466951
0.03142782179
0.03143935574
0.03144964311
0.03146071857
0.0314667224
0.03147145041
0.03147123116
0.03147560643
0.03146628441
0.03147280382
0.03145217497
0.03285921139
0.03939653969
0.0696201735
0.9522519194
0.9778512219
0.982557499
0.9835973282
0.9833582382
0.9779840954
0.9419506315
0.1004528022
0.048800346
0.03674432511
0.04127556628
0.05980261932
0.09239463095
0.1108068745
0.9690698466
0.9657360283
0.9720282566
0.9680542453
0.9659344385
0.9562633385
0.8331625509
0.9668930553
0.9723336598
0.04153271308
0.03152607945
0.0315844549
0.03160522494
0.03160683998
0.03159742368
0.03157417278
0.03154327467
0.03155460025
0.03155490375
0.03441331335
0.04666116027
0.3666615135
0.9391214884
0.9773384179
0.07007529708
0.03162849942
0.03160718037
0.03154841241
0.03150916761
0.03147686515
0.03150531475
0.03412567168
0.04393695622
0.5953402805
0.9691216189
0.9732527914
0.9696065731
0.9598763659
0.9566814157
0.9665714164
0.9681102786
0.9599986373
0.9373817811
0.9212168619
0.9290457451
0.8179481051
0.9619367428
0.9538114093
0.078883927
0.9695405298
0.08123133972
0.0430978626
0.03424776662
0.03145711257
0.03143102795
0.03142721913
0.03142798445
0.03142734794
0.03142339071
0.03142150501
0.03141429348
0.03894585864
0.9601304595
0.9616986117
0.03943272572
0.03144105845
0.03144955849
0.03144571941
0.03142911113
0.03140186504
0.03251499154
0.03990267636
0.1179314684
0.9779701327
0.9831564617
0.9852844496
0.9868991257
0.9871410394
0.9814233636
0.8928143852
0.04784596046
0.03718707307
0.03263062483
0.06183212205
0.06019474616
0.03130935985
0.03133235934
0.03134565471
0.03136038464
0.03137627356
0.0313909568
0.03140373831
0.03141654585
0.03142924851
0.03143838848
0.03144626721
0.03145789709
0.03145964802
0.03146494326
0.03146015
0.03146841444
0.03146617611
0.03160673234
0.03588823076
0.04649132283
0.8546076498
0.9742875834
0.9807865746
0.9833648336
0.9817598929
0.9767473222
0.9682659384
0.2918743455
0.04274969955
0.03492006846
0.03450060014
0.03764859477
0.05462670863
0.9072785837
0.9559168006
0.980648386
0.9838090311
0.9797579013
0.9785974112
0.9735056808
0.9127107043
0.06413859833
0.04705594333
0.9582375798
0.9810175261
0.07656726756
0.03156814202
0.03154607666
0.03157022751
0.03157543341
0.03156970844
0.0315481401
0.03152136986
0.03170199076
0.03870607066
0.05034303422
0.8284261549
0.9464249535
0.06648645358
0.974377825
0.9764114132
0.03764334148
0.03157077864
0.03151094138
0.03147145041
0.03301792226
0.03904222693
0.06659433179
0.947404183
0.975454809
0.9798484932
0.9771305328
0.9704074335
0.9659846698
0.96462778
0.9679766755
0.9667132617
0.9640652588
0.9310226189
0.8942073249
0.1052881144
0.0896978942
0.9471891002
0.9499269975
0.8574126537
0.04852993316
0.03830645846
0.03179984992
0.03148366464
0.03145854681
0.03144423753
0.03143705406
0.03143452379
0.03143241241
0.03142938788
0.03142906895
0.03143204159
0.03142783393
0.03914352656
0.960795285
0.9610140671
0.03941845711
0.03144478822
0.03144887672
0.03142213659
0.03370900345
0.0418239806
0.8028002259
0.9790749714
0.9865028018
0.9869197881
0.9858374424
0.9843947752
0.9809324363
0.2256121974
0.04225722785
0.03297081325
0.03143550708
0.03145581854
0.06096746613
0.06019406418
0.03130875333
0.03133287751
0.03134784768
0.03136384899
0.03138181016
0.03139663482
0.03140751688
0.03141995727
0.03143409381
0.03143974356
0.03144133016
0.03145603752
0.03144936971
0.03144883353
0.03143913743
0.03146781096
0.03348948516
0.04217541307
0.104725123
0.9679907024
0.9762538428
0.9803224126
0.9826953066
0.9820035222
0.9745153281
0.9208934439
0.04965490531
0.04049111385
0.03799798642
0.05252575097
0.1084957054
0.9263097607
0.9671928515
0.9766881986
0.9798431128
0.9809865043
0.9823592691
0.9741912682
0.9302413629
0.07391586978
0.04180459288
0.03421450477
0.0317879601
0.07191847382
0.9828730807
0.9694576695
0.03564851956
0.03151926775
0.0315435087
0.0315385806
0.03152264237
0.03148144991
0.03273697664
0.04312866844
0.08879838024
0.9525206442
0.7755305362
0.04693625565
0.03905246788
0.2279192055
0.9816790908
0.08399786836
0.03163177877
0.03308777631
0.03712774216
0.05208380643
0.8823830331
0.9740492858
0.9813010848
0.9812851118
0.9813546196
0.9777159165
0.9758887424
0.9712699998
0.9701025028
0.9711966084
0.9377693359
0.9407732487
0.5383829971
0.04055686818
0.03750384483
0.03602117614
0.8593337536
0.9699145756
0.8889844933
0.03873545185
0.03150986593
0.03147709527
0.03146179893
0.03145499193
0.03144768265
0.03144213868
0.03143887702
0.03143607276
0.03143390617
0.03143480114
0.03143985588
0.03145427487
0.0314512417
0.03946870973
0.9609896421
0.9597089753
0.04062084236
0.03161752971
0.03630910169
0.05178032255
0.9449798731
0.9750839529
0.9837478261
0.9874061917
0.9846179543
0.9790911702
0.965586941
0.06365296426
0.03837298288
0.03177908863
0.03142394122
0.03144045139
0.03143622474
0.06066336926
0.06019347914
0.03130833112
0.03133488637
0.03135168397
0.03136846214
0.03139036013
0.03140613167
0.03141348791
0.03142418436
0.03144279559
0.03144883616
0.031441081
0.0314513684
0.03143775853
0.0314834914
0.03344386799
0.03915262579
0.06247379966
0.9287496858
0.9785033465
0.9822403595
0.980302108
0.9783246353
0.9747722848
0.9704770113
0.09060038067
0.05072124607
0.05479310185
0.08779057744
0.9275171117
0.9624487717
0.9842770248
0.9846980233
0.9803583249
0.9804651265
0.980792578
0.975427438
0.9264961919
0.06390817811
0.04022390106
0.03398062754
0.03168352745
0.03161580108
0.03154315251
0.0381831584
0.9716466044
0.9788963813
0.05043750984
0.03149505329
0.03153430336
0.03152010089
0.03150648778
0.03433181754
0.04359570772
0.6171235997
0.9646771328
0.4493977004
0.04144909663
0.03369230981
0.03159564964
0.04073118447
0.9618989716
0.9668871828
0.0472951837
0.05241223189
0.8167854623
0.9650276492
0.9783989004
0.9812186704
0.9837185863
0.9822713791
0.9823072669
0.9784920689
0.9774540056
0.972387725
0.9130997162
0.6415845738
0.05723754209
0.8677810193
0.06005203619
0.03328092726
0.03168421829
0.03175303098
0.04117757393
0.9697477163
0.9746744386
0.04917674602
0.03147208837
0.03146091496
0.03144902744
0.03144704109
0.03144678931
0.031443849
0.03144118166
0.03143785743
0.03143658108
0.03143852124
0.03144283977
0.03146764589
0.03148257774
0.03150291416
0.04140071977
0.9628722323
0.9534530624
0.05239604008
0.1012048096
0.9747510529
0.9812359068
0.984704477
0.9873761043
0.9877293488
0.9823358733
0.9092781021
0.04575000518
0.03475102268
0.03143277518
0.03141758291
0.03139925311
0.03141400025
0.0314048325
0.0604883432
0.06019419886
0.03130847307
0.03133985562
0.03135841598
0.03137344405
0.03140107443
0.0314195184
0.03142446328
0.03143167629
0.03144742522
0.03145175917
0.03147942698
0.0319613707
0.03448284308
0.04138435307
0.07405875936
0.9338088175
0.9748455646
0.9801610751
0.9789666577
0.9777172918
0.9660605903
0.9488581704
0.9228579546
0.1437834509
0.2565356403
0.9467821788
0.9630370267
0.983304824
0.9850085442
0.9813830443
0.9814686991
0.9835687998
0.9790590831
0.9456057351
0.8602395336
0.06431744521
0.03934602203
0.03345847402
0.031700229
0.03167513093
0.03162578766
0.03160162916
0.03153243971
0.03305063975
0.792265147
0.9757302137
0.9447849975
0.03470186446
0.03157438501
0.03200016321
0.03796799941
0.05053050306
0.8474914175
0.9208815595
0.061386388
0.0393105347
0.03223115837
0.03168040324
0.03390490305
0.03956389439
0.854164452
0.9524183514
0.9311337153
0.9612161972
0.9765298977
0.9789660278
0.9826829735
0.9832322439
0.9843411274
0.9816546014
0.9801129696
0.9707927048
0.8973311525
0.06488198538
0.04179219132
0.03477088497
0.03341326417
0.052646281
0.9289226066
0.03497224042
0.03174005589
0.03166319976
0.03206493811
0.08996725213
0.9796300833
0.9692047911
0.0363564202
0.031458946
0.03144265473
0.03144284393
0.03144632433
0.03144374586
0.03144140713
0.03143648609
0.03143607169
0.03144248519
0.03144460654
0.03147501869
0.03149157625
0.03193241246
0.03655069455
0.06493904518
0.9643741666
0.9681278082
0.9804997795
0.9859646954
0.9862266747
0.9861716146
0.9857609945
0.9828650609
0.4687161783
0.04339781659
0.03288189428
0.03138527668
0.03139993876
0.03139965526
0.03138906583
0.03139023496
0.03137614902
0.06038956263
0.06020126455
0.03131122597
0.0313499659
0.03136914461
0.03137972422
0.03140865852
0.03141944359
0.0314309986
0.03148820686
0.03233526515
0.03473322672
0.03859538172
0.06512056955
0.534206801
0.96527455
0.981125955
0.9846974885
0.9831413757
0.9823592936
0.9775564076
0.9703547855
0.9531202279
0.9291225755
0.8902666612
0.9553165639
0.9802505778
0.9846642246
0.981324036
0.9812003666
0.9838162594
0.9800631664
0.9472761126
0.8235658416
0.06494514095
0.04382880982
0.03515394701
0.0334861802
0.03183082859
0.03181441384
0.03173156937
0.03169704118
0.03162388737
0.03155302145
0.03149946011
0.0314857577
0.04812097913
0.964100815
0.9643799254
0.05091855052
0.03492606541
0.04251189076
0.09780968032
0.9464704211
0.7998887788
0.04433821123
0.03600070875
0.03224331863
0.03454998885
0.04110966099
0.06550414447
0.88839219
0.9577755806
0.9758160049
0.9775540084
0.9780064875
0.9799021215
0.9808496009
0.9840653986
0.9833205466
0.9829789771
0.9764882795
0.9163829483
0.05896538196
0.03838473692
0.03338744415
0.03155627175
0.03150549345
0.03145690872
0.0388054899
0.9590975064
0.04487085957
0.03162447109
0.03163695264
0.03157267341
0.03413277495
0.9396482887
0.9839272388
0.09797283868
0.03154121179
0.03143621817
0.03144167385
0.03144833537
0.0314407484
0.03143769857
0.03142945222
0.03142606433
0.03143384197
0.03144832249
0.03180173831
0.03455044352
0.04551685385
0.1622307168
0.9668525821
0.9775159986
0.983768604
0.9860265989
0.9872099251
0.984537418
0.9808506102
0.9728319213
0.07612879453
0.03965807818
0.03205486095
0.03141061321
0.03140343566
0.03140308019
0.03139396779
0.03138071175
0.0313723195
0.03135427014
0.06032619144
0.06022556001
0.03132526087
0.03136619829
0.03136993333
0.03139162538
0.03155048405
0.03321904512
0.03527334348
0.04291179061
0.08414486242
0.8651417528
0.969141781
0.9817855886
0.9896167303
0.9894713523
0.9876333358
0.9874002361
0.9850626773
0.9821849342
0.9774281724
0.9708270017
0.96070943
0.9538492509
0.9578503659
0.9651172665
0.975197168
0.9820464193
0.9802908518
0.9500238435
0.857632485
0.06766189564
0.04394285757
0.03485577286
0.03334662566
0.03200612679
0.03200849423
0.03203023926
0.03189441093
0.03183162404
0.03170734926
0.03160609746
0.03153577679
0.03148902333
0.03146998098
0.0314909955
0.03913458339
0.9265683954
0.9537387205
0.9468916147
0.06787721962
0.9069728757
0.9447197621
0.6048963747
0.04481877164
0.03686996321
0.03752842609
0.05801848837
0.2486997547
0.9498456036
0.9747632844
0.9785564349
0.9787146969
0.9824088444
0.9839867645
0.984058784
0.9832750967
0.983542909
0.9850219682
0.9820730084
0.9505526375
0.07126067234
0.03979810528
0.03326302149
0.03150697402
0.031494252
0.03149737606
0.0315135142
0.03150388163
0.03298098976
0.8848696955
0.07318334103
0.03166370683
0.0315742567
0.03155822391
0.03152540272
0.04044131091
0.9817125534
0.9824718203
0.04148280595
0.03142405156
0.03144259951
0.03145356872
0.03143484191
0.03142290936
0.03140925078
0.03142107993
0.03272549049
0.03482586023
0.04865306678
0.1771397133
0.9623016979
0.9825175188
0.9841296937
0.9847147835
0.9871895643
0.9890546118
0.9880182654
0.9824768081
0.9432676029
0.05057134125
0.03577272009
0.0314644831
0.03141707101
0.0313873261
0.03138868772
0.03138743444
0.03137858592
0.03136656955
0.03135557971
0.03133732197
0.06028115211
0.06034012976
0.03135495376
0.03176303438
0.03360838472
0.03670040112
0.05436655662
0.179718129
0.9666008389
0.9758013605
0.9866821291
0.9912952655
0.9918276975
0.991183667
0.9909981326
0.9910153505
0.9895597
0.9882087094
0.9862586765
0.9839092393
0.9803470427
0.9759303807
0.9705251679
0.9652031127
0.9587481231
0.9489278547
0.9208520919
0.9046912422
0.09367019512
0.048471141
0.03566832557
0.03368271157
0.03200613026
0.03193663129
0.03208616414
0.03214629564
0.0323873299
0.03305009529
0.03412802272
0.03463193394
0.03512566274
0.03604786016
0.03685101666
0.03771149017
0.03910571625
0.04290729022
0.05252209285
0.9108769962
0.9389955343
0.9311669557
0.7837408728
0.4072759924
0.0650764113
0.05669800544
0.07069774654
0.1913348277
0.9404717219
0.9661956926
0.9846841794
0.9839444316
0.9807939232
0.9813813037
0.9808445478
0.9830795123
0.9842627271
0.9847585545
0.982384086
0.9787045511
0.9729648088
0.210220901
0.04507849724
0.03392460373
0.03157393508
0.03152803011
0.03151011602
0.03151707827
0.03151537889
0.03151310393
0.03151252005
0.03148880723
0.0514859856
0.9283213593
0.03471096222
0.03150820688
0.03151857565
0.03154654038
0.03162041892
0.09099172319
0.9823187322
0.9261217737
0.034867253
0.03143583336
0.03145583048
0.0314277267
0.03145627715
0.03311412366
0.03671011834
0.05415682597
0.7686356042
0.9616055791
0.9847644158
0.986493557
0.985781664
0.9859216335
0.9858543197
0.9861928893
0.9866067527
0.9831439921
0.8065507499
0.04587928131
0.03349494863
0.03139888755
0.03140214136
0.03139050278
0.03137521374
0.03137320319
0.03137023385
0.03136235922
0.03135187992
0.03134103227
0.03132436034
0.06024837904
0.09952148983
0.04183188794
0.06737078879
0.7162309703
0.9734067024
0.9835388916
0.9910962758
0.9923093973
0.9920067541
0.9923588662
0.9929854836
0.9931996008
0.9928010771
0.9922035603
0.9914222776
0.9906081205
0.9896195492
0.9881401597
0.9864553443
0.9843096672
0.9818464984
0.9791137203
0.9761292272
0.9720560815
0.9648206548
0.9542390994
0.9304330918
0.9164642442
0.8477925612
0.2253430828
0.1141509441
0.08851430309
0.0812643741
0.08053729334
0.08502872541
0.1039595729
0.1972567431
0.7313328677
0.86548497
0.9162422086
0.9266848122
0.9429927493
0.9527584413
0.9589604324
0.9645527018
0.9737643178
0.9756019121
0.9742785894
0.9690828381
0.9546264413
0.9359629007
0.9506947884
0.967241203
0.978514667
0.9871102506
0.9855674347
0.9820266859
0.9822378343
0.9822944935
0.9795541461
0.9790459541
0.9798426872
0.9827717588
0.981799959
0.9817834001
0.9750122696
0.8801577756
0.04907598828
0.03688916885
0.03203327495
0.03166906468
0.0316073762
0.03158886061
0.0315617433
0.03153082686
0.03151115138
0.03150455318
0.03152191069
0.03151255406
0.03860096282
0.9373446439
0.04340528519
0.03144748387
0.03147903984
0.03150783804
0.03160110474
0.03815824579
0.969261231
0.9694653254
0.7225604634
0.03363577129
0.0316869503
0.03407088428
0.04018794564
0.06604701599
0.9097087583
0.9701835934
0.9827499564
0.9851071492
0.9865395816
0.9880227601
0.986296842
0.9840724093
0.9840203406
0.9814872488
0.958449518
0.07162683854
0.04012624785
0.03264937641
0.03140551645
0.03140221248
0.03139663064
0.03138275056
0.03136887062
0.03136230943
0.03135622669
0.03134813516
0.03133869185
0.03132892163
0.03131456148
0.06022479826
0.9729514716
0.9839657336
0.9894672087
0.9936041377
0.9938346636
0.9936166785
0.9941246365
0.9945830479
0.9944868604
0.9943468675
0.9941431907
0.9938781674
0.9935981408
0.9931766406
0.9925240623
0.9918186524
0.9910786577
0.9901110593
0.9890276738
0.9878375975
0.9866426796
0.9855412763
0.984631794
0.9839340112
0.9836071327
0.9840529922
0.9859257256
0.9882356061
0.9909957404
0.9924063486
0.9923656736
0.9920828003
0.9919293467
0.9918728929
0.991880584
0.9919460626
0.9920868256
0.99200532
0.9911012159
0.9885043987
0.985547093
0.9841939136
0.9835748946
0.9831191173
0.9828333242
0.9831418708
0.9848824616
0.9851687025
0.9844921408
0.9823248916
0.9795196979
0.979255751
0.9821092973
0.9840793221
0.9852464382
0.9853260816
0.9819715375
0.9791166961
0.9749628825
0.9723170244
0.9724098369
0.9741844541
0.9772635513
0.9696801506
0.9196420125
0.06515435308
0.03973129805
0.03351196949
0.03181379476
0.0317523141
0.03170288514
0.03165295872
0.03162407303
0.03160803761
0.03158284947
0.03152944428
0.03148075034
0.03148005163
0.03160080296
0.03455325948
0.8544539136
0.4459124393
0.03278017038
0.03146897313
0.03155353753
0.03177320848
0.03494558547
0.06707257588
0.9612144834
0.9543625175
0.05509270317
0.05098359937
0.1367423992
0.9531200495
0.9785927317
0.9833305334
0.9842523458
0.9863736783
0.9879700346
0.9871826728
0.9870717142
0.9857378032
0.9703186515
0.9255816174
0.07951002976
0.04244805876
0.0337387837
0.03143898817
0.03140078931
0.03139063703
0.03139195399
0.03138537116
0.03137297432
0.03136083505
0.03135230933
0.03134442042
0.03133605158
0.0313274407
0.03131902794
0.03130721756
0.06020844271
0.9874546457
0.9935757919
0.9949808433
0.9956980672
0.9960255118
0.9958815779
0.9957869538
0.9956392426
0.9955282306
0.9953866348
0.9951102283
0.9947703608
0.9944388848
0.994064692
0.9935775924
0.9930363361
0.9924683634
0.9918304278
0.9911613841
0.9904971597
0.989907729
0.9894568132
0.9892026047
0.989180827
0.9894364851
0.990006354
0.9908018012
0.9916744341
0.9924619414
0.9934223846
0.9939289283
0.9940894592
0.9941313757
0.9941234388
0.9940723098
0.9939623308
0.9937649114
0.9934401378
0.9928826897
0.9919876082
0.9907217698
0.9896195104
0.9887580908
0.9880673937
0.9875930432
0.9875779011
0.9882428223
0.9891014054
0.9892298336
0.9885458473
0.9872994147
0.9861582258
0.9856377999
0.9851998794
0.9842257497
0.982256659
0.9794142138
0.9744634605
0.9642980966
0.947719196
0.9282989101
0.9302255293
0.9544529741
0.0660929984
0.03924214244
0.03464673352
0.03203625909
0.03206660978
0.03189236277
0.03174923898
0.03168726699
0.03165350407
0.03166277107
0.03171781029
0.03183993292
0.03207260098
0.03287910726
0.03372507414
0.03424121616
0.03614210946
0.05955777998
0.8750171227
0.04091329975
0.03775481712
0.04226150646
0.05938291505
0.09255834181
0.9368113998
0.9639155645
0.96952112
0.961561815
0.9649813608
0.9847870732
0.9855739993
0.9847380406
0.9863016405
0.9869980239
0.9864208902
0.9872244259
0.9855734082
0.9677254442
0.7196268721
0.05886046922
0.03664279757
0.03340126558
0.03148809467
0.03141094297
0.0314066105
0.03139173522
0.03138457963
0.03138127738
0.03137369598
0.03136278381
0.03135190481
0.03134274759
0.03133417603
0.03132586461
0.03131805541
0.03131100478
0.03130174853
0.06019770131
0.9922697042
0.9959880655
0.996647059
0.996883057
0.9968973192
0.996838758
0.9967089905
0.9964976375
0.9962951149
0.9960946122
0.9958263114
0.9955095922
0.9951860858
0.9948461782
0.9944657624
0.9940597164
0.9936393978
0.9932041805
0.9927783165
0.9923866345
0.9920665753
0.9918501624
0.9917606076
0.991807635
0.9919916101
0.9922920655
0.9926413336
0.9929290896
0.9931309684
0.993360833
0.9936772844
0.9939151184
0.9940304511
0.9940542175
0.9940057218
0.9938864697
0.9936954979
0.9934482073
0.9931770954
0.9928845596
0.9925117324
0.992019904
0.9915094173
0.991077648
0.9907940914
0.9907626846
0.9910328229
0.9913898057
0.9914730413
0.9911039512
0.9903269818
0.9893198735
0.9882871243
0.9871086319
0.9855305306
0.983284287
0.9802317557
0.9753669737
0.9660279889
0.9493722339
0.9182843529
0.9052230826
0.1307972859
0.08950862579
0.05725233537
0.05891190645
0.05654904284
0.05575874039
0.05672130531
0.05803018382
0.0597506247
0.06179619703
0.0643129826
0.06781919558
0.07417690586
0.09194972901
0.1714663335
0.5600127828
0.8087171996
0.8248873367
0.9377746222
0.9466136562
0.924212396
0.9447318028
0.9648995171
0.9757908587
0.9839920851
0.9806133845
0.9794321022
0.9817339762
0.9818550361
0.9811714404
0.9828583092
0.9849468001
0.9852591687
0.9844318913
0.9851726253
0.9826987994
0.9630667958
0.156357396
0.04782497558
0.03502043821
0.03255641018
0.03144075364
0.03140017958
0.03139487486
0.03139123938
0.03139283557
0.03138161337
0.03137456373
0.03136926123
0.03136159244
0.03135211599
0.03134247281
0.03133357213
0.03132513918
0.03131725723
0.03131027696
0.03130448847
0.03129767868
0.06019113886
0.9951617113
0.9972680839
0.9975717075
0.9976492336
0.9975905523
0.9974752856
0.9973206823
0.9971118931
0.9968856793
0.9966503957
0.9963841331
0.9960905275
0.9957872905
0.9954780856
0.9951602862
0.9948408423
0.9945246823
0.9942167933
0.9939316134
0.9936837931
0.9934904911
0.9933643309
0.9933111486
0.9933288046
0.9934084947
0.9935304021
0.9936550443
0.9937282252
0.9937333778
0.9937401432
0.9938215587
0.9939445641
0.9940362982
0.9940702039
0.9940500659
0.9939847239
0.9938885999
0.993789167
0.9937173121
0.9936697794
0.9935932822
0.9934423814
0.9932413566
0.9930554216
0.9929342323
0.9929151271
0.9929966986
0.9930835809
0.9930247478
0.9927217154
0.9921532529
0.9913610749
0.9904091915
0.9892841104
0.9879428763
0.9863849914
0.9846840878
0.9827721268
0.9807564616
0.9794865261
0.9798731911
0.9814802523
0.985507518
0.9875317738
0.9878275338
0.9877922671
0.9880786913
0.9884146122
0.9887525215
0.9890802813
0.9893965094
0.98969778
0.9899802926
0.9902361091
0.9904501971
0.9906034027
0.9906773951
0.9901525757
0.9873012687
0.9838002556
0.9820621185
0.9818958787
0.9800691715
0.980316704
0.9810098959
0.9816354348
0.9818076462
0.9825143115
0.9823392597
0.9842387089
0.9852277128
0.9844473313
0.9841290105
0.9819246183
0.9823153674
0.9783590667
0.947988749
0.09079144129
0.0431401167
0.03432262809
0.03164558283
0.0314260148
0.03139305886
0.03138594197
0.03138801095
0.0313838884
0.0313772608
0.03137665483
0.03136984034
0.03136342956
0.03135744832
0.03135013688
0.03134180507
0.03133329096
0.03132511267
0.03131733429
0.03131017714
0.03130400461
0.03129924688
0.03129464472
0.0601874949
0.9969320058
0.9981358856
0.998209293
0.9981772867
0.9980748334
0.9979332182
0.9977619971
0.9975585143
0.9973336481
0.997092044
0.9968298083
0.9965508021
0.9962639192
0.9959752438
0.9956901121
0.9954162015
0.9951590324
0.994923925
0.9947189389
0.9945511985
0.9944265667
0.9943466355
0.9943079065
0.9943020101
0.9943171843
0.9943378586
0.9943423248
0.9943056044
0.9942229693
0.9941342109
0.9940909263
0.9940982953
0.9941264944
0.9941482826
0.9941557129
0.9941543015
0.9941575209
0.9941835983
0.9942444273
0.9943275973
0.9943968206
0.9944239328
0.9944150987
0.9943968323
0.994390733
0.9944048104
0.9944251338
0.9944050397
0.9942794201
0.9939979509
0.9935369726
0.9928997684
0.9921127067
0.9912047887
0.9902289583
0.9892858834
0.9885080288
0.9879788648
0.9878031941
0.9881066345
0.9888509551
0.9898164207
0.9906510908
0.9918356793
0.9920661963
0.9921135443
0.9922355565
0.9923385979
0.9924199631
0.9924882083
0.9925494599
0.9926041
0.9926479845
0.9926701166
0.9926477546
0.9925404162
0.9922899503
0.9918265335
0.991000184
0.9896952706
0.9888049494
0.9880619
0.9872226659
0.9858872907
0.9843530661
0.9827868132
0.9810105742
0.9799132571
0.9810117607
0.9826655934
0.9837611403
0.9826810656
0.981936833
0.9756284938
0.9274854825
0.0701179812
0.04045305852
0.03377173447
0.03152592857
0.03141720452
0.03139970048
0.03139499647
0.03138794397
0.03137740637
0.03137516226
0.03137224447
0.03136659817
0.0313632414
0.03135794341
0.03135237325
0.03134642973
0.03133962293
0.03133223413
0.03132475901
0.03131754863
0.03131076537
0.03130461958
0.03129935454
0.03129532402
0.0312923926
0.06018567468
0.9983066013
0.9987207517
0.9986340601
0.9985270555
0.9983952356
0.9982444818
0.9980743687
0.9978815292
0.9976671421
0.9974316176
0.9971758469
0.9969052597
0.9966275511
0.9963501236
0.9960810621
0.9958292277
0.9956018851
0.9954052842
0.995245248
0.9951253497
0.9950459105
0.995002441
0.9949854161
0.9949810213
0.9949727673
0.9949430836
0.9948753781
0.9947590919
0.9946015672
0.9944365071
0.9943053144
0.9942265085
0.9941942234
0.9941947205
0.9942202821
0.9942731149
0.9943617285
0.9944931247
0.9946624349
0.9948470363
0.995015919
0.9951499311
0.9952510778
0.9953322427
0.9954030601
0.9954616894
0.9954898548
0.9954538046
0.9953158478
0.9950482874
0.994635963
0.994074413
0.9933772216
0.9925909638
0.9918098179
0.9911671775
0.990792867
0.9907527497
0.9910445699
0.9915845638
0.9922036196
0.9927195721
0.9930001164
0.9930500184
0.9929981708
0.992875894
0.9927813099
0.9926878024
0.9925848416
0.9924740673
0.992357964
0.9922380939
0.9921151394
0.9919895181
0.9918629639
0.9917430034
0.9916533053
0.9916375277
0.9917020775
0.9917259397
0.9915603383
0.991140878
0.9902688495
0.9887921127
0.9867616663
0.9844358431
0.9819385797
0.9796221343
0.9776317844
0.9752668756
0.9737143048
0.9641577695
0.9289326414
0.06811749059
0.03983951542
0.03350706658
0.03152770145
0.03146025073
0.03144949676
0.03144865416
0.03143867222
0.03142464506
0.03141609683
0.03140428941
0.03139405114
0.03138437609
0.03137387547
0.03136398377
0.03135387615
0.03134428256
0.03133525472
0.03132679499
0.03131909499
0.03131233163
0.03130657239
0.03130177164
0.03129786382
0.03129477531
0.03129243382
0.03129083767
0.06018470004
0.9968570914
0.9983746325
0.9978054481
0.9974484194
0.9971325218
0.9968160346
0.9964778937
0.996105681
0.9956973958
0.9952495901
0.994759782
0.9942342592
0.9936852815
0.9931277711
0.9925802349
0.9920640161
0.9915986664
0.9912016601
0.9908883305
0.990667371
0.9905381734
0.9904878368
0.9904910713
0.9905120519
0.990507865
0.990432286
0.9902423149
0.9899129471
0.9894627606
0.9889695378
0.9885363615
0.9882285292
0.9880579222
0.9880067123
0.9880574892
0.9882096503
0.9884772041
0.9888697333
0.9893667659
0.9899077557
0.9904167942
0.9908448802
0.9911885596
0.9914719541
0.9917179209
0.9919272403
0.9920649374
0.9920622757
0.9918393374
0.991332573
0.9905064393
0.989358805
0.9879337604
0.9863393483
0.9847785586
0.9835409872
0.9829110053
0.9830260349
0.9838314384
0.9850840267
0.9864004413
0.9873994985
0.9878134446
0.9875981335
0.9870057308
0.9864110608
0.9859182664
0.9854725099
0.9850365476
0.9845912164
0.9841307583
0.983656127
0.983175306
0.9827089849
0.9823049932
0.9820624695
0.982149875
0.982741985
0.9837866679
0.984844988
0.9854041149
0.9851663571
0.9838697684
0.9811936771
0.9770615402
0.9718180963
0.9660846403
0.9606134657
0.9539720196
0.9378477975
0.9005051526
0.4500278079
0.09112076184
0.07042481482
0.06164021362
0.06101179368
0.0609053019
0.06091078594
0.06087238338
0.06081895836
0.06078559057
0.06073163102
0.06069262518
0.06065315426
0.06061170279
0.06056626691
0.06051592567
0.06046379961
0.06041114765
0.06036179425
0.06031757332
0.06027977545
0.06024924175
0.06022596986
0.06020928322
0.06019811367
0.06019125466
0.06018747453
0.06018562141
0.06018466226
0.08761981456
