0.9968351867
0.997619705
0.9966433542
0.9961486364
0.9957745292
0.9954189554
0.9950421021
0.9946280329
0.9941688658
0.9936615441
0.9931081068
0.9925126111
0.9918793543
0.9912164378
0.9905390369
0.9898671937
0.9892219947
0.9886240022
0.9880907397
0.987632203
0.987246856
0.9869202292
0.9866271471
0.9863392163
0.9860354236
0.9857178492
0.9854187951
0.9851914788
0.985088308
0.9851480586
0.9853936751
0.9858261325
0.9864081541
0.9870498418
0.987625906
0.9880134993
0.9881190906
0.9879169404
0.9874638869
0.9868811404
0.9863198471
0.9859178612
0.9857377742
0.9857421608
0.9858514307
0.9860201065
0.9862594567
0.9866109966
0.9870977198
0.987683602
0.9882888525
0.9888254931
0.9891952186
0.9892777345
0.9889222924
0.9879761998
0.9863693931
0.9841066731
0.9813040342
0.978362423
0.9758531557
0.9740281076
0.9728593041
0.972406555
0.9726837569
0.9727719251
0.9720834608
0.9709472935
0.9700082688
0.9695100453
0.9693538774
0.9693852559
0.9695031041
0.9696557269
0.9698191908
0.9699817433
0.9701343574
0.9702644056
0.9703699131
0.970632302
0.9717889337
0.9737674633
0.9753332084
0.9756965036
0.9751275888
0.9742571782
0.9735144871
0.9731614387
0.9730664728
0.972254532
0.9686567981
0.9568426209
0.9314725067
0.2625073139
0.09357572441
0.07139680409
0.07112028089
0.07087513
0.07064950739
0.07048025614
0.07036248738
0.07027572947
0.07020806325
0.07015257149
0.07010548134
0.07006515002
0.07003081527
0.07000222127
0.06997916605
0.0699612295
0.06994778554
0.06993813865
0.06993159236
0.06992746903
0.06992512747
0.06992398072
0.06992352382
0.0699233712
0.06992328408
0.06992311207
0.1763662143
0.9961669061
0.9985181672
0.9982410189
0.9979865475
0.997769808
0.9975631605
0.9973515404
0.9971276132
0.9968865826
0.9966255471
0.9963443507
0.9960440191
0.9957254773
0.9953913732
0.9950479598
0.9947040284
0.9943690728
0.9940529939
0.9937653428
0.9935132418
0.9932993775
0.9931206232
0.992967783
0.9928280411
0.9926896221
0.9925497499
0.9924188155
0.9923157149
0.9922579851
0.992258285
0.9923275761
0.9924744732
0.992695967
0.9929638747
0.9932252913
0.9934196115
0.9934945521
0.9934297879
0.9932456103
0.9929909212
0.9927279896
0.9925182338
0.9923941956
0.9923418307
0.9923254182
0.9923248288
0.9923471961
0.9924154046
0.9925449652
0.9927215876
0.9929119718
0.9930939171
0.9932494627
0.993317875
0.9932126884
0.9928460077
0.9921894207
0.9912564767
0.9900381532
0.9886643477
0.9873731118
0.9862577639
0.9853341434
0.9848250345
0.9850347758
0.9856850869
0.985982863
0.9859858447
0.9859576878
0.9859767312
0.9860186317
0.9860643458
0.9861080789
0.9861492042
0.9861880702
0.986224165
0.9862540396
0.9862657055
0.9862241607
0.9860574521
0.9858428951
0.9860211034
0.9864188457
0.9863038795
0.9857479441
0.9850186237
0.984278508
0.9836680382
0.9833717861
0.9832131972
0.9826579346
0.9809233513
0.9771961601
0.973122625
0.9621197856
0.06875384838
0.04055993042
0.03714736319
0.03710131466
0.03705544184
0.03701830289
0.0369883583
0.0369645563
0.03694539615
0.03692954124
0.03691613877
0.03690474424
0.03689494822
0.03688665518
0.03687978788
0.03687417909
0.03686966949
0.03686611578
0.03686337851
0.03686133323
0.03685987718
0.03685891855
0.03685836258
0.03685810381
0.03685806738
0.06992311559
0.9938281276
0.9974247783
0.9977246286
0.9976233079
0.9974293702
0.9972067122
0.9969683105
0.9967184406
0.9964553464
0.9961759026
0.9958802714
0.9955686369
0.9952386926
0.9948903601
0.9945294874
0.9941648275
0.9938050599
0.993460459
0.9931430437
0.9928636927
0.9926298512
0.9924434635
0.9922976334
0.9921768153
0.9920618689
0.9919448428
0.9918354015
0.9917500745
0.9916946784
0.9916666773
0.991673333
0.9917386156
0.9918879866
0.9921159125
0.992374073
0.9925844771
0.9926650378
0.992588352
0.9923893678
0.9921232171
0.991846489
0.9916200419
0.9914729142
0.9913663719
0.991238131
0.9910645469
0.9908707107
0.9907079268
0.9906115008
0.9905468316
0.9904401148
0.9902873873
0.990227585
0.9903707644
0.9904365604
0.9902462112
0.9898123004
0.9892801998
0.9884933526
0.9871922967
0.9857946412
0.9843387502
0.9825005326
0.9808049316
0.9810780036
0.9833482351
0.986224945
0.9868719125
0.9872861432
0.9875595914
0.9877059353
0.9877695566
0.9877889981
0.9877871146
0.9877756107
0.9877586872
0.9877353674
0.9876972917
0.9876182729
0.9874080984
0.9867495324
0.9848020314
0.9839375308
0.9840668783
0.9822401431
0.980692336
0.9789203782
0.977419714
0.9765558695
0.9771560776
0.9785803184
0.9798647513
0.9803174766
0.9801060362
0.9810991499
0.9780562501
0.9479110244
0.05094705544
0.03738533984
0.03705993215
0.03701611046
0.03698720125
0.03696551862
0.03694893941
0.03693546498
0.0369239011
0.03691394082
0.03690488617
0.03689671501
0.03688958792
0.0368833321
0.03687781497
0.03687300678
0.03686887655
0.03686540577
0.03686261539
0.03686053262
0.03685914372
0.03685836556
0.03685812103
0.0699233224
0.9908629019
0.9961647929
0.9967535418
0.9969378197
0.9968597415
0.9966707383
0.996431134
0.9961699331
0.9958931511
0.9955981137
0.9952882062
0.9949645619
0.9946188858
0.994245634
0.9938513358
0.9934467376
0.9930400286
0.9926430166
0.9922734466
0.9919490668
0.9916845693
0.9914905772
0.9913668253
0.9912923607
0.991227496
0.9911496849
0.9910709465
0.9910144671
0.9909736192
0.9909180108
0.9908381675
0.9907800896
0.9908254449
0.9910162675
0.9913214802
0.9916409878
0.9917938264
0.9917133842
0.9914730552
0.9911599375
0.9908109546
0.9905020596
0.9902883756
0.9901059698
0.9898259451
0.9893827682
0.9888145222
0.9882352116
0.9877532883
0.9872843788
0.9865538707
0.9853315569
0.9838108204
0.9834407867
0.9852212408
0.9855762699
0.9857356523
0.9863175418
0.9870329633
0.9869593353
0.9840940042
0.981917552
0.9786364614
0.9720261374
0.9661673664
0.9702541728
0.9805821318
0.9848669341
0.984101583
0.9840558166
0.9840537725
0.9840129329
0.9839497579
0.9838752138
0.983796228
0.9837170193
0.9836411973
0.9835772993
0.9835504078
0.9836322937
0.9838987881
0.9805237817
0.9744272136
0.9753903907
0.9755110993
0.9712490355
0.9687280305
0.9662450381
0.9659210619
0.9644400493
0.9702158937
0.9752176912
0.9783799871
0.979332533
0.9797556258
0.9806195694
0.9804366672
0.9783594414
0.1497010964
0.04333125219
0.03705616353
0.03700055089
0.03697724249
0.03696188213
0.0369490697
0.03693729313
0.03692700493
0.03691701266
0.03690761444
0.03689948487
0.03689224082
0.0368856238
0.03687967323
0.03687438613
0.03686975619
0.03686586109
0.03686279569
0.03686058813
0.03685917122
0.03685840436
0.0699234618
0.9865035287
0.9944493603
0.9954268666
0.9958587783
0.9959579629
0.9958583306
0.9956507834
0.9954041107
0.995134192
0.9948353576
0.9945208782
0.9941967087
0.9938410781
0.9934371392
0.9929951361
0.9925305156
0.9920478278
0.9915597156
0.9910954113
0.9906854324
0.990353616
0.9901228914
0.9900137724
0.9900267437
0.9900852838
0.9901195603
0.9901359726
0.9901729166
0.9902080778
0.9901675203
0.9899918781
0.9897102274
0.9895036927
0.9895276011
0.9898061609
0.9902764124
0.9906868065
0.9907113338
0.9904973568
0.9902456512
0.9899299115
0.9894459126
0.9889924328
0.9886115802
0.9881049497
0.9872897847
0.9861174098
0.9848116509
0.9837261281
0.9827905821
0.9812746804
0.978047323
0.9709975337
0.955818162
0.9584016169
0.9676928565
0.9641958918
0.9714025875
0.9788160883
0.9847431944
0.9827831238
0.9776982844
0.9761266628
0.9721428196
0.9476363375
0.8060149115
0.7651287725
0.1216524358
0.08584204547
0.0719560012
0.06598951817
0.06488634521
0.06415183903
0.06346753457
0.06304149883
0.06266673297
0.06236136982
0.06217413275
0.06225781725
0.0631375815
0.06734381684
0.07404121792
0.5983174328
0.8489796563
0.4684439762
0.7328265964
0.7672810105
0.8704726687
0.9116117956
0.9304259873
0.9401761416
0.9577749088
0.9671465884
0.9710681205
0.9764108059
0.9782506683
0.9801669658
0.9836297007
0.9840179426
0.9707324306
0.06407239457
0.04081072114
0.03699747238
0.0369722352
0.03696022078
0.03694903575
0.03693963296
0.03692917128
0.03691867235
0.03690996093
0.03690209458
0.03689460427
0.0368877112
0.0368814107
0.03687564471
0.03687055234
0.03686632894
0.03686306919
0.03686074386
0.0368590394
0.06992367406
0.9781468548
0.9916420825
0.9937567386
0.9942237685
0.9945315643
0.9945922145
0.9944593933
0.9942806602
0.9940681975
0.9937922656
0.9934979862
0.9932098454
0.992871015
0.9924391758
0.9919383052
0.991394542
0.9907962581
0.9901484219
0.9895008809
0.9889130531
0.9884265191
0.9880633144
0.9878667567
0.9879396951
0.9883148335
0.9887366835
0.9890540186
0.9893334896
0.989552043
0.989621622
0.9894458696
0.9889138035
0.9880784837
0.9874535436
0.9872734297
0.9875105852
0.9882089727
0.9894106059
0.9894766982
0.989566419
0.9897314837
0.9895355918
0.9879894679
0.98675557
0.9858391322
0.984712027
0.9830439952
0.9805812676
0.9786351882
0.977861056
0.9773192344
0.9757932379
0.972300087
0.9626422633
0.9368422507
0.07865475063
0.04767566118
0.04722553011
0.05229682404
0.06893203444
0.1105104865
0.9005450633
0.9425722207
0.9756391669
0.9764642616
0.9678005179
0.9335908762
0.3553862232
0.04859038934
0.04063986049
0.03826893895
0.03844199607
0.03862922379
0.03817831193
0.03797703985
0.03779593517
0.03764729998
0.03753735772
0.03743978094
0.03738413354
0.03738019244
0.03739108418
0.04888884148
0.07084473482
0.04339196243
0.04072981358
0.04119581159
0.04274545888
0.05187170886
0.08658762686
0.9010717887
0.9233940702
0.9279320272
0.8949668749
0.9500376303
0.9724902073
0.9788159555
0.9815197654
0.9835989411
0.9836611161
0.9774748967
0.9513735003
0.05617387001
0.03990393069
0.03697721026
0.03695804101
0.0369508631
0.03694085476
0.03692938679
0.03692090558
0.03691297965
0.03690487315
0.03689733887
0.03689029
0.03688347028
0.03687710359
0.03687154731
0.03686698379
0.03686343144
0.0368602484
0.06992419586
0.9232202435
0.9791740558
0.9889572859
0.9911861038
0.9915753411
0.9925788461
0.9925187361
0.9924631413
0.9925180384
0.9923281306
0.9920831319
0.9919233099
0.9916790656
0.9912412568
0.9906819354
0.9900568718
0.9893031385
0.9883852137
0.987375011
0.986383031
0.985524745
0.9848327602
0.9841812556
0.9837952881
0.9844339593
0.9866692654
0.9881551367
0.9888306103
0.9892506717
0.9894643004
0.9894933999
0.9892023316
0.9879481751
0.9848871435
0.9828228657
0.9812713396
0.9796348571
0.9817032935
0.9839364607
0.985221969
0.9861873817
0.9878738136
0.9863924888
0.9826352422
0.9805204301
0.9800180486
0.9797920477
0.978768726
0.973237954
0.9727458706
0.9753449329
0.9779514217
0.9795617857
0.9792934692
0.9767077921
0.9739870808
0.08668856846
0.04250564914
0.03774655912
0.03786677723
0.03793407347
0.04011200849
0.04270889051
0.05764574345
0.2042560744
0.9713690634
0.9746138256
0.9739470307
0.9708968514
0.9049217166
0.06079284318
0.0451849673
0.04048937782
0.03854581468
0.03845685746
0.03825601612
0.0379768702
0.03778759111
0.03761196681
0.03749964792
0.03749863608
0.03779275749
0.05027296418
0.8010022504
0.04502405311
0.03785136819
0.0373803932
0.03761480759
0.05272837526
0.9093818614
0.9557616143
0.9399629618
0.8692423897
0.05242729356
0.04504494532
0.06304529281
0.9541844095
0.9773044157
0.9836645873
0.9838041018
0.9821865383
0.9800573945
0.9723310827
0.9286323741
0.05068694724
0.03850874731
0.03695966834
0.03695226455
0.03693979318
0.03693271692
0.0369252408
0.03691656203
0.03690878311
0.03690142588
0.036893689
0.03688597101
0.03687892019
0.03687281252
0.0368676922
0.03686235879
0.06992550297
0.07855858304
0.04731280931
0.06073187775
0.2151502282
0.9702751372
0.9839829831
0.9881146315
0.9884643775
0.9896378067
0.9906934694
0.9900465443
0.990097882
0.990253584
0.9898855136
0.9892847418
0.9886327532
0.9877321723
0.9864238003
0.9847711433
0.9828655825
0.980931207
0.9794137936
0.9779843328
0.9749869336
0.9715632905
0.976387851
0.9827183457
0.9859178122
0.9852940459
0.9852629793
0.9855936782
0.9864181268
0.9871039264
0.9829257029
0.9757951984
0.971043232
0.967215154
0.9552964203
0.1986484901
0.08057726752
0.07322767322
0.09226306787
0.1481606577
0.838046793
0.9017536192
0.935545806
0.9580504242
0.9732588205
0.9704075819
0.9621972659
0.9697288895
0.9765984289
0.980511739
0.9811229589
0.9792293825
0.9789879272
0.9780739003
0.9541372635
0.05496726287
0.03994551017
0.03793570758
0.038206415
0.03796328726
0.0378929868
0.03834101923
0.04570968357
0.07004589216
0.9353192109
0.9757111359
0.9791628055
0.9753880603
0.964820944
0.7304377264
0.05892672092
0.04302033815
0.03808451257
0.03788580742
0.03784639023
0.03769792334
0.03759569232
0.03755019553
0.03772201518
0.05427217644
0.4196586455
0.03985422791
0.03724300742
0.0373212293
0.04005012958
0.0939957527
0.9687272865
0.9626287311
0.9311892569
0.05541012084
0.04139162022
0.03720118048
0.03717947458
0.04134328942
0.0645513923
0.970701784
0.9840276936
0.983935563
0.98146287
0.980511245
0.9781861151
0.9675281687
0.6895145856
0.04242802697
0.03699805532
0.03695596104
0.03694720295
0.0369394963
0.03692957732
0.03692216721
0.03691528104
0.0369067978
0.03689761512
0.03688895547
0.03688114412
0.03687416235
0.03686586782
0.06992843358
0.07010828831
0.03705305961
0.03705722131
0.03732230531
0.04015449762
0.04796681925
0.08719128063
1.000000006
0.9709482819
0.9851494346
0.986673855
0.9860515024
0.9878669101
0.9890480371
0.9878888631
0.9873618879
0.9865013008
0.9848069584
0.9823863907
0.9790496774
0.9743945529
0.9692050547
0.9665281782
0.969434476
0.9519938609
0.922489368
0.4481670421
0.1136921328
0.08133814679
0.06794758038
0.06736703302
0.0732208895
0.1070282361
0.3278555389
0.9020343872
0.9275932091
0.9608283987
0.9647327594
0.9643516223
0.919649204
0.05015207486
0.04065275061
0.03817152386
0.03976508938
0.04042788143
0.0420869021
0.04514180135
0.05328485467
0.07292838675
0.8933988957
0.9276286826
0.9628396306
0.9729136493
0.974703243
0.976188706
0.9743808189
0.9752520232
0.9763116305
0.9674349299
0.8861107602
0.04876621808
0.03881351693
0.03796729527
0.0379701851
0.03812097507
0.03803358675
0.03786316556
0.0405727026
0.05077071562
0.1156811689
0.9586809621
0.971930824
0.9757302191
0.9760142502
0.9630006457
0.1224382184
0.05185335065
0.04053288616
0.0375982242
0.03760481935
0.0377160375
0.03934576207
0.05074115671
0.7432867003
0.03920608723
0.03715274378
0.03752292933
0.04997295509
0.9374338329
0.9747608133
0.9645142271
0.07494624123
0.04251133356
0.03723326038
0.0372441086
0.03722215376
0.03720535813
0.03718940718
0.04323948335
0.1194339273
0.9771881398
0.9795882658
0.9814119967
0.9813648993
0.9799247866
0.9746191237
0.9482379797
0.05507470285
0.03866913292
0.03695717368
0.03695324865
0.03694249751
0.03693722857
0.03693239864
0.03692330006
0.03691241592
0.03690215141
0.03689269138
0.03688374906
0.03687154614
0.06993441486
0.06999424548
0.03695129242
0.0370112953
0.03702254146
0.03701400487
0.03701020868
0.0371031538
0.03924371316
0.04261790771
0.05615233647
0.1072447983
0.9504634598
0.9691791011
0.9848698939
0.9861199376
0.9851579611
0.9863466747
0.9843714229
0.9815866561
0.9776548667
0.9708206943
0.9573904583
0.9316024789
0.9551259087
0.9717690076
0.9648377168
0.9590170568
0.9462166653
0.07238418226
0.04501828894
0.03939859622
0.03767101342
0.03787890002
0.03902035052
0.04121215915
0.1001304607
0.9609832452
0.9402040265
0.9679960111
0.9757002716
0.9695005894
0.9378450284
0.06188180263
0.04339678233
0.03760417582
0.03733735449
0.03740910617
0.037342783
0.04142008953
0.0683682259
0.887094962
0.9371537022
0.9500574488
0.9328519965
0.9570671781
0.973646684
0.9758290478
0.9760251206
0.9763145511
0.9744472066
0.9668328837
0.4405572524
0.0439572104
0.03770255438
0.0380171288
0.03805861033
0.03811765143
0.03799183946
0.03771424012
0.03766909545
0.04169737598
0.05242817351
0.7685502771
0.9608092514
0.9748366077
0.9798747208
0.9788688217
0.9404255589
0.07485772807
0.04668673495
0.04017860427
0.03983802487
0.8151352282
0.06531122275
0.04102734791
0.03739662066
0.04169613065
0.115886223
0.9765845802
0.9712548693
0.7100642695
0.04525376793
0.03726244116
0.03721887345
0.03723156165
0.03723827408
0.03724567203
0.03725353117
0.03726355399
0.03742302448
0.05050009701
0.9328796355
0.9757839912
0.9827833333
0.9825800946
0.9801176645
0.9777715055
0.9707757704
0.7341811322
0.04227676009
0.03699878698
0.03696018423
0.03695488757
0.03695394126
0.03694374392
0.03693056163
0.03691893919
0.03690830326
0.03689775506
0.03688060686
0.06994592488
0.06996286867
0.03691761008
0.03697419957
0.03699922828
0.03701484887
0.03702387573
0.03704555169
0.03706438658
0.03706281445
0.03710118007
0.03723776519
0.03956126802
0.04306483669
0.0596083823
0.1343442701
0.9571673565
0.9789496097
0.9836581582
0.982714445
0.9797487645
0.975207842
0.9664839543
0.9419789451
0.8589395293
0.1418373243
0.966924084
0.9710413169
0.9767450497
0.9794810006
0.966964468
0.8472438488
0.05961815902
0.04443000904
0.04097160827
0.04087261784
0.1205056849
0.9834994656
0.1371014364
0.05340299909
0.09764392069
0.9637261605
0.9734924543
0.9738781657
0.9661237265
0.1027805816
0.04870134534
0.04060463843
0.03867206754
0.04620688434
0.8657666756
0.9512790764
0.9564403047
0.9369103499
0.0573890182
0.04688116068
0.0734824612
0.9614164627
0.9741705979
0.976619052
0.9767139481
0.9780751963
0.9771464402
0.9623473896
0.06331625006
0.04107288642
0.037795748
0.03803110285
0.03794960859
0.03779919625
0.03765627031
0.03745615144
0.03728815124
0.03859164706
0.04282511847
0.05767579327
0.8884172311
0.9737223869
0.9775258713
0.9770420065
0.9695081396
0.9014558424
0.06949918602
0.05700643779
0.06115672188
0.03851078845
0.03970709536
0.05277799878
0.9594202851
0.9817689422
0.9652685742
0.05448321003
0.03891314107
0.03718242925
0.03719353606
0.03721502284
0.03723581268
0.03725968351
0.03728815512
0.03732381233
0.03738289773
0.03742095479
0.05016990933
0.09051173915
0.9722154535
0.9835234141
0.98348308
0.980856452
0.9799395483
0.9748751276
0.9474708218
0.05492602062
0.03856986487
0.0369647559
0.03697699881
0.0369676829
0.03695187881
0.03693975811
0.03692902761
0.0369180306
0.03689498084
0.06996745189
0.06995280889
0.03690518463
0.03695503058
0.03698128426
0.03700470027
0.03702276537
0.03704365586
0.03706366719
0.03707644097
0.03709677482
0.03712911009
0.03713631915
0.03711324972
0.03716047339
0.03737229456
0.0404775109
0.04945081022
0.1072669932
0.9679292036
0.9772445799
0.9799844633
0.9776798097
0.9731745464
0.9633631422
0.9214641098
0.06418791797
0.06524362812
0.8227502646
0.9704744561
0.9789220953
0.9739273407
0.9678786862
0.9463847586
0.8077858639
0.06665434269
0.7329169667
0.9743107511
0.1253782595
0.03824646998
0.03773378095
0.04287367785
0.05952882937
0.9329406012
0.9695987014
0.976588139
0.9654889713
0.8549038352
0.06741107431
0.4212006793
0.9326820769
0.9556965326
0.9537439792
0.07697324504
0.04328695742
0.03722421729
0.03722561631
0.04416003143
0.5561458108
0.9624522257
0.9733976669
0.9764644836
0.9780003779
0.9788436882
0.9739030289
0.9383619315
0.05261603219
0.03962590595
0.03776356506
0.03779696167
0.03761678454
0.03745333794
0.0373528289
0.0372973311
0.03717797115
0.03716211869
0.03889529094
0.04566998187
0.07230573147
0.9408794126
0.9704216654
0.9715848444
0.9736828258
0.9631033759
0.9293115006
0.102222866
0.06967258671
0.8750342772
0.9620294821
0.9785083148
0.1616763023
0.04166001813
0.03712383841
0.0371957356
0.03720461152
0.03721401749
0.03723114888
0.03725634708
0.03728233056
0.03731714804
0.03735195105
0.04519080002
0.0553986569
0.8979497624
0.05706136633
0.1399713133
0.9772962186
0.9812176833
0.98217781
0.9802089631
0.9781460944
0.9721043671
0.6778008403
0.04143891895
0.03702667212
0.03700365227
0.03698015244
0.03696677408
0.03695653222
0.03694706879
0.03691771767
0.07000741932
0.06994938738
0.03690008891
0.03694466068
0.03696881341
0.03699362792
0.03701590956
0.03703808693
0.03705818222
0.03707431362
0.03709347079
0.03711830347
0.03713448017
0.03713423466
0.03714622496
0.03717231934
0.0371647958
0.03713162282
0.03728363219
0.0424894749
0.0647767927
0.9627210183
0.9785426266
0.9821382358
0.9801145747
0.9767719087
0.9729229797
0.08597532189
0.04613298686
0.04700251919
0.0737650572
0.9436732581
0.9595709083
0.9651897528
0.9519631318
0.9513703079
0.9392331954
0.9436096291
0.0595459103
0.03801278934
0.03771447283
0.03757700289
0.03731484996
0.03979519422
0.04926244494
0.8732432317
0.9558340911
0.9472390907
0.960575532
0.9680762615
0.967128119
0.9645449786
0.7813182798
0.04782259385
0.03740383618
0.03724231888
0.03717826162
0.03712151632
0.03835191929
0.0480801957
0.8700419856
0.9654432979
0.9764411323
0.9778304628
0.9776658685
0.9762873836
0.9660572238
0.8630486509
0.04782579487
0.03833389719
0.03759465659
0.0374489013
0.03736243826
0.03729937673
0.03722880995
0.03720215344
0.03721622087
0.03717618154
0.03723106328
0.04031169884
0.05001376909
0.564313559
0.9478354943
0.9676506401
0.956465212
0.9667669645
0.9776107836
0.973626198
0.9719877052
0.9346646001
0.05597959644
0.03758183066
0.03717064498
0.03719458336
0.03720081293
0.03720396414
0.03721470107
0.03723141574
0.03725639451
0.03728254988
0.0445539047
0.05487790566
0.8886244046
0.04965678909
0.04260153109
0.0374502937
0.04973563788
0.9518905673
0.9820567804
0.9831538032
0.9810261064
0.9808277922
0.9768296816
0.9449184209
0.05142152416
0.03722081585
0.03702932333
0.03700376615
0.03699156094
0.03698663959
0.03695320476
0.07008154737
0.06994812513
0.03689777929
0.0369387674
0.03696042355
0.03698433817
0.03700778803
0.03703079808
0.03705187778
0.03707048341
0.03709007053
0.03711108594
0.03712653889
0.03713342574
0.03714375882
0.03716073863
0.03716755442
0.03715991913
0.03716325419
0.0371601095
0.03713805153
0.04202680407
0.07234480777
0.9732381669
0.9837307694
0.9833121248
0.9829168178
0.9819608534
0.9645277435
0.06048833431
0.04178201097
0.0410499651
0.0525978597
0.9079113347
0.9472112586
0.9612242806
0.9670528128
0.949572228
0.06636757405
0.04034263885
0.03771241442
0.03760949717
0.03743845036
0.03726686041
0.03714551205
0.03939381716
0.0525524002
0.8649471773
0.9625125502
0.9803336398
0.9788846312
0.9603041208
0.06221369179
0.03975515479
0.03730981584
0.03722126603
0.03717346533
0.03713652209
0.03708905905
0.03705262653
0.0392715635
0.05241209302
0.9404167562
0.9746264991
0.9784742981
0.9775560919
0.9768657282
0.9744707408
0.9670068501
0.3142241214
0.04329661625
0.03735536918
0.03736551947
0.0373059346
0.03725591156
0.03722676532
0.03723040542
0.03721548906
0.03722487532
0.03723333932
0.03722313892
0.03852260628
0.04255412728
0.05570376919
0.7802855572
0.9088538718
0.9711720119
0.9809551384
0.979813399
0.9575745441
0.05300795092
0.03719659844
0.03715687362
0.03716314089
0.03716988242
0.03717559001
0.03718173107
0.03719987655
0.03722596617
0.04398410945
0.0538716612
0.8904855253
0.05126980022
0.04213400439
0.03717303393
0.03723694301
0.03718155357
0.04077768724
0.09360313843
0.9764894282
0.9810754864
0.9826286932
0.9817328556
0.9804616989
0.9788562521
0.1043801942
0.04191937843
0.037040618
0.03702180187
0.03703070625
0.03700602941
0.07021763771
0.06994756825
0.03689658453
0.03693520051
0.03695472726
0.03697714845
0.03700036897
0.03702358591
0.03704555301
0.03706591881
0.03708617856
0.03710603533
0.03712204378
0.03713347752
0.03714599712
0.03716046716
0.03716959071
0.03717205376
0.03717818725
0.03718266434
0.03717685976
0.03716452521
0.03718163529
0.04408741975
0.1284654174
0.9761702452
0.9798516458
0.98171107
0.9802891527
0.9721846187
0.9499687784
0.07088315236
0.04786905107
0.05156622387
0.07669737675
0.9257496555
0.9619008432
0.9618041808
0.9484356224
0.8051050749
0.04301456011
0.0374764848
0.03746621357
0.03731198777
0.03721437951
0.03723239455
0.04559945768
0.5921604401
0.9539259832
0.9771271714
0.9809154778
0.9727600113
0.0726307781
0.03738692613
0.03733308031
0.03724299444
0.03717571154
0.03712994578
0.0370886253
0.03706379632
0.03705559639
0.03705481976
0.04067482103
0.06492208631
0.961660352
0.9750593596
0.9771321277
0.9770200701
0.9784613511
0.977511904
0.9608094951
0.06112524554
0.04071589212
0.03725032676
0.03726731448
0.03724750596
0.03725579242
0.03724862986
0.03725267322
0.03725260808
0.03725578543
0.03730028868
0.03725620528
0.04004972136
0.0610644595
0.8403612484
0.956559606
0.975393114
0.9756165517
0.9696692135
0.9617378524
0.05088685196
0.0371359341
0.03713844398
0.0371407511
0.0371417032
0.03714869906
0.03717251798
0.04345056241
0.05310531375
0.8899838277
0.05182593078
0.04260980815
0.0371082556
0.03714925537
0.03719513638
0.03719306972
0.03717143327
0.03725378936
0.04901604305
0.9481928745
0.9814663754
0.9833117862
0.9822019439
0.9841919675
0.9826323586
0.9600964837
0.0556054855
0.03926853169
0.03705103231
0.03707627939
0.07046501763
0.06994722608
0.03689584167
0.03693285783
0.03695075159
0.03697172858
0.03699423071
0.037017277
0.03703980016
0.03706136763
0.0370824239
0.03710248745
0.03711986618
0.03713455548
0.03714923452
0.03716386563
0.03717499073
0.03718239758
0.03719001381
0.03719424593
0.03719107371
0.03718191587
0.0371694596
0.03715428524
0.03732665165
0.04810223205
0.9254485352
0.9772625614
0.9784464286
0.9732885383
0.9711504511
0.9672110381
0.9545553856
0.8309306558
0.7981270238
0.7910794825
0.8772597869
0.9195880484
0.9346548308
0.9498418777
0.9157585422
0.04959479931
0.0375696648
0.03733310849
0.03721883306
0.03922089264
0.05827799482
0.940347789
0.9506194774
0.9633240894
0.9645900171
0.9690633938
0.9756084709
0.06120340871
0.03728941752
0.03722186025
0.03715800502
0.03710878182
0.03707151144
0.03705054049
0.03704483876
0.03705017947
0.03706498498
0.03710228541
0.04375267366
0.5914269126
0.9632100238
0.973757897
0.976707813
0.9782146379
0.9786360287
0.9725669321
0.9364886952
0.05354698179
0.04011912447
0.03721342379
0.03727577358
0.03728949228
0.03729439383
0.03727007838
0.03724317956
0.03723398071
0.03732318079
0.04619479359
0.7458921861
0.9561935963
0.9679574449
0.9698312154
0.9577422928
0.09170382943
0.9645773115
0.9646380693
0.04841804731
0.03709443614
0.03710960625
0.03711500228
0.03712523725
0.04294842139
0.052337358
0.8899376806
0.0525851402
0.04309268027
0.03713261277
0.03712543319
0.03715576525
0.03718583257
0.03718791133
0.03718042599
0.03718222907
0.03715992312
0.04045116618
0.08341518759
0.9737824523
0.9799159341
0.9823680874
0.9818544054
0.9794644083
0.9701031338
0.8911415174
0.04565507036
0.0372093355
0.07097429096
0.06994692787
0.03689527135
0.03693116164
0.03694787014
0.03696766045
0.03698937959
0.03701210171
0.03703490519
0.03705726803
0.03707910601
0.03709992273
0.03711884295
0.03713596721
0.03715247346
0.0371680228
0.03718078741
0.03719055414
0.03719838515
0.03720162738
0.03719778416
0.03718728697
0.03717256355
0.03715709779
0.03714566168
0.03711367481
0.03967747008
0.06809097099
0.9664645186
0.9658251854
0.9568902929
0.9522677717
0.9572440347
0.9507183242
0.9428538129
0.9231005619
0.8212921959
0.07122148071
0.8583343694
0.9103182009
0.9564511157
0.9618521398
0.04750432889
0.03995210065
0.03791838401
0.0462573903
0.7859865626
0.9589373312
0.9606947996
0.9472729122
0.8762935757
0.06701899856
0.9672048423
0.9758554175
0.05439244972
0.03716406246
0.03711768062
0.03707523989
0.03704469071
0.03703030395
0.03703045052
0.03704111411
0.03705936046
0.03707923355
0.03708034307
0.03840522252
0.04844414975
0.8805978783
0.9663467775
0.9769709937
0.9778307767
0.9767338795
0.974851484
0.9645978641
0.9096856153
0.05249832028
0.04055055005
0.03726888506
0.03733372116
0.03729053904
0.03722571107
0.03720844406
0.04242057376
0.08389876375
0.9658958262
0.9731003281
0.9722938909
0.962436221
0.06989307179
0.04340268348
0.04943530645
0.9629375813
0.9630825347
0.0471402739
0.03709879819
0.03711796506
0.04245448531
0.05173076071
0.8902443543
0.05332960904
0.04360119236
0.0371729475
0.03714984518
0.03715067927
0.03717049298
0.03718646322
0.03718977227
0.03718828034
0.03719030235
0.03718556139
0.03715420191
0.03720047153
0.04708785159
0.9352269378
0.9808029032
0.9824240224
0.978163245
0.9769755056
0.9756462092
0.9672312148
0.06057136662
0.07489321969
0.06994661209
0.03689474911
0.03692980163
0.03694568969
0.03696459263
0.03698564133
0.03700802205
0.03703092959
0.03705379556
0.03707628887
0.03709793983
0.03711822947
0.03713716607
0.03715515198
0.0371717552
0.03718582354
0.03719693296
0.0372049051
0.03720784517
0.03720415753
0.03719427456
0.0371804707
0.03716543424
0.03715295398
0.03713406454
0.03710619119
0.03714877206
0.04744574165
0.9046799714
0.9428943832
0.9274814569
0.9366602715
0.9506969119
0.9576604085
0.955736596
0.9336804571
0.8819434279
0.05652940026
0.06563055025
0.8916610052
0.9620645633
0.9635278241
0.5804933235
0.04886105307
0.1643633518
0.9549477627
0.9704346006
0.9633001581
0.9181269029
0.05370681747
0.04091558746
0.04792025153
0.9684199416
0.9735556807
0.05062644115
0.0370697796
0.03703552891
0.03701342775
0.0370079985
0.03701845438
0.03704011637
0.03706850655
0.03709756439
0.03711641702
0.03710762409
0.0370858087
0.03938178499
0.05305374955
0.9451979404
0.9759235968
0.977826047
0.9750149134
0.9726863394
0.9696370558
0.9587064403
0.9218207753
0.05814171751
0.04210402512
0.0373079138
0.03721702269
0.04146426872
0.06084409714
0.9631568585
0.9789600997
0.9788008677
0.9692479103
0.07740922048
0.04382858566
0.03735299573
0.037243773
0.04859426403
0.9653439716
0.9601368542
0.04688476124
0.04227550983
0.05020352946
0.8891119864
0.05423698492
0.04413084585
0.03721515761
0.03718647252
0.0371734067
0.03717401734
0.03718183329
0.03718971088
0.03719212656
0.03719307991
0.03719510423
0.03719164858
0.03717622109
0.03717683842
0.037162392
0.04012811802
0.08739972834
0.9781639131
0.976856178
0.9749457572
0.9772270176
0.9808783911
0.9775960797
0.784898528
0.0699462551
0.03689421627
0.0369286078
0.03694396807
0.03696226991
0.03698282492
0.03700491698
0.03702782771
0.03705097691
0.03707393026
0.0370962537
0.03711758135
0.03713779476
0.03715689755
0.0371744579
0.03718958038
0.03720167541
0.03721005324
0.03721340005
0.0372104784
0.03720164515
0.03718917083
0.03717418004
0.03715921282
0.03714125108
0.0371234953
0.03713871573
0.03713596625
0.04389674811
0.8032152721
0.914842268
0.9224142437
0.939532994
0.9482061352
0.9486720174
0.9358853817
0.9301926903
0.9164715557
0.05599962307
0.8526198589
0.1211541494
0.9406093317
0.9068887539
0.817326999
0.942644541
0.9725087974
0.9758855906
0.9611388865
0.06076831812
0.04112313998
0.03722724393
0.0372027281
0.04890118169
0.9717181643
0.9707884521
0.04792404999
0.03700139253
0.03698225964
0.0369862486
0.03700903318
0.03704375339
0.03708308445
0.03711767249
0.03713807346
0.03713727762
0.0371318248
0.0371254513
0.03710998715
0.04094855357
0.06901915706
0.962798812
0.9720982387
0.9713994979
0.9650495049
0.9622430314
0.9653255497
0.9621316674
0.9431428742
0.06333214244
0.04532639068
0.05792112595
0.9398744287
0.9722365324
0.9778369335
0.9699752365
0.09605669002
0.04451170847
0.03737735137
0.03737552227
0.03728601378
0.0371880172
0.05068398066
0.9672241202
0.9631626835
0.06341341787
0.9028442259
0.0540976923
0.04466538771
0.03725423649
0.03722120479
0.03720082333
0.0371909552
0.0371861336
0.03718793658
0.03719077639
0.03719263059
0.03719560247
0.03720108204
0.03720571731
0.03720592957
0.03721483299
0.03723370795
0.03727442686
0.037449475
0.05560496239
0.9597565315
0.9715362883
0.9775332063
0.983235333
0.9878732749
0.9733698258
0.06994584611
0.03689364352
0.03692748764
0.03694256405
0.03696052966
0.036980787
0.03700267505
0.03702553341
0.03704878671
0.03707196594
0.03709468003
0.03711664528
0.03713762308
0.0371574229
0.03717570529
0.03719164896
0.03720458605
0.03721356901
0.03721779896
0.03721603167
0.03720851096
0.03719797679
0.03718415967
0.0371707383
0.03715611511
0.03714580195
0.03717452793
0.03720198399
0.037208342
0.04933071181
0.7861875914
0.9217229126
0.9347621008
0.9326985836
0.9180433501
0.8918457588
0.8905650041
0.935104554
0.925980099
0.06391551867
0.7910888818
0.858986792
0.9054169335
0.9290174648
0.9587022636
0.9703859685
0.9701680554
0.1142767675
0.04360659313
0.03725941354
0.03729936192
0.03729508509
0.03722108077
0.05168745125
0.9744470077
0.9676659682
0.04581353251
0.03695929532
0.036968625
0.03700549667
0.03705509279
0.03710633174
0.03714505333
0.03716348831
0.03716150559
0.03715323144
0.03714489613
0.03714003734
0.03713992311
0.0371641719
0.04462224685
0.8206900209
0.9670198459
0.9636702173
0.9474771948
0.947180631
0.9530780218
0.9600551223
0.9563150657
0.9220895573
0.9175151046
0.9594451213
0.9713865075
0.9664510574
0.6492372907
0.04681066123
0.03745146057
0.03740467459
0.03740293923
0.0373006214
0.03730986047
0.03753032663
0.06094229989
0.9596790862
0.9620063929
0.06820739206
0.04538142976
0.03730025878
0.03724555421
0.03721722062
0.03720273552
0.03719214003
0.03718774527
0.03718704896
0.03718753656
0.03718880794
0.03719313869
0.03720272544
0.03721605169
0.03722622806
0.03723519194
0.03724293698
0.03728056429
0.03745917302
0.0407281895
0.07160104214
0.9581881626
0.9772090489
0.9853679185
0.9906814999
0.9842434852
0.0699453775
0.03689301505
0.036926395
0.03694140901
0.03695929312
0.03697945608
0.0370012381
0.03702401314
0.03704721214
0.03707035968
0.03709312492
0.03711530541
0.03713652172
0.037156494
0.03717510905
0.03719153188
0.03720517478
0.03721474499
0.03721993396
0.03721905436
0.03721289906
0.03720514646
0.0371917075
0.03718294204
0.037173913
0.03715675134
0.03718674846
0.03719844351
0.04166216754
0.05875082605
0.8988322216
0.9290958993
0.9410541414
0.9316122697
0.8872388831
0.727117141
0.8230542642
0.9004405117
0.9311681085
0.9074216232
0.07545625567
0.9104438257
0.9370536716
0.9546826927
0.9685564212
0.9681218927
0.8829003449
0.05069614863
0.03759011322
0.03736062776
0.03736831831
0.03736020276
0.03733437498
0.03729648469
0.05542516559
0.9768830308
0.9642608731
0.04418661437
0.03695893841
0.03701275305
0.03707955467
0.037144322
0.0371846944
0.03719595253
0.03718766551
0.0371732677
0.03716077606
0.03715541043
0.03715970605
0.03717817931
0.03717470644
0.03929673122
0.06204006618
0.9542766667
0.9405923175
0.9298227969
0.9359483305
0.9462454248
0.9610005056
0.970038579
0.9713704403
0.9713006811
0.9698751991
0.930359796
0.05097485365
0.03891303171
0.03738050405
0.03739068444
0.03731975663
0.03714152722
0.03891336679
0.04710670354
0.06650601445
0.8522062162
0.9564375776
0.9619039524
0.04659776304
0.03719336011
0.03719260285
0.03718526717
0.03718075125
0.03717969844
0.03718000676
0.03718037781
0.03717993274
0.03717987264
0.03718370376
0.03719619215
0.03721692189
0.03723242517
0.0372372147
0.03723645547
0.03727727107
0.03872796599
0.05456466968
0.7214945622
0.9587008509
0.9725942872
0.9838190358
0.9905329827
0.9854618361
0.06994483984
0.03689232074
0.03692531439
0.03694049175
0.03695855928
0.03697884171
0.03700062066
0.03702329567
0.03704629277
0.03706913368
0.03709158525
0.03711357512
0.03713447934
0.037153972
0.03717235251
0.03718859356
0.03720263818
0.03721267337
0.03721867519
0.03721712818
0.03721084086
0.03720885471
0.03719417527
0.03718563667
0.03718945967
0.03717404474
0.03731892038
0.04307339422
0.05908189309
0.9218383984
0.941922215
0.9269387104
0.9275916118
0.9152294156
0.7071781568
0.7265334073
0.7669550099
0.8360926788
0.8766799697
0.890611227
0.9069113603
0.9377467728
0.9646477915
0.9704624327
0.9710489896
0.9569527246
0.05832121187
0.03956172344
0.03740604044
0.03738658952
0.03739602247
0.03739884777
0.03739411376
0.03740572716
0.03738328539
0.06056364099
0.9790295021
0.9602265083
0.04324032638
0.03702649874
0.03712217862
0.03720346682
0.03723982775
0.03723678197
0.03721386326
0.03719087602
0.03717528192
0.03717126853
0.0371728173
0.03719158483
0.03722853681
0.03725162694
0.03730294245
0.05468644535
0.8947137902
0.930059456
0.9443961824
0.9555120259
0.9686260673
0.9782262911
0.9820394398
0.9789364112
0.968035418
0.07549188147
0.04104408475
0.03743030896
0.03751220338
0.03753514911
0.03738103897
0.04088371044
0.04839177517
0.8290576393
0.7788976604
0.05189707243
0.05419785439
0.9625503125
0.9547813901
0.04610593665
0.03710983403
0.03714016569
0.03715255849
0.03716234598
0.03716897011
0.03717149733
0.0371702669
0.0371667989
0.03716575647
0.03717582289
0.03719634981
0.03719737561
0.03717267583
0.03714656981
0.03892811257
0.05165806942
0.3568703094
0.9701671929
0.9620130422
0.9628873882
0.97704536
0.9868078083
0.9827305628
0.06994421784
0.03689155227
0.03692425373
0.0369398508
0.03695840209
0.03697903822
0.03700091613
0.0370234867
0.03704614428
0.03706838774
0.03709015788
0.03711162429
0.03713163406
0.03714987794
0.03716738709
0.0371822376
0.03719565966
0.03720565316
0.0372132095
0.03720738775
0.03719439582
0.03719520264
0.0371787229
0.03715675023
0.0371321691
0.03887258021
0.04664409624
0.09562450691
0.955885723
0.9587101098
0.9530145953
0.9220883859
0.930439323
0.9122943906
0.8908044182
0.8829641168
0.9086807574
0.7369349928
0.8457164353
0.8732627258
0.9341935121
0.9588400177
0.9695394942
0.9722809832
0.9618414286
0.07514151211
0.04278124827
0.03737525475
0.03750974785
0.03748076483
0.0374554392
0.037445427
0.03744387696
0.03745712798
0.03747547901
0.03747649403
0.06993275933
0.9800825658
0.955755891
0.04415121106
0.0371587212
0.0372868566
0.0373107572
0.03728069316
0.03723556096
0.03720052303
0.03718070035
0.0371804015
0.03717288795
0.03717037307
0.03719763864
0.03719096953
0.04094121253
0.05409503351
0.8553053669
0.9344893491
0.9536771459
0.9599558035
0.9675798983
0.9755069591
0.9798629354
0.9780140288
0.9612049132
0.05971492765
0.03740696941
0.03755895233
0.03772730506
0.03841660541
0.04868366751
0.05336261314
0.8896971329
0.0860254613
0.05531079011
0.04018804369
0.0371504901
0.04912826231
0.9615733906
0.9566925577
0.04628954995
0.03709864095
0.0371324969
0.03714877567
0.03715984407
0.03716416243
0.03716253746
0.03715475468
0.03714477942
0.03714734057
0.0371654695
0.03714644054
0.03709446379
0.03935795346
0.04919584036
0.7392720108
0.9724457927
0.9748885888
0.9643423772
0.959717294
0.9675571429
0.9726593983
0.968802727
0.06994348661
0.03689070296
0.03692324455
0.03693957081
0.03695896842
0.03698022488
0.0370022954
0.03702477437
0.03704696698
0.03706830988
0.03708905963
0.03710985259
0.03712833689
0.03714441074
0.03716073916
0.03717265071
0.037183398
0.03719055281
0.03720265384
0.03719318113
0.03716188208
0.03715844398
0.03712281154
0.03814806464
0.04257819617
0.05558567445
0.8071020642
0.9701050633
0.9755331724
0.9713435616
0.9579116878
0.9345365661
0.936067709
0.8996717379
0.5971364941
0.8940192884
0.06192706026
0.06365972546
0.08337070444
0.9238242395
0.9498996621
0.9668114929
0.9722718659
0.9713545009
0.9568634385
0.05394474487
0.03734236583
0.03745234798
0.03754900687
0.03753218502
0.03750022722
0.03747874526
0.037474052
0.03748689912
0.03748351357
0.03746112029
0.03758504914
0.07909944271
0.9736277377
0.9344908376
0.04391148268
0.03732995847
0.037382416
0.03731840129
0.03724810411
0.03720069805
0.03717464196
0.03718226179
0.03717529606
0.03716716521
0.03722908773
0.04174240988
0.05471545818
0.8808377938
0.9285318923
0.9405083265
0.9567562235
0.9590111729
0.9591428282
0.9620739114
0.9657651727
0.9660524455
0.9626302471
0.9418051053
0.04277573076
0.03732873084
0.04080034852
0.05412133704
0.0908337402
0.8915885261
0.0523865835
0.04739590218
0.03800047516
0.03740990405
0.037263873
0.0371859775
0.0482014866
0.9611339084
0.9573153354
0.04654096641
0.03710365274
0.03713943219
0.03715409539
0.03716022005
0.03715992531
0.03715155044
0.03713303444
0.03712671874
0.0371571124
0.03713452339
0.04065511774
0.05292036527
0.8877094992
0.9659553964
0.9754206837
0.9731398022
0.9656782264
0.9629850877
0.9624216866
0.905391347
0.7648328545
0.06994260946
0.03688977504
0.03692235496
0.03693978429
0.03696047168
0.03698264904
0.03700499551
0.03702744856
0.03704903594
0.03706913847
0.03708867075
0.03710904182
0.03712522267
0.03713799039
0.0371534796
0.03716138568
0.03716804764
0.03716563938
0.03718044264
0.03717546514
0.03713767467
0.03715110765
0.03965880345
0.04893276337
0.4050225377
0.9555569231
0.9709836673
0.978663486
0.9774546531
0.9710675629
0.9633313436
0.8057401655
0.8134173391
0.08518069807
0.9516274874
0.0582991244
0.05719204655
0.06334857111
0.9374447704
0.9449252978
0.9559809667
0.9607675882
0.9610407924
0.9609311678
0.9618906612
0.4702911994
0.03879381216
0.03739330482
0.03750011122
0.03751724642
0.03750644546
0.03748869176
0.03749057474
0.03752335359
0.03753312797
0.03752065309
0.03780895363
0.04016540552
0.6959784491
0.9650594084
0.9331774542
0.04140548437
0.03744884927
0.03735520862
0.03725301627
0.03719619564
0.03715269366
0.03715398452
0.037117677
0.03867159235
0.04513691226
0.07148446823
0.9371653293
0.9493851089
0.9464096228
0.9421456948
0.9571849478
0.9577734557
0.9503293652
0.9404926694
0.9283688469
0.9239562803
0.9415689976
0.9674974181
0.07111946225
0.04449613128
0.05279558317
0.7770187558
0.7701156046
0.04672776495
0.04044927204
0.03725147272
0.03732639683
0.03722502529
0.03722019403
0.03720271369
0.03714943304
0.04784073822
0.9604609409
0.9580267025
0.04681307933
0.03711582743
0.03715170019
0.03715934243
0.0371612595
0.03715312535
0.03713494547
0.03713711283
0.0373220662
0.04353279604
0.06452265861
0.9457702658
0.9688565057
0.9770126136
0.9784390433
0.9740855295
0.9664160754
0.9534701517
0.6880199126
0.05720049941
0.08718586753
0.06994154596
0.03688880111
0.03692172322
0.03694068681
0.03696318765
0.03698655517
0.03700924009
0.03703197952
0.03705276558
0.03707096278
0.03708941347
0.03711084298
0.03712314298
0.03713089109
0.0371475586
0.03714829712
0.03715489283
0.03713506761
0.03714080569
0.03710624883
0.03859109843
0.04441238496
0.0657286225
0.9123228847
0.9706502638
0.9776720406
0.9793483334
0.9804436503
0.973689337
0.8914342656
0.0733070646
0.05064528822
0.04246686327
0.04721070665
0.06831684871
0.1130851494
0.1429947373
0.9630424291
0.9582128953
0.9648501045
0.9607659134
0.9583558022
0.9402519203
0.8881980156
0.9629725514
0.9570336981
0.04472735626
0.03729275037
0.03742478287
0.03747642037
0.03748519507
0.03746492462
0.03746266843
0.03748959295
0.03743171421
0.03732384033
0.04096474356
0.05248950044
0.06699378336
0.9091976671
0.9721227766
0.0800918107
0.03747290357
0.03742069896
0.03726743706
0.03720029705
0.03715562486
0.03723890664
0.04076636035
0.05130986852
0.6304228131
0.9610735699
0.9678989052
0.9631966279
0.9521349049
0.9500357162
0.9620481718
0.9635016725
0.9595978102
0.9470687855
0.9340472633
0.8889929842
0.4777562989
0.9617571044
0.9444021552
0.05857309984
0.8837357437
0.0627009322
0.04582510935
0.03844016048
0.03701366444
0.03714381844
0.03720506637
0.03717836617
0.03718693967
0.03718589487
0.03716987464
0.03713231567
0.04753602585
0.9597853441
0.9587081027
0.04711883473
0.03713159708
0.03715550031
0.03714678349
0.03711958799
0.03708050055
0.03840835619
0.04673531272
0.1113916736
0.9699535336
0.9761892857
0.9786572369
0.9802517817
0.9779966728
0.966874097
0.9084177132
0.06443216914
0.04503775188
0.03924173644
0.07184262174
0.06994030357
0.03688790043
0.03692160977
0.03694256369
0.03696750374
0.03699205241
0.03701490863
0.03703903536
0.03705919525
0.03707376187
0.03709087409
0.03711845746
0.03712539778
0.03712262351
0.03714877873
0.03714012859
0.03714922295
0.03713615262
0.03728874417
0.04129258899
0.05176214824
0.691215949
0.9603737521
0.9724903739
0.9774128148
0.9759394242
0.9696454065
0.9618421101
0.1093018769
0.04793920204
0.04015672627
0.04034733592
0.04538689367
0.06616115171
0.8897502992
0.9491321926
0.9772529162
0.980123536
0.9743106099
0.9718785279
0.9644058445
0.8760166146
0.06722916324
0.05650082038
0.9649538794
0.9764103612
0.06870224413
0.03725877672
0.03738686908
0.03744438536
0.03745922974
0.03743925813
0.03742883361
0.03749156614
0.03737624238
0.04244694998
0.05634190139
0.8137536126
0.8836677408
0.0543573717
0.9680010371
0.9754461038
0.04662107091
0.03745091527
0.03729790008
0.03718935667
0.03914511793
0.04700932697
0.08514505234
0.9438610058
0.9674074322
0.9733734735
0.9715083291
0.9638942021
0.9595125026
0.9596127938
0.9629951355
0.9634528845
0.9615072817
0.9332952754
0.6124774941
0.06157184783
0.05533957036
0.950251883
0.9549628386
0.6868565644
0.05068434629
0.04261904045
0.03731663526
0.03712560329
0.03710629344
0.03717358189
0.03719683775
0.03718062076
0.03717939589
0.0371765659
0.03716764862
0.03715908659
0.03713345379
0.0472698268
0.9590894773
0.9593410543
0.04763424947
0.03715434306
0.03714783457
0.03709221447
0.03935437531
0.04837292851
0.695781523
0.9740278093
0.9816014492
0.9814253856
0.9802464536
0.9790055966
0.9708547538
0.6362464087
0.04923406349
0.03998153334
0.03714308328
0.03709301737
0.07096446304
0.06993911577
0.03688744296
0.03692247721
0.03694572534
0.03697410533
0.03699910665
0.03702084638
0.0370486624
0.03707031958
0.03707926052
0.03709067006
0.03713135485
0.03713628747
0.03711528424
0.0371414764
0.03711976704
0.03719967509
0.03959493173
0.04856191452
0.0971457796
0.9489488819
0.9672587381
0.9735052604
0.976696611
0.9758480269
0.9670441048
0.8876149655
0.05611336455
0.04566755932
0.04307271694
0.0633290432
0.1473549535
0.9220278542
0.963300203
0.9722741923
0.9749133666
0.9763135584
0.97698679
0.9633125287
0.8907445125
0.07755518189
0.04800419127
0.04005255695
0.03744802775
0.09152547806
0.9817741104
0.9644533204
0.04177561904
0.03736019082
0.03742438287
0.03743284612
0.0374324987
0.03753260955
0.03799424197
0.05084080568
0.06109948296
0.9172960421
0.456766724
0.05614036725
0.04011544382
0.06897749856
0.9803202998
0.3631405096
0.03864977395
0.03921944003
0.04447937975
0.06471390344
0.8843103504
0.9698903677
0.9773931859
0.9766819755
0.9763688028
0.9727088218
0.9701284431
0.9651387526
0.9649651698
0.9643929612
0.8992348889
0.9406073895
0.06747074055
0.04366660844
0.04015495434
0.03883754212
0.3674454761
0.9699481632
0.9213100984
0.04597096041
0.03730518348
0.03723547608
0.03714074365
0.03714234005
0.03718189496
0.03719054769
0.03717977893
0.03717491338
0.03717057465
0.03716534608
0.03716374059
0.0371753765
0.03715339893
0.04716633907
0.9580085132
0.9593543799
0.04998009995
0.03724396919
0.04170958036
0.05531940489
0.9034126948
0.9674705255
0.9797271935
0.9821688802
0.9784506579
0.9724877455
0.9607297799
0.08527038436
0.04581290262
0.0384198374
0.03702408806
0.03706445169
0.03704754912
0.0705018201
0.06993899
0.03688843188
0.03692529508
0.03695012874
0.03698398023
0.03700824516
0.03702470962
0.03705823568
0.03708530716
0.03709258577
0.03709480161
0.03713796799
0.03712626348
0.03714891388
0.03762575759
0.0402666584
0.04807288422
0.08090800133
0.9149042899
0.9709188143
0.9756178841
0.9723722104
0.9683910673
0.9615782222
0.940246195
0.09150526549
0.06046873034
0.06444429368
0.09954175301
0.9095227696
0.9559986852
0.9812959761
0.9811088686
0.975535844
0.9757566821
0.975057252
0.9657608369
0.8814584298
0.06634075134
0.04568983003
0.0397987376
0.03737122043
0.03732323457
0.03727780168
0.04418314023
0.9720014098
0.9798230617
0.06620675781
0.037343343
0.03739167539
0.03732330972
0.03723626865
0.04052117748
0.05427139097
0.09467473201
0.9451939262
0.06164526282
0.04836880264
0.03995615507
0.03720469868
0.04287624847
0.9463965006
0.9731712064
0.071463466
0.06284124615
0.8256550558
0.9605189804
0.9740450358
0.9764182932
0.9793522498
0.9771832194
0.9773451888
0.9729813399
0.9706805855
0.9613470536
0.8768772321
0.3639150961
0.06106939981
0.7973633334
0.06424547422
0.03745683351
0.03739659444
0.03749973083
0.04366514573
0.9582543369
0.9726174945
0.06132469297
0.03721390388
0.03718735361
0.03713958369
0.03714577659
0.03717251768
0.03717788629
0.03717273317
0.03716768019
0.03716521034
0.03716290247
0.03716412246
0.03719693662
0.03720613352
0.03722944905
0.04888305919
0.9581327892
0.9554900722
0.0620792876
0.08292715467
0.9588408093
0.9715050412
0.9780838004
0.9821844326
0.9797526531
0.968055201
0.9133535853
0.05634449421
0.04196891966
0.03716053938
0.03703822719
0.03702851329
0.03703910481
0.03701140064
0.07028944082
0.06994459439
0.03689305872
0.03693231166
0.03695516527
0.03699615178
0.03701889903
0.03702479549
0.03705691473
0.03707533396
0.03708747932
0.03714084086
0.03757272215
0.03964879385
0.04266115198
0.06353679962
0.1968138459
0.9420001817
0.9724126063
0.9766770877
0.9735586432
0.9715415172
0.9571396919
0.9329698719
0.9154736664
0.1674516935
0.8310070244
0.9010480593
0.954450419
0.9796661012
0.9813860422
0.9770656107
0.9776286994
0.979253533
0.9708714095
0.9216624413
0.7631300622
0.06772706388
0.04472613341
0.039056563
0.03729377042
0.03731224378
0.03730587007
0.03730755818
0.03726360784
0.03769054702
0.1773008704
0.9796520693
0.9671227737
0.04362824918
0.03757973238
0.03747572279
0.04447432799
0.05500788812
0.8676356087
0.8719732596
0.05033446877
0.04212573229
0.03729860146
0.03761212405
0.04120552656
0.04719477433
0.6731126684
0.95250567
0.9479100567
0.9589759276
0.971360011
0.9736901782
0.9780998611
0.9781452548
0.979537116
0.9760343794
0.9740354273
0.9613780635
0.849023686
0.0690463131
0.047047741
0.04056057138
0.03896976764
0.06151915767
0.8646541718
0.04004151138
0.03741385434
0.03736351524
0.03719588439
0.0584129927
0.9742508391
0.966670925
0.04340519874
0.03717448175
0.03714722244
0.03714947263
0.0371628511
0.03716304874
0.03716067788
0.03715431882
0.03715648593
0.03716185015
0.03716189883
0.03720831715
0.03721976066
0.0374694457
0.04220373889
0.06970683816
0.9550911023
0.9607880603
0.9730785464
0.9797640863
0.9801812401
0.9815816646
0.9820425739
0.9748443746
0.7357937176
0.04874437036
0.03943575848
0.03701688945
0.03702262716
0.03699863841
0.03699758442
0.03699745335
0.03697205789
0.07016600996
0.06998200731
0.03690747618
0.03694506967
0.03696176214
0.03700244192
0.03700528753
0.03702099722
0.03713057678
0.0387329337
0.04030695874
0.04546095991
0.07000435498
0.1950073479
0.9368424112
0.9637728857
0.9830608369
0.9829404188
0.9797310234
0.9790041152
0.973233916
0.9656110507
0.9499851706
0.9308976328
0.9023250533
0.9489952679
0.9637273271
0.968823337
0.9715923379
0.9749823691
0.9791671176
0.9734923576
0.9304298331
0.7255128166
0.0687992511
0.04882040696
0.04080967808
0.03906091267
0.03731045224
0.03732347069
0.03730727577
0.03733078305
0.03732949784
0.03729496141
0.03724606657
0.03719402915
0.04704478324
0.9618596649
0.9775156234
0.09788010767
0.04277888001
0.04872438542
0.07224790111
0.9408991338
0.09954485675
0.05099453513
0.03925908761
0.03905372128
0.04195694811
0.06062012772
0.1344210654
0.9291521277
0.9543484585
0.9730108966
0.9755903999
0.9746966366
0.9753993145
0.975638921
0.9788301239
0.9778503999
0.9774183704
0.9686025628
0.881616517
0.06591537418
0.04464487612
0.03928699993
0.03731580136
0.03727245904
0.0372088264
0.04627106443
0.9245932956
0.04706037323
0.03723790244
0.03729759056
0.0372235597
0.03915268451
0.9025063579
0.9798268105
0.1035292982
0.03723401653
0.03714797271
0.03715219592
0.03715563006
0.03714413274
0.03714222237
0.03712893718
0.03712893143
0.03713804339
0.03716123352
0.03784219472
0.04080807492
0.05162691772
0.1084875917
0.9493525227
0.9676400382
0.9780788187
0.9818873139
0.9822117914
0.9795568979
0.9772602307
0.9719853642
0.1275740551
0.04730065031
0.03838205602
0.03698832104
0.03700274008
0.03700214913
0.0369838165
0.03697422768
0.03696454878
0.03694032965
0.07008631637
0.07030651594
0.03696598478
0.03695360824
0.03697952453
0.03716763633
0.03889816954
0.04122298417
0.05263407345
0.08866524067
0.8743729135
0.9457393287
0.9740751182
0.9858595898
0.9856672818
0.9838213598
0.9844151475
0.9844858379
0.9815907149
0.9786210899
0.9738753549
0.9679878028
0.9594886947
0.9529156796
0.9511812745
0.9520478007
0.9626553005
0.9680117694
0.9685763229
0.9361465226
0.8360139957
0.07205392528
0.04947965584
0.04033222683
0.03862797083
0.03723469722
0.03724517413
0.03730652244
0.0372728478
0.03727678207
0.03726818973
0.03725548537
0.0372601967
0.03726085198
0.03727918836
0.03732415005
0.0418458052
0.5889875686
0.9624576461
0.968939697
0.07809430881
0.8217205879
0.8891652593
0.05966052483
0.05033829858
0.04308352039
0.05551503309
0.09014722738
0.8778781953
0.945816121
0.9787120252
0.9774234908
0.9740876261
0.9783167332
0.9806033688
0.9804303139
0.9785783549
0.9781260227
0.9789378781
0.973880544
0.934380504
0.07825330313
0.0463168036
0.03920163611
0.03724620767
0.03725272865
0.03726279584
0.0372956789
0.03729597269
0.0397172709
0.8436536194
0.06245804564
0.03721624531
0.03723320978
0.03722870043
0.03719778143
0.0464418033
0.9763017555
0.9756484436
0.04588136947
0.0371268766
0.03715198002
0.03715115167
0.03712173863
0.03710608477
0.03708057877
0.03709515802
0.03865170879
0.04141129992
0.05892024085
0.2435649507
0.9461163941
0.9758918449
0.9778977565
0.9786834179
0.982407118
0.9852086577
0.9820097216
0.9729704887
0.9521649183
0.06818340284
0.04414572919
0.03731968965
0.03703978245
0.03701255756
0.03700580267
0.03699167192
0.03697095326
0.0369551769
0.03693994046
0.03691682112
0.07003152902
0.07094034115
0.03725112464
0.03878925609
0.04154041597
0.0572321201
0.1188601314
0.9336460065
0.9638952111
0.9827489198
0.9855230495
0.9852628697
0.9862476062
0.9874571367
0.9881597806
0.9870421641
0.9861739194
0.984575325
0.9828204222
0.9806405632
0.9772810595
0.973534501
0.9690969209
0.9648278719
0.9598138566
0.9519180919
0.930140201
0.9135303205
0.2505540562
0.09829684847
0.06124287093
0.05470255054
0.0510918716
0.04984599918
0.04942262585
0.04909948757
0.04888677888
0.04873173535
0.04851210336
0.04831150424
0.0481893973
0.04817333765
0.04838371197
0.04907679957
0.05111215156
0.05876558429
0.06915133406
0.8288375891
0.9394490032
0.9503661604
0.8658698301
0.07587929884
0.06784606315
0.084849589
0.1264215363
0.9013949426
0.9422403025
0.9764456079
0.9774794816
0.9748261581
0.9758553897
0.9768071383
0.9749574571
0.9777829858
0.9796493317
0.980313544
0.9769371759
0.971908312
0.9615899933
0.325128185
0.05190217975
0.04013151554
0.03733662111
0.03727386909
0.03725650885
0.03728970131
0.03728597739
0.03726379783
0.0372471068
0.03727115965
0.06609219767
0.834453715
0.03934761663
0.03720600017
0.03721362284
0.03724548356
0.03738722241
0.1167033851
0.979476759
0.9031222633
0.0395087652
0.03716387466
0.03715106129
0.03710727448
0.037153423
0.03914714889
0.0437540547
0.06283721135
0.7764027315
0.9494232479
0.9802459606
0.9815251035
0.9800081285
0.9807496992
0.9815002115
0.9825825419
0.9840815684
0.9783211573
0.8807097798
0.05289988486
0.04075384631
0.0370740618
0.03703850767
0.03699314191
0.03698581696
0.03698159108
0.03696883545
0.03695156844
0.03693575243
0.03692007839
0.03689947899
0.06999304838
0.1608107903
0.06573553495
0.1641177812
0.9519691362
0.9737111766
0.9868311518
0.9882576139
0.9878767395
0.9889266919
0.9899145501
0.9898097344
0.9897114671
0.989362663
0.9888548673
0.9884249442
0.9877195987
0.9863708882
0.9849082303
0.9833711411
0.9813842419
0.9792524923
0.9770516198
0.974964663
0.9727148011
0.9698538272
0.9665123812
0.9635498672
0.9706545029
0.976542279
0.9746386358
0.9736601221
0.9745785155
0.9736645415
0.972890014
0.9722954908
0.9717716698
0.971246349
0.9707078858
0.9701856547
0.9697247705
0.9693815921
0.9692452702
0.9694388597
0.9701200941
0.9715773399
0.9761353202
0.9730068304
0.9714165714
0.9695260853
0.9576545507
0.9424307186
0.959776257
0.9701112134
0.9826990272
0.9806061002
0.9760933215
0.9765162613
0.9772674533
0.9742806919
0.9731567615
0.9712358922
0.9722455914
0.9765081882
0.9754941923
0.9756535293
0.9659461367
0.836823424
0.05707872838
0.04337862484
0.03846392745
0.03749491499
0.03739320767
0.03736113156
0.03731484397
0.03727698258
0.03724948944
0.03722145686
0.03721504142
0.0371857757
0.04777139907
0.9196190688
0.04527937735
0.03715789396
0.03718013088
0.03721476828
0.03736932214
0.04549550339
0.9677406896
0.9734700296
0.06739390935
0.03728081115
0.03761026586
0.04032375692
0.04752715215
0.07689117062
0.8883858025
0.9629967385
0.9767164057
0.9788141283
0.9810780892
0.9821206666
0.9811489686
0.9788328493
0.9805319071
0.9796122863
0.9604986432
0.129270981
0.04884771708
0.03862972199
0.03700682971
0.03701821785
0.03700316792
0.03697608538
0.03696637828
0.03695941351
0.03694757783
0.03693280796
0.03691836463
0.03690423324
0.03688683699
0.06996639825
0.9728084363
0.9847920383
0.9899881044
0.9910824881
0.9909404189
0.9917191477
0.9923602465
0.9920981671
0.992001128
0.9917870652
0.9916741583
0.9914993501
0.9910213588
0.9904029081
0.9898363302
0.9892024317
0.9882456059
0.9871829041
0.9860935351
0.9849116149
0.9837423407
0.9826598271
0.9817564866
0.9810179359
0.9804705707
0.9802984244
0.9807787985
0.9815729017
0.9839970719
0.9848343132
0.9851025877
0.9850955343
0.9850343963
0.9849258896
0.9847937615
0.9846561614
0.9845103313
0.9843500103
0.9841736314
0.9839790832
0.9837558001
0.983481633
0.9831200314
0.9826223151
0.9819816682
0.9815406012
0.9824205583
0.9827581382
0.9828719425
0.9812961903
0.9778268665
0.9776126962
0.9795009849
0.9808309861
0.981223109
0.9775439446
0.9746941253
0.9702647222
0.9665076663
0.9643597175
0.9614521299
0.9624028054
0.9667097355
0.9549836453
0.8724519533
0.07102918971
0.04630676426
0.03973036631
0.03772322481
0.03768550186
0.03757668767
0.03748394173
0.0374345687
0.03737218249
0.0372587709
0.03717802766
0.03713960616
0.03713630146
0.03723370826
0.04173090311
0.9276647931
0.06215471242
0.03722694942
0.03717639156
0.03727839155
0.03753867959
0.04102312353
0.07853653405
0.9641523263
0.9549180027
0.05306671553
0.06133751151
0.1764656904
0.941156167
0.9729619634
0.9784359041
0.9788630507
0.9814995805
0.9818022931
0.9812324827
0.9782603899
0.97687184
0.9685335063
0.9305359113
0.1227427183
0.05418595665
0.04082225077
0.0372770562
0.03704500904
0.03703471827
0.03702031355
0.03699536478
0.03696900216
0.03695386372
0.03694228377
0.03692968132
0.03691628291
0.03690349468
0.03689156196
0.03687762327
0.06994845051
0.9846407587
0.992227417
0.993769301
0.994482206
0.9943563734
0.9942600799
0.9940596771
0.9939152701
0.99372805
0.9933943816
0.9930838214
0.9927765314
0.9923232309
0.9917692971
0.9912078389
0.9906108169
0.9898970631
0.9891339893
0.9883669718
0.9876089612
0.9869134691
0.986318982
0.9858652991
0.9855581097
0.9854059478
0.9854335361
0.9856277388
0.9858391963
0.9860469908
0.9864993529
0.9868781057
0.9870192419
0.9870426295
0.9870510511
0.9870280405
0.9869840867
0.9869259896
0.9868503774
0.9867496963
0.9866144194
0.9864288826
0.9861696391
0.9858113253
0.9853493583
0.984870839
0.9847129697
0.9853684918
0.9865719552
0.9871098467
0.9866415184
0.9851762857
0.9832046165
0.9817774912
0.9805232583
0.9784157474
0.97593331
0.9717118815
0.9631744886
0.94961159
0.9287627144
0.8874282894
0.8841860391
0.9318362375
0.06940821297
0.04551120326
0.04106066109
0.03806714758
0.03815078126
0.03784754216
0.03766420475
0.03757687648
0.03752487123
0.03759633864
0.03779752769
0.03823406902
0.03925879446
0.03970480802
0.04037374915
0.04127615735
0.04318935361
0.07339663365
0.6289075567
0.04526162174
0.0450670826
0.04984171116
0.06734239644
0.09433097564
0.9151658535
0.9576269842
0.9625247831
0.941047406
0.9538389039
0.9809975294
0.9815351134
0.9802116381
0.981905811
0.9823366712
0.9808787518
0.9798328311
0.9775328714
0.9561274186
0.8401948104
0.06913588567
0.04590234172
0.04001463557
0.03734591882
0.03709422066
0.03705852943
0.03702167373
0.03701899129
0.03700332381
0.0369797187
0.03695704717
0.0369407516
0.03692727346
0.03691441942
0.03690216124
0.03689110492
0.03688145911
0.03687092874
0.06993697459
0.9898021134
0.9946258174
0.9954659358
0.9957473974
0.9957674865
0.9956343864
0.9953702749
0.9951115508
0.9948538231
0.9945203387
0.9941653646
0.993794146
0.9933601178
0.9928722201
0.9923633249
0.9918316591
0.9912614266
0.9906830093
0.9901191297
0.9895891703
0.9891229163
0.9887401869
0.9884553959
0.988268305
0.9881735919
0.9881609149
0.9881965567
0.9882090547
0.9881993111
0.9882889953
0.9884783855
0.9886098015
0.9886779417
0.9887204295
0.9887427231
0.9887475969
0.9887393748
0.9887178621
0.9886774033
0.9886097119
0.9885046647
0.9883515084
0.9881459147
0.9879088115
0.9877221454
0.9877598008
0.9881780165
0.9887931231
0.9891149654
0.9888285425
0.987865674
0.9863240641
0.984534947
0.9825884821
0.9802134541
0.9773989113
0.9732542567
0.9655957774
0.9524018817
0.928889024
0.8780033918
0.8680745728
0.1213433995
0.09692975515
0.06605182492
0.06836896492
0.0656831768
0.06466226369
0.06571221403
0.06719199618
0.06929871241
0.07202563422
0.07618284025
0.08470786522
0.109185228
0.2248129458
0.5034576057
0.7590356013
0.7417770273
0.8442154364
0.9314742272
0.9378254023
0.9088484059
0.9359543325
0.957167071
0.9693639144
0.9793632185
0.9751980651
0.9747202679
0.97748144
0.9765950075
0.9754081466
0.9780950723
0.9806289355
0.9809000532
0.9796843141
0.980856812
0.9786226215
0.9443823231
0.619523798
0.06025536459
0.04239879415
0.03884891324
0.03709119798
0.03702614192
0.03702644225
0.03702157733
0.03701645649
0.03699546148
0.03699074666
0.03697882849
0.03696063557
0.0369423106
0.03692709198
0.03691374176
0.03690149586
0.03689047468
0.03688108036
0.03687351514
0.03686610462
0.06993017504
0.9932340114
0.9962526614
0.9966339367
0.9967296373
0.9966625147
0.9964983641
0.9962451893
0.9959634046
0.9956674483
0.9953362692
0.9949806942
0.99460196
0.9941883542
0.9937461553
0.993288307
0.9928187479
0.9923409815
0.9918737761
0.9914321261
0.9910302846
0.9906845152
0.9904045886
0.9901943983
0.9900497967
0.9899621119
0.9899177579
0.9898928299
0.9898556165
0.9898120223
0.9898196595
0.9898888203
0.9899669441
0.9900316148
0.9900848581
0.9901267062
0.9901590742
0.9901836515
0.9902010664
0.9902093406
0.9902044174
0.990181882
0.9901389824
0.9900786738
0.9900177792
0.9899974208
0.9900803489
0.9902967519
0.9905453138
0.9906131165
0.9903308872
0.989620918
0.9884953256
0.9870709869
0.9854368779
0.9836355968
0.9817453081
0.9795612243
0.9769054537
0.9743033358
0.9727147682
0.9734206542
0.9755424582
0.9810326595
0.9838895928
0.9843047999
0.984282099
0.9846738292
0.9851191849
0.9855714932
0.9860084784
0.9864244055
0.9868103142
0.9871528743
0.9874293137
0.9876241242
0.987543633
0.9860995037
0.9816838968
0.977690577
0.9764659272
0.9753789876
0.9760468098
0.9742566117
0.9746944023
0.9757049717
0.9764847988
0.9766943764
0.9779064993
0.97811265
0.9803364978
0.9811073996
0.9798409731
0.9792512952
0.9764422231
0.9769207928
0.9712470573
0.9324790367
0.1102116872
0.05328695655
0.04082536031
0.03846763616
0.03704902395
0.03699643411
0.03699823618
0.03700424034
0.037003272
0.03699027941
0.03698587452
0.03697412817
0.03696674205
0.03695597832
0.03694182385
0.03692711356
0.03691375828
0.03690163188
0.03689066985
0.03688110717
0.03687327674
0.03686744677
0.03686267627
0.06992651493
0.9957100743
0.9973891269
0.9974783021
0.9974304864
0.9972947791
0.9970986762
0.9968514147
0.9965743248
0.9962755064
0.9959512748
0.9956050595
0.9952362365
0.994842897
0.9944311073
0.9940096931
0.9935853289
0.9931666169
0.9927678377
0.9924010497
0.9920767328
0.9918038084
0.9915861213
0.9914223293
0.9913058089
0.9912268481
0.9911735558
0.9911313602
0.9910865603
0.9910445023
0.9910318543
0.9910565334
0.9911002795
0.9911516654
0.991205133
0.9912567223
0.9913056436
0.9913523869
0.9913976546
0.9914417557
0.9914844333
0.9915256385
0.9915666882
0.9916114526
0.9916675967
0.9917464286
0.9918564118
0.9919829905
0.9920624886
0.9919944864
0.9916936227
0.991113719
0.9902547031
0.9891750629
0.9879620381
0.9867349341
0.9856337333
0.9847110953
0.9840527121
0.9838628104
0.9842605898
0.9852178879
0.9864873996
0.9875333651
0.9891327934
0.9894360669
0.9894981221
0.9896592848
0.9897909549
0.9898950365
0.9899820049
0.9900558346
0.99011037
0.9901279559
0.9900730686
0.9898883473
0.9895034728
0.9887943252
0.9875971587
0.98587255
0.9849130718
0.984256999
0.9836578431
0.9826520906
0.9810336039
0.9792340441
0.9773665771
0.9752849142
0.974258392
0.9761112957
0.9782300389
0.9794926186
0.9774665155
0.9758602794
0.965842917
0.8930119298
0.0758201148
0.0468879793
0.03985879849
0.03728650622
0.03706974352
0.03700852671
0.03700184434
0.03699953953
0.03699244037
0.03698574984
0.03698283301
0.03697179526
0.03696382068
0.03695454372
0.03694647584
0.0369364234
0.03692472488
0.03691269564
0.03690136674
0.03689098517
0.03688174739
0.03687388974
0.03686762711
0.03686316387
0.03686031842
0.06992471578
0.9975957457
0.998200642
0.9980690555
0.9979153888
0.9977326304
0.997522204
0.9972836437
0.9970210756
0.9967348332
0.9964234168
0.9960880153
0.9957288658
0.9953476752
0.9949509453
0.9945475154
0.9941467083
0.9937597463
0.9933999331
0.9930787535
0.9928051011
0.9925842548
0.9924161699
0.9922955043
0.9922124436
0.992154825
0.9921102226
0.992068127
0.9920237317
0.9919843393
0.991965738
0.9919741283
0.9920036434
0.9920483386
0.9921026406
0.9921614755
0.9922221989
0.992284114
0.9923478586
0.9924149732
0.9924877706
0.9925695779
0.9926650289
0.9927796107
0.9929176208
0.993077605
0.9932448095
0.993382853
0.9934322592
0.9933264166
0.9930150437
0.9924740046
0.99171093
0.990776128
0.9897640915
0.988814928
0.9880832413
0.9876737518
0.9876502496
0.9880204382
0.9886778941
0.989433808
0.9900741025
0.9904237262
0.9904778927
0.9904103182
0.9902433781
0.9901116852
0.9899816945
0.9898382855
0.989683723
0.9895217748
0.9893545626
0.9891836725
0.9890133128
0.9888585474
0.9887579429
0.9887563631
0.9888105744
0.9887511439
0.9885191791
0.9882253497
0.9876434838
0.9864331966
0.9844832135
0.9819351169
0.9790535747
0.9760089158
0.9732584113
0.9709529335
0.9681652621
0.9669262732
0.9534948404
0.8852292345
0.07051477287
0.04555708746
0.03934435219
0.03721488195
0.03711605999
0.03709958212
0.03709193655
0.0370739932
0.03705346216
0.03704055937
0.03702787091
0.03701158791
0.03699695512
0.03698012124
0.03696402461
0.0369481625
0.03693376284
0.03691992553
0.03690698841
0.03689549794
0.03688577369
0.0368777886
0.03687141857
0.0368665059
0.03686287859
0.0368603717
0.0368589041
0.06992376598
0.9955543956
0.9976889053
0.99686458
0.9963611762
0.9959426877
0.9955308385
0.9950888243
0.9946048168
0.9940705309
0.9934802158
0.9928350604
0.9921361855
0.9913882335
0.9906049982
0.9898057458
0.9890120757
0.9882493631
0.9875464014
0.9869282657
0.9864137656
0.9860129233
0.9857236118
0.9855317491
0.9854132971
0.9853389344
0.9852790405
0.9852098693
0.9851229029
0.9850349371
0.9849796545
0.9849759466
0.9850195113
0.9851018692
0.9852120672
0.9853379674
0.9854714157
0.9856088275
0.9857505578
0.9859001365
0.986063943
0.986251511
0.9864758788
0.9867523124
0.9870930848
0.9874962097
0.9879284753
0.9883100674
0.9885174332
0.9884160605
0.9879024143
0.9869220135
0.9854775321
0.9836540332
0.9816417328
0.9797485337
0.978335918
0.9776730095
0.9778855669
0.9789120967
0.9804476226
0.9820469976
0.9832529347
0.9837181671
0.9833726425
0.9825364058
0.9817046231
0.9810047429
0.9803635814
0.9797313648
0.9790820884
0.9784131759
0.977737818
0.9770930345
0.976561188
0.9763006668
0.9765406244
0.977424408
0.9787174129
0.979847542
0.9804368718
0.9804642698
0.9797277602
0.9776353228
0.9738074368
0.9683057364
0.9616408741
0.9546348362
0.9480345104
0.9394157632
0.9167987767
0.8686816239
0.2865802891
0.09998571944
0.08002999283
0.07162797104
0.0709060495
0.07084811557
0.07084392339
0.0707768963
0.07070380979
0.07068029534
0.07062931517
0.07057661379
0.07052844059
0.07046913106
0.07040592836
0.07033729005
0.0702693528
0.07020254033
0.07014054949
0.07008432836
0.07003639976
0.06999830951
0.06997003486
0.06995040673
0.06993779241
0.06993040088
0.06992651181
0.06992466213
0.06992373142
0.1002339848
