0.9738885619
0.9825168291
0.979364981
0.9773369142
0.9784224312
0.9792587915
0.9823098365
0.9746799222
0.9731885522
0.9816777024
0.9563849854
0.9586363569
0.9630240046
0.9620664499
0.9357857904
0.9466656047
0.9085976658
0.9362069205
0.9157650682
0.9155786123
0.9140195289
0.9092761256
0.9006559161
0.8960006981
0.9106763433
0.8934336996
0.8942991718
0.8895543895
0.8835776387
0.8778903977
0.8736566779
0.8728898073
0.8882191416
0.8730509764
0.8776943655
0.8711126228
0.886300655
0.855578469
0.8776445496
0.855530612
0.8318523163
0.8756932203
0.869523815
0.8560336527
0.829084973
0.8596748725
0.8210414361
0.8458261648
0.8563629639
0.8527811585
0.8144077654
0.850212079
0.8462200123
0.8349603481
0.8191153
0.8047041297
0.7794175435
0.8237612266
0.747898594
0.7857387993
0.8100877261
0.8152871755
0.7482755438
0.7805517178
0.7945642536
0.7349362858
0.7372699526
0.7681717164
0.7227366277
0.7598738231
0.7734607461
0.6917401794
0.6832965906
0.6844191724
0.6761090594
0.6709908279
0.7165543966
0.6944404508
0.670393146
0.6854701799
0.6891924981
0.6672171499
0.7006580925
0.6844100199
0.7053522728
0.6278134069
0.6520705688
0.6630655918
0.6577380629
0.5482191509
0.6464000059
0.6579180896
0.6224903401
0.6304425531
0.5499934867
0.6176687546
0.5384503333
0.5371420144
0.5642744832
0.5012618328
0.4542992476
0.5372783653
0.4688358148
0.4320896295
0.4349762217
0.4481364994
0.4298645686
0.3737339067
0.378566748
0.3295366701
0.3383020692
0.3490905229
0.3147876549
0.3749532873
0.3015781076
0.2949753926
0.3005488627
0.294657455
0.3666847376
0.2932222054
0.4577807509
0.9684267974
0.9836846072
0.9841077726
0.9798281951
0.9819964699
0.9774659986
0.9767580984
0.972758874
0.9727144795
0.9727313271
0.9732557777
0.9624372902
0.9712402851
0.9877580381
0.9999990355
0.968227707
0.964313193
0.9561487207
0.9484426586
0.9535792064
0.9447902407
0.9405743886
0.949798672
0.9520948282
0.9324759501
0.9454396069
0.9491960756
0.9383210756
0.9484451053
0.9465965853
0.9472545429
0.9484284004
0.9330603503
0.9319058177
0.9387902194
0.9398486887
0.9407292249
0.9463149056
0.9433689954
0.938380023
0.9451607277
0.9342244743
0.9324033941
0.9306689002
0.9333829643
0.9319951614
0.9272234312
0.9360837189
0.9300826116
0.9253946913
0.9290843921
0.9358666667
0.9269797947
0.9286985163
0.9328866328
0.9307777617
0.936394149
0.9275520362
0.9107158149
0.917506372
0.9125412112
0.9107056784
0.9223483293
0.9227613543
0.9084269732
0.9154223744
0.9090717522
0.915148115
0.9000569532
0.9042414444
0.89029976
0.9043642319
0.9061889172
0.9004967472
0.8899598062
0.8732354186
0.8748837188
0.8346080163
0.8639787394
0.8595029267
0.8269234278
0.8299877313
0.7834647176
0.8122775315
0.7722946256
0.7356261016
0.7538871531
0.720205805
0.6775391157
0.7211875558
0.7131989797
0.6350021141
0.6216525939
0.6092762938
0.6180951636
0.562125407
0.523874306
0.6035748
0.4492810608
0.5232221116
0.484792093
0.387064773
0.4034808961
0.3716446979
0.3836370704
0.307981857
0.3236112347
0.3024865804
0.2680405093
0.2575505525
0.2202395323
0.2289970099
0.1994976873
0.2178484544
0.1993020507
0.1762844864
0.2061487929
0.174971534
0.2002931769
0.183369655
0.3701439082
0.9228112633
0.9735739129
0.9770117724
0.9738523293
0.9706286516
0.9648072182
0.9611712735
0.9685455092
0.9605562005
0.9621057744
0.9900053784
0.9624454835
0.9568149871
0.9723806846
0.8573744354
0.9755999812
0.8704258687
0.9480180548
0.9436052399
0.9412330196
0.9474960995
0.9473168259
0.946447818
0.9433133909
0.9438280556
0.948234936
0.9429618649
0.9423666026
0.935909633
0.9372600848
0.9417719916
0.938864328
0.9356994161
0.94141245
0.9367779059
0.9383440799
0.9364586109
0.9381586479
0.9318516595
0.9401548035
0.9356944125
0.9368871748
0.9370107644
0.9308265133
0.9274264422
0.9242902194
0.9286052944
0.9237431272
0.9293006121
0.9320210382
0.9309652857
0.9297315668
0.9271227916
0.9112954598
0.9229896786
0.9147115864
0.9258669522
0.922117372
0.9163916834
0.9025260535
0.9126595432
0.9070144447
0.8968330048
0.9034813584
0.9027868575
0.8911839793
0.8816036988
0.8660213876
0.8585823828
0.8638671122
0.8464001004
0.8397305169
0.8398227575
0.8288327069
0.8219862316
0.853486004
0.8224289489
0.8251643017
0.8065438644
0.7257596795
0.7868616077
0.7729287834
0.7083580495
0.7578395018
0.6394083069
0.7359776093
0.7356537663
0.6945763886
0.6626026201
0.6994829861
0.5888050241
0.6302908573
0.5563402419
0.5653988703
0.4872520716
0.5685427242
0.5268082714
0.4529377474
0.4603301624
0.4835973444
0.3881891782
0.4615317594
0.4262180163
0.350079427
0.4099209223
0.3222209786
0.3220076337
0.2867921948
0.3197717717
0.2360837258
0.2877810779
0.2163004612
0.1986104952
0.2289894179
0.2010587774
0.2168945171
0.2076056675
0.1811504632
0.2102859329
0.2165041877
0.3403505329
0.761558665
0.949314368
0.955791596
0.9648658368
0.9641854878
0.9521420315
0.9612097317
0.9465733029
0.943714391
0.9494828491
0.9422791102
0.9340271467
0.9333792942
0.9747968644
0.9893901288
0.9801052689
0.9690352427
0.9380350445
0.9432360733
0.9405637277
0.934096857
0.930305862
0.9235426965
0.9268399138
0.9284616073
0.9300876704
0.9365292175
0.9289797638
0.929954569
0.9296006794
0.9308746534
0.9333754084
0.9299376361
0.929355877
0.9210362204
0.9090254523
0.9236752971
0.9203989557
0.9208072277
0.9186473026
0.9187836749
0.9068558876
0.9070473833
0.893161338
0.9002950167
0.8878548177
0.8816784923
0.8699766427
0.8920336403
0.8860366816
0.8882661969
0.8830445925
0.8668568397
0.8736344877
0.8531359997
0.8506475126
0.8183802311
0.8257937367
0.8443915872
0.8093307275
0.8015252883
0.8223576766
0.8209438951
0.7784363369
0.7549775084
0.7564730732
0.7461541375
0.7818277108
0.7904414161
0.8013049966
0.7562637177
0.7653790679
0.7061589027
0.7410312401
0.7461136732
0.745764053
0.6902574142
0.7471652939
0.7231449023
0.7437407584
0.7351836426
0.683528442
0.7328588885
0.725743777
0.7078046931
0.7028966261
0.6153909969
0.6786808975
0.6705804365
0.6216031577
0.6573625189
0.6186948906
0.5791808277
0.6138607979
0.6009934343
0.4716734088
0.5439576007
0.5292411507
0.4812314142
0.5278843124
0.4222501445
0.4944429089
0.4577131651
0.3957375248
0.4156936551
0.3551371486
0.3997792245
0.3686648926
0.2888802573
0.2933041147
0.2773433498
0.2370736527
0.24879319
0.2396496869
0.2107707892
0.1839735937
0.1983197276
0.2133610307
0.1725779346
0.1828125631
0.313733591
0.5648073744
0.740216036
0.7849636667
0.8531964531
0.9041496521
0.8984257099
0.9227634887
0.9100656744
0.9227921743
0.9112141936
0.9126718421
0.9038076009
0.9169405969
0.940932992
0.9468501471
0.9698552496
0.9448466408
0.9389665022
0.9254085734
0.9185337212
0.915374031
0.9113669196
0.916162466
0.9123189779
0.8997417941
0.9014506523
0.895086918
0.8588829088
0.8664735279
0.855475551
0.8587067147
0.8460733769
0.8481105635
0.8409175838
0.8441501988
0.8549737186
0.8269411474
0.8453074967
0.8011044322
0.8289763945
0.7825975672
0.8252977881
0.7889230751
0.8018617854
0.7462627278
0.7543391803
0.7589417288
0.7239871238
0.7513117518
0.6790626456
0.7112762498
0.6878088784
0.7246338803
0.7123087749
0.7545749923
0.7071176473
0.7590815411
0.7104697295
0.668857003
0.6764045425
0.6646438276
0.6960615188
0.6433494791
0.7013947594
0.7107175067
0.6490182059
0.6631996001
0.595945075
0.6783667344
0.6084970129
0.6355526115
0.6516858839
0.6936410295
0.6762863382
0.669228426
0.5790622165
0.5599938852
0.5653228532
0.5757396695
0.5785061788
0.5981485142
0.5484929227
0.5361076172
0.5969637455
0.5389809037
0.6491943325
0.5974769235
0.5298373725
0.5021159029
0.5342185524
0.5763697448
0.542412577
0.6267155461
0.5847501471
0.6018031335
0.6077412184
0.5563172533
0.4703456973
0.5207302775
0.4349738485
0.4789429019
0.4376634873
0.394922113
0.3799107063
0.440087599
0.3517802948
0.3760030409
0.3831306719
0.3060093797
0.3666501108
0.2636032913
0.3094416145
0.2883750822
0.2791118533
0.21454561
0.2603837295
0.2127440144
0.1809198825
0.1772987082
0.2147674798
0.2938393732
0.464234443
0.4534455781
0.4386774834
0.5221894924
0.5483153592
0.6883775714
0.7179376858
0.7487884604
0.7836266424
0.7960331226
0.8599627276
0.8214446105
0.8021773049
0.6251756136
0.8284073147
0.7662859875
0.8741610527
0.8378964459
0.8432958468
0.8138051809
0.7542982736
0.7937888341
0.7927005097
0.7934568886
0.7701259227
0.7908787835
0.7444004719
0.7695395381
0.7386019956
0.7611928794
0.7086490593
0.6152994284
0.6908482943
0.6969924498
0.6669057952
0.718774933
0.6606662566
0.6576102989
0.6405910608
0.6080441183
0.6855417676
0.6384107315
0.6752432088
0.6540712024
0.7164040322
0.6943133081
0.6630162565
0.684625527
0.5877170577
0.6662746411
0.6392026415
0.6131409902
0.6185676771
0.5309366145
0.5412430923
0.5841183863
0.5609177884
0.6370580178
0.622854073
0.5385725475
0.5730397324
0.5494421504
0.6433481225
0.6057165448
0.5144507787
0.6053750529
0.6074007084
0.596783548
0.5358748861
0.4912332279
0.5833382744
0.4898091657
0.5436227997
0.5037143084
0.5445061453
0.5213654533
0.624910274
0.5852969395
0.5939812394
0.4975924353
0.4712601447
0.5722989419
0.5465483559
0.5278639183
0.5186854361
0.4845960044
0.5013764047
0.6161323663
0.5786170405
0.57488806
0.4841972593
0.5561058155
0.4780245596
0.5669341308
0.4755297465
0.4892940278
0.5818488287
0.5530107844
0.5918518473
0.5124879928
0.5581437878
0.4852866222
0.5087132451
0.4861744057
0.4855255972
0.399673172
0.4687258627
0.3547625424
0.424563919
0.3762774492
0.3448027401
0.328313453
0.2482196188
0.2989979222
0.2302017203
0.2286466618
0.1980585088
0.2212756464
0.2268444541
0.2135166331
0.3698273396
0.3494054195
0.3187601553
0.3589627265
0.3821781261
0.3814930882
0.4399886802
0.4165699856
0.4561138325
0.5026766989
0.5906632784
0.4281182452
0.6039761624
0.6848816467
0.7045237864
0.7128406704
0.6465367067
0.6284918518
0.6809016648
0.6715746976
0.6639661776
0.6582122947
0.7091815804
0.725824702
0.6834840642
0.6668223367
0.7113456994
0.6688769949
0.6835272871
0.7090062474
0.6410548663
0.6473225873
0.6985389113
0.636978875
0.5281845617
0.5906072977
0.5696480659
0.5738775055
0.6401790866
0.5301805817
0.6172071439
0.5663712409
0.5501994618
0.51912508
0.604669908
0.5298783224
0.5510132325
0.5991953228
0.566345844
0.6109741722
0.5886465079
0.5204933231
0.6157210599
0.5087845495
0.5523450932
0.5925514397
0.495836055
0.5349416056
0.4707924367
0.4873934847
0.5834517446
0.483148694
0.5746620526
0.4518250221
0.4852594934
0.5467420531
0.5455299926
0.559049761
0.5373403071
0.5631511473
0.5641641512
0.5453169646
0.4675206489
0.5022697602
0.4953213815
0.4929394832
0.4645664841
0.494794998
0.5228719544
0.4809380073
0.4771588944
0.5955890911
0.52348804
0.4437972974
0.4669043661
0.5180006395
0.4788122291
0.4528832789
0.4569267083
0.4599589159
0.558813285
0.550644755
0.4786568302
0.4733681766
0.5093759731
0.5142898622
0.5784779369
0.560061861
0.474887126
0.5879971579
0.5551467482
0.5767889149
0.4770639276
0.5204303474
0.4933203627
0.4959809615
0.4442233432
0.4420591884
0.3777499126
0.3540066664
0.3822024396
0.4145455915
0.3361560004
0.3687175891
0.2857372075
0.246958954
0.2272713887
0.271271552
0.2275101358
0.2088212293
0.2156279049
0.3733519501
0.3912415303
0.20187821
0.2825274638
0.2458055264
0.3203410876
0.3235001912
0.3288063548
0.4054889767
0.2891574477
0.2284644508
0.3334337662
0.3035778523
0.2599899425
0.470346803
0.623957267
0.6013602769
0.610254687
0.4832068769
0.5379173482
0.5453361545
0.5077347209
0.6007066437
0.437033911
0.5049918555
0.5322498038
0.5081460063
0.5753652276
0.5741971487
0.5403344697
0.5511123472
0.6066239492
0.4697434798
0.5815487091
0.6084448495
0.6217777276
0.5848412467
0.5666574136
0.4603131828
0.5305968953
0.5498589467
0.5065547186
0.520083461
0.5550482537
0.4680039738
0.4686241542
0.4680688235
0.4823027879
0.468534631
0.5216133596
0.5400112466
0.5561949843
0.4618541073
0.4589882215
0.5241260148
0.4073783719
0.5228317747
0.5078696015
0.4719419291
0.4935033077
0.4699051453
0.425673003
0.4162272766
0.4286587506
0.5134204561
0.4320746919
0.4324193606
0.4543656319
0.5014376189
0.4604719956
0.50037561
0.4935542706
0.5408871424
0.5248702706
0.4538211245
0.4653164433
0.5218454277
0.489583842
0.4843323216
0.4812782725
0.5537236631
0.4455829549
0.48605733
0.5164549902
0.5511042574
0.4717226895
0.5245279117
0.5070917218
0.4709470504
0.4997220704
0.476447725
0.4623201131
0.5225066538
0.5480743076
0.451850573
0.4749475034
0.432391986
0.4348470509
0.5607470914
0.4849199244
0.4962087917
0.5336942472
0.5629367069
0.5727799541
0.5068216094
0.523886182
0.5087431856
0.5639435185
0.4633786953
0.5209969522
0.3827109461
0.3980070007
0.3943156441
0.3222663432
0.3462445449
0.3316040602
0.3031325008
0.2830536799
0.2248373779
0.25300814
0.1921270902
0.339688189
0.3102399183
0.2355073439
0.2316918154
0.2821724264
0.2852299937
0.2965241146
0.339624012
0.3000449633
0.3912210107
0.370490935
0.2042180302
0.1434652711
0.2039679203
0.2100544361
0.2442775269
0.5227288573
0.5324936391
0.5606802489
0.4284650775
0.3811872091
0.4166164218
0.4576583395
0.5120895189
0.4862016556
0.49434202
0.4400911997
0.4812574176
0.480052619
0.5228625686
0.4574128394
0.5218593287
0.5406995326
0.5070062855
0.4596769754
0.4785755721
0.535136226
0.5157641385
0.5611737154
0.5084968167
0.4262831694
0.5086921356
0.4328830952
0.5118381603
0.4519110668
0.4901376704
0.4838549185
0.4495480752
0.3934567048
0.445665463
0.4794659353
0.4430271526
0.5485232435
0.5209530199
0.4176460639
0.4896453352
0.4382288451
0.4750388047
0.458829024
0.4389269971
0.4742514784
0.4877411627
0.4769703073
0.4795154213
0.4098235543
0.5130178049
0.3913938485
0.4581057467
0.3917408617
0.4865687703
0.4311134307
0.3941215433
0.4398136412
0.5005587775
0.4509080083
0.4418471711
0.4444004339
0.479486979
0.4269666735
0.4231554633
0.4102763751
0.4698309288
0.4881404682
0.455039746
0.5273847107
0.4207868419
0.5135002317
0.457766133
0.5491779505
0.3924950285
0.5199187001
0.4517851884
0.4907385416
0.505850319
0.4438391872
0.5703369818
0.5122118285
0.4535932934
0.410930006
0.4504302404
0.506580501
0.5060616864
0.4964789964
0.5733410641
0.513820564
0.5525365706
0.5095786269
0.5160907547
0.4544222415
0.547437997
0.4713125737
0.4504405298
0.3822209051
0.4414551844
0.3682150349
0.3365860492
0.2926445948
0.2560479174
0.2474099471
0.2561090143
0.2142819672
0.3279656898
0.3238926182
0.2290606247
0.2677116401
0.2714156092
0.3066879207
0.2583665902
0.3313161776
0.3033762279
0.3540280208
0.3057828228
0.3604943796
0.3676486058
0.3738228003
0.3235005755
0.3422846233
0.3224365454
0.361399475
0.5286203577
0.5461030623
0.4811754435
0.3332528838
0.4717726673
0.4182488954
0.4582983649
0.4243074634
0.5243646418
0.475170482
0.4773723964
0.4060013366
0.4654167716
0.4329028157
0.4972617022
0.4461313938
0.4968612369
0.4315208046
0.4096704149
0.4792813656
0.4238330612
0.5385576126
0.4881099341
0.530769934
0.4365954692
0.3990271481
0.4403094551
0.4212201857
0.4884098158
0.5000587445
0.5145629897
0.4125426075
0.4405810565
0.3859356526
0.4438456389
0.4114162831
0.4978590392
0.45680793
0.4956415086
0.4161858305
0.4243225027
0.5201364363
0.4705468805
0.3957481127
0.4057463934
0.4407474754
0.4345156859
0.4066128778
0.4553671152
0.4918628042
0.4202027187
0.454422786
0.4765136643
0.4595925574
0.4360635607
0.3989579057
0.4719455093
0.484651232
0.4037464211
0.4648755281
0.4063896061
0.509525938
0.4062653557
0.4641380694
0.387678804
0.4666543198
0.420207863
0.4422399923
0.4322973558
0.4013210486
0.4041380211
0.4985583969
0.4252042488
0.4124429814
0.3977111935
0.473352956
0.5169547053
0.4413081895
0.4235448637
0.5178156355
0.5005645079
0.4297126292
0.4170726611
0.4113705273
0.5090237747
0.438509623
0.5533432363
0.5885845884
0.4904626984
0.478976574
0.5559668748
0.4572900037
0.5697022667
0.5003864667
0.5160501207
0.4346266994
0.4373684788
0.3785568964
0.3548128402
0.324738476
0.2567203695
0.2483221005
0.25094071
0.3568754229
0.3623393198
0.1754570174
0.1945737621
0.2546285242
0.2630818707
0.2533754831
0.3167791135
0.3107461965
0.3303637701
0.2462141597
0.2589803868
0.3077559255
0.3132299309
0.3848002028
0.3746058701
0.3511925351
0.302017207
0.3395506218
0.4338312566
0.5015595775
0.5026366509
0.4566671033
0.4322442669
0.4405519136
0.4177221626
0.4516000874
0.4270567379
0.5052420388
0.4154317291
0.500136026
0.4202090416
0.4358463641
0.4056047586
0.4959433019
0.5040830022
0.421903363
0.4682371682
0.4488576244
0.3984901877
0.3807775204
0.4738038258
0.4933469972
0.529418303
0.4226317196
0.4801258297
0.3894259159
0.3713774432
0.4287927086
0.4503875825
0.4752262211
0.4609227789
0.3744912147
0.4808268263
0.4355972533
0.4778928554
0.3939725274
0.4611482391
0.3999630839
0.3900426674
0.4354155615
0.5078244944
0.4490195074
0.4672749125
0.4644150214
0.375192562
0.3641262312
0.3670049768
0.4682352305
0.4074577456
0.4037123325
0.4620518471
0.4779930269
0.4123698095
0.3991972988
0.4024001418
0.5340259141
0.414147432
0.3940318277
0.452360208
0.3953056698
0.3952831687
0.4818765834
0.4044955015
0.3842913743
0.4860788389
0.4957603144
0.498780536
0.4634428266
0.379421729
0.4942765747
0.4255153307
0.4696685745
0.426770456
0.3818439077
0.492142952
0.4766119498
0.4932552564
0.5104969302
0.4635497632
0.5303332325
0.4099451177
0.4133688379
0.4627331902
0.3973888928
0.4697355191
0.525558833
0.5994515709
0.5563149477
0.5562684119
0.4594758816
0.4987184638
0.5274220497
0.5583180712
0.4320885939
0.3912010147
0.3696051738
0.3761834524
0.3314461561
0.3097355519
0.2883099037
0.3871462405
0.2832041859
0.2212020047
0.2535776348
0.2283651084
0.2807634259
0.2522778556
0.3162193847
0.2702426935
0.2202155168
0.2916275712
0.3097132882
0.1973637443
0.2799427156
0.3554995413
0.3406473914
0.3514096438
0.398192616
0.3469045243
0.3268019965
0.437004296
0.4585006858
0.4118593071
0.4729923906
0.4220963664
0.4703130746
0.368614969
0.3946516614
0.3999163579
0.4563912534
0.4505411832
0.4868383226
0.4984370986
0.4803196759
0.3770593367
0.4744822206
0.4173011546
0.4218766695
0.4424739403
0.3907126602
0.4752494209
0.404971866
0.4381319889
0.4445990819
0.4723503942
0.4106166107
0.4805516894
0.4100111861
0.4387690254
0.4251956209
0.4746534852
0.3919887973
0.4749799306
0.3726109221
0.4462810996
0.4560207368
0.4101896186
0.4526747661
0.4783516041
0.40088847
0.3831252347
0.4120867717
0.3820181835
0.4987717151
0.4032998369
0.4735799463
0.4649781251
0.4331519108
0.409601927
0.4299751568
0.3802537302
0.4378213412
0.4435585189
0.3827277201
0.4871387987
0.4604375742
0.3984042235
0.4012224307
0.4612416148
0.4194620696
0.3650601339
0.4739940554
0.4467935062
0.4320804923
0.4435824394
0.3496711364
0.3807231974
0.3726542289
0.4288364094
0.5022574288
0.4217598862
0.4286129723
0.3975710977
0.3949398322
0.3838798051
0.3608384985
0.3890351371
0.3953443973
0.4683334711
0.4148394102
0.4881905813
0.4809683844
0.5116850159
0.4719025192
0.476525446
0.4294510396
0.4421453207
0.4492096144
0.5219124665
0.4919149157
0.5763867231
0.5960534678
0.5848582277
0.4664511631
0.5283943838
0.5411654461
0.4947729245
0.3356715993
0.3568269774
0.2791089506
0.3178372279
0.3599453469
0.3295677706
0.1857897402
0.1974401461
0.2255623721
0.2199647907
0.302008155
0.2697379775
0.2591461272
0.2636138872
0.2951571059
0.2781607769
0.3282899955
0.3431201824
0.3165390828
0.2950208008
0.2807439942
0.2911643595
0.3866725636
0.3638392598
0.4114676027
0.3675992888
0.4583823953
0.3786728772
0.3833938229
0.4823074617
0.4759884311
0.4224081098
0.388879066
0.3484813963
0.4652359983
0.4385993517
0.4596257994
0.4481641779
0.5203078847
0.4434362139
0.4659318756
0.4877228689
0.4317060573
0.4735904886
0.4252716783
0.3994252282
0.3869753315
0.3773966298
0.4756877977
0.4989506285
0.4690596359
0.4877260621
0.3987666684
0.4428804654
0.3644082389
0.3955142799
0.4590151214
0.4139467914
0.3991217909
0.3695174673
0.3813589666
0.4389055026
0.4288997242
0.4487891674
0.5056978535
0.3796778884
0.4213652322
0.3711941994
0.4680481645
0.3871648201
0.4789308968
0.3868147221
0.3968606365
0.3627908904
0.4713607204
0.3620597799
0.3548912636
0.4655569422
0.3964107522
0.4660270977
0.398654495
0.4143662677
0.4859310382
0.3595275027
0.4619617211
0.4615033396
0.3863607003
0.374407549
0.4641485957
0.4546149726
0.3916043163
0.461987024
0.4083331315
0.4318382252
0.4546049181
0.4093450989
0.4393131027
0.4632639725
0.486040178
0.3789408778
0.3808755872
0.4069629764
0.3755477665
0.382140306
0.4106412358
0.4142252997
0.4738840018
0.4333574235
0.4467674189
0.4658074862
0.4284960716
0.496541992
0.4143429379
0.4940487549
0.5666132555
0.507460185
0.4886381996
0.6210337354
0.6198999218
0.519267492
0.5481403806
0.4628432023
0.3874361851
0.3255058782
0.3578313829
0.4403522542
0.3149245664
0.1889745021
0.2333446619
0.2241981813
0.2496015257
0.2218639458
0.256770969
0.2686522389
0.3430966961
0.2494375122
0.2983527766
0.3562138577
0.2934697191
0.3589297431
0.3247143538
0.305298379
0.3842969066
0.2916918763
0.3518156324
0.362841045
0.4085379147
0.3649593045
0.4344893841
0.4670620561
0.4275313526
0.3686017186
0.4662234175
0.3978696442
0.478861995
0.4032407616
0.3685324749
0.4637305829
0.3855890355
0.3873202223
0.4245035039
0.4521920729
0.45446416
0.4272795793
0.3722870212
0.4106487929
0.5023228705
0.3940919623
0.4678709419
0.4748198078
0.3930179551
0.3971424765
0.3835572763
0.4864397389
0.44725928
0.4143618483
0.3854176972
0.4164029566
0.4951377997
0.470531429
0.37094747
0.4309889408
0.3644314538
0.3955864545
0.4087894153
0.3973296124
0.410519283
0.4792360258
0.3668417482
0.3683802088
0.3744323317
0.4543468365
0.3773935206
0.5100341618
0.4370269722
0.3455103833
0.3796170626
0.4279032958
0.4119171037
0.4155533151
0.4014371449
0.4199371964
0.4218074256
0.3579575366
0.4211665323
0.4395072887
0.4096678559
0.4308472045
0.4022414718
0.422460259
0.3832615912
0.463663417
0.3920267621
0.3950768508
0.3651119498
0.3504499297
0.4228370432
0.4265178414
0.4446386447
0.3593778226
0.4796208019
0.4283533727
0.3646091571
0.3628942931
0.4446028033
0.4439601171
0.4530601205
0.3523073628
0.3645762342
0.4794312244
0.4004670983
0.4415482196
0.3914215966
0.485756824
0.4735367191
0.4155659563
0.4837700679
0.4998039957
0.5470886268
0.5161957044
0.6491203906
0.510478678
0.6214499846
0.4335071829
0.3477697233
0.4165599956
0.445466345
0.3552115342
0.2014548849
0.2341836589
0.2437787344
0.2506755249
0.2540922444
0.2889181794
0.2293248401
0.2438712713
0.3248004218
0.2827284045
0.2519055375
0.3637130021
0.2815146558
0.305626578
0.3619987155
0.3464522695
0.30958588
0.3447445849
0.3189532037
0.3228627021
0.4405373305
0.3551235624
0.4033013006
0.376897714
0.4412141315
0.3880727898
0.4082230326
0.4526003378
0.4346245985
0.407057004
0.4161860662
0.4334788999
0.4786357066
0.4757640092
0.4702296275
0.4256967329
0.4590249075
0.5187288142
0.4690169992
0.3895010063
0.3915462696
0.4008532915
0.3803054778
0.4486622663
0.4210536004
0.4701813385
0.4488181484
0.4567234563
0.4557063334
0.4564055631
0.3800531725
0.4237641593
0.4199270944
0.4588176505
0.3838504239
0.4546139989
0.4356731829
0.4507565335
0.4222973387
0.3774958482
0.4293993099
0.3724063797
0.4386547642
0.444507508
0.4435133559
0.4587575812
0.3818743094
0.3970701141
0.467311713
0.3778910397
0.4647759863
0.3749808656
0.4429065884
0.3548638061
0.3780956383
0.3816544064
0.3527386634
0.4353843163
0.4291964822
0.4365820547
0.3473862643
0.4683660247
0.3587839166
0.421005631
0.3807152311
0.4284346328
0.4387744157
0.4709431637
0.4281124026
0.4428361011
0.3768980987
0.444452012
0.3691254611
0.386430081
0.4266199615
0.3784814757
0.3875763286
0.3299323587
0.4418352043
0.3638381061
0.4521613318
0.4120531252
0.349414404
0.4593546566
0.3881173534
0.4689086972
0.3715121678
0.475219551
0.4242507729
0.4117426588
0.5338835461
0.5587385211
0.477579174
0.6271469026
0.6066750664
0.5640762885
0.6329697302
0.4591278723
0.4558181272
0.4690128902
0.3048644204
0.2380345555
0.1987751575
0.2548555284
0.2650087813
0.2189068955
0.2687605026
0.2810204567
0.3012373787
0.2513169185
0.3252379552
0.2857267145
0.3042435365
0.335176436
0.2865931947
0.354381025
0.3676742278
0.3957594795
0.4057421637
0.399913709
0.3411015898
0.3912846322
0.3996179088
0.4143736863
0.4249413073
0.4276374892
0.4261896842
0.4226650154
0.422728723
0.400340407
0.4582563862
0.421537386
0.3649010939
0.4141567359
0.3851615516
0.3869359891
0.3931684189
0.4357730163
0.3968057708
0.4757409692
0.4171328948
0.4704373523
0.4992456978
0.3837913327
0.3829003111
0.4591551324
0.4274015726
0.4432701835
0.3449918238
0.4495736859
0.3999428031
0.4476501412
0.3836467415
0.362851772
0.4684666437
0.4549639939
0.4387887326
0.3731116839
0.3637171899
0.4086190307
0.4030066049
0.3629384018
0.4370107287
0.4529312131
0.3418268351
0.4400697169
0.3611721195
0.414644798
0.3457250906
0.4505553591
0.4368777028
0.3367191301
0.4035495774
0.4306378893
0.4508288592
0.3588551443
0.4096047543
0.4475533724
0.4083742748
0.3690157977
0.4078056675
0.3941118783
0.3894519781
0.3730380975
0.4305180701
0.4164748369
0.4142989201
0.4216096884
0.3464068852
0.4530966591
0.3621485002
0.3937866363
0.4102914346
0.3406748642
0.4755106508
0.3673903741
0.4161837369
0.4305744724
0.422959009
0.4301780182
0.3712123477
0.4437062565
0.4296245038
0.3458620635
0.3642849173
0.3875215891
0.437285586
0.4113712931
0.4277629029
0.4262893448
0.4956978887
0.4092752709
0.4460649483
0.4264634578
0.5780599631
0.5866199198
0.6734336517
0.6160777779
0.5917220859
0.4545385379
0.5626988949
0.3364131408
0.1874072433
0.1956334565
0.2022655307
0.2564286465
0.2152595167
0.2353610677
0.2870910037
0.3017146282
0.2493230327
0.2794113744
0.2837992676
0.2664465397
0.3663166746
0.2857265981
0.3265830289
0.3688831594
0.3126712292
0.3613895941
0.3518406261
0.4151926031
0.3903049839
0.3555187425
0.3498303844
0.4074701968
0.3557864676
0.4558500521
0.431588643
0.3999619996
0.4080608704
0.4500241433
0.3929176188
0.4235059609
0.448010744
0.3825262353
0.4464843581
0.4037466469
0.4763634746
0.4549116868
0.3921629402
0.4853371199
0.392931177
0.4463360403
0.4040731573
0.4357166996
0.3849737844
0.4511521805
0.4441868933
0.4104914567
0.448714212
0.4218285405
0.4418031582
0.4946399355
0.3736696967
0.3469436959
0.4549194858
0.3694433765
0.4182626241
0.4876962566
0.3732407799
0.3562192236
0.4355849207
0.4170223296
0.4065046624
0.4020747444
0.4106411431
0.3864507985
0.4824592173
0.4470822372
0.4281599152
0.4470690213
0.4540975135
0.4233454963
0.3559657867
0.339049757
0.4095000363
0.4091540484
0.4493207696
0.4152225741
0.4041592997
0.3587538796
0.3750891564
0.3776764422
0.4160452153
0.3938771391
0.41615712
0.4435609051
0.394637248
0.363608579
0.3487906703
0.4560099815
0.436180015
0.3747739896
0.4293669473
0.3431487368
0.4215497102
0.4284405613
0.4123769232
0.4201728255
0.3922079262
0.3432361429
0.3484526544
0.4068310337
0.444246993
0.3651838319
0.3630584846
0.4390365934
0.3987933109
0.3907048283
0.3751996006
0.4667615712
0.4142976742
0.4243025335
0.4578903565
0.4489833776
0.4530992432
0.6529520206
0.699795938
0.6869887289
0.6639558452
0.586945819
0.3079932993
0.2420290507
0.2514778724
0.2475702111
0.2647214293
0.207879666
0.273025711
0.2886737524
0.28727426
0.2757108037
0.2732975708
0.2987992366
0.2651703314
0.2821137104
0.3508248185
0.3455261953
0.2893088066
0.3876788616
0.3279651669
0.3688355371
0.4170420095
0.3539370269
0.4408997664
0.3888755487
0.3819987706
0.3752227809
0.3874093806
0.4625499834
0.4132624888
0.4035020704
0.3926862034
0.4070204463
0.4734668623
0.3822341452
0.4459780269
0.3870943092
0.465765853
0.4454227902
0.3748031776
0.4390028661
0.4554025155
0.4428743096
0.4258760692
0.4122083128
0.482500048
0.4591133098
0.3592160481
0.4092924519
0.428838067
0.4219353069
0.4385507333
0.4364049795
0.3631886736
0.4118664275
0.4638500331
0.3538322193
0.4605364291
0.4703045527
0.3636695727
0.4059159439
0.4834168526
0.4101003385
0.3638033488
0.4172127027
0.4472035446
0.3620617682
0.3685471081
0.391407894
0.4009045833
0.4293859267
0.3467221146
0.437374261
0.4385085633
0.363699828
0.4105459509
0.4032708188
0.3953634447
0.3666813073
0.4083429248
0.4049330849
0.4035534033
0.3813981407
0.3982539886
0.3554246855
0.4340193777
0.3570367338
0.37142669
0.3623468501
0.4169942962
0.3889935872
0.3777967301
0.3885663432
0.4088135957
0.3941113781
0.3938956753
0.362069632
0.4391146962
0.4058403491
0.4341983537
0.3611737925
0.353207187
0.4348542229
0.3557213958
0.4014353936
0.4665711598
0.3946537339
0.3212565431
0.4279263756
0.3607763374
0.4405333414
0.3572113508
0.3838644689
0.4023371068
0.4503378126
0.4564720155
0.4554740949
0.5178090492
0.5873388078
0.7167928763
0.7686150426
0.7045970519
0.3467614239
0.234367298
0.2335398556
0.2402240567
0.2139789579
0.2189560754
0.2419907582
0.2174284641
0.2412435705
0.3250160896
0.2608243319
0.3211236113
0.3474768158
0.3157003044
0.2782134687
0.344741855
0.3364666963
0.3201806768
0.4120461066
0.3888488605
0.31592225
0.3794024413
0.3777776109
0.4162066509
0.3449932719
0.4029776262
0.456336827
0.421468494
0.4410829603
0.4676177287
0.407616512
0.4568027427
0.3763701074
0.425574497
0.3920310703
0.4119525814
0.3735155525
0.3976024404
0.3889877932
0.4435146101
0.3642686576
0.4759935191
0.4531390167
0.4565418044
0.3971304208
0.4695044994
0.4192566301
0.3445641938
0.4431556541
0.4279110967
0.4274001472
0.439410035
0.468612354
0.3994325921
0.4319185294
0.4193087209
0.3908516805
0.3733761639
0.3845067196
0.4741335804
0.3914748603
0.4006047819
0.3754073257
0.3789865869
0.3668969245
0.4564127565
0.4815086155
0.3841246889
0.4366491828
0.4355593471
0.4447472524
0.3617386745
0.4425165771
0.370381525
0.3619845646
0.3779549385
0.4722745054
0.3622823094
0.3785320478
0.365400426
0.4561734433
0.4089881973
0.4245198025
0.4285646153
0.411375665
0.3763800904
0.3582402163
0.3585392095
0.4613221938
0.3581159706
0.3611682589
0.3673478313
0.3738958715
0.4320280646
0.421275742
0.391240846
0.4397730062
0.3670170189
0.4227600931
0.3556234978
0.4361685091
0.3589457891
0.3666157106
0.4159501196
0.407640188
0.359260633
0.4243211974
0.3932035421
0.4077350629
0.4499520912
0.4427559828
0.3599704802
0.386386702
0.4685863237
0.4073787463
0.4550294829
0.4524705831
0.4492775747
0.6367973356
0.8527674036
0.7724593121
0.3355134236
0.2346837587
0.2404832253
0.1994180709
0.2062680909
0.2563183552
0.2784479838
0.2785090536
0.2665443126
0.2731812049
0.2617769211
0.262974994
0.2996769456
0.3001863429
0.3599028975
0.2902472936
0.3670659693
0.3754736887
0.3200160804
0.4079747182
0.3586917634
0.3674908657
0.3419542174
0.3790991971
0.4460176522
0.452459923
0.3418035731
0.4284974238
0.4399588559
0.3658860942
0.4185344683
0.3813496924
0.4193987859
0.4178471147
0.3992126874
0.4381633244
0.4587261779
0.4674302488
0.4259902663
0.3995355901
0.4394418038
0.4039613369
0.3943504741
0.4705779678
0.3886133224
0.4604064039
0.4381575937
0.4678893109
0.4405823097
0.4097501162
0.4378597336
0.3895429922
0.4051267522
0.3816360476
0.4283318394
0.4476966178
0.3732368092
0.4381259928
0.379682927
0.3702192412
0.3882647652
0.4682394809
0.4675417609
0.3859934455
0.4457087274
0.3713207642
0.4304820009
0.3968147
0.4144567395
0.3825108911
0.3668054787
0.4038622337
0.3480121838
0.4355346293
0.4495163279
0.4486101031
0.3639545649
0.3676893873
0.4195475583
0.4400077054
0.3496931993
0.4240008873
0.3747781428
0.4079194395
0.4161839294
0.3997374677
0.3555323325
0.392074444
0.3606934573
0.365324193
0.422873097
0.3519053791
0.4539139283
0.3655508298
0.3962023896
0.3950048282
0.3443921731
0.3983991603
0.4087945633
0.3888749095
0.4181882277
0.4158272099
0.4291001004
0.3757192042
0.34721575
0.3939424518
0.4203870838
0.4136493417
0.343562251
0.3665879614
0.3627353786
0.3907015667
0.4119667763
0.3560292595
0.4241322169
0.3881669176
0.4332583205
0.5202430924
0.5609864613
0.80501887
0.8080007071
0.3022342124
0.1859320448
0.2172429844
0.2017006613
0.247114556
0.2587995795
0.2373665414
0.2169884402
0.2913776605
0.2609063668
0.293933167
0.3327500745
0.2824386567
0.3305078488
0.3063594191
0.368200623
0.3760477458
0.3195944387
0.326740986
0.3544737826
0.3256362943
0.3696596137
0.3408684911
0.4239241998
0.3978506767
0.4286848797
0.4289708662
0.3792888201
0.4142239426
0.4393180293
0.3728641986
0.4406978385
0.4276759623
0.43817807
0.4300471987
0.4625616781
0.4300042511
0.3769511946
0.3688362986
0.4657134261
0.3631298746
0.4246094627
0.3957746208
0.4727543589
0.4554420338
0.3808596244
0.3879672593
0.4402292167
0.4634202645
0.361166107
0.4561877202
0.3903819055
0.4002568953
0.4763543046
0.3735387267
0.3688192862
0.4748475293
0.3898657235
0.3636504265
0.4614156274
0.3719489845
0.4028258418
0.4449006709
0.4543605091
0.4349693757
0.4325028693
0.3903723637
0.3834089166
0.4295396223
0.4265243072
0.376025363
0.4170056064
0.3664391966
0.4391873461
0.4580788927
0.3654840914
0.3590936086
0.3899522863
0.4054097455
0.4252320485
0.3604923264
0.4533219019
0.3969459615
0.4025706693
0.3675305532
0.3412786273
0.4003312572
0.3792920285
0.3643907835
0.4006718043
0.3935736569
0.3470911818
0.3532266208
0.4224188579
0.4274056984
0.3896841824
0.3834539792
0.3725953686
0.4337136851
0.4350678137
0.3850288431
0.3427396616
0.4281995984
0.3352514787
0.4305090277
0.3522237812
0.455552471
0.378722274
0.4252817931
0.3631741145
0.3559364344
0.4619266836
0.4218512242
0.3800981086
0.4549904763
0.4071403797
0.4427182307
0.4707213695
0.5222883641
0.7690923091
0.7975889849
0.3506764412
0.2349100146
0.2445480935
0.2318488614
0.2064604735
0.2165467438
0.2263105501
0.2407259442
0.238226915
0.2490216579
0.2481535373
0.3152102568
0.2977710513
0.3280096324
0.3197931087
0.3559775325
0.3582680631
0.3413641593
0.3474325096
0.3121510715
0.3824425162
0.4323752198
0.3565332218
0.3982324102
0.4531280978
0.38516125
0.4672936891
0.3779547836
0.3623305097
0.3802402524
0.4499443181
0.4447446987
0.4261006416
0.4496170722
0.4535787954
0.4003703538
0.3711207361
0.3690945879
0.4144491704
0.455237096
0.3665054506
0.4770378651
0.4315208146
0.4063207996
0.4513737658
0.3894528654
0.4698805451
0.4489800119
0.4104980242
0.481151418
0.450653907
0.3594546129
0.4188336233
0.4550902569
0.4303730952
0.3950082392
0.3750023779
0.3790671618
0.4590408048
0.430998825
0.349948606
0.4454295947
0.4691158031
0.3681881797
0.4363746575
0.4168716754
0.4069498298
0.3938736003
0.4155209091
0.3666703677
0.3636936462
0.4111643563
0.3683451671
0.4279919203
0.3637707266
0.4068483204
0.441069699
0.3658896493
0.4495345962
0.4152488039
0.3710388341
0.4293094449
0.3669228837
0.3851841854
0.3387937873
0.4079643839
0.419468037
0.4461996015
0.3776241436
0.3774656956
0.3722140479
0.3950101477
0.4171578419
0.3855722273
0.4266725401
0.4134761881
0.4214942348
0.3799468136
0.3440043068
0.3778236062
0.3834993967
0.456037584
0.3443203498
0.413997331
0.4527394024
0.3473567257
0.4402893468
0.3511166713
0.4117323416
0.3795460978
0.3773561574
0.3725057537
0.4506120876
0.37804758
0.3652174438
0.3845669644
0.4751597782
0.505781055
0.5546521762
0.8190927894
0.8281585339
0.3736041482
0.1853982258
0.206267966
0.1998288809
0.2567818399
0.2605785721
0.2551289185
0.2203874185
0.2321068973
0.2896746495
0.3194387621
0.2998479745
0.292910215
0.3327034445
0.3377291059
0.3624220372
0.3533157437
0.3032803462
0.3798645711
0.3391096889
0.3454075746
0.4363043961
0.3477250877
0.4549786732
0.3915975577
0.3766134834
0.362397288
0.4353089609
0.3791458833
0.4424761873
0.4853733442
0.3785944976
0.4438251562
0.4650076148
0.3750457574
0.4170433599
0.3975347088
0.4734024478
0.4546814019
0.3894895446
0.4641857402
0.4206558268
0.4059839692
0.3912968138
0.469702757
0.3897016066
0.3975156427
0.4539944545
0.4337731661
0.3805482691
0.3811221909
0.4586840486
0.4010397803
0.3708436692
0.4158660644
0.3762975255
0.4018241141
0.3974694174
0.4256408393
0.4287736607
0.4693019938
0.441169786
0.3605259193
0.4595532131
0.4194378995
0.3710012871
0.3784420381
0.4704095566
0.3703210278
0.3600935525
0.3845725847
0.4054356471
0.4689513258
0.3772848359
0.4257480726
0.4470298014
0.3872216508
0.465102853
0.3945830425
0.3561101107
0.3820278455
0.4344024237
0.3504533318
0.417490298
0.3959864272
0.4294245641
0.3818447119
0.371113257
0.3681160855
0.3508709772
0.4357821286
0.360790448
0.3810475059
0.3577718756
0.3835372896
0.3517146144
0.4049332572
0.4458375387
0.3465667603
0.4304854541
0.396419751
0.4203725896
0.3573818598
0.4404252142
0.3558187637
0.4471662238
0.3547992786
0.3560196036
0.3852055037
0.4555770394
0.3793440478
0.3860430573
0.3832612926
0.3818928153
0.4883867257
0.5181958768
0.4473088782
0.5934177085
0.6301587198
0.7780726178
0.7818923189
0.3142651326
0.1841192973
0.2323022449
0.1968271954
0.2126454823
0.2129026996
0.2434927354
0.2723764925
0.2817707374
0.2654135369
0.2960023456
0.3123996942
0.2944949556
0.3211868724
0.3681324561
0.2937126126
0.2809366266
0.3857348646
0.3937179666
0.3636634872
0.4127356276
0.3348928285
0.3586822306
0.4536513827
0.3525637433
0.4118177173
0.3972030267
0.3943976544
0.4704585205
0.420409239
0.3869687368
0.4462321832
0.4602723075
0.3957914172
0.3704791859
0.4367084202
0.4282989879
0.4122836467
0.4047982119
0.3848803141
0.4339526329
0.3919908833
0.4511979596
0.4051229347
0.4117872275
0.4500117519
0.4843394478
0.404106775
0.3830638411
0.3986553015
0.4176421763
0.456032734
0.4385111439
0.3871291379
0.4136874975
0.4433225281
0.3794378307
0.5059746381
0.3905797062
0.4314811433
0.4192455379
0.4253188951
0.375953741
0.3670277133
0.4563335056
0.4159575185
0.4443113915
0.357335647
0.3997312053
0.4197658325
0.4381895088
0.4454934794
0.357544386
0.4331198136
0.3677584196
0.3887497596
0.4615657108
0.42782739
0.3582312147
0.3711256569
0.4362470679
0.356301747
0.3993585556
0.4053192059
0.4199672007
0.4290842962
0.3471077516
0.3487810745
0.4059900675
0.360071289
0.4320064172
0.4363542948
0.426742907
0.3541936238
0.4299220966
0.3635857314
0.433505356
0.444427607
0.3497891082
0.4240991087
0.3419566885
0.3533174908
0.4489534711
0.3716477247
0.3883642219
0.3805539779
0.3676443994
0.4533878328
0.3809956394
0.3887466197
0.4455205638
0.4459696486
0.3819590118
0.4968763907
0.4673278158
0.4660410551
0.5407819387
0.6535833978
0.5952217988
0.7223827651
0.7634704445
0.3774112354
0.1972915043
0.2437508494
0.1936661766
0.2566186729
0.2271984669
0.2155690999
0.2857652251
0.2898107027
0.3118840086
0.2755009696
0.2992116425
0.3325967398
0.3362029894
0.2948393626
0.3383456048
0.3619022183
0.3223174922
0.3588019569
0.3885831136
0.379522788
0.3756348448
0.4381563343
0.4384563623
0.3980541383
0.3745044834
0.4449460048
0.4362687234
0.3818581971
0.4780506321
0.4620552032
0.3790167561
0.3874034903
0.4436123439
0.4571470317
0.4341555376
0.4447140809
0.3953318848
0.4550118568
0.4158553919
0.4889416869
0.4550643226
0.3889493292
0.4656001366
0.4541108981
0.4181921248
0.4128821375
0.3564605167
0.4472769384
0.3840901033
0.3978709993
0.3633827162
0.4762717764
0.3756855343
0.4488869959
0.3852208802
0.4826390632
0.4149497712
0.39636316
0.4603962574
0.3873667297
0.4046560922
0.4200072531
0.3962608508
0.4416349649
0.350510934
0.4497979327
0.3570020349
0.4131688307
0.4019879587
0.4005146663
0.3876898287
0.4288204962
0.367548746
0.3693499778
0.4586196845
0.3601886422
0.4308626131
0.4021307217
0.3901926018
0.3819372204
0.3657425751
0.4379839603
0.4348471871
0.4104038359
0.333183743
0.3533903919
0.4471665482
0.3642592735
0.4446625746
0.4333249181
0.3686760825
0.4377680892
0.3537877175
0.3867382244
0.3827986521
0.4264990102
0.3421270985
0.4084879664
0.4362313219
0.3733297692
0.4072706751
0.4323718355
0.3680120602
0.3757787265
0.4384644604
0.4702905984
0.3654840751
0.4645242719
0.4111638622
0.4411405342
0.4364793266
0.3981048328
0.5322449305
0.4429116679
0.5678936314
0.6273357325
0.6090048457
0.5907840004
0.6154930965
0.68060901
0.3615573083
0.1852116574
0.2092518842
0.2025335647
0.23516275
0.2183107613
0.2265034941
0.3000572453
0.2593617418
0.2769646508
0.3126018424
0.3024680804
0.3026359939
0.3436130923
0.3109658927
0.2521375219
0.3495202332
0.3350008255
0.3711864686
0.3352945238
0.4359795973
0.3772894419
0.4455830829
0.4049715861
0.3412482171
0.4424476911
0.4056679056
0.4052309749
0.4619945654
0.3878845842
0.4032352574
0.4812783837
0.4207756219
0.371764404
0.3837949797
0.4757148756
0.3682620583
0.4546912288
0.4255485967
0.4574617006
0.4167036942
0.3814883851
0.4566010327
0.4069283739
0.3964163721
0.4286462741
0.3869581578
0.377069914
0.3941107494
0.3894685813
0.4227181261
0.44722876
0.3989738907
0.3914974709
0.4689044513
0.4308797212
0.4015473556
0.4147157364
0.4067696216
0.4156743063
0.4546396404
0.3751684904
0.4563127062
0.3960873383
0.3900439816
0.3939607841
0.4698523072
0.3530273276
0.4424781517
0.3568084484
0.4574294559
0.4423053816
0.402903929
0.3722349534
0.4576599245
0.4393903155
0.4393806969
0.3443526803
0.4321665781
0.4561927531
0.4097147073
0.4283156337
0.4356123506
0.340643726
0.4247822776
0.347053871
0.4571235998
0.4206641667
0.4433637127
0.3981397223
0.3994365206
0.3804982085
0.3520889235
0.3853444265
0.439377757
0.372526473
0.3883422627
0.4029702762
0.3975850827
0.3686490154
0.4119097013
0.3698861555
0.3762415095
0.3908514548
0.4736830913
0.4377402846
0.4067243096
0.3893078521
0.377247535
0.4278311437
0.4330255616
0.4097463896
0.5475460532
0.4782614026
0.5598855628
0.5873368592
0.5281490922
0.5401799277
0.5713012105
0.6106216855
0.5426090524
0.303756104
0.1792574235
0.1911679763
0.2017865942
0.2124516584
0.2266007073
0.2972900285
0.2871710985
0.2655107974
0.2650608821
0.3241378827
0.3352790207
0.3613685642
0.3254396355
0.298920741
0.3279010193
0.3791475757
0.3818682598
0.3616426379
0.3861488203
0.4044776334
0.4615768413
0.4123502427
0.40138615
0.3575593908
0.4773120685
0.3674601957
0.4651823888
0.4170415427
0.4451826614
0.3738544709
0.3987609755
0.3773293098
0.4223623869
0.4499519433
0.3915908322
0.500598789
0.4552631801
0.4297290492
0.4666315914
0.4868244746
0.4011814473
0.4564930989
0.3972778948
0.3963126856
0.466499956
0.3692748867
0.4495075037
0.3691534086
0.4201575286
0.4614566254
0.3561196845
0.4624455551
0.4005714429
0.4478457317
0.4319485063
0.4450800165
0.394354533
0.4823444362
0.4042956231
0.4432429572
0.4318035526
0.3898558313
0.4207031792
0.3712619153
0.4348918001
0.3683930331
0.3834957431
0.4440250863
0.4406978673
0.4289347703
0.3676300016
0.4149646757
0.4474362873
0.4126879237
0.4092865071
0.3377851981
0.4376452698
0.4384510683
0.37611498
0.3997487824
0.4002533339
0.408015794
0.3587103501
0.3502050139
0.4620748026
0.3806728791
0.3989202051
0.41827518
0.429417132
0.4366653894
0.36454911
0.4654623225
0.4490435963
0.4051855085
0.4358622251
0.355980776
0.4188561464
0.4095131916
0.3860352381
0.4351823708
0.4488962498
0.404666444
0.4823769069
0.3805399854
0.4016068722
0.4326498886
0.4208782881
0.4591184813
0.4771847931
0.5068232793
0.5365675434
0.5477750405
0.530626733
0.5314115758
0.5492243777
0.5493347111
0.5670663964
0.5687932058
0.4290127178
0.4813024622
0.3104003198
0.1646467417
0.1866744335
0.2399443637
0.2386009321
0.2368290101
0.281187101
0.2682840969
0.2985234083
0.2975818303
0.3089860245
0.3108798563
0.2911206803
0.2958360417
0.3770171462
0.3869716116
0.3535914197
0.404557262
0.3308049972
0.4215654337
0.4401913391
0.3987261448
0.3757568613
0.3848495614
0.4596889274
0.413575568
0.4337758297
0.4419686995
0.3843332794
0.4322121378
0.3691313373
0.4558987432
0.4395077748
0.4445652456
0.4365321816
0.4088352019
0.4929177237
0.3973556356
0.446554465
0.4706067095
0.3627704305
0.3889050412
0.4185850438
0.3891854146
0.4116177755
0.3804471508
0.4277934788
0.3660099789
0.4409452788
0.4669583789
0.3653996293
0.428159278
0.4005957246
0.3944942186
0.4692995785
0.3655373338
0.4793749784
0.4244953111
0.4188255396
0.4317311789
0.3936914763
0.3872775867
0.4477672089
0.3901787514
0.384606744
0.3824459484
0.4770991343
0.3823789453
0.4740951674
0.3845947058
0.4187295132
0.4102886354
0.4377393771
0.4611469313
0.3976798325
0.3898640435
0.3874088945
0.463621606
0.3920034479
0.4650247388
0.3777660267
0.3891172047
0.3901475639
0.416792579
0.4047792938
0.4238563717
0.4588412654
0.4075112935
0.4627159141
0.4155603366
0.359798981
0.4048366191
0.3749286784
0.3761077439
0.3726846262
0.421195057
0.3635463852
0.4102524545
0.3486672889
0.4473146865
0.4453581662
0.4052583819
0.474058053
0.4274645955
0.4058820975
0.4653955949
0.4867863665
0.4423489247
0.4920795017
0.4729998078
0.4795555862
0.5281339696
0.5107860428
0.4969338655
0.514752381
0.5654737825
0.5445510803
0.5001326781
0.3936671232
0.3735624879
0.4580066228
0.3559805278
0.1845707938
0.2010886376
0.2240381524
0.2161821945
0.2447442805
0.288606983
0.2621069041
0.2889578304
0.3293314725
0.2897583534
0.3185099164
0.2915850811
0.351236721
0.4262947085
0.3440703951
0.4072582657
0.4056188069
0.4208080556
0.4267098343
0.4087508681
0.4302754826
0.4368561297
0.4106605985
0.4386581104
0.4280865674
0.381473352
0.3808883069
0.384749502
0.369723961
0.4753050692
0.3842982137
0.4616896284
0.4282709253
0.4601697793
0.4179414207
0.4931582834
0.4617048557
0.4084064626
0.4843578566
0.36801139
0.4696959554
0.4785896504
0.3909911342
0.4873073616
0.3680797888
0.443715238
0.4345047246
0.412286084
0.3929953224
0.3969056475
0.4520179572
0.4394005175
0.4189757211
0.4509637463
0.4476304347
0.4529851517
0.3949039479
0.4817747512
0.3838852005
0.4057437799
0.4095733605
0.3707897024
0.4139786783
0.4838107012
0.4429723825
0.3706080598
0.4375352621
0.4282484291
0.3924431397
0.4326757586
0.4860469977
0.4113633786
0.4027281018
0.4561815131
0.3715692507
0.4064718597
0.4359003349
0.4120099543
0.4300995475
0.3853729807
0.4395408668
0.4497820688
0.4017966413
0.4419761503
0.4664441071
0.4589844723
0.4793931982
0.394735436
0.4288066182
0.4697077233
0.4360351991
0.4562910788
0.427921403
0.4171130403
0.4154260086
0.4360165768
0.4424749829
0.4760381841
0.4753823493
0.4578276722
0.457928677
0.4485680516
0.4228967313
0.4618070008
0.4246588818
0.4389530149
0.431120474
0.5217633241
0.5376217352
0.5423218465
0.4826663377
0.5484615786
0.5507409759
0.4970427562
0.5541890898
0.4382649949
0.3791295431
0.3842622953
0.337696581
0.4489636629
0.3034511374
0.2189201981
0.2090470096
0.2531890259
0.2685730922
0.2345305852
0.2821445778
0.316218314
0.2950607292
0.2927250715
0.3064349496
0.3172370898
0.2765010907
0.4223067047
0.3724578612
0.3646824589
0.3891483367
0.4157878758
0.4325498649
0.4489635292
0.4116941363
0.3920410209
0.3642269606
0.3686267266
0.3663886613
0.3615145846
0.3866241601
0.410467776
0.448266704
0.4297766456
0.4845740869
0.4073066293
0.4472774205
0.4528687132
0.4823368429
0.475576475
0.3910263284
0.4301133661
0.4603930715
0.3717853608
0.3780251405
0.4761029273
0.3796754944
0.4351672333
0.4220876123
0.3781641758
0.4404767516
0.4252871846
0.4696476238
0.3920958908
0.4013442944
0.436327788
0.4316780619
0.4244941595
0.4663342158
0.4041405158
0.489205452
0.3897711839
0.4618539462
0.3821349572
0.3758718281
0.4364802983
0.4404993631
0.4613053817
0.4105606343
0.3837279492
0.3972676425
0.4704843335
0.4301684963
0.4344384884
0.4151298814
0.4032373339
0.3890267511
0.4083189294
0.3793776135
0.4410413028
0.450379588
0.4234513113
0.3969762281
0.4021310916
0.4460112049
0.437235603
0.4356539786
0.4609932037
0.4773510161
0.4819794735
0.3887131563
0.4219944852
0.4059742401
0.3963501054
0.3729158495
0.3810513179
0.3711800613
0.4501947793
0.3891288536
0.4856936274
0.4251677819
0.4092564204
0.4432873722
0.3895980404
0.4556507787
0.420975882
0.4181480131
0.4407675035
0.4931924076
0.4452219391
0.5417175765
0.4961912487
0.5954201705
0.4916693691
0.4940935525
0.5359688454
0.463090339
0.5208794849
0.5232621307
0.4577956258
0.3680989805
0.3525916287
0.3684102156
0.3116916436
0.4247072161
0.3359769736
0.1649067532
0.213439151
0.2318507536
0.2578158717
0.293877565
0.2919027052
0.259344708
0.2961505685
0.2677402655
0.3309271439
0.3330454425
0.3667143296
0.3844731144
0.381899071
0.4619496619
0.4929007174
0.407734088
0.497722717
0.4291112641
0.3186391465
0.3240457389
0.3196265919
0.4635358008
0.4054126245
0.3974526325
0.4887978328
0.440662052
0.4468913452
0.4841977107
0.4193833548
0.5102856735
0.4689152943
0.4963408537
0.4782679783
0.4115137537
0.4427530055
0.4009731845
0.4374231711
0.4219484094
0.4729721154
0.4744489285
0.4290118719
0.4299451891
0.4301952213
0.394131764
0.4899361414
0.2117237444
0.4404045333
0.4050623985
0.4312766841
0.4742052027
0.5018403229
0.4378941879
0.467274909
0.4200146094
0.4202370998
0.4003591878
0.3959627024
0.4109442292
0.4560721778
0.3775138887
0.4852333068
0.3989539436
0.3983197689
0.4783486049
0.4245810778
0.4708307453
0.42894155
0.4151744176
0.5014139102
0.3944198215
0.45778513
0.4416868144
0.4845151142
0.4474453055
0.476618931
0.4565194305
0.4197667287
0.5040187828
0.4832516603
0.4911063862
0.4112501755
0.4805531375
0.4344326473
0.3966892007
0.4097893049
0.4198248305
0.4947082509
0.4139981555
0.4682633319
0.4826803445
0.4885027442
0.4739890723
0.411180713
0.4560306558
0.4316747616
0.4961944594
0.489867802
0.5061134999
0.4184340816
0.5199469999
0.5279755601
0.4794770756
0.5424855322
0.525238505
0.5119420167
0.524701921
0.478334348
0.4576309944
0.4834233822
0.5083498534
0.4953271751
0.4712520724
0.3837472966
0.3530390953
0.4034842152
0.3691941509
0.2923588901
0.2335268512
0.4039645705
0.296806232
0.2368145256
0.2682409823
0.1932151659
0.2427983944
0.3158959463
0.2684594835
0.2924335477
0.2989090632
0.3513028772
0.3833666412
0.396951627
0.4372035989
0.449580857
0.4367870381
0.4583995739
0.4491216668
0.4341481681
0.4004565427
0.371430963
0.4209500455
0.3813481908
0.4087574481
0.402925995
0.4422731773
0.5129201451
0.451184345
0.4943743825
0.5228348384
0.4036506276
0.4602341574
0.4889678407
0.4304730877
0.3991101539
0.4660915865
0.41103155
0.4040500615
0.4815862689
0.415339559
0.4310601504
0.458618471
0.4079591884
0.4593535382
0.4055975216
0.4688631744
0.4687073623
0.391573647
0.4706415107
0.4660492684
0.4664271956
0.4113996603
0.5476582452
0.4308793548
0.399209004
0.465016398
0.3790470083
0.4432040529
0.4173063038
0.4328777451
0.4150410823
0.456196883
0.4781722866
0.3958393292
0.4503577867
0.4823028105
0.4214692897
0.5209242346
0.4240953078
0.4241023798
0.5279586289
0.4105923888
0.4575844031
0.4366047238
0.5114501676
0.4485605769
0.5110449167
0.429483131
0.4769726665
0.3960970809
0.4714436143
0.4143565251
0.3889056183
0.4982812511
0.4515682332
0.483958545
0.4546439882
0.5041092313
0.4640751297
0.4175887452
0.4353194854
0.4388285282
0.4741831623
0.3814016109
0.4632575633
0.4586040652
0.49310991
0.4899440639
0.429724639
0.4761900318
0.4464003473
0.5192178137
0.4579604828
0.4957556534
0.4501675486
0.5119801736
0.4390522737
0.4785700159
0.4890344918
0.5018895209
0.5124193889
0.504735457
0.4952312124
0.4567798229
0.4140224367
0.406177655
0.3820101599
0.3431247095
0.2613086817
0.2766240162
0.2672085229
0.3987745682
0.3319556827
0.2578123341
0.2249077699
0.2202632978
0.213635222
0.2542936539
0.311915665
0.3416580902
0.3815791396
0.382284839
0.4314953114
0.4531006994
0.4683424063
0.4189086502
0.4230161054
0.4010798891
0.4486639874
0.4680416979
0.3856190238
0.3985567073
0.4568521849
0.4490634414
0.4419941919
0.4944725901
0.4592809003
0.5397109187
0.5029117142
0.4176032637
0.5151999094
0.4128620379
0.4494220223
0.4989581574
0.4921224322
0.5035721144
0.4794800133
0.5202505101
0.4509033948
0.503475696
0.4361027093
0.4700115715
0.5014767336
0.4664455265
0.4767132167
0.422259586
0.5162142442
0.4767532715
0.5269511398
0.4951942267
0.4793821076
0.4766403924
0.5196976589
0.2145413418
0.5055948765
0.485334611
0.3998230812
0.4209833762
0.4631562596
0.4157978464
0.4781695618
0.4346391224
0.5172223701
0.432635714
0.5208699965
0.469868953
0.4838690847
0.5043304902
0.5002342015
0.4243468639
0.5303594381
0.4730575538
0.4076644326
0.4723001348
0.4703426149
0.4355124053
0.4339265435
0.4224512197
0.4178151334
0.4122585662
0.4856754487
0.5068779457
0.4491634484
0.5345636585
0.5104071441
0.4770494195
0.4807169317
0.4663962704
0.4422086202
0.4026367851
0.5171570527
0.4457138198
0.4705263602
0.4808894719
0.4924928384
0.5368699698
0.4422042267
0.526348723
0.4176162749
0.513643356
0.5126460563
0.4706368142
0.4606234396
0.5029881152
0.460374054
0.5693454303
0.5246211217
0.5200007494
0.518782463
0.5182679762
0.5156435282
0.4395310603
0.4744315224
0.3984874877
0.3564592983
0.3494679433
0.3685667696
0.3265079073
0.297575483
0.266368774
0.2610272814
0.2504041525
0.35929522
0.4070563819
0.2222281082
0.3108464844
0.2647948811
0.2278787491
0.4073460927
0.425087459
0.3843745078
0.470967186
0.5163494444
0.5267002682
0.4524648231
0.5104506045
0.4874548385
0.4590544581
0.4912529318
0.5492043215
0.4826573663
0.4912560078
0.5256197912
0.5815432872
0.5784631571
0.6412149453
0.5661183655
0.5696538288
0.5780209131
0.6099825106
0.5176318446
0.5814587922
0.4834544475
0.5818166255
0.5644837557
0.6056007256
0.5461202188
0.561508656
0.5403844292
0.5241603659
0.5507768166
0.5086087468
0.5655142329
0.514531873
0.5070931543
0.5551274809
0.5438948947
0.52480027
0.4849559465
0.5401335477
0.4598571113
0.4996039055
0.4949953859
0.533748013
0.3943622421
0.4431233842
0.4475158185
0.5101256204
0.4565716794
0.529343559
0.5566472957
0.5190583558
0.5522181319
0.5122751711
0.5446388662
0.4563226712
0.4861831353
0.5251815611
0.5201994072
0.5030069565
0.5292926149
0.4418088921
0.5038260406
0.4485466407
0.5536266895
0.4859248368
0.5188625691
0.5235611688
0.5186735091
0.51657058
0.5536148948
0.5540225712
0.523003883
0.5158294456
0.5016425597
0.5080977123
0.4623225477
0.4439916246
0.4940019421
0.4673214765
0.4812382351
0.4914055362
0.4274626365
0.5011900333
0.4937224262
0.4434809423
0.5147410557
0.4419346788
0.4858221009
0.4924824938
0.5436994458
0.4787998551
0.4689028083
0.5770078939
0.5064091007
0.5781406399
0.5268169567
0.4296475135
0.4583555405
0.5093486831
0.4527142747
0.4032371534
0.4401120251
0.3683503488
0.3664471542
0.3587160028
0.3887565712
0.3538128676
0.2592859087
0.23541417
0.2253271854
0.2527005094
0.2175424173
0.3030772947
0.4625369446
0.3653807977
0.3409039611
0.3707352186
0.3218346477
0.4072848237
0.5940610542
0.575785014
0.5813479049
0.4832350675
0.5385274861
0.5423360721
0.6199126269
0.5655194573
0.6206201437
0.548651699
0.6131528528
0.5953775397
0.6781441908
0.694215913
0.6733412299
0.6710433873
0.6805037472
0.6133479867
0.6053741871
0.5940919046
0.6108289115
0.6344786872
0.6476165133
0.6004186958
0.6892665457
0.631068341
0.5049132773
0.5839796464
0.576291745
0.638084288
0.623285669
0.6096176608
0.5797887688
0.6044193978
0.6304279662
0.5604117734
0.653563242
0.5922734842
0.5463215712
0.6041046214
0.63574794
0.6008907542
0.6132732026
0.6111822511
0.5159883426
0.5331964632
0.56257528
0.6222356413
0.6101262296
0.6090556875
0.6154064401
0.5097968721
0.5408030076
0.5602023174
0.5239500255
0.4996857008
0.5518374848
0.578460535
0.5187109389
0.519190686
0.5295852563
0.5286507737
0.5360551337
0.5463547603
0.5722015676
0.5890277153
0.5389566244
0.4934973701
0.5898737065
0.5006473731
0.5248041695
0.5565551128
0.4596629209
0.521914664
0.4874726078
0.4623368054
0.5215991724
0.4470583076
0.4793777372
0.4553374807
0.4514672431
0.4818021963
0.497154307
0.4836980774
0.553756033
0.5362536128
0.5325992551
0.4981505097
0.5542495266
0.5357151697
0.5614931608
0.4889258289
0.5327524588
0.5581209404
0.5724186386
0.4811617165
0.4915903579
0.4066234683
0.4925025189
0.4982356768
0.4258850812
0.4845737782
0.3774429024
0.3958497651
0.4147824341
0.3573046251
0.3511805773
0.279170946
0.2432359969
0.2941382875
0.2790507838
0.2501857205
0.2333568411
0.1935949257
0.3749881331
0.4665466769
0.4593198674
0.4890420974
0.6379470082
0.681082738
0.8093716204
0.5068831216
0.6831705303
0.6211337416
0.7058463253
0.7362969829
0.7125084129
0.7236470943
0.7746254459
0.7391123051
0.727652228
0.8061289747
0.820906156
0.8255961727
0.7993890834
0.8167712088
0.8062387583
0.80908932
0.7883542273
0.7333552449
0.8073484639
0.770009455
0.7432708608
0.8026526907
0.7597048293
0.777716078
0.6201013537
0.7483097004
0.7613075348
0.7736076088
0.7257463478
0.7260079716
0.7268876506
0.7293602738
0.6868122703
0.7066042563
0.6862226226
0.7417469842
0.6084488031
0.6450154019
0.691857484
0.6541472918
0.6222919251
0.6841357544
0.5787208743
0.6921396414
0.6947825625
0.6183211478
0.6232558145
0.601913404
0.6041295084
0.5972370629
0.6245746896
0.646580152
0.6196794922
0.6496296953
0.6720515081
0.6500125391
0.6196179864
0.6237177073
0.6191448965
0.6212787925
0.566793523
0.6097531423
0.5628547297
0.6231934163
0.5732679878
0.5441286326
0.5757443825
0.6249789189
0.512066717
0.6061024158
0.5231425054
0.5328366091
0.5531814566
0.5500114488
0.5034400979
0.5098275832
0.4524072398
0.5362343684
0.5752053676
0.5383269215
0.5765236264
0.5170892301
0.5670832304
0.5391398293
0.5416661421
0.4913961799
0.5453178871
0.4952801586
0.5429830924
0.489800328
0.5868428634
0.4983118357
0.5492862319
0.4254017109
0.4143123304
0.459049445
0.4538791711
0.5036163152
0.4257537214
0.4535254802
0.3683183
0.3253703677
0.3851131506
0.3095465882
0.2905754881
0.3092347072
0.2854087012
0.2944163595
0.2374362731
0.235362002
0.2015071893
0.2170696744
0.1802771255
0.327121723
0.6264473535
0.6104644551
0.6376165018
0.6786404177
0.7318132492
0.1308493972
0.3891772674
0.7895579346
0.8862385226
0.8992484601
0.9070420308
0.8993458226
0.9280406623
0.9133689354
0.8976929173
0.9077473726
0.9092191792
0.9108598949
0.9095060172
0.8904894816
0.8811861723
0.8913977454
0.8765070341
0.8701542821
0.8912705975
0.8781543535
0.8655041922
0.8888575931
0.8805238653
0.8165905704
0.8500092767
0.8646392276
0.8840346188
0.8638842687
0.8100333952
0.8549354476
0.8341097904
0.8568014441
0.819863351
0.8340642943
0.8300903077
0.804182706
0.8001605839
0.717881297
0.8193273043
0.793527014
0.8076853952
0.7949197544
0.7896171769
0.8037606985
0.7987903918
0.7481316695
0.7460715597
0.7397515205
0.7813504672
0.7737202888
0.7614434537
0.7401486725
0.7522374681
0.7655286263
0.7480968086
0.7260930982
0.6704312011
0.6783597652
0.5962313978
0.7251664349
0.6764206102
0.6959474325
0.6705292269
0.6697451847
0.6718328988
0.6192700086
0.6385425675
0.6216739336
0.5868950907
0.5540809757
0.5774144776
0.5892369901
0.5231830451
0.5645103938
0.5286465976
0.5649703936
0.5509141346
0.6309968844
0.6399280369
0.5875934487
0.5379962541
0.601140107
0.6074421657
0.5676741484
0.6019255541
0.4976107505
0.5613112719
0.5433505431
0.5604592335
0.5599942589
0.5600594663
0.4556753347
0.4721470088
0.4376310678
0.4222657869
0.460078506
0.4984591179
0.4453389536
0.4253445306
0.3701865363
0.3535066868
0.3293172405
0.3652722252
0.3667736913
0.3002842449
0.3183378303
0.2845805673
0.2647235651
0.2133510494
0.2317407236
0.1884100445
0.2391597798
0.2296657053
0.1835079003
0.3165061039
0.7474861949
0.9484558135
0.9480113031
0.9694854298
0.9580281299
0.9597338539
0.9743332106
0.9735907937
0.9687964198
0.961585359
0.9589270632
0.9494934023
0.9490912005
0.954284505
0.9482439111
0.9519157529
0.9468555562
0.9449056648
0.9423301282
0.9428086196
0.9418922113
0.9467732259
0.9421104164
0.9389889652
0.9281326646
0.9289276033
0.9251215194
0.9243767317
0.8972285077
0.895760442
0.9283683455
0.9184366981
0.885876014
0.8959016623
0.9221900834
0.9106535056
0.9103119843
0.899021385
0.8995110951
0.9119662492
0.9072808579
0.9005714034
0.9113571012
0.8929811623
0.8942075892
0.8914129255
0.8711809855
0.8690407506
0.8755003009
0.862148578
0.876819678
0.8760180455
0.8794008958
0.8766763035
0.8543139872
0.8684707815
0.8166354716
0.8498453415
0.8443864024
0.8175716466
0.7947600973
0.787565495
0.7837748406
0.8242986871
0.7753668674
0.7572482371
0.7803144601
0.7141069861
0.7344138244
0.6922395946
0.680885698
0.6962481333
0.6765853451
0.6792336686
0.6956093754
0.6837858342
0.6949658259
0.6508310065
0.6990979116
0.6803761802
0.7087187549
0.6690206653
0.6917362794
0.6728996573
0.6116851414
0.595496779
0.62465037
0.6177080742
0.6392228445
0.5287276011
0.5898704021
0.5356067199
0.6016427651
0.578542423
0.5116948022
0.4833198683
0.4613361935
0.4926355102
0.5187215505
0.4433347497
0.5380399233
0.4760472001
0.4848543433
0.3874364895
0.4316703718
0.3721685796
0.4016131729
0.3460876432
0.3174581412
0.3169222399
0.2518004659
0.2516724936
0.2224157357
0.2677554955
0.2006533229
0.2373530864
0.235882908
0.2316939647
0.1753742791
0.1774806808
0.3199782217
0.9942078814
0.97546089
0.9794849229
0.9819170351
0.9723189248
0.9779852499
0.9834735127
0.9664891991
0.9696574774
0.9696534719
0.9686663187
0.9647513985
0.9617443968
0.9607094748
0.9619949299
0.9561941933
0.959212761
0.9484755284
0.955527794
0.9544513342
0.9484571325
0.9526685614
0.9495598739
0.9410100068
0.9481363395
0.943607387
0.9413807732
0.9473226019
0.9409170739
0.9458588854
0.9437190984
0.9364155552
0.9413638329
0.9355966251
0.9377263923
0.9331834468
0.933550631
0.9311832018
0.9304250965
0.9342815571
0.9276658504
0.926153001
0.9244226978
0.9228163699
0.9301486748
0.9216304024
0.9316545048
0.9262154036
0.925464356
0.9166399696
0.9216429226
0.9083835938
0.8972863581
0.893378196
0.9074813496
0.9155544519
0.9050750617
0.9100290361
0.8720195742
0.9124816082
0.891362634
0.9030396902
0.8978495497
0.8895402814
0.866808513
0.8941056976
0.8659616471
0.8758630932
0.863695827
0.8560342412
0.8824429393
0.8561326882
0.8684186658
0.8589210728
0.8162884873
0.8540415777
0.8152625956
0.8330497598
0.7741806107
0.7906855316
0.8047561961
0.7527229889
0.7387557728
0.7466447231
0.7331133984
0.6872501185
0.7574151078
0.6990756007
0.6515560224
0.619742214
0.6823491908
0.6320873471
0.6653477422
0.5874747592
0.5872323342
0.5910964808
0.5774882337
0.5457521524
0.4685583061
0.5526302079
0.4514056152
0.3933434157
0.4260681665
0.3278430423
0.3834931477
0.3130633974
0.2967855577
0.2750856711
0.2798634608
0.2858850481
0.2759717385
0.2662195128
0.2164493642
0.2449561527
0.222978041
0.2029029199
0.1941626863
0.1844992345
0.1960238619
0.1739022225
0.2995801019
0.9810076701
0.9849200817
0.9840613581
0.9823757452
0.980123294
0.9731837625
0.9768625786
0.9747734318
0.9726406163
0.9787276674
0.9708564818
0.9702642798
0.9624560656
0.9658106149
0.9630228402
0.9530635536
0.9573529696
0.9485074049
0.9572055596
0.9552149777
0.9578746468
0.9544625933
0.9439349441
0.9528021061
0.9447929987
0.9492860495
0.9466774617
0.9494129876
0.9498368731
0.9420323798
0.9421805362
0.9452291487
0.9463646607
0.939112683
0.9469224887
0.9407308559
0.9450682839
0.9447016318
0.9444372746
0.9352176687
0.9375432139
0.9433736192
0.9421893287
0.9404574629
0.9399850768
0.9335851449
0.9376043366
0.9369117157
0.9341106672
0.9358917359
0.9351284881
0.9281283601
0.9328043764
0.9266720798
0.9176674839
0.9246009535
0.9285843614
0.9172295809
0.9249809763
0.9283899164
0.923395163
0.9217226632
0.9165672811
0.8967115819
0.9115282904
0.9189949052
0.9117380439
0.8970062835
0.8981590162
0.9059885065
0.8944990892
0.8927444251
0.8964898323
0.8663553988
0.8914164303
0.8583086325
0.854753291
0.8638190576
0.8675382076
0.8520963976
0.8294161226
0.8015055474
0.8133712862
0.7946880563
0.7990592966
0.7918695762
0.7499546953
0.725688155
0.7164093624
0.7490005705
0.7099813769
0.691696902
0.6572573935
0.6167255759
0.5901723486
0.5639730448
0.5802062203
0.5426284325
0.5115247354
0.4548491843
0.4139709753
0.4653028667
0.4262532719
0.3595271073
0.3723080485
0.3190957229
0.3633892722
0.2914462585
0.3095033499
0.2497176123
0.222663233
0.2587124518
0.2081902731
0.189567584
0.1860465847
0.1947985041
0.2256540148
0.1851166075
0.170213362
0.2113053632
0.3142564046
0.9833344718
0.9866370268
0.9840055137
0.9881098923
0.9829908744
0.9768126347
0.9707271759
0.9617892445
0.9647427445
0.9851995349
0.9648875332
0.9631967775
0.9609218483
0.9497919047
0.9337249204
0.9319983861
0.9278229652
0.9095632226
0.9240907324
0.9098981352
0.9094868708
0.9069456465
0.9055825224
0.9098498415
0.906219665
0.899039826
0.8905330098
0.8919836937
0.8850245643
0.8927001507
0.8713778185
0.83781032
0.8299800082
0.8876020218
0.8805279666
0.8756492886
0.8705512075
0.8556599681
0.8538516472
0.8603860681
0.8609617158
0.8315710654
0.8151702716
0.8211687481
0.8097122183
0.7980104408
0.8121077164
0.7910367155
0.8277849919
0.79427444
0.786442632
0.796358038
0.8099977679
0.7765855193
0.8159147699
0.8111996569
0.7468381508
0.7639377934
0.7188151325
0.7344784608
0.7292020357
0.771302452
0.7320151303
0.7585290272
0.7864307578
0.7122326918
0.6875713636
0.7070165969
0.7550444865
0.6279843579
0.7552366158
0.6839187561
0.7233971795
0.6946558033
0.7342050254
0.6937472301
0.7366620044
0.6651798803
0.679841845
0.6324446821
0.6908924716
0.6515994679
0.700769746
0.660645801
0.6186518013
0.6088254586
0.6574016007
0.5771718984
0.6558565482
0.5618251411
0.5903934597
0.5197497166
0.5330294101
0.5175300123
0.561236229
0.5336144438
0.500235637
0.5023275842
0.4810824782
0.5598171359
0.5350199785
0.4693737363
0.4399244526
0.4843725229
0.4649130342
0.4677945091
0.4199574277
0.3674833741
0.4028582511
0.3977926757
0.367390196
0.3927438826
0.3042445619
0.3055824316
0.3187054619
0.3723483755
0.3332105073
0.3668495974
0.3244100671
0.3069010961
0.3449886495
