0.9981755222
0.9986271403
0.9980626647
0.9977779324
0.997564304
0.9973621859
0.9971480693
0.9969122668
0.9966499753
0.9963595163
0.9960422281
0.9957004514
0.995336578
0.9949553016
0.9945655397
0.9941790804
0.9938083773
0.9934656745
0.9931614628
0.9929016918
0.992685224
0.9925028041
0.9923383404
0.992173543
0.9919947345
0.9918024659
0.9916170942
0.9914736398
0.99140759
0.9914451316
0.9916001122
0.9918696293
0.9922245132
0.9926048783
0.9929349488
0.9931452562
0.9931855476
0.9930457099
0.9927649053
0.9924219625
0.992112051
0.9919153105
0.9918552732
0.9918922735
0.991971834
0.9920706826
0.9922022975
0.992395914
0.992666957
0.9929956458
0.9933385185
0.9936483024
0.9938679411
0.9939247883
0.99372989
0.9931938924
0.9922727732
0.9909621045
0.9893249461
0.9876031672
0.9861333151
0.9850436316
0.9843282009
0.9841015416
0.984388497
0.9845085393
0.9840514977
0.983273782
0.9826187572
0.9822501838
0.9821027784
0.9820764709
0.9821069365
0.9821615788
0.9822252572
0.9822902859
0.9823499996
0.9823933475
0.9824126591
0.9825247116
0.9832359535
0.9845147606
0.9855542025
0.9858830029
0.9856877688
0.9852976104
0.9849133434
0.9846864351
0.9845793146
0.9840531572
0.9819053741
0.9749234311
0.9603844148
0.2385709033
0.06166906024
0.04611464631
0.04601943777
0.04593429299
0.0458568294
0.04579894178
0.04575891125
0.04572949113
0.04570653391
0.04568765904
0.04567157954
0.04565772632
0.0456458283
0.04563581876
0.04562766131
0.04562123761
0.04561635181
0.04561278222
0.04561030474
0.04560869821
0.04560774949
0.04560725834
0.04560704636
0.04560697088
0.04560693785
0.04560688243
0.1231123764
0.9977967571
0.9991475289
0.9989876385
0.9988415907
0.9987178752
0.9986003963
0.9984802958
0.9983530256
0.9982155873
0.9980663514
0.9979053802
0.9977333018
0.9975505829
0.9973587166
0.9971613373
0.996963554
0.9967709036
0.9965892337
0.9964242517
0.9962802577
0.9961589004
0.9960582463
0.9959725022
0.995893449
0.9958134442
0.995730288
0.9956503536
0.9955860947
0.995549647
0.9955500379
0.9955944608
0.9956873
0.9958239516
0.9959843229
0.9961357509
0.9962434394
0.9962786486
0.9962314743
0.9961158931
0.9959637895
0.995815386
0.9957077974
0.9956550533
0.9956404558
0.9956389961
0.9956404221
0.9956521338
0.9956896737
0.9957624456
0.9958615815
0.9959680609
0.9960713635
0.9961639044
0.9962093117
0.9961544222
0.9959487399
0.9955753877
0.9950393371
0.9943306752
0.9935267086
0.992772353
0.9921078042
0.9915224677
0.9911752577
0.9913258299
0.9917878341
0.991983542
0.9919686885
0.9919362031
0.9919357621
0.9919507306
0.9919686053
0.9919858068
0.9920019508
0.9920172319
0.9920313591
0.9920422244
0.9920421549
0.9920076534
0.9918881562
0.9917263851
0.9918141049
0.9920786499
0.992012873
0.9917062673
0.9913181517
0.9909103696
0.9905551932
0.990370329
0.9902689396
0.9899319368
0.9888875352
0.9866683706
0.9845209697
0.9789387934
0.04625873366
0.02618592003
0.02390952505
0.02389465728
0.02387989561
0.02386796047
0.02385831812
0.0238506387
0.02384444695
0.02383931966
0.02383498573
0.02383129044
0.02382809127
0.02382536749
0.0238230987
0.02382123079
0.02381971466
0.02381850631
0.02381756231
0.02381684438
0.02381632183
0.02381596758
0.0238157533
0.02381564688
0.02381562484
0.04560688348
0.9964677988
0.9985253462
0.9986959254
0.9986382204
0.99852805
0.9984018279
0.9982670231
0.9981255656
0.9979759338
0.9978164393
0.9976475332
0.9974693807
0.9972804749
0.9970806732
0.9968733415
0.9966634517
0.9964559198
0.9962567444
0.9960731192
0.9959116876
0.9957771749
0.9956710908
0.9955895039
0.9955227002
0.9954583606
0.9953904886
0.9953246799
0.995271966
0.9952372949
0.9952206151
0.9952276944
0.9952733437
0.9953695292
0.9955079455
0.9956581291
0.9957756735
0.9958149688
0.995762002
0.9956379243
0.9954765309
0.9953161307
0.9951976697
0.9951324817
0.9950854125
0.9950156195
0.9949138043
0.9948005077
0.9947087815
0.9946581675
0.9946247803
0.9945625862
0.9944682208
0.9944286655
0.9945227221
0.9945736362
0.9944682471
0.9942267631
0.9939307504
0.9934818769
0.9927161278
0.9919015859
0.9910631519
0.9899490092
0.9887782949
0.9887054883
0.9901660345
0.9921551076
0.9925426297
0.9927929194
0.9929607264
0.9930518011
0.9930926436
0.9931071956
0.9931093744
0.9931059839
0.9930995025
0.9930894338
0.9930710498
0.9930290535
0.9929073033
0.9924975879
0.9912354627
0.9906551127
0.9908182583
0.9894088898
0.9884583075
0.987422276
0.9865802266
0.9861079907
0.9865168822
0.9874136367
0.9881721951
0.9884160901
0.9883280038
0.9890627235
0.9873911884
0.9711616352
0.033365108
0.0240330106
0.02388107167
0.02386688539
0.02385760109
0.0238506081
0.02384525038
0.0238409068
0.02383721389
0.02383404882
0.02383114464
0.02382851643
0.02382622695
0.0238242076
0.02382241261
0.0238208332
0.02381945814
0.0238182822
0.02381731675
0.02381657752
0.02381606786
0.02381576845
0.02381565283
0.04560695113
0.9948035489
0.9978182547
0.9981520975
0.9982564122
0.9982118796
0.9981045106
0.997969538
0.9978225343
0.9976656367
0.9974975836
0.997321208
0.9971372274
0.9969403713
0.9967272392
0.9965016028
0.9962693923
0.9960348893
0.9958047435
0.9955894969
0.9954000125
0.9952455132
0.9951330955
0.9950638204
0.9950258649
0.9949943267
0.9949524496
0.9949064436
0.9948718213
0.9948461439
0.994812228
0.9947671726
0.9947418981
0.9947812776
0.9949007061
0.9950776437
0.9952566102
0.9953369179
0.9952824498
0.9951364577
0.9949470942
0.9947352192
0.9945627682
0.9944641648
0.9943772134
0.9942178412
0.9939556255
0.9936232212
0.9932958908
0.9930373684
0.9927906583
0.9923902998
0.9916959877
0.990799565
0.9905873438
0.9916499019
0.9918588015
0.9919429464
0.992294318
0.9927243175
0.9926736405
0.9909447236
0.9897351653
0.9879626091
0.9842030864
0.9799261628
0.9816322641
0.9887840997
0.9916676661
0.991185128
0.9911681794
0.9911850366
0.9911809823
0.9911632398
0.9911386076
0.9911111176
0.9910829786
0.9910561558
0.9910353946
0.9910352426
0.9910989427
0.9912696005
0.9892430839
0.985342786
0.9861898956
0.9857406328
0.9819375181
0.9806383078
0.9794483375
0.9796424004
0.9788755635
0.98245084
0.9854283632
0.9872334199
0.987849455
0.9881945525
0.988760742
0.9887184932
0.9877887249
0.1189765539
0.02816759161
0.02388157604
0.02386201607
0.02385440838
0.02384938082
0.02384519511
0.02384143842
0.02383820528
0.0238349989
0.02383198048
0.023829399
0.02382709213
0.02382496838
0.02382304304
0.02382130998
0.02381976578
0.02381844196
0.02381737896
0.02381659566
0.02381607869
0.02381576794
0.04560700126
0.9924119906
0.9968725188
0.9974209384
0.997663878
0.9977178114
0.9976570225
0.9975394858
0.9974021105
0.9972494895
0.9970789475
0.9969005065
0.9967176859
0.996516715
0.9962875955
0.9960364904
0.9957717784
0.9954949256
0.9952123002
0.9949406575
0.9946986927
0.994501534
0.9943631312
0.9942976049
0.9943094545
0.9943561476
0.9943867368
0.9944001448
0.9944225251
0.9944431247
0.9944173794
0.9943111644
0.9941536526
0.9940510366
0.9940788261
0.9942396846
0.9945005225
0.9947278338
0.9947379881
0.9946160805
0.9944742602
0.9942778937
0.993957196
0.9937077828
0.9935177886
0.9932323783
0.9927567496
0.9920734574
0.991325028
0.9907352721
0.990249585
0.9894359852
0.9876639912
0.983755612
0.9754704525
0.9773558123
0.9824317847
0.9804679487
0.9842670649
0.9883188611
0.9915801293
0.9902780861
0.9871616683
0.9864493246
0.9842838215
0.9707510741
0.8896457761
0.9044558364
0.08502061603
0.05936615446
0.04822953058
0.04472112081
0.04394258636
0.04353686361
0.04322703326
0.04302563606
0.04284816913
0.04270691739
0.04264677497
0.04280029967
0.04361431841
0.04742486973
0.05240322045
0.6633230082
0.9342851092
0.334078458
0.8741986453
0.8391704993
0.9257307724
0.9501201936
0.9600326739
0.9650423136
0.9751218511
0.9805881024
0.9830182728
0.9863341953
0.987418651
0.9885688253
0.9906695653
0.9910001617
0.9839388048
0.0436791371
0.02651677958
0.02386202297
0.02385283069
0.02384866337
0.02384507555
0.02384219786
0.02383881867
0.02383543987
0.02383271822
0.02383025088
0.02382787888
0.02382568419
0.02382365097
0.0238217541
0.02382004781
0.02381860879
0.02381747906
0.02381665741
0.02381601163
0.04560709491
0.9880244474
0.9954144531
0.9965117178
0.9967768574
0.9969522355
0.9969711301
0.996886893
0.9967908322
0.9966720393
0.9965115487
0.9963437829
0.9961830331
0.9959932969
0.9957500626
0.995468422
0.9951627679
0.9948242733
0.9944533945
0.9940763824
0.9937275405
0.9934355874
0.9932146372
0.9930859221
0.9931164791
0.9933460562
0.9936237615
0.9938263015
0.9939931535
0.9941223818
0.9941625125
0.9940514153
0.9937265215
0.9932567796
0.9929222487
0.9928320533
0.9929593442
0.9933461599
0.9940404476
0.994102511
0.9941820095
0.9942892102
0.9941105344
0.9929740587
0.9923584863
0.9918722942
0.9912454314
0.9903033278
0.988869113
0.9877457774
0.9873462607
0.9870608736
0.9861882217
0.984198095
0.9787488264
0.9654670681
0.05425587754
0.03102949785
0.03069600474
0.03446167303
0.04729543184
0.08444476221
0.9476147009
0.9678746442
0.9859493962
0.9862708255
0.9810426416
0.9615596533
0.1231783832
0.03128536872
0.02574551147
0.02429255774
0.02435979818
0.0244271498
0.024279107
0.02421648938
0.02415132663
0.02409152485
0.02404902593
0.02401383852
0.02399389634
0.02399912015
0.0240514628
0.03023441325
0.04424534383
0.02786337134
0.02629176746
0.02640711888
0.02747258328
0.03367251115
0.05646104415
0.937652628
0.9500073084
0.9546564519
0.9416383463
0.9725085221
0.9844225809
0.9878416396
0.9894159796
0.9906694781
0.9907653473
0.9874040111
0.9744180025
0.03802774136
0.02595109657
0.02385433439
0.02384765776
0.02384567145
0.02384239793
0.0238386947
0.02383613763
0.02383370262
0.02383117194
0.02382882293
0.02382659046
0.02382437554
0.02382226668
0.02382039933
0.02381884518
0.02381761718
0.02381645825
0.04560732748
0.9627292534
0.9894733775
0.9940986185
0.9951366607
0.9953960545
0.9959330215
0.9958423267
0.9958088598
0.9958496676
0.9957302656
0.995581045
0.9954929373
0.995357655
0.9951110893
0.9947995701
0.9944547195
0.9940378005
0.9935257773
0.9929529396
0.9923727849
0.9918540655
0.9914409458
0.9910534296
0.9907777112
0.9911024764
0.992410901
0.9934008889
0.9937947975
0.9940302754
0.9941523682
0.9941673055
0.9939688209
0.9931086636
0.9914085518
0.9903054872
0.9894995026
0.9886044436
0.9898143152
0.9911458112
0.9920046537
0.9925498042
0.99350009
0.9921015742
0.9894901261
0.9887088698
0.988527658
0.9885072402
0.9879285844
0.984516143
0.9841755793
0.985731663
0.9872388225
0.988171916
0.9880136172
0.9865073247
0.9850448071
0.05811940861
0.02724563483
0.02412452708
0.02417424171
0.02420612899
0.0256883667
0.02749717891
0.03800085765
0.2979344432
0.9838342563
0.9854831989
0.9854666097
0.9841352813
0.9471634503
0.03995823897
0.02865441405
0.02554368436
0.02441387375
0.02440153806
0.02434908055
0.02423121429
0.02415329565
0.02408789147
0.02405326557
0.02408937271
0.02457553674
0.03520808661
0.914657065
0.02847539468
0.02424165927
0.02402225761
0.02409131266
0.03463222468
0.9452235961
0.9718582273
0.9597803722
0.9093502708
0.03351027564
0.02925898046
0.04267460621
0.9747075075
0.9870395843
0.9906586646
0.9907439385
0.9898223503
0.9886951188
0.9846735882
0.9648523251
0.03404077835
0.02497263817
0.02384829444
0.0238457917
0.02384174072
0.02383980307
0.0238375549
0.02383487599
0.02383252858
0.02383025967
0.02382777657
0.02382524245
0.02382289877
0.02382084807
0.0238191082
0.02381721826
0.04560787983
0.05224382356
0.03202193831
0.04508848676
0.8300982064
0.9849943518
0.9917383632
0.9936065462
0.9936698886
0.9943455675
0.994915446
0.9945029824
0.9945172908
0.9946077295
0.9943955492
0.9940585087
0.9937051974
0.993218248
0.9925106509
0.9916153564
0.9905612901
0.9894301104
0.988480894
0.9877227079
0.9860741838
0.9840030419
0.9865928247
0.9904767424
0.9924497996
0.9920220222
0.9919803953
0.9921718887
0.9926580551
0.9926929691
0.9900326933
0.9860288615
0.9836029938
0.9814763738
0.9749867194
0.188240018
0.05896612323
0.0537383084
0.07558268685
0.1455661713
0.9410289738
0.9470630386
0.9666449524
0.9773498226
0.9852567513
0.9831333835
0.9777909442
0.9823059885
0.9864458512
0.9887342077
0.9891162446
0.9880120601
0.9878417305
0.987257279
0.9735889008
0.03563345252
0.02556505863
0.02420272411
0.0242859484
0.02420206872
0.02417779577
0.02452085609
0.02971592031
0.04745670714
0.9648578925
0.9866485506
0.9879716962
0.9855712252
0.9773261493
0.8971582482
0.03750676406
0.02788493693
0.0243090575
0.02420471339
0.02418359782
0.02414075376
0.02410926653
0.02417257946
0.02442992427
0.04075147227
0.6228092303
0.02746715024
0.0239972704
0.02398550804
0.02587923095
0.06649248646
0.9820036482
0.9771936802
0.9575203296
0.03543663274
0.02655211287
0.02391982199
0.02391729007
0.02674086427
0.04320406905
0.9834354966
0.9908477613
0.990731127
0.9892676333
0.9887937944
0.9876557158
0.9822270788
0.8612375324
0.02787294045
0.02386222026
0.02384670649
0.02384438361
0.0238419972
0.0238389278
0.02383683619
0.02383481376
0.02383211703
0.02382911796
0.0238262656
0.02382367651
0.02382134054
0.02381845941
0.04560906067
0.04567833999
0.02388528438
0.02388834169
0.02411854502
0.02626609061
0.03272015238
0.07085043319
0.9718748013
0.9849213238
0.9921372633
0.9928105003
0.9923627313
0.9933534512
0.993985693
0.9933120962
0.9930242956
0.9925630571
0.9916547111
0.9903796722
0.9886423115
0.9861783357
0.9831373618
0.9813051051
0.9831636564
0.973994293
0.9570564692
0.8059604004
0.09939457482
0.06117974958
0.04769860615
0.04689200255
0.05280166768
0.08685542538
0.8603598812
0.9465419966
0.9611851759
0.9775934155
0.9794520218
0.9793651171
0.9563854717
0.03256735597
0.02610752149
0.02439583557
0.02549408527
0.02605033037
0.02742527979
0.0295246289
0.03525622808
0.04862654929
0.9366519924
0.9566599293
0.9784430188
0.9844634107
0.9855296169
0.986376515
0.9852361184
0.9855878149
0.9860464211
0.9804460222
0.9327701005
0.03154110811
0.024761551
0.02420442203
0.02421803422
0.02427017805
0.02423531851
0.02416867528
0.02606345193
0.03340648858
0.0862446231
0.9772741767
0.9832256574
0.9829774569
0.9841605805
0.9799486055
0.1190292155
0.0348498154
0.02621743963
0.02409777989
0.02412205593
0.02425085533
0.02521538087
0.03406134211
0.635116898
0.02629024131
0.02397810395
0.02406277013
0.03268393081
0.9641956893
0.984442494
0.9779361773
0.04907997234
0.02733719567
0.02392954914
0.02393410042
0.02392811623
0.02392288526
0.02391895671
0.02795761222
0.08989348816
0.9868284648
0.9879957954
0.9891358789
0.9892109189
0.9884616626
0.9856816685
0.9737229412
0.03769005395
0.02509715169
0.02384734242
0.02384608723
0.0238427728
0.02384165508
0.02384044391
0.02383756053
0.02383400758
0.02383065306
0.02382755892
0.02382461478
0.02382044111
0.04561138776
0.04563335499
0.02384836874
0.02386915302
0.02387114971
0.02386734046
0.02386828793
0.02390370212
0.02545260033
0.02788904776
0.03880113797
0.09589464006
0.9723789009
0.9838360155
0.9918451119
0.992403718
0.9918061942
0.9924585677
0.9913556324
0.98984327
0.9877711753
0.9842621569
0.9774352772
0.9633592413
0.9748157211
0.9846118327
0.9801978018
0.9739773126
0.9691740306
0.05090343497
0.02940238238
0.02534219558
0.02413104313
0.02420179761
0.02504389224
0.02637987462
0.08319022492
0.9786887093
0.9652171261
0.9820278937
0.9862339767
0.9827222952
0.9656374835
0.04109703751
0.02804098678
0.02409212137
0.0239823059
0.02399903129
0.02397642887
0.02623659102
0.04417371243
0.9214915856
0.9620569248
0.9715222509
0.9639509056
0.9765330701
0.9851858629
0.9862494314
0.9861182164
0.9859816641
0.9847074747
0.9812176134
0.327496131
0.02836846048
0.02411302263
0.02423239375
0.02425292788
0.02427856045
0.02422624951
0.02413158374
0.0241285318
0.02713812395
0.03520647007
0.8505422895
0.974546699
0.9851302565
0.9885086624
0.9883518172
0.9696184306
0.05516845957
0.03088906618
0.02594646464
0.02545635678
0.9378781882
0.05552332831
0.02734830419
0.02404771403
0.02685083695
0.07904280653
0.9865735268
0.9817848434
0.7812907796
0.02885694091
0.02394124123
0.02392476602
0.02392976167
0.02393316611
0.02393622126
0.02393892308
0.02394206194
0.02401475059
0.03278820958
0.9618389455
0.9857936376
0.9899673364
0.9898671228
0.9884585149
0.98735234
0.98379996
0.8923602021
0.02775578108
0.02386198357
0.02384800616
0.02384734881
0.02384758249
0.02384429851
0.0238399692
0.02383619651
0.02383276985
0.02382936342
0.02382357063
0.04561575384
0.0456211442
0.02383597229
0.02385518687
0.023862839
0.02386732345
0.0238699554
0.0238773833
0.02388348877
0.02388089012
0.02389205483
0.02394854493
0.02564088134
0.02816029086
0.04116695861
0.148243765
0.9775119013
0.9884638011
0.9909053353
0.9902737456
0.988559951
0.9860038952
0.9811770323
0.9677664368
0.9317102292
0.1467985742
0.9836651163
0.9822209519
0.985193275
0.9883808948
0.981711789
0.9173753255
0.03993732102
0.02899124941
0.02631618114
0.02605237149
0.09855443758
0.9911590618
0.09947471026
0.03488500029
0.07284903285
0.9802279254
0.9849654808
0.9851028522
0.9810544132
0.07572989794
0.03175055357
0.02599223563
0.02452314409
0.02986284549
0.8990764932
0.969449653
0.9744704778
0.9653621694
0.03802455963
0.03064245112
0.05198571992
0.979180496
0.9856318312
0.9865010716
0.9863023729
0.9873270013
0.987160477
0.9790670389
0.04189987861
0.02640835648
0.02415022135
0.02424534518
0.02421915082
0.02417143823
0.02411864466
0.02403694079
0.02397220407
0.02493510477
0.02763317303
0.03697939963
0.9311436838
0.9847266567
0.9869472808
0.9870759446
0.9840035499
0.9509767025
0.04723035131
0.03723656376
0.04835536013
0.02469301633
0.02544719784
0.03392965272
0.9767052943
0.9894858816
0.980037092
0.034580392
0.02492171599
0.02391395465
0.02391742196
0.02392503808
0.02393288848
0.02394158472
0.02395147863
0.0239633076
0.02398290059
0.02399546222
0.03276966891
0.06220117475
0.9841406977
0.9903825215
0.9903257994
0.9888143628
0.9883307401
0.9854935547
0.9730797297
0.03770856222
0.0250460761
0.0238503402
0.02385528449
0.02385222976
0.02384698127
0.02384306188
0.02383966042
0.0238362017
0.0238284933
0.04562376786
0.04561710067
0.02383129343
0.02384790687
0.02385615567
0.02386334114
0.02386883867
0.02387560836
0.02388220996
0.02388557927
0.02389063341
0.02390012946
0.02390221077
0.02389484845
0.02391357505
0.02403324048
0.02623048128
0.03257582601
0.0815979802
0.9820584963
0.9869330823
0.9883819
0.9869664395
0.9841813538
0.9782668251
0.9578880512
0.04588924696
0.04514818911
0.9370269925
0.9833583679
0.988407647
0.9849080625
0.9814536691
0.9704415538
0.9106908362
0.04519735358
0.8659101273
0.9855391318
0.1030726455
0.02434617856
0.02412188435
0.02780010775
0.03989749435
0.9640680271
0.9826012985
0.9865029046
0.9800331294
0.9127171237
0.04431709937
0.1044110681
0.9645971943
0.971739997
0.9733488523
0.05453861998
0.0281068774
0.02393045522
0.02393601514
0.02881475054
0.6047384541
0.9790831078
0.9842580501
0.9861405959
0.9872461744
0.987793437
0.9847919663
0.9653742041
0.03419972007
0.02536854648
0.02414760559
0.024173275
0.02410171008
0.02403827148
0.02399988491
0.02397447007
0.02392673384
0.0239153831
0.02496923125
0.02931715194
0.04853630441
0.9641645889
0.9838334486
0.9844288132
0.9850922323
0.9794242605
0.9656452396
0.08145358312
0.04724423462
0.9225324784
0.9766316503
0.9875083796
0.1401210867
0.02688134816
0.02389434719
0.02391919446
0.02392227561
0.02392579898
0.02393218178
0.02394125714
0.02395038681
0.02396183413
0.02397278393
0.02928803258
0.03634881695
0.9459645377
0.03771602056
0.1044114738
0.9866668858
0.9889260301
0.9895425967
0.9883859145
0.9874480932
0.9844789948
0.8832681544
0.02705874099
0.02387437434
0.02386490517
0.02385659818
0.02385208548
0.02384881328
0.02384595264
0.02383621769
0.04563842406
0.04561559171
0.02382923861
0.02384383744
0.02385147052
0.02385923677
0.02386622601
0.02387338748
0.0238799756
0.02388485868
0.0238902047
0.02389733632
0.02390188529
0.02390122795
0.02390501869
0.02391368539
0.02391081153
0.02390071039
0.02396621311
0.02748158823
0.04306744812
0.978635889
0.9875136037
0.9895764379
0.9883177855
0.98647709
0.9848847108
0.06240013664
0.02991840683
0.03072472069
0.05477412662
0.9707168046
0.9766197054
0.9794666192
0.9703027158
0.9710386752
0.9642289199
0.9656178612
0.03890728171
0.02423825453
0.02409347594
0.02404737947
0.0239598907
0.02567809659
0.03210015864
0.9326083182
0.9738295831
0.9675288447
0.977060458
0.9831027362
0.9823231969
0.9785510961
0.8773778493
0.03103613202
0.02399083833
0.02393401387
0.02391401683
0.023896155
0.02473345361
0.03148427665
0.9287439225
0.9797931295
0.9863260495
0.9871172372
0.9869135506
0.9860048859
0.9797745581
0.9208172096
0.03067109084
0.02434654772
0.02409034849
0.02403536375
0.02400135007
0.02397443971
0.02394488164
0.02393167486
0.02393319025
0.02391861056
0.02393521172
0.02583568493
0.03236069242
0.2998293582
0.9697039001
0.981017137
0.9746499134
0.9809828352
0.9875190633
0.984569786
0.9830766751
0.962009549
0.03669344161
0.02412666163
0.02390906006
0.02391828801
0.02392123023
0.02392304985
0.02392739184
0.0239336346
0.02394217729
0.02395041369
0.02889002877
0.03601777362
0.9398420344
0.03229813717
0.0275080346
0.02403690337
0.03216565564
0.9721235965
0.9894712774
0.99009168
0.9888562569
0.9888251003
0.9866349834
0.9716279224
0.03472187658
0.02395973052
0.02387331685
0.02386445871
0.02386039244
0.02385912395
0.02384815271
0.0456652153
0.04561492885
0.02382819803
0.02384141127
0.02384829088
0.02385586307
0.02386332817
0.02387076458
0.02387760613
0.02388340035
0.02388920044
0.02389533374
0.02389966771
0.02390126453
0.02390422924
0.02390963768
0.02391166469
0.02390892869
0.02391004212
0.02390960715
0.0239034525
0.02713901715
0.04850209408
0.9846400786
0.9905757171
0.9902908709
0.9901866701
0.9898022074
0.9802354236
0.03978206023
0.02688170377
0.02657518437
0.0346889827
0.9510323141
0.968847198
0.9766459029
0.9805362128
0.9703366291
0.04361952042
0.02585368801
0.02409001196
0.02405465067
0.02399931582
0.02394078496
0.02389972881
0.02535406665
0.0340378815
0.9257945304
0.9778294913
0.9888382626
0.988319567
0.9781147182
0.04026729974
0.02543399591
0.02395485766
0.02392643818
0.02391134108
0.02389962806
0.02388454768
0.02387361016
0.02534396327
0.03442885053
0.9679200504
0.9856230363
0.9876181423
0.986891245
0.9863506234
0.9849224022
0.9821572398
0.09695327299
0.02782827435
0.02399211499
0.02399920662
0.02397540318
0.02395369146
0.02394001723
0.02393825333
0.0239317526
0.02393382968
0.02393694637
0.02393346979
0.02465174346
0.02721830932
0.03514398637
0.7995612666
0.9447109565
0.9833561602
0.9890388992
0.9882847904
0.975564879
0.03435140294
0.02392307905
0.02390676086
0.02390885996
0.02391160714
0.02391422472
0.02391703312
0.02392347813
0.02393191372
0.02849575572
0.03529967576
0.9410124353
0.03344484029
0.0272182906
0.02391386592
0.02393625567
0.0239165142
0.02628291556
0.06375588135
0.986280587
0.9888538456
0.9898407319
0.9893857358
0.9889634892
0.9887465076
0.08862439092
0.02742143103
0.0238767853
0.02386984351
0.02387348474
0.02386566528
0.04571359894
0.04561456798
0.02382758829
0.02383986371
0.02384610335
0.02385326226
0.02386071291
0.02386821734
0.02387530387
0.02388170625
0.02388786941
0.02389377426
0.0238983664
0.02390146765
0.02390506583
0.02390948705
0.0239121853
0.02391267787
0.02391447764
0.02391602373
0.02391432456
0.02391063813
0.02391865451
0.02850868561
0.09291727007
0.9861756367
0.9882171531
0.9894353032
0.9886049557
0.9836737911
0.9708478629
0.04706892154
0.03099865796
0.03340628912
0.05035869494
0.9549260526
0.9771325301
0.9769907793
0.9684224237
0.8533930195
0.02758273646
0.02400550365
0.02400601828
0.02395680333
0.02392085943
0.02392874281
0.02952057813
0.4441816289
0.9734780545
0.9869301666
0.9893837758
0.9847790686
0.04897347748
0.02398340009
0.02396294707
0.02393377572
0.02391230759
0.02389790885
0.02388504869
0.02387735139
0.02387457131
0.02387551691
0.02636893145
0.04427667966
0.9790827524
0.9857698175
0.9866526574
0.9865646587
0.9879460396
0.9879430427
0.9787598421
0.04014320398
0.02626726361
0.0239513
0.0239564461
0.02394692854
0.02394661342
0.02394216162
0.02394166478
0.02394085506
0.02394116297
0.02395562244
0.02394140597
0.0256354648
0.03838297944
0.8927702838
0.9737258873
0.9857733087
0.9861192228
0.9829103893
0.9775611648
0.03273896597
0.02390002048
0.02390093738
0.02390235796
0.02390346782
0.02390635586
0.02391420563
0.02812558252
0.03474222217
0.9406548242
0.03384479092
0.02756255262
0.02389191201
0.02390591833
0.02392109688
0.02391882782
0.02391220728
0.02394651985
0.03179840341
0.9701435596
0.9891100501
0.9902010585
0.9896802773
0.9911473208
0.9905300455
0.9795128188
0.03770329821
0.02545509142
0.02387966308
0.0238884996
0.04580008323
0.04561432313
0.0238271767
0.02383880376
0.02384455431
0.02385129381
0.02385854686
0.02386599443
0.02387323734
0.02388004718
0.02388654292
0.02389260287
0.02389771291
0.02390192101
0.02390619523
0.0239105587
0.02391380956
0.02391585723
0.02391806412
0.02391935659
0.02391832575
0.02391539414
0.02391154803
0.02390712591
0.02398244765
0.03117012445
0.9586090391
0.9869108223
0.987528794
0.9841535854
0.9826571253
0.9804480808
0.9731380585
0.8954805716
0.8557675531
0.8388826977
0.9176553175
0.9518232145
0.9594475957
0.9679627666
0.945790014
0.03163181803
0.02408856255
0.02396298258
0.02392035681
0.02512062246
0.03709720657
0.9658425176
0.9713687055
0.9785386265
0.9802964704
0.983132981
0.9860490523
0.03987910048
0.02395047517
0.02392713492
0.02390702313
0.02389157703
0.02387999199
0.02387353038
0.02387175197
0.02387381812
0.02387922747
0.0238949587
0.02855170473
0.6991074641
0.9787826218
0.9842939309
0.9863118237
0.9876112831
0.9879233679
0.9840111719
0.9644112575
0.03514863583
0.02589268844
0.02393352748
0.02395293411
0.0239556773
0.02395485282
0.02394571783
0.02393648078
0.02393420797
0.02397077168
0.02987898221
0.8485699929
0.9716274165
0.9805648852
0.9824326304
0.9763266166
0.0671773144
0.9805442816
0.9794591665
0.03133058476
0.02388860376
0.02389334225
0.02389537884
0.02389864844
0.02777758009
0.03418480117
0.9406107263
0.03438997348
0.02789630524
0.02389965096
0.02389747717
0.02390757084
0.02391723242
0.02391707823
0.02391471058
0.0239154549
0.02390843917
0.02607023131
0.05547578615
0.9844224791
0.9880079573
0.9897412999
0.9896652045
0.9884535667
0.983275378
0.9490238242
0.03014077812
0.02393286482
0.0459713102
0.04561412639
0.02382686228
0.02383802423
0.02384342
0.023849807
0.02385682685
0.02386416758
0.02387148902
0.02387856767
0.02388535877
0.02389171738
0.02389738161
0.02390242145
0.02390728121
0.02391187681
0.02391558482
0.02391833545
0.02392052182
0.02392132129
0.0239198709
0.02391629107
0.0239113921
0.02390629322
0.02390274088
0.02389335359
0.02559806059
0.04595757131
0.9810524434
0.9795387387
0.9732322659
0.9702239699
0.9735888815
0.9686542071
0.9628888476
0.9474966924
0.8642387281
0.04540102806
0.9257410854
0.94797174
0.9736516649
0.9772108599
0.04486361673
0.02543719124
0.02414092423
0.02944790385
0.7752852021
0.9753604965
0.9765628005
0.9679290614
0.9365764376
0.0460675131
0.9822835207
0.9862198732
0.03551729643
0.02391043335
0.02389473266
0.02388138522
0.02387183128
0.02386739914
0.02386751697
0.02387106175
0.02387705183
0.02388359063
0.02388344833
0.02478545383
0.03158804287
0.9303527765
0.9800079866
0.9866511241
0.9872124819
0.98640443
0.9851649444
0.9792337057
0.9502103068
0.0342762309
0.026152185
0.02394792916
0.02396750025
0.02395242718
0.02393087794
0.02392742321
0.02754262514
0.05965024453
0.9800352848
0.9837790496
0.9837666116
0.9788472733
0.04712591239
0.02804576776
0.03273491114
0.9795324848
0.9789256368
0.03068595794
0.0238923042
0.0238970371
0.02742530245
0.03374299575
0.9408286856
0.0349318586
0.02825164248
0.0239128693
0.02390530919
0.0239054782
0.02391182025
0.02391676375
0.02391726583
0.02391659687
0.02391713164
0.02391534192
0.02390514361
0.023923581
0.03029023644
0.9605811643
0.9885995073
0.9897518284
0.9873436849
0.9866225186
0.9858368857
0.9821698583
0.04152239189
0.04885073189
0.04561395069
0.02382659764
0.02383741174
0.0238425618
0.02384868171
0.02385549603
0.02386272439
0.02387007293
0.02387732136
0.0238843492
0.02389101208
0.023897157
0.02390281384
0.02390815305
0.02391305401
0.02391713515
0.02392026607
0.02392241524
0.02392298139
0.02392142009
0.02391786604
0.02391308537
0.02390793944
0.0239036667
0.02389742808
0.02388848423
0.02390453301
0.0309175876
0.9447596824
0.9625627156
0.9522804852
0.9601792372
0.9692265007
0.9730926525
0.9715003151
0.9556829656
0.9251949352
0.03640594565
0.04291403253
0.944585493
0.9784841044
0.9800059289
0.2256113083
0.03100729376
0.06184277481
0.9752593664
0.9831402078
0.9793440683
0.9567317516
0.03512738887
0.02638523429
0.03172437543
0.9827635915
0.9850754549
0.03314776264
0.02388090222
0.02386933488
0.02386233806
0.02386066634
0.02386403262
0.02387094332
0.02387989908
0.02388894644
0.02389426098
0.02389051766
0.0238833323
0.02537767032
0.0345789774
0.9697582774
0.9863429035
0.9870876432
0.9851784721
0.9837679019
0.981807238
0.9752602244
0.9554542006
0.03814856373
0.02717750454
0.02395767807
0.02392835506
0.02683316863
0.04092533589
0.9796858266
0.9878357048
0.9876512461
0.9826406013
0.05357360618
0.02843471364
0.0239763459
0.02394002214
0.03188974906
0.980478822
0.977703608
0.03071453366
0.02732988008
0.03264995696
0.9400507531
0.03559203763
0.02862625129
0.0239269113
0.02391741852
0.023912861
0.02391272919
0.02391500405
0.02391719808
0.02391748384
0.02391749501
0.02391797549
0.02391682479
0.02391196742
0.02391173617
0.02390596868
0.02577059833
0.0570865508
0.9871975205
0.9864968006
0.9854306136
0.9866743923
0.9889729242
0.9870720968
0.9067054403
0.04561378397
0.02382635891
0.02383690285
0.02384189523
0.02384783308
0.02385449357
0.02386162594
0.02386897041
0.0238763129
0.0238835023
0.02389040278
0.02389690731
0.02390299756
0.02390870269
0.02391389877
0.02391829746
0.02392171588
0.02392394231
0.02392455266
0.02392313661
0.02391982054
0.02391540502
0.02391024505
0.02390511585
0.02389911623
0.02389316205
0.02389773785
0.02389723321
0.02822997036
0.8713243059
0.9406696988
0.9499424422
0.9623592236
0.9674740899
0.9671055698
0.9574607146
0.953620435
0.9483797994
0.03562511524
0.8995242385
0.08198529616
0.9658373578
0.9492969391
0.8688715359
0.9677806807
0.9849196608
0.9867757019
0.9793883514
0.04118144211
0.02664477396
0.02393170852
0.02392540835
0.0322712427
0.9843640591
0.9837062531
0.0314226044
0.02385963933
0.02385298037
0.02385419909
0.0238614342
0.02387239564
0.02388464483
0.02389524996
0.02390115038
0.02390030233
0.02389792025
0.02389573737
0.02389199661
0.02649760808
0.04731059747
0.978946092
0.9831310209
0.9828500345
0.9790193626
0.9768842431
0.9788990346
0.977349944
0.9674328882
0.04174799045
0.02931398846
0.03797056475
0.9662020303
0.9837367151
0.9867398506
0.9821509525
0.06698680127
0.02886253147
0.02398411716
0.0239782063
0.02395070582
0.02392106196
0.03304083617
0.9812842981
0.979647179
0.04300687124
0.9497984662
0.03551601878
0.02899372393
0.02394029816
0.02392924142
0.02392211325
0.02391836104
0.02391634182
0.0239165056
0.02391695109
0.02391700922
0.02391752052
0.02391894793
0.02392032162
0.02392041381
0.02392299676
0.02392780826
0.0239382816
0.02400076668
0.03615027865
0.9777298768
0.9838025728
0.986940096
0.990248337
0.9928992057
0.9842381731
0.04561362001
0.0238261335
0.02383646247
0.02384137157
0.02384720819
0.02385377447
0.02386083649
0.0238681575
0.02387553062
0.02388279583
0.02388983151
0.02389655521
0.0239029052
0.02390884283
0.02391427314
0.02391893704
0.02392262634
0.02392503196
0.02392588432
0.0239247766
0.02392181574
0.02391802981
0.02391327602
0.02390864226
0.0239037446
0.02389989446
0.0239088864
0.02391731852
0.02391704505
0.03163218287
0.852672007
0.9488531803
0.9582806544
0.9564572171
0.9456617571
0.9260567323
0.9242304132
0.9579133012
0.9530258577
0.04034304663
0.8333188335
0.910297606
0.9382077688
0.9554048441
0.975354972
0.9830587585
0.983317574
0.0908842787
0.02836017443
0.02394473279
0.0239558912
0.02395439796
0.02393061578
0.03409239017
0.9857106778
0.9821880773
0.03005698421
0.02384659375
0.02384909956
0.02386075537
0.02387632527
0.02389211761
0.02390378777
0.02390901399
0.0239079984
0.02390487398
0.02390206573
0.02390089639
0.02390135217
0.02391330607
0.02901753659
0.9076837984
0.9802984427
0.9784032133
0.9676867919
0.9672283775
0.9711551794
0.9759181874
0.9740547972
0.9553857015
0.9520812261
0.9755911704
0.9827777636
0.9791938358
0.732217182
0.03009840089
0.02401121691
0.02398415003
0.02398480085
0.02395424145
0.02396132065
0.02402877644
0.03993630081
0.976737826
0.9790628849
0.04700554964
0.02958903216
0.02395661138
0.02393814207
0.02392812184
0.02392262838
0.02391851887
0.02391652384
0.02391577263
0.02391537324
0.02391514939
0.02391588676
0.02391834127
0.02392222923
0.0239251342
0.02392735266
0.02392885005
0.02393779104
0.02398409705
0.02644626083
0.04755428009
0.9770110525
0.9866595981
0.991369699
0.9945120475
0.9907440396
0.04561345489
0.02382591462
0.02383607298
0.0238409677
0.02384678245
0.0238533172
0.02386033766
0.02386762174
0.0238749676
0.02388221565
0.02388926693
0.02389606391
0.02390249614
0.0239084963
0.02391404327
0.02391887841
0.02392282503
0.02392544744
0.02392660808
0.02392574007
0.02392312075
0.02392027798
0.02391573048
0.02391252963
0.02390974955
0.02390361609
0.02391361147
0.02391771662
0.02678047398
0.03793479667
0.9357230939
0.9536235097
0.9612142999
0.9534510306
0.9182701638
0.7353020265
0.8607780114
0.9317583419
0.954534755
0.9378925863
0.04844465779
0.9458213731
0.9617671814
0.9726046481
0.9818142996
0.9818491676
0.9378972289
0.03321905137
0.02408500392
0.02397651781
0.02397742432
0.02397451654
0.02396555102
0.02395366918
0.03650872728
0.9869273491
0.9805651247
0.02899057773
0.02384667027
0.02386354456
0.02388441306
0.02390412615
0.02391601274
0.02391899191
0.02391583643
0.0239110624
0.02390705998
0.0239055615
0.02390707095
0.0239128495
0.02391135116
0.02532645445
0.04095341706
0.9734791523
0.9628642405
0.9557753273
0.9606313796
0.9675650673
0.9767451775
0.9822414811
0.9830562743
0.9830017864
0.9821846486
0.9593738309
0.03263181418
0.02495971743
0.02397955605
0.02397621662
0.02395540981
0.02390380648
0.02491248784
0.03052785753
0.0448998979
0.9183984413
0.9746214242
0.9789992901
0.03058247407
0.02392218093
0.02392081565
0.02391753251
0.02391521789
0.02391414681
0.02391363788
0.02391323174
0.02391254895
0.0239118443
0.02391220378
0.02391524381
0.02392126111
0.02392540826
0.02392542746
0.02392322272
0.02393016038
0.02621185437
0.03673733909
0.9241864914
0.9706172246
0.9832537032
0.9902453722
0.9943714334
0.991391156
0.04561328507
0.02382569861
0.02383572888
0.02384068074
0.0238465574
0.0238531267
0.02386013469
0.02386737167
0.02387463461
0.02388176625
0.02388870643
0.02389543733
0.02390176588
0.02390761417
0.02391309429
0.02391789158
0.02392201853
0.02392486438
0.02392634828
0.02392522258
0.023922372
0.02392136736
0.0239165422
0.02391327049
0.0239146805
0.02390923513
0.02396500201
0.02777221472
0.03823618227
0.9527748131
0.9636739417
0.9526337299
0.9531462105
0.9440064498
0.7472593784
0.764675713
0.7947290504
0.8736124769
0.9114415439
0.9213147881
0.9396865179
0.9629071461
0.9792466647
0.9828124119
0.9837702003
0.9774034956
0.03882713047
0.02541481343
0.02399011803
0.0239829429
0.02398492104
0.02398567727
0.02398361102
0.0239862475
0.02398060701
0.03978311143
0.9880134716
0.9786606048
0.02839482695
0.02386836041
0.02389820379
0.02392252595
0.0239328673
0.02393111461
0.02392358109
0.0239162895
0.02391144469
0.02391040475
0.02391072544
0.02391557947
0.02392679018
0.02393261067
0.02394927329
0.0353290706
0.9330133353
0.9556517036
0.966152415
0.9734876485
0.9814451684
0.9871375281
0.9894264085
0.9877608436
0.981922878
0.05086699393
0.02641226639
0.02400433359
0.02402969918
0.02402199837
0.0239708218
0.02641557859
0.0307439618
0.8824604623
0.8804589997
0.03456449208
0.03510640852
0.9779236498
0.9748382735
0.03015326471
0.0238939765
0.02390250446
0.02390566545
0.02390808447
0.02390966218
0.02391008895
0.02390936998
0.02390771845
0.0239064567
0.02390863116
0.02391518047
0.02391574082
0.02390754466
0.02389792775
0.02526233294
0.03493330517
0.9437702536
0.9779804684
0.9708636776
0.9756356589
0.9860250372
0.9922346741
0.989895207
0.04561310608
0.02382548368
0.0238354343
0.02384052543
0.02384655988
0.02385323556
0.02386025821
0.02386744141
0.02387456778
0.02388147721
0.02388818019
0.02389473134
0.02390076081
0.02390620448
0.02391140459
0.0239157615
0.02391974071
0.02392266698
0.02392481747
0.0239223786
0.02391695172
0.02391689475
0.02391109175
0.0239034139
0.0238969761
0.02494535318
0.03003067628
0.06667519197
0.9744513771
0.9753900478
0.9711167837
0.951263467
0.9573587574
0.9464810446
0.9316105239
0.9218736253
0.9410640703
0.7352641626
0.8932297394
0.9120090375
0.9572988303
0.9748391026
0.9820884468
0.9840366611
0.9791208243
0.0541758646
0.02788921868
0.02398084864
0.02402441688
0.02401391863
0.02400398751
0.02399998572
0.0239987472
0.02400153517
0.02400611041
0.02401004426
0.04579848598
0.98843407
0.9763165876
0.02916041065
0.02390942497
0.02394785753
0.02395380212
0.02394388441
0.02392966323
0.02391881207
0.02391275082
0.02391314857
0.02391089528
0.0239084118
0.0239172495
0.02391529243
0.02630197701
0.03457798371
0.9026134971
0.958343626
0.9716933327
0.9759635965
0.9807013306
0.9854362739
0.9880591465
0.9872000111
0.9785496887
0.04013924106
0.02398949577
0.02402961042
0.02407999845
0.02429609116
0.03151381861
0.03514773337
0.943986767
0.05143444514
0.03375502608
0.02604327901
0.02390469023
0.03158911459
0.9773672669
0.9755784051
0.03020071331
0.02388900071
0.02389855795
0.02390313221
0.02390626032
0.02390752281
0.02390712784
0.02390457861
0.02390063927
0.02390040721
0.02390772695
0.02390343094
0.02388749273
0.02554478409
0.0322741718
0.9108915761
0.981313746
0.9824689305
0.974393483
0.9737576056
0.9802125559
0.9839000276
0.9820678114
0.04561291138
0.02382527013
0.02383520335
0.02384053303
0.02384684138
0.02385370386
0.02386076306
0.02386789226
0.02387483114
0.02388140659
0.02388775824
0.0238940782
0.02389960224
0.02390434698
0.02390916213
0.02391255963
0.02391571614
0.02391780691
0.02392165718
0.02391855125
0.02390716035
0.02390589478
0.02389477195
0.02458593603
0.02767793046
0.03600741895
0.8755984431
0.9825849683
0.9858524258
0.9834178569
0.9744497997
0.9579216862
0.9610238746
0.9434049355
0.543009723
0.9298654579
0.03921187857
0.04014919451
0.0523876298
0.9517616133
0.9686597982
0.9798680553
0.9837091622
0.9837665136
0.976930504
0.0357642419
0.02397809642
0.0240057912
0.02403622791
0.02402930513
0.02401771164
0.02401016068
0.02400814482
0.02401053345
0.02400757629
0.02400049559
0.02404547241
0.04997801299
0.9836616003
0.9648774597
0.02889012942
0.02395785308
0.02397369908
0.0239540795
0.02393258891
0.02391822198
0.0239101208
0.02391324609
0.02391173721
0.023907663
0.02393429196
0.02696856955
0.03541548019
0.9240808105
0.952839522
0.9620809202
0.9733482468
0.974930587
0.975059656
0.9768706248
0.9791514893
0.9798830283
0.9788496753
0.969405302
0.0277343515
0.02395632234
0.02630633101
0.03320260295
0.05028193999
0.9445284183
0.03440127788
0.03074197607
0.02417851873
0.02398883468
0.02394203938
0.02391688793
0.03110683561
0.9773197929
0.9757483143
0.03028275245
0.02388933255
0.02389947975
0.02390388004
0.02390600427
0.0239066236
0.0239046561
0.02389867098
0.02389545707
0.02390920458
0.02390601585
0.02644302753
0.03523975846
0.9449274671
0.9782315206
0.9835098948
0.9811670212
0.9777779393
0.9764377952
0.976822841
0.9536023997
0.8812166058
0.04561269238
0.02382506356
0.02383506522
0.02384075196
0.02384747595
0.02385461264
0.02386172311
0.02386881859
0.02387551155
0.02388162715
0.02388756626
0.02389373328
0.02389850191
0.02390220681
0.02390675314
0.02390883314
0.02391071674
0.02390966465
0.02391452781
0.02391325747
0.02390039673
0.0239095319
0.02560610488
0.03221061979
0.4684184492
0.9753849528
0.982616143
0.987451229
0.9869398793
0.983577882
0.9797840787
0.8754097157
0.8860122115
0.05616424256
0.9707074208
0.03660618105
0.03606929441
0.04027722654
0.9602788867
0.965784524
0.9726511226
0.9762774728
0.9768318715
0.9774987994
0.9794923379
0.3204180096
0.02486274895
0.02398617066
0.02401915286
0.02402315896
0.02401842978
0.0240126024
0.02401336056
0.02402160549
0.02402229625
0.02401477055
0.0241055137
0.02543361796
0.7422620793
0.9779781882
0.966015494
0.02691432188
0.02398897304
0.02396311209
0.02393276754
0.02391615674
0.02390249302
0.02390348906
0.02389194769
0.02487459309
0.02920663561
0.04851525589
0.9639051938
0.968688667
0.9656061131
0.9636042461
0.9740081826
0.9744651467
0.9697361604
0.9635078634
0.9558597596
0.955290236
0.9670863456
0.9818946969
0.0482806262
0.02884684675
0.03494485683
0.8557136003
0.720576245
0.02952736533
0.02608614404
0.02393852991
0.02396352449
0.02392926035
0.02392784675
0.02392244872
0.02390562844
0.03097914237
0.9771321193
0.9759402619
0.03037352443
0.02389210704
0.02390246281
0.02390522345
0.02390699893
0.02390566828
0.02390043543
0.02390001173
0.02399706534
0.02856665703
0.04466222932
0.971194406
0.981613584
0.9858941561
0.9862101175
0.9837230927
0.9808937149
0.9756255087
0.8825297848
0.03813010723
0.05820390763
0.04561244342
0.02382488368
0.0238350767
0.02384125309
0.02384855859
0.02385603723
0.0238632018
0.0238703758
0.02387673656
0.02388215205
0.02388774927
0.02389424234
0.02389772559
0.02389988634
0.02390489016
0.02390460269
0.02390662955
0.02389985705
0.02390145177
0.02389030329
0.02484819629
0.02888765939
0.04470274289
0.9528038966
0.9835194806
0.9872038276
0.9881654589
0.9890750625
0.9857380123
0.9444792737
0.05121919466
0.03303612617
0.02707461623
0.03063929236
0.04355982639
0.07043678721
0.09579629516
0.9779279705
0.9744316839
0.9788886355
0.976070133
0.9752795886
0.9675532896
0.932293544
0.9786024065
0.9772962445
0.0291527052
0.02395302303
0.02399401295
0.02400875992
0.02401019285
0.02400435218
0.02400555824
0.02401268952
0.02399515457
0.02396223714
0.02577361938
0.03219555328
0.04176147498
0.9385570984
0.984339178
0.05967788706
0.02400553864
0.02398093527
0.02393639652
0.02391747759
0.02390478439
0.02394378487
0.02641315227
0.03322375396
0.7419382113
0.9771625985
0.9811353349
0.9777161469
0.9702151674
0.969439037
0.9774721878
0.9786910762
0.9763311875
0.9688361917
0.9612840305
0.9392571725
0.2032853215
0.9786143619
0.9693172719
0.03851866432
0.9395550942
0.04165878615
0.02948822436
0.02456735219
0.02386264485
0.02390329221
0.02392313103
0.02391361131
0.02391661085
0.02391681224
0.02391229704
0.02390095718
0.03087738603
0.9769465149
0.976125313
0.03048121281
0.02389628093
0.02390319462
0.02390183643
0.0238941864
0.0238815411
0.024709787
0.03062182408
0.09620758603
0.9838706637
0.9863834326
0.9873197855
0.9880436411
0.9864165994
0.9799535422
0.9578242197
0.04810849083
0.02997841767
0.02533731234
0.04624027675
0.04561218627
0.0238247872
0.02383534112
0.02384213846
0.02385022371
0.02385799627
0.02386512998
0.02387279227
0.0238788415
0.02388293156
0.02388816045
0.02389669797
0.02389839639
0.0238971906
0.02390556611
0.02390263073
0.0239060357
0.02390246067
0.02396639146
0.02678593665
0.03374561434
0.804974063
0.977399488
0.9840681261
0.9868375224
0.9859087976
0.9825008755
0.9798861955
0.09496745157
0.03164355694
0.0257455412
0.02581717704
0.02917204881
0.04374542433
0.9363088041
0.9687151719
0.9865802644
0.9884250656
0.9847695141
0.9837083209
0.9803490551
0.935637396
0.04612190808
0.036558468
0.9785095527
0.9866024886
0.04698280454
0.02394231825
0.02397906712
0.02399642979
0.02400003694
0.0239948072
0.02399381135
0.02400967238
0.02397693097
0.02738203446
0.03383291432
0.8374522461
0.9234584046
0.03575715253
0.9808581181
0.9853906037
0.03081314426
0.02398432818
0.02394324851
0.02391695785
0.02520432887
0.03064125871
0.06025274102
0.9692705348
0.9801835043
0.9838166147
0.9829865403
0.9782165057
0.9753632586
0.9763488321
0.9782770308
0.9790618908
0.9782757751
0.9632719447
0.7094611084
0.04053303783
0.03547416569
0.9735620645
0.9750161941
0.78207906
0.03324224392
0.02754142166
0.02394576892
0.02389153073
0.02389198035
0.02391291818
0.02391999053
0.02391461868
0.02391445481
0.02391407835
0.02391180628
0.02390986694
0.02390232985
0.03079261751
0.9767481449
0.9762853715
0.03070800164
0.02390396875
0.0239034068
0.02388674068
0.02543043472
0.03122679622
0.8330419839
0.9854654535
0.9896153701
0.9891585298
0.9883219639
0.9877679586
0.983176484
0.8317923888
0.0325236725
0.02613763087
0.02391880198
0.02389027218
0.04597617669
0.04561205026
0.02382493402
0.02383603682
0.02384351332
0.02385271641
0.02386045039
0.0238670472
0.02387607749
0.02388250198
0.02388450136
0.0238879135
0.02390083737
0.02390215397
0.02389497283
0.02390273826
0.02389662916
0.02392798189
0.02551376871
0.0317216386
0.07043098187
0.9719853261
0.9803288464
0.9839998866
0.9863602132
0.9860634291
0.9813760924
0.9418867711
0.03734685471
0.0299112668
0.02765625635
0.04197119023
0.1118269251
0.9536674954
0.9782861284
0.9832089485
0.984847658
0.9857154739
0.986595358
0.9795848407
0.9424655357
0.05487667598
0.0316724399
0.02580153338
0.02401216246
0.0582025345
0.9894620283
0.9802945638
0.02696676816
0.02396814065
0.02398825823
0.0239904538
0.02399286573
0.02402597097
0.0241711847
0.03366715671
0.04154098211
0.951481292
0.3539113634
0.03346376041
0.02603669428
0.04531093528
0.9874098438
0.932954374
0.02564534594
0.02515368019
0.02887025006
0.04338488053
0.9351885566
0.9828355533
0.9869699164
0.9862681647
0.9860056861
0.9839249439
0.9825369101
0.9792963219
0.9801532328
0.981061429
0.9445847596
0.9658494194
0.04471797084
0.02828909022
0.02574061214
0.02445423187
0.07724320731
0.9836428051
0.9564817953
0.02986441457
0.02394504352
0.02392343957
0.02389957385
0.02390514527
0.02391820999
0.02391994392
0.02391592045
0.02391420768
0.02391301647
0.02391154064
0.02391157497
0.02391618461
0.02390990825
0.03080418643
0.9763679148
0.9760398898
0.03209212971
0.02394265419
0.02711527952
0.03665405807
0.9475433143
0.9801778447
0.9879401691
0.9894757132
0.9870625533
0.9836318637
0.9779662311
0.06166698043
0.0299831888
0.02482587878
0.02386871801
0.0238830658
0.02387546882
0.04580617105
0.04561251117
0.02382574243
0.02383753085
0.02384533892
0.02385639014
0.0238635863
0.02386808594
0.02387926681
0.02388739127
0.02388881481
0.02388944341
0.0239026508
0.02390020293
0.02391065478
0.02421760544
0.02603701447
0.03156410731
0.05609221102
0.9528914073
0.9834943591
0.985910499
0.9835996633
0.9809783213
0.9776848788
0.9657069308
0.06469242172
0.0405524694
0.0433354711
0.07004508642
0.9475830099
0.9740559817
0.9891591611
0.988918746
0.9851743006
0.9850785641
0.9849917086
0.9806849049
0.9360563158
0.04496813845
0.02986761312
0.02564118612
0.02399016934
0.02396824534
0.02395355333
0.02826399538
0.9843140659
0.9886831609
0.04376880519
0.02396293595
0.02397658036
0.02395478681
0.02393145891
0.02600002698
0.0348142457
0.06491400198
0.973152855
0.0418913129
0.03103558927
0.0254408556
0.02393133161
0.02805243108
0.9665678752
0.9823042851
0.0503136384
0.04152410107
0.9000844596
0.9774423303
0.9847327695
0.9859191058
0.9878827919
0.98644645
0.9867775422
0.9840919234
0.9829544303
0.9783817974
0.935959971
0.2525456295
0.040787068
0.8536855725
0.04071653284
0.02399700574
0.02398735697
0.02404045055
0.02790660746
0.9767348198
0.9844080683
0.04093793421
0.02392428637
0.02391344923
0.02390093861
0.0239063009
0.02391603144
0.02391729729
0.02391504805
0.02391300887
0.02391224685
0.02391120242
0.02391166489
0.02392294634
0.02392697323
0.02393530002
0.03207174352
0.976436319
0.9736230239
0.04083903396
0.05928817724
0.9774897775
0.9832860108
0.9869032704
0.9894639517
0.98786454
0.9802533845
0.9506146719
0.03707658713
0.02727497048
0.02392454589
0.0238735355
0.02387177527
0.02387531076
0.02386494446
0.04573199872
0.04561566401
0.02382811618
0.0238406925
0.02384740221
0.02386089489
0.02386727359
0.02386815138
0.02387914056
0.02388400138
0.02388822508
0.0239111982
0.02424189977
0.02568673542
0.02788032308
0.04417439841
0.2909051758
0.9691513479
0.9847895449
0.9867261367
0.9846891726
0.9835432443
0.9746944533
0.960238116
0.9539392524
0.1256939216
0.912524171
0.942165241
0.9738133102
0.9883275296
0.9891612783
0.9861947796
0.9864594709
0.987842199
0.9837133904
0.9544954456
0.8662689168
0.04576421801
0.02923793229
0.0251374974
0.02395853314
0.02396232316
0.02395963535
0.02396124267
0.02394571377
0.02407900548
0.07107307718
0.9888575276
0.9813189995
0.02787191686
0.02403261902
0.02400582786
0.02922457011
0.0361564938
0.9237755158
0.9255702514
0.03313751325
0.0274905339
0.02397465535
0.02414039732
0.0266184525
0.03086285742
0.7914299625
0.971643915
0.9702816764
0.9775251244
0.9829899723
0.9841054946
0.9870493725
0.987000086
0.9880705679
0.9858701107
0.9850710237
0.9787914659
0.9200840587
0.04669441259
0.03066245654
0.02610558244
0.02486823415
0.04003251902
0.912548401
0.02560190768
0.02398904911
0.0239758748
0.02391773107
0.03726632624
0.9845030957
0.981335087
0.02826325161
0.02391213909
0.02390443479
0.02390739969
0.02391293434
0.02391301869
0.02391193805
0.02390930098
0.02391020781
0.02391148244
0.02391123283
0.02392648805
0.02393255098
0.02403673452
0.02721435766
0.04719208189
0.9747263967
0.9777764502
0.9850263217
0.9884788275
0.9884385408
0.989238338
0.9897598227
0.9856421822
0.8412713741
0.03129699668
0.02546418961
0.02386616117
0.02386797598
0.02385973629
0.02386087084
0.02386130377
0.02385258585
0.04568982581
0.04563354732
0.02383469829
0.02384605987
0.02385074515
0.02386366676
0.02386294017
0.0238687921
0.02391438789
0.02501183447
0.02613736938
0.03026027654
0.05156482008
0.4486397377
0.9679580417
0.9809578739
0.9907925763
0.9905361038
0.9886425562
0.9882589148
0.9849503556
0.9807178027
0.9718344122
0.9602550016
0.9426055026
0.9704623623
0.9782150529
0.9806040518
0.9827715674
0.9848972725
0.9878571649
0.9850387827
0.9594564827
0.8329661522
0.04656795965
0.03227558536
0.02628728338
0.02511263002
0.02396269671
0.02396521368
0.02395957493
0.02396851723
0.02396691994
0.02395516095
0.02393833235
0.02392391031
0.0304772143
0.9799943878
0.9874131157
0.06586330766
0.02732100132
0.0314593199
0.04904914897
0.9720113415
0.05874671727
0.03218139271
0.02521819225
0.02519702075
0.02709844887
0.04089656926
0.1182986191
0.9615656467
0.9739244086
0.9842042805
0.9856536198
0.9852543547
0.9854874441
0.98549216
0.9875428501
0.9871135351
0.9872140565
0.9826622579
0.9389703713
0.0452267406
0.02916810406
0.02527442117
0.02396087652
0.0239448101
0.02392315533
0.02994267047
0.9568392857
0.03042872103
0.02393526132
0.02395369763
0.02392803351
0.02513135216
0.9374848638
0.9882139638
0.07787615455
0.02394668434
0.02390576307
0.02390845582
0.02391058946
0.02390683851
0.02390616816
0.02390107282
0.02390141721
0.02390407288
0.02391394851
0.02440221237
0.02641227324
0.03408919733
0.08059407579
0.971960452
0.9816691567
0.987467664
0.9896670045
0.989716347
0.9880597097
0.986914056
0.9845908864
0.1119686449
0.03085216789
0.02468796688
0.02385517257
0.02386093406
0.02386104141
0.02385515191
0.02385295605
0.02385030727
0.02384237955
0.0456627129
0.0458272105
0.02386073856
0.02385004296
0.02385996409
0.02395728794
0.02522852356
0.02695302995
0.03648338411
0.06863513403
0.9476109168
0.9719507525
0.986594929
0.9923888382
0.992094306
0.9909976725
0.9913669936
0.991415633
0.9897893627
0.9881650574
0.9855917043
0.9823525631
0.9774639976
0.9732634112
0.9711155884
0.9707746192
0.9775401488
0.9805860039
0.9815170696
0.9637910643
0.9101861203
0.04865679238
0.03260277948
0.02599706207
0.02487151432
0.0239419019
0.02394157413
0.02396120279
0.02394831238
0.02394981452
0.02394580422
0.02394134057
0.02394230347
0.02394246353
0.02394962076
0.0239686508
0.02693842466
0.3792451227
0.9788772765
0.9815859258
0.05051697171
0.8944490074
0.9393007787
0.0396769334
0.03343265513
0.02758422392
0.0366030899
0.06285560827
0.9318139183
0.9691843581
0.9880788466
0.9870674304
0.9848981541
0.9873164058
0.9886119904
0.9884798859
0.9872382067
0.9871664457
0.9877740705
0.9850695317
0.9662487486
0.05648297136
0.03041985926
0.02526605637
0.02393919887
0.02393832113
0.02393992396
0.02394998705
0.02394829153
0.02545716342
0.8969473275
0.04066983475
0.02392797371
0.02393366597
0.02393007867
0.02391948146
0.02963924769
0.9858343562
0.9860349307
0.02990870225
0.0238994938
0.02390810959
0.02390904736
0.02389943343
0.02389405865
0.02388493802
0.02389108042
0.02489473682
0.02685009938
0.04060002555
0.4370850492
0.9703637055
0.9865195575
0.9874494709
0.9877579217
0.9898573191
0.9914920576
0.9894496135
0.9839993115
0.9734012591
0.04673061264
0.02888353685
0.02401194579
0.02387397282
0.02386560298
0.02386346429
0.0238586514
0.02385179716
0.02384701901
0.02384231272
0.02383479384
0.04564407965
0.04618556509
0.02405971831
0.02521150888
0.02730384371
0.04055237363
0.1251023702
0.9688867203
0.9817365475
0.9910582908
0.9919830921
0.9915989242
0.9923440678
0.9930824098
0.9934387931
0.9927923186
0.9923003506
0.9914356912
0.9904949539
0.989304924
0.9874600677
0.9853680941
0.9828052255
0.980277424
0.977375232
0.9727452674
0.9611056642
0.9528309061
0.5949157145
0.07421467575
0.04185424405
0.03696034018
0.03436863699
0.03331620339
0.03290583585
0.03262520621
0.03243221303
0.0322828647
0.03212281844
0.03198184358
0.03188780337
0.03187027804
0.03201297375
0.03251021242
0.03401516002
0.04002666553
0.04730178665
0.9159375195
0.9654153792
0.970392291
0.9307152928
0.05087379913
0.04550731107
0.05881719081
0.09568922115
0.9420945685
0.9672267587
0.9866646594
0.9867731333
0.9848901832
0.9857787879
0.9864752664
0.9852944354
0.9869670628
0.988017273
0.9884825739
0.9862330548
0.983626094
0.9791271402
0.6234380382
0.03445458079
0.02598136873
0.02397696718
0.02394767876
0.02393975051
0.02394991941
0.02394680326
0.02393783394
0.02393095951
0.02393465826
0.04199027482
0.8928383362
0.02533213384
0.02392463696
0.02392588558
0.02393532574
0.02398631028
0.07493320692
0.9877271822
0.9469760499
0.02548254833
0.0239120079
0.02390834519
0.02389544298
0.02391569965
0.02527435701
0.02868864835
0.04236969384
0.8978251023
0.9716217661
0.9889114331
0.9893304663
0.988355842
0.9888710447
0.9893772961
0.9900135948
0.9909516057
0.9876571238
0.9333503444
0.03444014453
0.02640324641
0.02388871564
0.02387457799
0.02385836981
0.0238568291
0.02385576405
0.02385155383
0.02384588359
0.02384088742
0.02383590248
0.02382918405
0.04563096073
0.1455651235
0.04970097126
0.3501405566
0.9769673232
0.986620852
0.9931142028
0.9936815982
0.9933404133
0.9939043818
0.9944379853
0.9942683519
0.9942191652
0.9940321237
0.9937680702
0.9935436916
0.9931481322
0.9923973447
0.9915941054
0.9907434083
0.9896230354
0.9883981833
0.9871125814
0.9858989569
0.9846342849
0.9830720581
0.9812045608
0.9796567284
0.9835955095
0.9870699998
0.9864232594
0.9858759637
0.9865035578
0.9860321681
0.9856142611
0.9852702896
0.9849659683
0.9846807708
0.9844046338
0.9841401184
0.9839020672
0.983719306
0.9836381552
0.9837233219
0.9840623721
0.9848429601
0.9872831176
0.9850183425
0.9836677595
0.9825416637
0.9757479823
0.9678221946
0.9778265958
0.9834091608
0.9903475941
0.9889226719
0.9859531147
0.9861637357
0.9866398829
0.9845744362
0.9839057972
0.9828905366
0.9837690138
0.9863696844
0.9855951607
0.9859947129
0.9811299321
0.9171132135
0.03817323667
0.02830850436
0.02473969204
0.02402356277
0.02398808112
0.02397624292
0.02395824458
0.02394479045
0.02393397982
0.0239219722
0.02391801821
0.02390859264
0.03064835124
0.9549658088
0.0295538991
0.02390816545
0.02391520301
0.02392560903
0.02397194911
0.02906870129
0.980482694
0.9842940406
0.04504069249
0.02395422492
0.02419089748
0.02610524332
0.03139562926
0.05403087828
0.9419464953
0.9797023902
0.9861472419
0.9869889904
0.9887200618
0.9893654252
0.9889528865
0.9876154337
0.9888188309
0.9885841113
0.9783452197
0.1086655182
0.03190089649
0.0248673654
0.02386270675
0.02386713125
0.02386202424
0.0238528266
0.02385028842
0.0238484369
0.0238447042
0.02383993822
0.0238353249
0.02383078343
0.02382508605
0.04562184991
0.9856774854
0.9921660795
0.994731164
0.9951876565
0.9950451186
0.9954597205
0.9957974461
0.9956047887
0.9955268936
0.9953967265
0.9953356968
0.9952302649
0.9949452282
0.9945985435
0.994292231
0.9939409064
0.9934019508
0.9928020457
0.9921828157
0.9915002987
0.9908130573
0.9901703459
0.9896375149
0.9892110516
0.9888971566
0.9887923818
0.9890510923
0.9895350095
0.9909396007
0.9915498666
0.9917315012
0.9917419198
0.9917303199
0.9916825168
0.9916054504
0.9915204353
0.9914325381
0.9913409785
0.9912437064
0.9911370567
0.9910143921
0.9908638909
0.990665811
0.9903937325
0.9900453772
0.9898230262
0.9902973698
0.9902713938
0.9902448267
0.9893596436
0.9873480223
0.9872720185
0.9883942122
0.9891807474
0.9893898985
0.9870832719
0.9852271285
0.9824080075
0.9798210256
0.9781555366
0.9765620649
0.9782267203
0.9813997308
0.9751118622
0.9338504184
0.0488524224
0.03004060097
0.02534406954
0.02410212396
0.02408959223
0.02405151082
0.02402238059
0.02400598035
0.02397986118
0.02393741459
0.02391108481
0.02389589997
0.02389143901
0.02392022804
0.02627914621
0.9449593398
0.04043638495
0.02392637296
0.02391481497
0.02395185295
0.02405308199
0.02632314349
0.05070892272
0.9787712447
0.9742029998
0.03483907107
0.04206778485
0.2226402103
0.9685348234
0.9850860088
0.9874926452
0.9873848587
0.9890467974
0.9888717177
0.9887613888
0.9867428184
0.9862748454
0.9823663344
0.961932298
0.09621504584
0.03600787861
0.02642531296
0.02398526152
0.02387611627
0.02387306247
0.02386833414
0.02385981344
0.02385097903
0.02384634603
0.02384285989
0.0238389076
0.02383462315
0.02383052371
0.0238266719
0.02382208866
0.04561568682
0.9915205437
0.9957567313
0.9965890675
0.9969561566
0.9968630706
0.9967946669
0.9966719848
0.9965841802
0.9964709437
0.9962758285
0.9961050431
0.9959339601
0.9956677066
0.9953489336
0.9950335798
0.9946977347
0.9942918838
0.9938543725
0.9934106534
0.9929670994
0.9925554564
0.9922019306
0.9919343871
0.9917569012
0.9916714249
0.9916906028
0.9918089312
0.9919405529
0.9920810732
0.9923641658
0.992606778
0.9927028373
0.9927263074
0.9927428994
0.9927349638
0.9927094999
0.9926731466
0.9926272504
0.9925694183
0.9924937217
0.9923903403
0.9922456467
0.9920450336
0.9917852827
0.9915147778
0.9914240487
0.9917890788
0.9924316171
0.9926770137
0.9923907685
0.9915758854
0.9904643431
0.9896682223
0.9889849061
0.9878457087
0.9864753436
0.9840786012
0.9791765741
0.9711448625
0.9574873064
0.9301229015
0.9351354654
0.9634312834
0.04669315877
0.02894155447
0.02590971524
0.02421891385
0.02424498808
0.02414752414
0.02409044417
0.02406284999
0.02405191161
0.02409227951
0.02419002579
0.02452293302
0.02540514714
0.02563559482
0.02607589744
0.02654107706
0.02776823981
0.04474718852
0.7615029652
0.02927059265
0.02918282335
0.03255929328
0.04580332865
0.06826932298
0.9533920596
0.9752778834
0.9783968789
0.9673047882
0.9748916959
0.9894647722
0.9894977221
0.9885219354
0.9894487014
0.98959069
0.98856366
0.9874969473
0.9862991471
0.9754463147
0.9149122594
0.04664237323
0.03007129013
0.02584454573
0.02400709896
0.0238943386
0.02388089127
0.02386850474
0.02386800007
0.02386281233
0.02385487972
0.02384737798
0.02384223557
0.0238380264
0.02383396471
0.02383004921
0.02382649724
0.02382337623
0.02381990051
0.04561172428
0.9942529228
0.996988879
0.9974582421
0.9976121428
0.9976199389
0.9975388433
0.9973831498
0.9972341609
0.9970874525
0.996897295
0.9966984288
0.9964899996
0.9962397542
0.9959580623
0.9956669951
0.9953634154
0.9950363589
0.9947024307
0.9943744633
0.994063973
0.9937895081
0.9935645784
0.9933992985
0.9932935519
0.9932430437
0.9932410577
0.9932680664
0.9932815735
0.9932799422
0.9933358961
0.9934527105
0.993538127
0.9935841938
0.9936150227
0.9936328954
0.9936383028
0.9936336152
0.9936198182
0.993595392
0.993556325
0.9934965709
0.9934094835
0.9932921645
0.9931562076
0.9930483546
0.9930685259
0.9933051354
0.9936474454
0.9938143447
0.993642923
0.9931089784
0.9922544775
0.991250233
0.9901667766
0.9888698493
0.9873707161
0.9851668069
0.9810631652
0.9739897868
0.9611960327
0.9349170806
0.9331067841
0.09504394732
0.07118816212
0.04445837045
0.04475915707
0.04385196021
0.04386512178
0.04487432082
0.04619919658
0.04791227842
0.05013629874
0.05367733199
0.06198123304
0.09507309182
0.3218257553
0.8639707569
0.8351715797
0.8607430491
0.9110894545
0.9608357567
0.9629300005
0.9456235579
0.9631296018
0.9757529454
0.9828339256
0.9885423228
0.985936679
0.9853677227
0.98697696
0.9864649586
0.9856957751
0.9873071251
0.9887568655
0.9888806278
0.9880949367
0.9889779803
0.9880776953
0.9673429101
0.8489950942
0.03989527036
0.02768177054
0.02505439087
0.02389088026
0.02386860646
0.02386844876
0.02386777809
0.02386617086
0.0238594971
0.0238583997
0.02385465903
0.02384870174
0.02384274138
0.02383790796
0.02383368522
0.02382978881
0.02382625648
0.02382322699
0.02382077154
0.02381831543
0.04560936297
0.9961424877
0.9978716437
0.998087907
0.9981420723
0.9981045284
0.9980104524
0.9978644739
0.9977034275
0.9975357295
0.9973483894
0.9971480375
0.9969336427
0.996696483
0.9964417617
0.9961782741
0.9959080466
0.9956326013
0.9953623917
0.995105982
0.9948720034
0.9946707509
0.994508828
0.9943890031
0.9943085682
0.9942617295
0.9942399897
0.9942289858
0.9942092666
0.9941830024
0.9941847823
0.9942244572
0.9942720726
0.9943124485
0.9943463738
0.9943734229
0.994394202
0.9944092826
0.9944190409
0.9944228941
0.9944191759
0.9944056102
0.994380507
0.9943454116
0.9943100272
0.9942983131
0.9943467823
0.9944722773
0.994614262
0.994650503
0.9944896734
0.9940930138
0.9934634539
0.9926582795
0.9917304776
0.9907132688
0.9896541844
0.9884238436
0.9868856479
0.9853082691
0.9842552398
0.98452192
0.9858280996
0.9893018059
0.9910892617
0.9913730075
0.9913456262
0.9915504788
0.991785633
0.9920256112
0.992258737
0.9924802049
0.9926845569
0.9928630259
0.993002265
0.993102155
0.9930492097
0.9915628129
0.9884536538
0.9859968845
0.9852006312
0.9850760854
0.9859412339
0.9846981346
0.9849653646
0.985768745
0.9863771136
0.9865895164
0.987277318
0.987236831
0.9884963229
0.9889259959
0.9881215795
0.9878070178
0.9859665745
0.9864231729
0.9835825672
0.9626546346
0.08452728377
0.03583528517
0.02639273131
0.02482294602
0.0238735331
0.02385738167
0.02385852484
0.02386116726
0.02386136517
0.02385740463
0.02385611946
0.02385254055
0.02385045919
0.0238471445
0.02384261766
0.0238379011
0.02383365754
0.02382980121
0.02382629554
0.02382321545
0.02382067445
0.02381877036
0.0238171818
0.04560808546
0.9975359329
0.998504348
0.9985553948
0.9985285039
0.9984520856
0.9983408423
0.9981998865
0.9980422986
0.9978729986
0.9976895841
0.9974937846
0.9972841841
0.9970588888
0.9968220147
0.9965791707
0.996334308
0.9960925072
0.9958620936
0.9956501404
0.9954629908
0.995306236
0.9951824051
0.9950906598
0.99502666
0.9949840737
0.9949553917
0.9949316525
0.9949043119
0.9948760968
0.9948634952
0.9948734566
0.9948965149
0.9949255356
0.9949568797
0.9949876899
0.9950170806
0.9950449111
0.9950713219
0.995096481
0.9951205007
0.9951436557
0.9951668662
0.9951924499
0.9952249817
0.9952712361
0.9953362782
0.9954114125
0.9954589783
0.9954210328
0.9952504113
0.9949219911
0.9944331298
0.9938125722
0.9931086072
0.99239126
0.9917425968
0.9911893576
0.990776886
0.990631921
0.9908430969
0.9914082602
0.9921676698
0.9928209953
0.9938322699
0.9940365872
0.9940788939
0.9941721474
0.9942463265
0.9943042243
0.9943526743
0.9943932792
0.9944215853
0.9944253928
0.9943804501
0.9942483729
0.9939860055
0.9935058441
0.9925898763
0.9915679494
0.9909776713
0.9906456321
0.9904129426
0.989906457
0.988928501
0.9878518915
0.986750328
0.9854857238
0.9848157314
0.9858783804
0.987128357
0.987939066
0.9865722426
0.9857799488
0.9802611909
0.9376366258
0.05079321706
0.03056783744
0.02574256722
0.02397736536
0.02388599842
0.0238635257
0.02385994141
0.0238593103
0.02385745378
0.02385549256
0.02385492331
0.02385155544
0.02384907357
0.02384625687
0.0238438751
0.02384078553
0.0238371016
0.02383328673
0.02382969222
0.02382638233
0.02382341633
0.02382087218
0.02381882416
0.0238173493
0.02381639475
0.04560745586
0.9986128835
0.9989634924
0.9988873258
0.9987992595
0.9986953256
0.9985758548
0.9984404424
0.9982916962
0.9981298374
0.9979538053
0.9977639355
0.9975596966
0.9973416887
0.9971139094
0.9968817161
0.9966506881
0.9964276264
0.9962205388
0.996036326
0.9958803631
0.9957558496
0.9956626669
0.9955972957
0.9955533365
0.9955229361
0.9954981894
0.995472485
0.9954427498
0.9954134319
0.9953948477
0.9953924093
0.9954039259
0.9954262351
0.9954559502
0.995489625
0.9955251957
0.9955617467
0.9955992275
0.9956382959
0.9956802965
0.9957273333
0.9957822966
0.995848537
0.9959286913
0.9960220304
0.9961200248
0.9962014742
0.9962317748
0.9961726244
0.9959955967
0.9956865696
0.995247832
0.994705323
0.9941116483
0.9935481723
0.9931072997
0.9928535469
0.9928291273
0.9930447727
0.9934397077
0.9938976653
0.994283659
0.9944898355
0.994525048
0.9944969034
0.9944079473
0.9943366678
0.9942654112
0.9941858278
0.994099641
0.9940092689
0.9939159567
0.9938206569
0.993726504
0.9936453339
0.9936071874
0.9936388891
0.9936799687
0.9936107575
0.9934542309
0.9932685999
0.992928137
0.9922420306
0.9911080602
0.989570801
0.987800193
0.985910104
0.9841842398
0.9827070958
0.9809781381
0.9808222667
0.9736558412
0.9339756323
0.04669717187
0.02949756803
0.02531109932
0.0239294509
0.02389666484
0.02389099069
0.02388949738
0.02388388981
0.02387717805
0.02387291111
0.02386907385
0.02386400091
0.02385950188
0.02385425683
0.02384920741
0.02384425092
0.02383977608
0.02383544719
0.02383136783
0.02382772556
0.02382463197
0.02382207803
0.02382002711
0.02381843291
0.02381724425
0.02381641174
0.02381591431
0.04560712024
0.9974290476
0.9986650017
0.9981870099
0.9978956105
0.9976559302
0.9974216549
0.9971710762
0.9968974999
0.9965960059
0.9962628172
0.9958979071
0.9955007268
0.9950732306
0.9946236999
0.9941636375
0.9937059248
0.9932660351
0.992861557
0.9925077844
0.9922161545
0.9919926573
0.9918356347
0.9917357731
0.991677408
0.9916416441
0.9916096221
0.9915662768
0.9915059486
0.9914388476
0.9913869927
0.9913652906
0.9913744316
0.9914108812
0.9914684585
0.9915391524
0.9916169211
0.9916983625
0.9917825508
0.9918707605
0.9919664159
0.9920752266
0.9922051646
0.9923655098
0.9925637104
0.992798773
0.9930513433
0.9932748319
0.993397485
0.993342047
0.9930497911
0.9924888547
0.9916570805
0.9905979409
0.989417059
0.9882924387
0.9874398705
0.9870267031
0.9871394049
0.9877520477
0.9886824642
0.9896533253
0.9903774118
0.9906410539
0.9904100061
0.9898974101
0.9894084684
0.9890059753
0.9886404713
0.9882809128
0.9879117263
0.9875323234
0.9871526024
0.9867986679
0.9865286044
0.9864536068
0.9867267453
0.9874054717
0.9882498609
0.988865738
0.9891119475
0.9890509221
0.9885727777
0.9873541035
0.9851356149
0.9818609376
0.977775674
0.9734014481
0.9692881679
0.963982567
0.9497971676
0.9223892788
0.2076834684
0.06635088241
0.05172754883
0.04616400206
0.04592701118
0.04590609941
0.04590867314
0.04588763845
0.04586408562
0.04585876451
0.04584286542
0.0458250696
0.045809024
0.04578918302
0.04576812398
0.04574525542
0.04572268439
0.04570055827
0.04568002551
0.04566131575
0.04564528449
0.04563248748
0.04562294538
0.04561628373
0.04561197433
0.04560943064
0.04560808222
0.04560743702
0.04560710795
0.06640778853
