0.993939522
0.9955882078
0.9938751944
0.9928090907
0.9916963955
0.9904907987
0.9889730138
0.9873568778
0.9855073761
0.9833759511
0.9810494405
0.9785268503
0.97601969
0.9736091942
0.9716731364
0.969930662
0.9687187373
0.9677325036
0.9670580487
0.9665985286
0.9663477651
0.9662351201
0.9662946985
0.9664160118
0.9666041458
0.9668098482
0.9670584395
0.9672923839
0.9675666271
0.9679966463
0.9685420946
0.9693319674
0.9702767936
0.9712484158
0.9720795837
0.9725489645
0.9725977163
0.972111644
0.9711682399
0.969941048
0.968422797
0.9668345549
0.9653052914
0.9639127462
0.962869902
0.9622253403
0.9617955356
0.9615090658
0.9613106656
0.961059509
0.9610356792
0.9612458825
0.9616809373
0.9619636686
0.9617098083
0.9608194938
0.9593648349
0.957497352
0.9551655946
0.9522974936
0.9494475554
0.9467459882
0.9443964714
0.9427367397
0.9424001617
0.9432001542
0.9449066566
0.9463976858
0.9469712768
0.9463507069
0.9449225004
0.9428229762
0.9406114327
0.9383917598
0.9366686587
0.9352583734
0.933360884
0.930811351
0.9285960585
0.926450378
0.9223271956
0.9177927453
0.9122557043
0.907184102
0.8980099656
0.8846041867
0.8628284684
0.8269033941
0.7608875937
0.6252104687
0.4161122214
0.2542302413
0.1574477215
0.118146651
0.120597711
0.1157513167
0.1061161404
0.09758305112
0.0951216877
0.09663138463
0.09414353346
0.09213889303
0.09350200929
0.09300017393
0.09387559932
0.0927132357
0.09266364997
0.09373084771
0.0932706156
0.09424036378
0.09427696083
0.09419330807
0.09382502878
0.09372538434
0.09424222047
0.094186692
0.0940740418
0.09410988621
0.09397552031
0.09413339958
0.2193087066
0.9922106581
0.9971291999
0.9966638168
0.9961149473
0.9955256965
0.9948880638
0.9941779454
0.9933853171
0.9924752559
0.991484035
0.9903737915
0.9891729659
0.9879741507
0.986764614
0.9856949559
0.9848083252
0.9840461197
0.9834521173
0.9829837744
0.9826293455
0.982382911
0.9822420965
0.9821838792
0.9821876734
0.9822353946
0.9823092788
0.9823800908
0.9824582939
0.9825402659
0.9826524257
0.9828417122
0.9831332727
0.9835190284
0.9839434393
0.9843285234
0.9846006003
0.9846773389
0.9845361953
0.9842046518
0.9836851182
0.9830528914
0.9823748908
0.981650643
0.9809511734
0.9803282632
0.9798236449
0.979443792
0.9791103758
0.9787336169
0.9783356955
0.9780288308
0.9778714244
0.9779085815
0.9780197982
0.9780081608
0.9777157366
0.9771296251
0.9763726413
0.9754343393
0.9743059325
0.9731038649
0.9718477974
0.9706685475
0.9696756064
0.9690585474
0.9691880758
0.9699996689
0.9708335867
0.9713422918
0.9713658049
0.9710462317
0.970402208
0.9696811644
0.968935798
0.9682571622
0.9676008859
0.9669955297
0.9661003926
0.9649075734
0.9635903136
0.9622932117
0.9598925131
0.9573315945
0.9550907484
0.9521747282
0.9490294338
0.9451468385
0.9396273297
0.9321140852
0.9213408076
0.9030907387
0.8670159991
0.5805903316
0.1264847859
0.04855630543
0.06828615822
0.04718667707
0.0510104317
0.05310858073
0.05118171323
0.05054688255
0.05082074669
0.05049398911
0.05054424803
0.05049606868
0.0505773492
0.05065036515
0.05047611339
0.05050185536
0.05041330884
0.05031434428
0.05026354071
0.05016364116
0.05014418822
0.05012111179
0.05004174858
0.05003932541
0.05004415351
0.04998791635
0.04999051799
0.09364093273
0.9860793332
0.9945078074
0.9953194141
0.9950463651
0.9944866145
0.9938515108
0.9931339581
0.9923505314
0.9915120766
0.9905690168
0.9894952493
0.9883378271
0.9871327085
0.985880004
0.984960703
0.9836871679
0.9829135945
0.9820398764
0.9814146122
0.9808732405
0.9804748357
0.9801821183
0.9800208867
0.9799583052
0.9799571121
0.979974413
0.9800097814
0.9799876182
0.9799530298
0.9798904538
0.9798659882
0.9799567752
0.9802312392
0.9806059938
0.9810292063
0.9813519327
0.981508158
0.9814407846
0.981202064
0.9808328152
0.9803624139
0.9798310823
0.9791874636
0.9784076873
0.9775332466
0.9766998582
0.9759390554
0.9751338845
0.9741629925
0.9729779825
0.9717021512
0.970641129
0.9702166029
0.970387366
0.9704505683
0.9702427632
0.9699397999
0.9695835454
0.9691051293
0.9684771279
0.9674945086
0.9664484521
0.9652154027
0.9634821431
0.9616216481
0.9598962747
0.9607121857
0.962590454
0.9636574835
0.9642340412
0.9646227534
0.9646194874
0.964304158
0.9636211774
0.9629699192
0.9624893547
0.9618969296
0.9610367023
0.959852093
0.9580092868
0.9561500861
0.9537533968
0.950128236
0.9462478915
0.9421876202
0.9402399734
0.9391152616
0.9385960079
0.9388903491
0.940925654
0.9474278985
0.9540151623
0.9611355744
0.9532798643
0.8915821749
0.5283275705
0.09441477027
0.05969334628
0.05301533599
0.05246459974
0.05366355135
0.05174227431
0.05069791975
0.05083227904
0.05057932353
0.05079692664
0.05058729454
0.0508017997
0.05054487509
0.05061054252
0.0504391549
0.05038409654
0.05027803791
0.05024288288
0.05018626704
0.0501429839
0.0501075826
0.05007721605
0.05001681577
0.04998710308
0.09385241293
0.9742211652
0.990060938
0.9924399858
0.9929492365
0.9925980581
0.9921545981
0.9915557101
0.9908748489
0.9901942012
0.9893826286
0.9883566094
0.9871196283
0.9857630851
0.98437819
0.9829517051
0.9816848642
0.9806192696
0.9796208362
0.9788046924
0.9780706558
0.9774832175
0.9770713174
0.9768166596
0.9767078674
0.9766556141
0.9766966453
0.9767488733
0.9766789502
0.9764683627
0.9760852387
0.9755989043
0.9752074542
0.9751811931
0.975556292
0.976101426
0.9766832632
0.9770250226
0.9771201019
0.9770723931
0.9769401837
0.9767049857
0.976469952
0.9759975244
0.9751120712
0.973719957
0.9720553537
0.9702313508
0.9686319959
0.9668058189
0.9638687789
0.9602637314
0.9555614462
0.9514586051
0.9510068081
0.9521663587
0.9519521547
0.9515848166
0.9529483878
0.9537014221
0.9539895856
0.9540867089
0.9528215904
0.9504734435
0.9480704696
0.9424447394
0.9328175598
0.9199710686
0.9223510543
0.9282635944
0.9288822439
0.9313605569
0.933818747
0.9356260469
0.9355406879
0.9338114551
0.9328879484
0.9337159611
0.9328020097
0.932086389
0.9315179398
0.927760479
0.9237488745
0.9210388884
0.9160257902
0.9056540573
0.8984656264
0.8968306382
0.9065587761
0.9156969231
0.9242385332
0.9333673116
0.9433143042
0.9511282616
0.9554970583
0.9546198696
0.9484838163
0.9231246867
0.7130121662
0.07854875683
0.0728200242
0.0530997094
0.05257176804
0.05120284036
0.05156933667
0.05005433859
0.05057470685
0.05033827792
0.05038618181
0.05063136606
0.05073952177
0.05070822716
0.05057642487
0.05045514776
0.05034483694
0.05022320397
0.05019752972
0.0501519642
0.0500995919
0.05002713487
0.05001666102
0.09398362381
0.2359328259
0.9651244525
0.9798873166
0.986887372
0.9880879349
0.9884951325
0.9890646383
0.9885731871
0.9881869693
0.9879549551
0.9871799696
0.985955988
0.9843232454
0.9825028156
0.9806164906
0.9787453518
0.9772595044
0.9758886251
0.9747538924
0.9737222578
0.9728682438
0.9721785982
0.9720116166
0.9719876511
0.9720771593
0.972279435
0.9722981396
0.9721633475
0.9721359359
0.9714875998
0.9700324829
0.9680700404
0.9666725831
0.9659742481
0.9672797063
0.9679062777
0.9684551838
0.9695169181
0.9695564431
0.9701984817
0.9706637815
0.9708736818
0.9708512804
0.970858274
0.9689155338
0.965138457
0.9602434094
0.955029836
0.9503533879
0.9467115593
0.9338505009
0.9191236847
0.8847253883
0.8191670042
0.7977535293
0.7893047998
0.7634352569
0.7610339403
0.8018403253
0.823979534
0.846676773
0.872629388
0.868062532
0.864841384
0.8653070379
0.8511605636
0.7723651965
0.4654511927
0.2252447451
0.1671274684
0.1215159526
0.07851327048
0.08863644454
0.1188132533
0.1945185671
0.2371177443
0.2486221567
0.2768433666
0.3200336411
0.3432104195
0.4483290325
0.483357734
0.5052841149
0.6152112905
0.6527618274
0.7182304216
0.7112856579
0.7261106598
0.7137434633
0.7911361678
0.8458859874
0.8877007561
0.9214955535
0.9396500384
0.9498484163
0.9537637633
0.9553287814
0.9497812281
0.9282311532
0.7363901771
0.09865343305
0.07465538141
0.05303000663
0.05194976143
0.05106389568
0.05169354588
0.05017253597
0.05030665896
0.05074602198
0.05046230903
0.05092235763
0.05074191107
0.05063945426
0.05047765355
0.05037324178
0.05028242738
0.05021848571
0.05010891365
0.05007786164
0.05002988106
0.09415275617
0.09374213196
0.05574254924
0.06295397914
0.1113352034
0.9546406384
0.9655415073
0.9798911333
0.9834575103
0.9835981863
0.9850411847
0.9858577091
0.9849950816
0.9829271204
0.9803707666
0.977137583
0.9736724011
0.9708004889
0.9684806067
0.9667776845
0.9654061326
0.9633123141
0.9621175074
0.9612367949
0.9615485777
0.9615924189
0.9616614693
0.9617657403
0.9620087714
0.9618409
0.9617392692
0.9602927434
0.9544082224
0.9442977661
0.9328305355
0.9277555891
0.9294828433
0.9302803733
0.9306635786
0.9359688844
0.9385088107
0.9444203271
0.9498985052
0.9515432067
0.9567691486
0.9586348736
0.9531451097
0.9441388387
0.9335593405
0.91999948
0.9152787511
0.9063423412
0.8896610412
0.8674218539
0.8214711
0.5804894713
0.2562264651
0.1975954934
0.2722399553
0.1802328387
0.1470522041
0.192219991
0.1905932324
0.3549741823
0.6481405312
0.5591592694
0.722100583
0.7259905442
0.9056754323
0.6533851855
0.1456563337
0.1112487665
0.09038482273
0.09451058979
0.1031116035
0.127428334
0.1581800994
0.2819058784
0.2217516015
0.2406739259
0.1855926838
0.1477637154
0.2150777749
0.2515236114
0.2287073115
0.2035253247
0.2549232071
0.303975949
0.411334683
0.3733318494
0.3404248293
0.3643173768
0.5245089167
0.6370634565
0.7978031739
0.8847557895
0.9271887344
0.9470737189
0.9561679107
0.9575901738
0.9511941112
0.9281967257
0.7969589024
0.142474371
0.07530294835
0.04995000371
0.0513860641
0.05069981714
0.05112789673
0.04988983155
0.05021419213
0.05063599156
0.05078543932
0.05090402539
0.05063395002
0.05051527868
0.05037512336
0.05025569797
0.05020963024
0.05012465039
0.05010338015
0.09367260695
0.09386402632
0.05076988021
0.05119559932
0.05152011728
0.05545552592
0.06315749072
0.08637485511
0.1734943949
0.9553766029
0.961474146
0.9783333522
0.9822041373
0.982349305
0.98041899
0.9753037086
0.9680369031
0.9590917484
0.9515196608
0.9467722688
0.9444663038
0.940687366
0.9313741102
0.922618945
0.9179399914
0.9206937253
0.9182872407
0.9173574785
0.914852664
0.9173700087
0.9162566097
0.9312883896
0.9356991716
0.9185533561
0.8587758471
0.7613158184
0.5698580068
0.4761611994
0.60392542
0.2871405496
0.2710274217
0.2406582629
0.2476316423
0.3500388044
0.6523814528
0.6827858628
0.866418272
0.9339434214
0.9455994357
0.9390089386
0.9400021548
0.8840146902
0.9363260382
0.9139379912
0.9566506019
0.9608177166
0.8111337726
0.2152728234
0.1544460182
0.1503865543
0.1193704683
0.1129114007
0.1590744989
0.1491947782
0.1707490725
0.5731567341
0.7141576502
0.7642670577
0.8335789117
0.9496752225
0.9453786632
0.7807378458
0.160897941
0.1404158498
0.1625652045
0.2282620078
0.2279371262
0.3277597685
0.3124284627
0.3662970303
0.2928732557
0.5968684792
0.4065335039
0.2507420278
0.5140514154
0.4265830727
0.4598240324
0.3822689379
0.3623422677
0.2115656769
0.4263072744
0.3381165323
0.2965022917
0.3769373989
0.2228321758
0.1942388503
0.5166311782
0.8271724914
0.9254431853
0.9509338731
0.957064232
0.9570962454
0.9491918495
0.9298504291
0.8086560272
0.1411532281
0.07343851901
0.05043045921
0.05162096765
0.05090262262
0.0505270402
0.04993030269
0.05081848063
0.05052109874
0.05090371094
0.05071176311
0.05052518159
0.05037231707
0.05027999761
0.05020694289
0.05013480835
0.09371534988
0.09342500049
0.05052043781
0.05135335065
0.05174728405
0.05195711468
0.0533994738
0.05569301335
0.05458428958
0.06520329281
0.0747883897
0.1133360693
0.3541312436
0.9608578478
0.9708476648
0.9740061848
0.9688239243
0.9563698617
0.9275856806
0.8756122636
0.8463295555
0.8358995843
0.8567918639
0.7736225558
0.6140782531
0.3660356651
0.2756795663
0.2810662343
0.2689900361
0.193691613
0.2405954491
0.241923318
0.2093040503
0.5673059857
0.8563092885
0.9230611601
0.9197557618
0.8938268461
0.2666242078
0.2002997496
0.1354626844
0.1286194248
0.1809051909
0.2044460572
0.3415978923
0.3584476846
0.5536816255
0.4575737069
0.6238703092
0.8232319736
0.9152613322
0.9402298914
0.9449795516
0.926057287
0.9281065744
0.933283244
0.960052933
0.9657084598
0.8432029143
0.3905293831
0.134088564
0.07499749019
0.0797056164
0.08330752211
0.09574518957
0.1088062884
0.1528169621
0.2838301
0.3664870422
0.1883804528
0.4581107767
0.9206640538
0.8769283715
0.1467315206
0.09761663066
0.1187528096
0.1499357653
0.2385965522
0.1937527782
0.2749521662
0.3136693955
0.1969132341
0.2130734564
0.485931561
0.4463121574
0.3598800733
0.5673557937
0.5916230845
0.3897483557
0.6647871351
0.4480295084
0.6208817467
0.5480421183
0.5835145358
0.2351170801
0.1447853187
0.1204842576
0.1103137157
0.2494156438
0.7291701236
0.9250461485
0.9507124042
0.9581745623
0.9577645701
0.950175666
0.9239996408
0.7455578048
0.1068946181
0.06866858957
0.0522000465
0.0511722638
0.05053790904
0.05031838918
0.05091129947
0.05083873113
0.05061157029
0.05067036003
0.05048344049
0.05036083457
0.05025812651
0.05017716733
0.09418304285
0.09436255294
0.0505955223
0.05126777702
0.05143614887
0.05183959251
0.05225614658
0.05254502986
0.05553745847
0.0539749861
0.05635052132
0.06424110714
0.06627257957
0.07099616696
0.08870825671
0.2414014469
0.9536385302
0.9631497205
0.9579124181
0.9343123791
0.8446535758
0.594866764
0.4824651138
0.7724809788
0.83605521
0.7861976755
0.3881183251
0.1589536737
0.1439018255
0.1605654705
0.1648342745
0.2011328938
0.1903134386
0.1676524363
0.1729853583
0.5670037851
0.8727901901
0.9220118714
0.9400833885
0.9253064865
0.5504276307
0.2205004529
0.1503022111
0.2499803918
0.2327087332
0.305960309
0.3117798837
0.2862855683
0.3128341934
0.4585784987
0.378616159
0.6196529722
0.8816163409
0.9002968417
0.8470597592
0.881247086
0.8482573589
0.9571831566
0.9605000921
0.9615863509
0.7908573656
0.5082639435
0.1934210642
0.09922383601
0.1074907057
0.1914100347
0.1736642138
0.3263473649
0.3061416115
0.3370597804
0.1917565631
0.2346245421
0.7817850972
0.9448825494
0.6615243996
0.1929550147
0.2031034313
0.3113429975
0.2317955356
0.2296650332
0.2012203392
0.2271068709
0.3128940666
0.3004938765
0.5364460563
0.3487330113
0.6065654684
0.3097375832
0.6783808239
0.3345476631
0.8478149083
0.6217086787
0.721077748
0.4292289876
0.2735433292
0.454960299
0.2780379535
0.1808382096
0.1261046191
0.1235804793
0.1691892464
0.5924682569
0.9190326437
0.9536315889
0.9599567997
0.9572056675
0.9444997909
0.9035616405
0.4762528778
0.02677662253
0.04754479374
0.05024541468
0.05073113644
0.04979613373
0.05066853334
0.05052367475
0.05067242617
0.05067638657
0.05047302154
0.05034181815
0.05019128181
0.09430200782
0.09375270573
0.05069363813
0.05120363896
0.05143256944
0.05153331427
0.05220367013
0.05255251706
0.05356719262
0.05420717394
0.05706735959
0.05756862249
0.06030904281
0.06606588937
0.06439227569
0.0618896729
0.07867415038
0.6034993769
0.9491941746
0.9587154963
0.9494870252
0.9113103341
0.75431379
0.2684451763
0.4693241733
0.831875119
0.8994150781
0.8626067174
0.6762517959
0.2817166862
0.3160783389
0.2391377347
0.31913714
0.3901671019
0.2727342383
0.3156792446
0.258919215
0.3736643947
0.471195638
0.8923617442
0.924314171
0.9132210111
0.6883934218
0.2263488506
0.2419829089
0.21421334
0.4742663356
0.3708723276
0.5770711707
0.396867953
0.4548497495
0.2938488828
0.3351272042
0.4896299996
0.8614075217
0.8387600425
0.8966716973
0.6063720701
0.9209587115
0.9468749531
0.9605300152
0.938403625
0.739018605
0.4064138285
0.1564620691
0.1267949252
0.2457227992
0.3113468699
0.1858672461
0.2025290654
0.217882796
0.1977592056
0.144852105
0.1985898693
0.8864563664
0.899696268
0.3364325948
0.2903808774
0.1772575243
0.3244582759
0.1847940417
0.2524266599
0.1978870948
0.4754900145
0.2437073039
0.3197448309
0.3720574251
0.3141544807
0.3724075287
0.7164662285
0.3649899185
0.5373502566
0.2665860972
0.3333599382
0.238326969
0.2126795279
0.2425577511
0.3176383344
0.3772095989
0.2429900696
0.1755374193
0.1359899671
0.2027429054
0.5548940413
0.929641299
0.9580014188
0.9603873344
0.9544244748
0.9377695414
0.8434083738
0.1657768584
0.05319434089
0.04286564748
0.04986853888
0.04990242977
0.05044332518
0.05065650281
0.05065401465
0.05061644219
0.05041549883
0.05028873873
0.09419509767
0.09390781481
0.05066873879
0.05128597334
0.05142774894
0.05168543584
0.05199631446
0.05214779063
0.05261360532
0.05371806858
0.05600529902
0.05763764124
0.05740839069
0.06079105228
0.06246469054
0.06306723231
0.06142530826
0.06434209808
0.109723047
0.8774109911
0.9501514225
0.948780512
0.9233030721
0.8417034975
0.3553807459
0.1446581164
0.3242950812
0.7858462878
0.8772616051
0.831589621
0.7774887252
0.5051576396
0.3313075866
0.2389952765
0.5219124302
0.5434671815
0.5905458013
0.4766949092
0.2495615847
0.1611366409
0.2208354517
0.8052017996
0.8954134135
0.8967319393
0.6991688512
0.5719338376
0.2927806545
0.3720286062
0.3911015646
0.4228388701
0.3988561454
0.4171639887
0.2296390491
0.3937373081
0.2286891947
0.6699594882
0.8036018222
0.8956705104
0.701747877
0.5183635439
0.9280846956
0.944568903
0.9507060146
0.9099647243
0.8474105437
0.286620839
0.1550215558
0.169482646
0.2311494208
0.1577189442
0.1512491805
0.1992227875
0.1989143478
0.1477278033
0.1548314145
0.5363086902
0.9075687101
0.6677245542
0.3221812656
0.2872730206
0.1882699972
0.1983900434
0.3905948405
0.3190402236
0.3583933812
0.6221458244
0.4731447331
0.5203798254
0.699623728
0.3758993427
0.7873074541
0.4213028048
0.5764998908
0.1424853714
0.1424804659
0.2153818267
0.1980485713
0.2226558492
0.2561694569
0.2555841921
0.3596735732
0.3870143111
0.3269574034
0.2160686179
0.1528151587
0.659749629
0.9416424701
0.9596777703
0.9589135297
0.9498300068
0.9137823845
0.4950413534
0.02805524781
0.05248099234
0.0497615333
0.05050547423
0.05030764744
0.05050857666
0.05062580071
0.05048344267
0.05032648648
0.09361813482
0.09464869553
0.05076164686
0.05127130413
0.05141719847
0.05159801892
0.05192581863
0.05192581649
0.05255630112
0.05330765368
0.0536286184
0.05432310011
0.05797207638
0.05872952269
0.05930411106
0.06281617165
0.06299419123
0.06050799228
0.0622794217
0.08252092737
0.5479371446
0.9339123778
0.9376571518
0.9225125244
0.8878486212
0.7516002221
0.152967364
0.1225381423
0.232971904
0.7226794074
0.8136233341
0.8146107656
0.8364600582
0.7198715589
0.2769032965
0.4911413581
0.3489731192
0.3598394796
0.2594363897
0.2228364223
0.2057504341
0.2110261802
0.4019404426
0.76555276
0.8765829099
0.7991838033
0.7052223601
0.4328872579
0.6033814589
0.4541185312
0.5059095651
0.2212699137
0.4170981918
0.217512131
0.2831050416
0.1981821615
0.3251014731
0.6444090381
0.8959983896
0.7507244402
0.284427809
0.6831087339
0.93007716
0.9355342012
0.9184570874
0.8866628055
0.7908777983
0.332501303
0.1806233713
0.1997108736
0.1411784903
0.1775222695
0.1691642638
0.164368305
0.2305869105
0.1783207776
0.3652549942
0.7856189396
0.7882374297
0.5514239714
0.2339282954
0.4648142496
0.3566606091
0.4103681555
0.5067957412
0.3986531712
0.4560397854
0.4121794802
0.6074860742
0.7492168772
0.3531722541
0.3609583047
0.2039934022
0.1769123468
0.1660789407
0.1848211796
0.2133252423
0.2182569541
0.2402022526
0.2188082077
0.281779821
0.2687554148
0.3964395258
0.4570053198
0.4707280032
0.1814334509
0.1684948294
0.8501256902
0.957014613
0.9627849027
0.9559926035
0.9350322824
0.8212197287
0.07207594644
0.06110841561
0.05568806783
0.04998752434
0.05065335473
0.05016988884
0.05044139421
0.05032222992
0.09327694698
0.09403728558
0.05078526758
0.05132087964
0.05139189974
0.05158344409
0.051657198
0.05205732489
0.0522495738
0.05243909707
0.05306192006
0.05464155561
0.05535291276
0.0562249685
0.05812596006
0.06018085081
0.06255241612
0.06310661371
0.06022289715
0.06073762674
0.07408895705
0.1604006659
0.8993480178
0.9090933198
0.8928171632
0.890801245
0.8767193305
0.6106686085
0.1437603072
0.1180108842
0.4073213257
0.5838765258
0.7508989395
0.80375953
0.8849468969
0.7785238672
0.686336218
0.6205103396
0.2920041588
0.534755212
0.2294960444
0.208061493
0.225088068
0.2588235891
0.5604590246
0.8297772571
0.8357030803
0.843598496
0.5314416215
0.5518552817
0.2718643145
0.3555522867
0.3457051584
0.253570028
0.2470275253
0.3145971397
0.1908271453
0.319091226
0.3667165613
0.8314971627
0.8850314357
0.292933184
0.4992924749
0.8147429879
0.9166085091
0.8948431652
0.8975696786
0.8773072386
0.5721177457
0.1680909742
0.3626299443
0.1759305742
0.1562138457
0.1937713005
0.1577461988
0.2092563864
0.1727162884
0.2704411258
0.7580476396
0.5775241015
0.6742836077
0.5427988078
0.3268604069
0.4211491649
0.4962239435
0.6684930581
0.5512726418
0.8454714886
0.7675578673
0.6528090298
0.5363891861
0.3143450616
0.3447494427
0.3037810031
0.3958022743
0.1798163483
0.1950099431
0.2323726704
0.2339474895
0.2346124804
0.3613887711
0.3891596496
0.4472294447
0.2641017518
0.2648009158
0.4222573753
0.2582744428
0.2140667485
0.2665699895
0.9419564323
0.9650814464
0.9613800291
0.9440063899
0.8903801159
0.18620789
0.04528654812
0.04516579662
0.05018712563
0.05000366869
0.05023133809
0.05018843215
0.09230157175
0.09451262383
0.05080489892
0.05133815948
0.05141337865
0.05156170239
0.0517408895
0.05188123314
0.05218652384
0.05220367233
0.05291187528
0.05352435236
0.05412457821
0.05625547323
0.05710031187
0.05870368213
0.06032711958
0.05882767504
0.06225138188
0.06184626268
0.06260684868
0.07226547082
0.1096122677
0.8092122644
0.8746663453
0.8601145337
0.8450317389
0.8923088268
0.8010742589
0.533274391
0.1578542235
0.2425832489
0.5806406313
0.5503165236
0.6034411082
0.7432457957
0.7299995354
0.6871855372
0.5739101411
0.279877495
0.2967111848
0.6014875038
0.3373296017
0.5983607906
0.5659414249
0.3130558152
0.6541459518
0.6110483779
0.8515009645
0.6772007131
0.3741116156
0.2336414248
0.2974764209
0.3565550209
0.3877952968
0.2028158189
0.3172574717
0.1825349478
0.19459615
0.240844112
0.5858266318
0.8077892531
0.6894589944
0.2814942668
0.671063068
0.8491419891
0.8669030829
0.837027158
0.9062119116
0.7651922295
0.2242071464
0.2608283464
0.2657287183
0.1982848237
0.1918859842
0.2072953735
0.2560958278
0.2381505928
0.2105514893
0.5821193477
0.6700283677
0.5393580488
0.5477431214
0.5913683977
0.6784238134
0.5011476021
0.7971286087
0.5693486564
0.5828901699
0.3267411027
0.235923024
0.3564767176
0.2990017401
0.3795204094
0.2141216402
0.2960750076
0.2306797054
0.2202595558
0.2617498977
0.3992456983
0.4473560796
0.5421472428
0.3154994387
0.3347445693
0.3837039479
0.268105465
0.3425064843
0.2868332624
0.1799038509
0.1796749268
0.8533344394
0.9678248767
0.9673261272
0.9493845567
0.9158569267
0.6072872447
0.03545618799
0.04308399917
0.04974567551
0.0501919914
0.04991091318
0.09239085753
0.09408570181
0.0508414704
0.05131927166
0.0514064088
0.05158174059
0.05170192399
0.05171481936
0.05214021743
0.0524566697
0.05257365628
0.05298429333
0.05423430231
0.05389917985
0.05703770948
0.05729456176
0.0586818152
0.06135909696
0.06139074525
0.06180014088
0.06288314564
0.06532045421
0.07339417975
0.09134057798
0.6292977501
0.8419168511
0.838260303
0.8073178142
0.8709364239
0.8589128658
0.7645899062
0.4016263192
0.3759859182
0.4834218333
0.7472200583
0.6454730976
0.75201565
0.5867163856
0.7040845497
0.8162179272
0.5514519503
0.4237632637
0.396860951
0.4221593555
0.3684075541
0.6041877478
0.4823240598
0.729482272
0.5967269049
0.7431984234
0.7034225426
0.6388728305
0.237755735
0.2897199665
0.2615655495
0.2747395085
0.1800252804
0.28620235
0.1963762624
0.2404965413
0.236478141
0.3913449103
0.7708656772
0.4763596712
0.4676119525
0.5775975604
0.8248125295
0.8482050155
0.8233188173
0.8989897032
0.8704283401
0.3733401578
0.5572182789
0.2387388071
0.2721295607
0.1886348442
0.2414229521
0.2633469382
0.2229070457
0.4134023844
0.5713282416
0.6332748568
0.4457343824
0.7541802155
0.5516396324
0.7563634627
0.6441399082
0.7466761842
0.5678654426
0.559019888
0.2873325987
0.3780461456
0.2888330005
0.4584911939
0.3258575299
0.2277655366
0.2887935948
0.2503226431
0.3516608513
0.3333350345
0.4995509015
0.3194156929
0.3619007165
0.3792298174
0.3094230914
0.3515821203
0.2498420278
0.2997793088
0.2140726666
0.2310998392
0.1412097295
0.3585052504
0.958236602
0.9670532939
0.9589887893
0.9360703761
0.8391254036
0.01907772889
0.0371439116
0.0497950655
0.04937299122
0.09241545077
0.09483958439
0.05086466338
0.05140331413
0.05141625593
0.05153997885
0.05174488623
0.05182717293
0.05202903491
0.05225157593
0.05269118599
0.05254083957
0.05335173508
0.05412360111
0.05537089763
0.05778885712
0.05868580977
0.05986228098
0.05985941426
0.05998764252
0.061729182
0.06526592731
0.06738217836
0.07319077105
0.08766662219
0.4945585217
0.8364959008
0.7834372946
0.731562582
0.8320565038
0.842470027
0.8450565397
0.7171495476
0.4610226652
0.5354665977
0.5379878935
0.5359736277
0.5437561733
0.5829219043
0.473973206
0.7444849818
0.5945454341
0.6496083293
0.7516557354
0.5349926309
0.4253782699
0.6629353317
0.3897593497
0.5742646151
0.2772863073
0.6407360419
0.6332296662
0.6168401899
0.3065993074
0.2375858984
0.3447016703
0.3337524881
0.2236976389
0.1874696506
0.1695510017
0.1886433022
0.2270221411
0.2704555873
0.7083742731
0.6877749227
0.2271148393
0.5553391676
0.6416458449
0.8089356159
0.6637278389
0.8930949462
0.8835707389
0.4641236567
0.4887175155
0.4537458935
0.3990103444
0.2218305203
0.2609316154
0.4107787625
0.3718647476
0.3065194035
0.558109362
0.6396187257
0.6414080881
0.5924909962
0.7599522263
0.6804678678
0.568120686
0.4732642051
0.2261225904
0.3696421846
0.2398985945
0.271532936
0.3282481224
0.2173221678
0.5114222053
0.1923080208
0.3312886806
0.3500973966
0.4357885943
0.4427864435
0.3219406989
0.3588538256
0.3167177089
0.3089049545
0.276371451
0.2751642291
0.2166539557
0.209696904
0.1970123847
0.1654980754
0.1283444876
0.1592784206
0.935815131
0.9655251249
0.9620045834
0.9490486796
0.9111705951
0.1412035835
0.04543373308
0.04931389641
0.09204169094
0.09451332417
0.05088309445
0.05142484903
0.05147444178
0.05155732267
0.05173467106
0.05190619486
0.05195154529
0.05210477506
0.05260275685
0.05281892902
0.0531162293
0.05411304543
0.0542129457
0.05671795272
0.05762475277
0.0590452037
0.0612095099
0.06039366914
0.06214932888
0.0630435064
0.06736356881
0.06978022595
0.07668095594
0.09774455345
0.4328028674
0.8140614898
0.7851775153
0.6937789429
0.7916857908
0.838573866
0.8344442704
0.7820787159
0.7393653076
0.5139155196
0.7077376673
0.4060577914
0.713185997
0.6736258976
0.5795658964
0.791048887
0.5411480423
0.5368682094
0.5430274396
0.6010907182
0.2966254414
0.6857888329
0.4513107674
0.4845436715
0.5182838745
0.4850062813
0.5632904685
0.7346281539
0.3104683849
0.1722544491
0.2949062826
0.1997682512
0.1932152941
0.343124611
0.1630217027
0.1592173537
0.2457382889
0.2776814772
0.5494601334
0.6213158342
0.4794341892
0.437946383
0.8030219826
0.7792464609
0.7017213983
0.8916364106
0.8985290684
0.6714910932
0.5306002248
0.337472157
0.4176645932
0.3335109491
0.3952560712
0.3966333456
0.4436107279
0.4648064337
0.623191867
0.6703837166
0.6927037914
0.687720941
0.6226366131
0.6175986919
0.2900920606
0.2844148629
0.2479733744
0.5097707431
0.4369478682
0.2947844732
0.3922219491
0.2530249865
0.3465782381
0.3733398071
0.3493123043
0.3686801225
0.2913855395
0.2433975939
0.2720815421
0.2798628707
0.294914979
0.2482265861
0.2368145526
0.230713777
0.1831524006
0.1794968975
0.1480776433
0.1503931567
0.1205867515
0.1283688736
0.8578115673
0.9603413942
0.9709100883
0.9535158377
0.93145399
0.5795481847
0.05999582203
0.09731367315
0.09473483629
0.05089939572
0.05139219815
0.05146924314
0.05153685666
0.05173473135
0.05182576872
0.05196478806
0.05224307581
0.05234206279
0.05275066335
0.05288994594
0.05364042513
0.05411707629
0.05510799971
0.05640998047
0.05879804386
0.05794760602
0.06113887734
0.06272364908
0.06252512443
0.06589236101
0.07159500112
0.07579859634
0.08394991558
0.1128582809
0.3428420956
0.7504626995
0.7523675662
0.705229789
0.7601539797
0.7849801108
0.8403937043
0.722115006
0.7272575325
0.5018993457
0.6496497347
0.6240653586
0.4720692374
0.6856926457
0.6375195581
0.7440993956
0.5711095725
0.5707908911
0.7437231492
0.6601950428
0.412605465
0.4341045496
0.4324458144
0.3678134883
0.3931264481
0.4525117126
0.2917797633
0.6431262198
0.496426554
0.1820124786
0.3054255017
0.3463754991
0.1547899798
0.16241892
0.3229846329
0.1717742066
0.2286280011
0.2659564902
0.6274915303
0.4727111715
0.3359220048
0.4168391119
0.5633785296
0.7613847248
0.472251032
0.8674883941
0.873088187
0.7105217848
0.6867501722
0.5408958205
0.5099174248
0.474574523
0.4178548543
0.5015385623
0.5092211844
0.5861065238
0.6694360764
0.5556973607
0.717868845
0.4387598709
0.387060523
0.2579185364
0.3325726206
0.347211283
0.3147324763
0.3608528268
0.4015624724
0.2691798842
0.3485840077
0.3001660967
0.5066351637
0.326264997
0.3512972199
0.2544615452
0.2626784623
0.3632610211
0.2464876715
0.2422127563
0.2519653295
0.2144907856
0.1620043238
0.173774526
0.1499785128
0.1500666348
0.1326394977
0.1270792094
0.1100812775
0.1077536994
0.4840863733
0.9500935522
0.9615250513
0.9497602493
0.9379959751
0.8228186234
0.1089927447
0.09423616677
0.0509056853
0.05141840074
0.05145931766
0.05160827649
0.05168204278
0.05188124034
0.05208672337
0.0522618255
0.05224684496
0.05280529668
0.05273426375
0.05296729585
0.05392374922
0.05491624647
0.05568356535
0.05711427433
0.0582540459
0.05895030785
0.06025355982
0.06393991584
0.0650511231
0.06796366235
0.07750461208
0.0841730582
0.09943859023
0.2117807073
0.4019338201
0.7171208263
0.8027354241
0.6955983379
0.7992906024
0.7490662863
0.8082717216
0.7430461939
0.7451040137
0.5690286472
0.6813497524
0.5657507123
0.7553755262
0.4379826671
0.738533203
0.6985604018
0.6191135548
0.3731311625
0.5409956025
0.560436374
0.2514309465
0.5259905371
0.4041959257
0.3683452911
0.5003200368
0.5320532255
0.3448690558
0.6020797377
0.3532799633
0.2196859287
0.2297233208
0.1985117749
0.3265973038
0.1996348564
0.18390553
0.2023563113
0.272303693
0.2167236176
0.5611103397
0.6793480359
0.374463528
0.4537992379
0.7118505969
0.7734423596
0.5840891739
0.8629438223
0.8301904324
0.696085929
0.5542664826
0.7485203067
0.5361680201
0.4485318045
0.5566970558
0.7420844588
0.6199148011
0.630692636
0.6307904565
0.5012293189
0.3584411098
0.355707228
0.2490270321
0.4975469314
0.2562907281
0.300645633
0.323986806
0.3519306743
0.4800690745
0.383860431
0.4209842325
0.5049485571
0.3046886422
0.3351208216
0.2299778947
0.3190289258
0.2051688076
0.2271174192
0.2404256315
0.2043415578
0.1768029259
0.1821822278
0.1572132399
0.158466645
0.1445054095
0.135563943
0.1216176782
0.1174488973
0.1065312927
0.09751859374
0.4603611869
0.9379977021
0.9526256309
0.9508945024
0.9601725225
0.8889532027
0.09429579427
0.05092141128
0.05144250556
0.05148532023
0.05161869664
0.05173087268
0.05180936053
0.05204843519
0.05221424226
0.05248727309
0.05260189563
0.05311703297
0.05340714157
0.05349758547
0.05409201635
0.0557051448
0.05572707916
0.05648431371
0.0595516695
0.05963826569
0.06398982087
0.06745187369
0.07282379678
0.07696213453
0.09599804232
0.1266524351
0.1723569863
0.3712327221
0.6289680355
0.6858837124
0.7762064275
0.6965127635
0.7496340555
0.7458689852
0.7159062054
0.6968880478
0.708992627
0.7056265864
0.6177603199
0.6146239198
0.7153799022
0.5272836037
0.5584496213
0.6952275754
0.5715424664
0.6265173245
0.5243722362
0.6061134026
0.3806550055
0.3756080051
0.4112728093
0.3481964806
0.3534069064
0.3011994132
0.4050524902
0.5632387256
0.3013723166
0.3228347815
0.2326277307
0.2071944752
0.2264675757
0.2457408075
0.3435381534
0.2195998836
0.4288804775
0.2477430168
0.4940799696
0.4657011657
0.3639730562
0.360810664
0.5056778408
0.7006160736
0.4692203395
0.8226113958
0.8407224709
0.8221003204
0.6215956865
0.6193361723
0.6786131864
0.7709990661
0.538946685
0.675265451
0.5520574798
0.5207007454
0.4515073184
0.3527945496
0.2833958715
0.327457582
0.2653589607
0.2632931552
0.5121383584
0.2661665547
0.5298952053
0.3143662955
0.4478296062
0.4855626604
0.2924416594
0.3482430706
0.3329671959
0.277537042
0.2898293455
0.250713961
0.2441089594
0.2119253352
0.1748584966
0.1903687913
0.1707137623
0.1663828737
0.140608019
0.140172049
0.126716702
0.1217779705
0.114883954
0.1036967818
0.09756810184
0.1055916754
0.2382084091
0.9249207549
0.9572876196
0.97301556
0.9506123957
0.09492555842
0.05090771583
0.05145486448
0.05148686197
0.05152864696
0.05166853734
0.05184163908
0.05204526257
0.05225412643
0.05258576994
0.05274076919
0.05299405662
0.05328576859
0.05363976794
0.05442004805
0.05463032348
0.05576317305
0.05802005048
0.05872680561
0.06234619794
0.06553600036
0.0685081033
0.07131503155
0.08324094939
0.1026307681
0.1891317696
0.3658212134
0.6326708924
0.6127318321
0.6954823811
0.6840843877
0.7758502148
0.6896700597
0.7540514812
0.7468062126
0.7857246337
0.7460295573
0.6292224541
0.5959972496
0.7526700098
0.474031815
0.6411372351
0.596954765
0.6453751091
0.615460681
0.507087565
0.3043995836
0.4769870005
0.4926825854
0.2254567652
0.4682884076
0.2978358367
0.2789831201
0.5365260184
0.304662649
0.2894228133
0.6738345334
0.2623369583
0.2003375243
0.3777834306
0.2012793191
0.2454282892
0.2531327281
0.3568760302
0.2322545929
0.377696087
0.2721471773
0.4094167331
0.5178593305
0.4753053182
0.4210077299
0.6536753806
0.6214987469
0.7019271704
0.8241914445
0.7430700403
0.6957962212
0.7334388562
0.7281646638
0.7658196152
0.5863434464
0.717068678
0.5817198947
0.5277514536
0.3253811359
0.2497975642
0.3442017974
0.2512453012
0.3469414839
0.288591025
0.384641822
0.3086318101
0.2936735429
0.4224557012
0.4728479304
0.4832893735
0.3891894509
0.3560576916
0.3939951121
0.336190711
0.2772369065
0.2055244153
0.2546850065
0.1714235966
0.2032593243
0.1624452361
0.1784066042
0.1533451969
0.154044116
0.1366582809
0.1283876341
0.1280134269
0.1160133951
0.105225956
0.1009230909
0.1356375586
0.2943262174
0.9057349988
0.9545748513
0.9743344073
0.9592227806
0.09453164428
0.05091215472
0.05138214384
0.0514500679
0.05161213025
0.05175887378
0.05192098841
0.05198669289
0.05219167833
0.05257189179
0.05299309482
0.05291765213
0.05346877008
0.05412326319
0.05496529743
0.05540819215
0.05631284113
0.05847843647
0.06047840963
0.0626244254
0.06485554778
0.0705090461
0.07636750679
0.09698741063
0.1956889332
0.3216833483
0.6465373926
0.4769402613
0.6018228935
0.5111649147
0.719981981
0.7373612317
0.7150694388
0.7348880772
0.7513776708
0.6741359707
0.579047323
0.597093681
0.6946846027
0.7056686901
0.4975136179
0.7528894091
0.6425277653
0.5596999863
0.5980687104
0.5189049326
0.6143566468
0.4922770187
0.3832532783
0.6115256251
0.3722903055
0.218952953
0.3317672411
0.3054327225
0.3710714355
0.4311087316
0.3127840414
0.345719477
0.4247172093
0.2271200894
0.2002677034
0.3623426478
0.4802091343
0.2372759522
0.4575812216
0.2522071427
0.2992563344
0.2579811446
0.4781706221
0.3584366511
0.3631943361
0.4822936436
0.477785058
0.7529183953
0.5861439199
0.8000350539
0.839638546
0.7309223476
0.8382239922
0.7155488633
0.6607314381
0.6497670122
0.4027995256
0.4500394743
0.263213357
0.3522070142
0.3119125858
0.3192246675
0.2482392571
0.2596092057
0.2864875947
0.3674336303
0.5647952521
0.365664556
0.5063625389
0.4204591124
0.4022490875
0.3404739385
0.2710381383
0.2826627943
0.297805741
0.3016622397
0.2056519251
0.2120685072
0.208628088
0.1678966872
0.1715719357
0.146241526
0.1512372813
0.1379781865
0.1337124086
0.1234256641
0.1079263219
0.09855416287
0.113021943
0.2573869406
0.9291119246
0.935496347
0.9435390904
0.9624781759
0.9497009869
0.09429300597
0.05088257739
0.05141536612
0.05146221312
0.05158239128
0.05169082799
0.05187174698
0.05212651733
0.05234347298
0.05257481749
0.05278290021
0.05335906121
0.0539821663
0.05449882609
0.05509195456
0.05590205111
0.05787701404
0.06038484084
0.06049075376
0.06421368733
0.06946729112
0.07584323169
0.0863455789
0.164771904
0.3442302897
0.6095420976
0.462179436
0.6361285821
0.5628895623
0.7442777238
0.7771202531
0.711343816
0.7583304456
0.7639440426
0.5785348153
0.6842851243
0.6833757265
0.7527721601
0.7519824914
0.5490786125
0.7163450467
0.6593384222
0.6248875169
0.6218978607
0.6328139848
0.4799344508
0.4409607645
0.5119748672
0.4267793137
0.3145044721
0.2711119649
0.3071703573
0.3320866989
0.2453256213
0.4058177184
0.3451081449
0.3199750234
0.2985518427
0.4409410626
0.2655383842
0.416548269
0.4702143709
0.2521483877
0.3467111013
0.2703103851
0.2426666712
0.2299272115
0.4368163025
0.230385861
0.323166295
0.4783098781
0.4697817486
0.6931668124
0.586195856
0.6683388661
0.7753442824
0.7238600504
0.8491115156
0.7598298569
0.6165626682
0.6209761911
0.7332032421
0.3710960169
0.5220934496
0.3354794327
0.4350263172
0.2663427441
0.2476612983
0.2811126757
0.2366928867
0.4369310045
0.3182322943
0.4246574646
0.35622867
0.3856175164
0.3255113617
0.3876603645
0.4683065802
0.2797266168
0.3563082806
0.3198718444
0.3110047968
0.2104422241
0.2451070141
0.1820482913
0.2033915607
0.1626461801
0.1510351422
0.1525379022
0.1453673893
0.1320384981
0.1172494508
0.102679209
0.123750406
0.3677102156
0.9412030391
0.9549081539
0.9495977405
0.9344382399
0.909423769
0.8689400654
0.09436885755
0.05086025025
0.05135977379
0.0514463009
0.05155442586
0.05175459912
0.0519355616
0.05212903109
0.05233016491
0.05265868316
0.05295028793
0.05345970719
0.05440986895
0.05479977197
0.05559412595
0.05804564654
0.05977858102
0.05986274142
0.06235322483
0.0658992662
0.07489122007
0.08624238159
0.1190895661
0.4282278237
0.5862126715
0.6317346537
0.6670342553
0.6581646912
0.7583995736
0.7311991788
0.7244349103
0.7138741327
0.6911706327
0.5442562121
0.5633389454
0.6660987332
0.6434346164
0.6286452702
0.5157530007
0.4892802168
0.6700681534
0.7077723481
0.7198006576
0.6614880451
0.5349396829
0.5191522299
0.6569469209
0.3216144457
0.4211383278
0.3740044727
0.4473404328
0.3356563075
0.3366115361
0.2462150713
0.2470741202
0.3880347382
0.2055306118
0.5117075891
0.2620076069
0.3454338788
0.4307541499
0.3346816626
0.3589996834
0.2636426821
0.4107346264
0.2135489332
0.4202831114
0.2110479339
0.3023201371
0.4093180045
0.5606062181
0.6257819669
0.4167992204
0.7258422141
0.5841703761
0.7034302231
0.8410967026
0.8017100902
0.7587929618
0.6786316996
0.7768979851
0.4311329853
0.568585678
0.4822892038
0.4282748567
0.4190305631
0.229361924
0.2058815679
0.3532929215
0.2694542643
0.3622114105
0.3802335445
0.3705090612
0.2895812881
0.4674410431
0.3380805163
0.4192425497
0.3926495861
0.3145741016
0.2836233525
0.2296475703
0.2550633457
0.347789158
0.2516486344
0.2240739924
0.1816463025
0.1664518385
0.168276918
0.149556403
0.1363841504
0.1215439731
0.1136388817
0.141308101
0.7012371951
0.9549308508
0.966110324
0.9598615473
0.9354936942
0.8866936534
0.2257965565
0.3095794223
0.09415787473
0.05082591245
0.05134020874
0.05140987026
0.05153526139
0.05175127761
0.0519511956
0.05203744433
0.05227203168
0.05265878232
0.05324629164
0.05375473621
0.05460815985
0.05538770113
0.05716439619
0.05854978931
0.05977992007
0.0621238905
0.06449152769
0.07144254
0.08467760466
0.1077983915
0.3037942495
0.7012686719
0.6781645259
0.6975933363
0.7014548767
0.7801576939
0.7178945135
0.7686362168
0.7129020712
0.6153788832
0.5920081037
0.5636860808
0.6340884776
0.6067455944
0.6554675855
0.5614082099
0.7280812798
0.6871823979
0.8241760513
0.765301809
0.6295197708
0.7259328572
0.5650269708
0.4921620982
0.4006838172
0.2598193168
0.5271392935
0.2984598151
0.4192027592
0.2209654245
0.4388911214
0.2082334366
0.3493594905
0.1832221728
0.5360500002
0.2272984449
0.3352560701
0.4492351806
0.4054678203
0.4393371928
0.3328455092
0.3528091188
0.2591130903
0.1665162456
0.2924711501
0.2563883598
0.4212887392
0.5484672357
0.5099297305
0.5048683487
0.6490734732
0.5811525201
0.6673015519
0.8569994447
0.7415348097
0.8111122746
0.6652274517
0.645135994
0.6037988875
0.4932094601
0.588097236
0.6777761766
0.4329288295
0.279589347
0.2374337581
0.4544743197
0.2488520741
0.5017000118
0.4771918422
0.2979035335
0.3759001916
0.2581364058
0.3036742744
0.3352690275
0.4367642529
0.2509424576
0.4261041807
0.3765295675
0.2590112699
0.309710908
0.2822396625
0.271832413
0.215635203
0.2077174601
0.2111160477
0.1866575878
0.1658068995
0.1234919891
0.1259381618
0.1910807095
0.8666829762
0.9565769463
0.9688405233
0.9576115288
0.9260561311
0.7625031881
0.06218220761
0.05961570471
0.1166331513
0.09422905701
0.05078021089
0.05127835382
0.0513426338
0.05148776168
0.05173596509
0.05191973912
0.05204549228
0.05233109615
0.05281846853
0.05311808529
0.05404244477
0.05468130413
0.05587630965
0.05740381535
0.06066674324
0.06023297082
0.06300055206
0.06905989003
0.08237699287
0.1116364531
0.2430008561
0.7206138654
0.7628543946
0.6861427774
0.7937083743
0.7830470676
0.7635568354
0.789590254
0.7005721572
0.5423851328
0.5268018837
0.455098304
0.3970617671
0.4865130315
0.6094826615
0.3736604503
0.7418755838
0.6196296581
0.7426462212
0.7491472646
0.5552669073
0.7321554492
0.5343142429
0.5081854721
0.4071513192
0.4065802768
0.4198191271
0.4057136662
0.2811471625
0.3316863735
0.4007915895
0.3048563641
0.2559778101
0.3875707843
0.2564474344
0.2794497831
0.37494638
0.4160951531
0.5201312701
0.5387900468
0.3078010942
0.3813545123
0.2101522804
0.2049400314
0.2011930246
0.5335981595
0.2573219436
0.6389798582
0.4365037086
0.6884336376
0.6237017695
0.5810026496
0.6775493375
0.8225198781
0.8060582461
0.7859360324
0.55438771
0.6733326019
0.7098002216
0.5337808986
0.6313034333
0.6876547158
0.3907532282
0.6347140862
0.2597019777
0.4735061556
0.269942019
0.3752562549
0.3067440202
0.3155434587
0.2966755076
0.2291844729
0.2810453296
0.3366228342
0.2497916198
0.3558168776
0.3256306643
0.3510190024
0.3043565046
0.3568354241
0.2364994964
0.2302307724
0.2390444461
0.3553146944
0.2433848708
0.2259113746
0.17574602
0.1295372306
0.135116242
0.3236953089
0.9261651436
0.9604279015
0.9630882808
0.9527497574
0.9107183575
0.4941837567
0.03616203792
0.04112887283
0.05042835879
0.09590718288
0.09451016484
0.05071192565
0.05119217171
0.05129802459
0.05145469108
0.05170590519
0.05175924923
0.0520327066
0.05235420222
0.05252610376
0.0531152842
0.05402429333
0.05469744292
0.05639559706
0.05910891342
0.05845893881
0.06019269527
0.06951470627
0.08321084976
0.1129380309
0.2958574429
0.7565578069
0.8096827517
0.754977809
0.7704733426
0.8309718462
0.7411121885
0.784981699
0.6308084232
0.4238969863
0.3358889355
0.294625897
0.3558113473
0.4553473496
0.6998285588
0.5500970407
0.7786850072
0.7876447509
0.7851542228
0.7978105323
0.8003910501
0.5299782844
0.7143616492
0.4313948605
0.5103123865
0.6502041556
0.2735871933
0.5026696192
0.2415742625
0.2932842529
0.5734362789
0.2142373072
0.4803207086
0.2186880453
0.3652557036
0.2460944706
0.5235970771
0.4526006897
0.6954643796
0.461288852
0.4562785153
0.3648324477
0.223478282
0.2564102965
0.2128434394
0.41902998
0.3707968687
0.4795215856
0.6181959732
0.6622216358
0.616266547
0.5200232303
0.7003833613
0.8164108904
0.7881816706
0.7485771533
0.4831555578
0.7000361006
0.6518563083
0.529533128
0.5839207629
0.4428286514
0.5353211987
0.5975809087
0.4966819395
0.6952204393
0.2653640844
0.3249109496
0.3096495606
0.3864275909
0.4311434546
0.2929919493
0.4018386085
0.2922495861
0.2316338842
0.2309860725
0.2246648991
0.345921079
0.41756482
0.3063184166
0.3584191859
0.3402665082
0.2350111998
0.3025484171
0.3112197675
0.3271620126
0.2178578013
0.1474768708
0.180950794
0.7246255057
0.9446938224
0.9634892496
0.9588878103
0.9402523176
0.8698590158
0.2305468643
0.04998996763
0.03943039646
0.0482888614
0.04959150519
0.09225156324
0.09409120408
0.05063963568
0.05113394671
0.05119225772
0.0514285538
0.05156513139
0.05182822471
0.05194610733
0.05222246791
0.05257981632
0.05319788327
0.05438972252
0.05578358632
0.05763209727
0.0569698154
0.05707203767
0.06760425564
0.08844110008
0.1225083343
0.4604852159
0.7948946629
0.8370815507
0.8245503748
0.7819524556
0.848509411
0.7984598978
0.6868486374
0.5429072672
0.261234502
0.229217545
0.2214409129
0.4529436228
0.5682816362
0.7292263434
0.7167161041
0.7461357225
0.8017715021
0.7685080483
0.7072481075
0.7150239689
0.3533227403
0.3426241354
0.4222587061
0.3192070258
0.6194370716
0.3805590286
0.5369711615
0.2344569771
0.3617764843
0.4280058526
0.2660364449
0.3246837737
0.2842075385
0.2549935381
0.5445043842
0.3581819921
0.7655258229
0.6269729931
0.54458575
0.4339497388
0.3346838769
0.2370237585
0.3012975234
0.2243376554
0.4366582549
0.5571104955
0.7155910124
0.4593850955
0.7621325824
0.419054093
0.6270454794
0.7309611419
0.8419465827
0.8078158763
0.6499800891
0.5833650172
0.4702990162
0.6956050024
0.4237374579
0.646592751
0.4198007167
0.4937991006
0.422932457
0.7920434041
0.7319457725
0.4804143112
0.490703099
0.2383951582
0.3939992038
0.2982504221
0.2323373849
0.3782727574
0.2309028104
0.2136907006
0.1922018927
0.2038820473
0.2066345792
0.2520171159
0.236678243
0.3083488823
0.2605585471
0.2452556945
0.4841416124
0.3227368133
0.2658428377
0.1794127222
0.2134480235
0.2923167345
0.8777615346
0.9484478065
0.9590203993
0.9530718784
0.9278069938
0.7941408812
0.1384339174
0.04615387813
0.03880564912
0.04871996047
0.04961043171
0.05008819129
0.09251349856
0.09382209612
0.05060262429
0.05106341342
0.05118398762
0.05141050164
0.05162821171
0.05174430124
0.05209772128
0.05227177012
0.05252472164
0.05358729906
0.05420689761
0.05626377922
0.05665352479
0.05394343527
0.06772806665
0.09740754233
0.1559142668
0.6745009038
0.8643211557
0.8806245424
0.8789587837
0.8455400122
0.8263057537
0.7919583197
0.5808712859
0.2883616717
0.2250226046
0.2170792193
0.3400679823
0.6812400765
0.7473797045
0.7946318181
0.7948602309
0.7950521855
0.7913922889
0.8064222937
0.6232140853
0.5447029684
0.5084315269
0.3087308153
0.5248639648
0.6647987808
0.2811677639
0.7581842087
0.2699696915
0.5545274102
0.3516611761
0.4017587159
0.3416032895
0.2856981725
0.2754874859
0.4863221946
0.4433191134
0.6537905482
0.7117084889
0.7473178239
0.4195900216
0.5939362537
0.2121863808
0.3074772626
0.268361039
0.3922900734
0.5915860418
0.7900761992
0.7990409788
0.4606714408
0.6636086563
0.6585144097
0.5896353188
0.817830372
0.8400886277
0.8175162448
0.5955954425
0.5797873605
0.3863541903
0.5013922786
0.540695887
0.4952670513
0.4748942415
0.3482306638
0.4418784811
0.3360517517
0.3327554241
0.6701771684
0.5956887119
0.505701256
0.5115743539
0.2232595109
0.3229137885
0.3827592706
0.3079023725
0.3997249023
0.2710585561
0.2159038609
0.1695274759
0.1762281925
0.1748896451
0.198268464
0.3291050313
0.468152126
0.5214406534
0.4758340146
0.2349375233
0.1720490096
0.2164711261
0.7073832506
0.9241025026
0.9515819853
0.9530935985
0.9438972132
0.9065732074
0.648225222
0.03170101774
0.04494398717
0.04288534055
0.0497355641
0.04960298796
0.05003537388
0.05036601624
0.09203063209
0.09388221772
0.05054381848
0.05100026704
0.05117624566
0.05138292951
0.05169230684
0.05188713578
0.05187702289
0.05255503519
0.05266290841
0.05399840655
0.05469069887
0.05822460461
0.05478131605
0.07109051868
0.1065437167
0.3375588829
0.8176740267
0.8984029271
0.909708057
0.8866466652
0.8476952279
0.7499739653
0.5998713617
0.4645173362
0.1937771246
0.2578343964
0.4455083779
0.6401041883
0.8322071536
0.8471707242
0.8197411642
0.8328870353
0.7981153574
0.7541980358
0.6862829752
0.4500294746
0.2577666852
0.3097498075
0.2080339292
0.2659331946
0.4915520284
0.2425135057
0.3452021158
0.3114601095
0.2928295867
0.5977058692
0.4028371612
0.3156815807
0.2399639076
0.262010247
0.3908381573
0.6062373067
0.7428425625
0.7999468172
0.6153079496
0.6957995459
0.2327373271
0.3253478425
0.1658461862
0.2833511487
0.5591551507
0.7551084837
0.8779150596
0.8190013742
0.6721697897
0.759997456
0.8437207097
0.8310594568
0.8229266598
0.8419928373
0.7904456699
0.4857774806
0.5016874691
0.3239091497
0.4950751028
0.3203747171
0.3261768118
0.3593306022
0.2970932001
0.3802202685
0.4412511932
0.3115741391
0.2902616406
0.505349153
0.7526295266
0.3560850887
0.3996852717
0.2936092199
0.3395597557
0.2835047527
0.2840640738
0.2126470074
0.3053583604
0.1976968862
0.1691366531
0.2340490276
0.2438493227
0.3855458168
0.3746391176
0.2869236536
0.2038261589
0.1583240882
0.1899686987
0.587376248
0.8706277902
0.9396121949
0.9519735932
0.9490388679
0.9326230154
0.869347009
0.3823021684
0.03855949147
0.06016365125
0.04254894613
0.04933902757
0.05014667388
0.05022328747
0.05028997629
0.05037739406
0.09291119607
0.09385647885
0.05044666834
0.05094789949
0.05112893008
0.05149683739
0.05156424837
0.05159512425
0.05230726142
0.05271358963
0.05364598105
0.05440737724
0.05603234267
0.05919824629
0.08119793545
0.1740688311
0.708707867
0.8889949474
0.9163216743
0.9185219876
0.8845791389
0.7889969817
0.671603834
0.4584850486
0.5254537637
0.385913112
0.4917391957
0.7996004785
0.8309134139
0.8786002222
0.8854003264
0.80762375
0.7840086285
0.6670317996
0.5331333385
0.3800567837
0.2588008474
0.2276203337
0.2131926004
0.3124954309
0.2432048348
0.4932737906
0.3727781791
0.4163696914
0.3730970855
0.5980717044
0.2928508228
0.7484040004
0.148441242
0.4970287613
0.1801657384
0.6120149626
0.6926451124
0.8715857203
0.7109832503
0.6689523554
0.4392779568
0.279522323
0.1768045192
0.2972142785
0.2532964107
0.7557194646
0.7577736959
0.9118942959
0.824587544
0.8371213383
0.8746721534
0.8877279932
0.9156186714
0.84752988
0.7915395584
0.8169681456
0.3014497234
0.3588643092
0.2501550249
0.4591682819
0.2798805913
0.2096275463
0.165982472
0.2691226451
0.6102549619
0.3060689918
0.5813540956
0.2733013063
0.352336409
0.2172716865
0.3005332307
0.7374674335
0.407928305
0.6622750943
0.2347710556
0.213054121
0.3188919481
0.3223427113
0.3908932319
0.3838407574
0.3912370246
0.3002733429
0.3261929673
0.1938401773
0.1795607207
0.164768043
0.2829004769
0.5349452382
0.8554215846
0.9272381814
0.94672401
0.9510337395
0.9456820562
0.9207874165
0.7960790033
0.1874774946
0.04492708884
0.05212549712
0.05144849745
0.05005575725
0.05038615848
0.04996683791
0.0502845776
0.05058043819
0.05036229033
0.09314494155
0.09413578783
0.05045696963
0.05096524938
0.05110995581
0.05132871697
0.05139489446
0.05195039252
0.05246833799
0.05330642397
0.05367984057
0.05683193037
0.07124887888
0.1456279399
0.5947197987
0.8765641544
0.9170537609
0.9221159925
0.9156248103
0.8975069959
0.8152581616
0.7621855979
0.6810609735
0.6946337599
0.712329446
0.7827404277
0.8592427485
0.8865521468
0.8719273745
0.8312212353
0.601682172
0.4387884295
0.2802281621
0.1836107789
0.1349629654
0.1279867832
0.1416558211
0.1620617452
0.2330676287
0.2547075319
0.2394423488
0.3054195603
0.221675022
0.3381843948
0.2533493528
0.2952290995
0.4088803756
0.2401383323
0.4662830904
0.6508077731
0.6698091978
0.8155339589
0.8813264112
0.6208472864
0.5803619752
0.5828832986
0.22555569
0.4227093338
0.3262508796
0.6133853924
0.7918317091
0.8516412541
0.9108586811
0.8621167184
0.870006027
0.8871673395
0.8594351884
0.913701394
0.8718505536
0.7548585493
0.8765499016
0.3651479268
0.3356487331
0.2522391312
0.4082434884
0.1873856929
0.1795357344
0.1120291474
0.1159705014
0.1588012664
0.6036328884
0.3541414319
0.2524712531
0.5968025508
0.4217974635
0.3201146648
0.2504243932
0.8298260749
0.7862712542
0.3079379449
0.3801683334
0.2836108065
0.3447866002
0.3822652313
0.3610038679
0.3365597831
0.2537873647
0.2035814447
0.1395756074
0.1663574615
0.1685011695
0.4974840592
0.8217820233
0.9157648549
0.9430633886
0.9508075463
0.9483528494
0.9377723422
0.8925424523
0.5886373139
0.06725348724
0.05896632603
0.04377710602
0.05070849049
0.05045036998
0.04991032826
0.05034423899
0.05052934768
0.05071194099
0.05049058117
0.05030986174
0.09343236314
0.09391699855
0.05043251344
0.05101390864
0.05125757951
0.05158866015
0.05221929525
0.05249975868
0.05315820598
0.05677662772
0.0677743865
0.1216785008
0.5849805372
0.8718187295
0.9210818719
0.9301992432
0.9204130676
0.8971842151
0.8512001323
0.7595108068
0.6827755594
0.7383201862
0.7418236857
0.7653415536
0.8190248858
0.8103092041
0.8005450924
0.7125739978
0.3439340123
0.2258242081
0.1370440745
0.1472578066
0.1877106719
0.1650388012
0.3046156738
0.2296131449
0.4471560567
0.3745887221
0.5457388488
0.3711909551
0.4162804994
0.4328905541
0.2859407393
0.4634574292
0.2815191668
0.5502774793
0.3013274809
0.640659634
0.5844766116
0.8028977478
0.6621655433
0.8648799697
0.2247492513
0.4274922741
0.2538452899
0.271182348
0.2296426887
0.445055325
0.6461626991
0.8828916268
0.8568804572
0.9236955682
0.8128869814
0.8937274287
0.7778560683
0.8565352421
0.8862830899
0.867205933
0.7332464194
0.861783293
0.4574811608
0.3123614347
0.3495808196
0.570645926
0.1874904294
0.1668434001
0.1229426287
0.1130978869
0.1173442666
0.1356162627
0.4140062369
0.5202031336
0.574530067
0.3621832007
0.6062637524
0.4716105354
0.2871078116
0.4164085806
0.639529405
0.8890789258
0.6528338134
0.5786977224
0.3190572273
0.2699114524
0.4410657628
0.1890136295
0.2012467619
0.1304646511
0.2087013424
0.4823355257
0.8420481652
0.9249795555
0.9429420554
0.9515814824
0.9538916156
0.9464746704
0.9208418749
0.8063981779
0.2147022926
0.05276227357
0.04919851625
0.05064760639
0.0504210707
0.05067872353
0.05037052945
0.05033181614
0.05076459954
0.05073071615
0.05056311454
0.05040257705
0.05026688549
0.09386889318
0.09301618547
0.05033205172
0.05109001427
0.0513505115
0.05180523161
0.05166846465
0.05640954876
0.06564557961
0.1073873195
0.7772989802
0.934377388
0.9411113108
0.9461812203
0.9428234416
0.9340296439
0.9132032605
0.8777538888
0.8304703018
0.8010070107
0.804644049
0.813033978
0.7675378757
0.7659201553
0.6601670785
0.5090038219
0.3246395514
0.1632023113
0.1201825565
0.1207380266
0.1013943495
0.1247399514
0.1310365841
0.1438848388
0.1250894802
0.1417428853
0.1497423377
0.1667728485
0.1824602236
0.1871447431
0.2399991415
0.2975765532
0.3651389453
0.6123257688
0.7420919993
0.7760728015
0.7721134795
0.9082838892
0.9076206668
0.9194592681
0.9284955344
0.8527852023
0.5871503644
0.856835554
0.615130923
0.8185642272
0.8080626161
0.9212515425
0.9417037092
0.9398571015
0.9280959796
0.8404796733
0.8320757249
0.6697631987
0.6894824671
0.8191378261
0.6405081228
0.5181259809
0.4818297425
0.2264968971
0.2081992995
0.1735105844
0.4316453425
0.2273981224
0.1548593622
0.1352134094
0.1398824013
0.1346147251
0.1609417838
0.1687458723
0.2051029721
0.631004551
0.5182583716
0.3721967477
0.5528049948
0.6047192766
0.6110742511
0.2901361667
0.6084379065
0.8053675015
0.6316605028
0.3509375016
0.2115872185
0.150289897
0.1616642194
0.1643825622
0.3024907443
0.584743637
0.86694758
0.9262185858
0.9474411579
0.9535770657
0.951922437
0.9492893589
0.9337343115
0.8424623399
0.3364698574
0.06996672067
0.05892527747
0.05054147032
0.05033280299
0.050725833
0.05040398998
0.05018138108
0.05019096627
0.0505255049
0.05081288853
0.05061313482
0.05043044362
0.05030735931
0.05017595212
0.09430078242
0.09302997157
0.05035517556
0.05160862813
0.0554020432
0.06128811268
0.08799429935
0.1819921114
0.9670369513
0.9590499521
0.9731609058
0.9728768296
0.9692378585
0.9658731942
0.961177633
0.9538415981
0.9473006713
0.9411346514
0.9366809902
0.9336577422
0.930466159
0.9249235744
0.9165758919
0.9044095898
0.888119875
0.8674922749
0.8401484156
0.8041587756
0.7741069401
0.7231110256
0.6712339952
0.62368516
0.5251023375
0.4409604838
0.4747489062
0.4106032524
0.5057386637
0.4772249817
0.5780650383
0.5491289174
0.6400115619
0.7424651875
0.8008303287
0.8668935784
0.8378541426
0.8484798489
0.87189124
0.8983218296
0.8191246485
0.8053527065
0.5242262511
0.2711406367
0.2181236419
0.6688213059
0.6861595137
0.8673191449
0.9202303212
0.9510187234
0.8527924451
0.8775070411
0.6707050731
0.7092905662
0.5255178202
0.7989626407
0.8598299017
0.8122967993
0.6847851509
0.7487882714
0.6042714014
0.6522814191
0.540730144
0.6164811171
0.5605676735
0.4219918695
0.3161780947
0.3383722911
0.2588771467
0.2209600941
0.2939513833
0.2124850478
0.2873626348
0.429269954
0.6839665271
0.5853109006
0.3348377827
0.3502432669
0.3167804012
0.1963092579
0.1705652355
0.2968833579
0.3801444404
0.4363511492
0.2209348808
0.289490781
0.4589887694
0.7717129915
0.8838136703
0.9273159883
0.9429338886
0.9484823921
0.9528309575
0.9488756376
0.9264665468
0.8525460742
0.3478600217
0.08013106002
0.07449629681
0.05186955534
0.0544420641
0.05093989958
0.05046432881
0.04990123906
0.05040690737
0.05064395975
0.05082240765
0.05077354052
0.05054255596
0.05042972894
0.05032089487
0.05023318268
0.05015173835
0.09367072391
0.1355863902
0.0652244634
0.1063746272
0.9999983587
0.9589529655
0.9708845103
0.9822915446
0.9839074737
0.9819540872
0.9815840793
0.980105616
0.9773741785
0.9747153841
0.9721081047
0.969426569
0.9667189244
0.9649724859
0.9634968602
0.961957018
0.9602469703
0.9583112831
0.9562600974
0.9545418105
0.9526686045
0.952098829
0.9520935535
0.9522360585
0.9530161581
0.9534130075
0.953678239
0.9545054071
0.9555720827
0.9577694673
0.9581179759
0.9580538006
0.9575528101
0.9562514493
0.954716957
0.953344019
0.9535641376
0.953215901
0.9520105254
0.943899113
0.9354761089
0.9282470188
0.9151338102
0.8948744075
0.8679083279
0.8628249883
0.8601379243
0.890771618
0.9201983241
0.9463087877
0.9425123172
0.9444964698
0.9200371871
0.8913198522
0.8599317061
0.8471184313
0.8405097667
0.7964906622
0.8658793823
0.8425140597
0.7731371446
0.688095671
0.4543701345
0.5001072876
0.3048390426
0.2657492538
0.2302581409
0.2475693434
0.1716888986
0.1336384695
0.1310241441
0.1772188367
0.1308908946
0.2018055825
0.1670845572
0.2048488494
0.2320997181
0.2773110711
0.3822845148
0.397584613
0.2592162849
0.2976691393
0.3200758383
0.2779969202
0.311125973
0.4720905196
0.6548237975
0.6994737969
0.7389949307
0.8208790607
0.8924932437
0.922158638
0.9371306071
0.9442072719
0.9479061021
0.9421207397
0.9261819224
0.8378445133
0.3201583437
0.07511172521
0.07757969235
0.05408555998
0.05331763227
0.05020771767
0.05141040903
0.05099789277
0.05033198216
0.05088889346
0.05095192081
0.05062690883
0.05059523162
0.05052497816
0.05044159523
0.05032349284
0.0502338693
0.0501626356
0.0501072364
0.09416420184
0.9537471838
0.9707494044
0.9821394413
0.988514123
0.9891405084
0.9881803539
0.9880494328
0.9879305507
0.9865372838
0.9852517829
0.9837850789
0.9823201775
0.980785634
0.9792348435
0.9776718223
0.9761759639
0.9749774801
0.9736646195
0.9726491003
0.9714652004
0.970459726
0.9696079699
0.9690657927
0.9685319234
0.9685658716
0.9688045599
0.9692825695
0.9696814924
0.9701015047
0.9706100421
0.971131246
0.971725668
0.9723991708
0.9730566871
0.9730562972
0.9731871506
0.9729297015
0.9727083945
0.9720074515
0.9714443598
0.9704023552
0.9691575666
0.9674471332
0.9649211963
0.9625790021
0.959601336
0.9565517673
0.9546548786
0.9547306039
0.9560369504
0.9585397255
0.958817524
0.9563396292
0.9517957424
0.9460617424
0.9348142369
0.9232490347
0.9073704197
0.895372113
0.870745042
0.862458533
0.8225397332
0.7344193869
0.6037861498
0.4093665136
0.3208826171
0.2381491484
0.1737707439
0.1505074823
0.1383672312
0.1322683139
0.1201672222
0.1277918878
0.1469413792
0.1668389155
0.1966999822
0.2460500011
0.3291789394
0.3620190842
0.5781690381
0.5568602512
0.7038531355
0.684334834
0.6921199628
0.7009264669
0.7086622373
0.7624301577
0.8021856361
0.8500397892
0.8790827505
0.8963137618
0.906326184
0.9223486018
0.9314561261
0.9381526431
0.9382209715
0.9366374691
0.9165497931
0.8387309789
0.3602237392
0.08313579877
0.07686070036
0.05760665645
0.05320122326
0.05236770806
0.05192401684
0.05131751136
0.0509085336
0.05046928404
0.05044995584
0.05067776523
0.0506095314
0.05065117183
0.05053934174
0.05041511727
0.05031451721
0.05020794399
0.05017609074
0.05012702775
0.05004547719
0.09374192338
0.982705403
0.9903366679
0.9919540917
0.9924023057
0.9924868349
0.9916271897
0.9907918705
0.9898609103
0.9888635975
0.9877939056
0.9865374583
0.9853138634
0.984104589
0.9828532436
0.9816210844
0.9804791888
0.9793985289
0.9784419387
0.9775787379
0.9767302585
0.9760711591
0.9755840293
0.9752623384
0.9751247656
0.9752051116
0.975389862
0.9756893577
0.9759798191
0.976364538
0.9766593166
0.9769239238
0.9772097431
0.9774029766
0.9776177845
0.9778191806
0.9779080232
0.9779629993
0.9778958624
0.9776730529
0.9772645104
0.976649636
0.9760039736
0.9752978088
0.9745410246
0.9736024745
0.9725881269
0.9718770059
0.9714508236
0.9713012242
0.9711078992
0.9708645092
0.9697359467
0.9678930386
0.9655332093
0.9628669
0.9595000468
0.9565191006
0.9537202648
0.9509177325
0.9476244359
0.9439785944
0.9396116021
0.933827619
0.9295155358
0.9277265651
0.9257007153
0.9243459067
0.9220711396
0.9207118283
0.9197505303
0.9214918525
0.9251807521
0.9305923685
0.9348221544
0.9402423742
0.9436256008
0.945805984
0.9456221206
0.9470265297
0.9420852967
0.9370719853
0.9299960024
0.9168284261
0.9073005191
0.8972001265
0.895007987
0.8988216057
0.9051035254
0.9120503046
0.9251422405
0.9322848909
0.9388610185
0.9389503772
0.9347705885
0.9239136464
0.9049376086
0.818385101
0.4000403558
0.08435566375
0.07765174251
0.05510009013
0.05217117034
0.05116152889
0.05254444143
0.05067565756
0.05072981494
0.05030312925
0.05059998165
0.05081845052
0.05083221363
0.05080046561
0.05067176328
0.0505116094
0.05038339318
0.05027146795
0.05022898511
0.05017454374
0.05012575817
0.05008404486
0.05005258269
0.09371744081
0.9906706093
0.9943440888
0.9947353757
0.9945185703
0.9940109901
0.9933993058
0.9926790913
0.9916842877
0.9906513429
0.9896585727
0.9885580858
0.9874638272
0.9863984623
0.9853473758
0.984327199
0.9833569537
0.9824737613
0.9816865627
0.9809785144
0.9803548387
0.9798748248
0.9795390363
0.9793715446
0.9793255235
0.9793807383
0.9795229344
0.9797196984
0.9799348563
0.9801109146
0.9802774982
0.9804545693
0.9805991483
0.9807138795
0.9808223468
0.9809310006
0.9810244124
0.9810730504
0.9810699254
0.9809636043
0.9807360226
0.9804314643
0.9801267672
0.9798039897
0.9795006602
0.9791163898
0.9787202456
0.978336814
0.9779906459
0.9775873611
0.9770131594
0.9761717402
0.9750228252
0.9737130228
0.9722736544
0.9708664764
0.9694729396
0.9682466285
0.9670942949
0.9660542882
0.9648838825
0.9638726071
0.9627174943
0.9622213955
0.9623341192
0.9626534903
0.9631939824
0.9634966879
0.9640797755
0.9642982877
0.9645463098
0.9648473026
0.9652908199
0.9656100619
0.9658516466
0.9658399834
0.9659113354
0.965417621
0.9645247468
0.9632739476
0.9615496147
0.9582916714
0.9553321184
0.950976063
0.9467899569
0.941378689
0.9356148715
0.9309044638
0.9266930612
0.9255964316
0.9308769928
0.9403366133
0.9475708985
0.9360131958
0.88092563
0.719946564
0.2874765563
0.0942212815
0.07732504302
0.05457837067
0.05279569601
0.05415127517
0.05307554471
0.05128622545
0.0510978267
0.05055091582
0.05069920161
0.0510094151
0.05094572809
0.05065128431
0.05067534162
0.05057664467
0.05046075697
0.05033610469
0.05027044371
0.05020188628
0.05014855267
0.0501239734
0.05002639252
0.05006025834
0.04996760417
0.09405486998
0.9952466864
0.9964597477
0.9962511845
0.9958120347
0.9952083581
0.9945190098
0.9937570809
0.9928524055
0.9918999692
0.9909244284
0.9899359082
0.9889335463
0.9879651574
0.9870161065
0.9861169746
0.9852837334
0.9844982576
0.9838192906
0.983235984
0.9827431118
0.9823647462
0.9821321992
0.9820357055
0.9820559326
0.9821734034
0.9823320626
0.982521742
0.9827021286
0.982845631
0.9829545504
0.9830379029
0.9831146824
0.9831889248
0.9832556838
0.9833183046
0.9833966043
0.9834484906
0.983455941
0.9833948588
0.9832730599
0.9831200168
0.9829832555
0.982859094
0.9827588368
0.982641669
0.9824602507
0.9822240651
0.9818882625
0.9813872641
0.980651352
0.9796835049
0.9785402627
0.9773389688
0.9762211741
0.9752317845
0.9744196524
0.973721547
0.9731284739
0.9725274451
0.9720020989
0.9716195419
0.9713878229
0.9715921186
0.972059952
0.9726198039
0.9730692846
0.9734651273
0.9737527087
0.9738082207
0.97372489
0.9734510392
0.9729758154
0.9722425926
0.9713207741
0.970188561
0.968962651
0.967726016
0.9664225398
0.9652544478
0.9640497549
0.9631041364
0.9620872917
0.960801551
0.9584811365
0.9547524399
0.9484921588
0.9393016471
0.9263710606
0.9082847122
0.8826903849
0.8456523722
0.7659350347
0.397621118
0.1088292651
0.04754990715
0.04943807056
0.05355034834
0.04714441032
0.05090649661
0.05209175541
0.05125929383
0.05035282483
0.05038762468
0.05069254675
0.05054243445
0.05087089311
0.05060360383
0.05061548139
0.05050820904
0.0504549535
0.05038863313
0.05030744906
0.0502263754
0.05017760253
0.05012552752
0.05010376451
0.05006741241
0.05005381494
0.04998115097
0.0499879053
0.09414571858
0.9913760028
0.9955863893
0.9941391747
0.993049067
0.9917535621
0.9903527948
0.9887986159
0.9871067883
0.9852446072
0.9833594525
0.9814039423
0.979475094
0.9776302822
0.9758158827
0.9741248814
0.9725162505
0.9710556568
0.9698047569
0.9685994368
0.9676673064
0.9669430875
0.9664946056
0.9663245045
0.9664459701
0.9667133388
0.9671581166
0.9676007527
0.968030196
0.9682811609
0.9685568608
0.9686796517
0.9688200882
0.9688935996
0.9689159055
0.9690759802
0.9691755378
0.9692961959
0.969364862
0.9692620652
0.9690608533
0.9688286481
0.9686285627
0.9685097088
0.9684964949
0.9683860484
0.9682246172
0.967932963
0.9674697553
0.9665872055
0.9650490264
0.9630064762
0.9605364884
0.9580642375
0.9557679085
0.9539205041
0.9524548695
0.951523862
0.9506187818
0.9497523878
0.9490037779
0.9484631411
0.9482215776
0.9488099841
0.9500296098
0.9513827937
0.9525445407
0.9532874861
0.9538055194
0.9537782866
0.9537322376
0.9524119592
0.9509878361
0.948489205
0.9455095588
0.9416197552
0.9377256552
0.9333494677
0.929824505
0.926394624
0.9244307241
0.9238313765
0.9244842133
0.9237938871
0.9217682847
0.9159877505
0.9049543161
0.8810671337
0.8425105614
0.7750912019
0.6551894739
0.4735150348
0.2951993626
0.1884104864
0.1249286069
0.1163810611
0.1195971449
0.1156695421
0.1047743512
0.09663194048
0.09271725207
0.09475508265
0.09466534299
0.09568694805
0.09320237338
0.09315000908
0.09355330443
0.09347927712
0.09436898303
0.09311249205
0.09359752115
0.09415430702
0.09354484319
0.09388010833
0.09417721789
0.09422126691
0.09365921901
0.09411020258
0.09398534763
0.0936946111
0.09400451461
0.1326860934
