0.9981546921
0.9986151781
0.9980567184
0.9977785906
0.9975659106
0.997358926
0.9971365398
0.9968908506
0.9966177402
0.9963159854
0.9959874928
0.9956350747
0.9952613394
0.994870962
0.9944726743
0.9940780157
0.9936993138
0.9933489513
0.9930378454
0.9927726639
0.9925532509
0.9923712346
0.9922105246
0.9920511935
0.9918760827
0.9916781819
0.9914751667
0.9913111671
0.9912378351
0.9912940283
0.9914948164
0.9918251336
0.9922321799
0.9926368893
0.992962952
0.9931521347
0.9931644393
0.9929955178
0.9926887099
0.9923279527
0.9920121729
0.9918197896
0.9917662958
0.9918037414
0.9918757999
0.9919629711
0.9920840436
0.9922726214
0.9925463491
0.9928852848
0.9932433878
0.9935691
0.9938007734
0.9938625023
0.9936644059
0.9931171836
0.9921765382
0.9908368405
0.9891621769
0.9874078626
0.9859422779
0.9849237101
0.9843516989
0.9843004503
0.9847011477
0.9848203665
0.9842910106
0.983455859
0.9827859036
0.9824209278
0.9822767621
0.9822500633
0.9822776473
0.9823281844
0.9823872742
0.9824476497
0.9825030559
0.9825432604
0.9825617202
0.9826739227
0.9833735538
0.9845954736
0.9854074399
0.9854974634
0.985199736
0.9848487929
0.9845554456
0.9844105671
0.9843571252
0.9838523697
0.9816842183
0.9745728235
0.9598756912
0.2124574175
0.06058834588
0.04576355521
0.04568702544
0.04561548329
0.04554837153
0.0454979097
0.04546289986
0.04543713519
0.0454170661
0.04540067338
0.0453868459
0.0453750284
0.04536490937
0.04535638969
0.04534942686
0.04534391964
0.04533970447
0.04533659844
0.04533441852
0.0453329851
0.04533212446
0.04533167054
0.04533147131
0.04533140123
0.04533137431
0.04533133221
0.1213111633
0.9977672358
0.9991381277
0.9989808564
0.9988377419
0.9987147857
0.998595505
0.9984721602
0.998340954
0.9981990767
0.9980450657
0.9978792659
0.9977025365
0.9975154465
0.9973194863
0.99711821
0.9969166046
0.9967201256
0.9965346397
0.9963659686
0.9962186308
0.9960946925
0.9959928834
0.995907963
0.9958314892
0.9957544047
0.9956703629
0.995583224
0.995508824
0.9954663158
0.9954711243
0.995532802
0.9956521478
0.9958138144
0.9959872049
0.9961385121
0.9962382064
0.9962621443
0.9962026185
0.9960751678
0.9959140587
0.9957618062
0.9956554579
0.9956055678
0.9955912554
0.9955863089
0.9955820548
0.9955881905
0.9956222585
0.9956949275
0.9957977145
0.9959109701
0.9960227143
0.9961232165
0.9961735385
0.9961194662
0.9959109987
0.9955319674
0.9949870631
0.9942644807
0.9934424626
0.9926741824
0.9920162212
0.9914741575
0.9912015904
0.9914080141
0.991871606
0.9920288361
0.9919863745
0.9919469596
0.9919451593
0.991958938
0.9919754669
0.9919913524
0.9920062647
0.9920203914
0.9920334424
0.9920433883
0.9920428995
0.9920096272
0.9918959416
0.9917492281
0.9918738616
0.992136748
0.9919516197
0.9915728746
0.9911754178
0.9907807425
0.9904386225
0.9902632927
0.9901681139
0.9898325475
0.9887786961
0.9865463337
0.9844346488
0.9786679705
0.0451004749
0.02599329807
0.02378939481
0.02377644224
0.02376342256
0.02375289146
0.02374436711
0.02373756699
0.02373209818
0.02372760526
0.023723852
0.02372067509
0.02371793163
0.02371560101
0.02371366196
0.02371206451
0.02371076558
0.02370972639
0.02370890905
0.02370828146
0.02370781918
0.02370750135
0.02370730594
0.02370720705
0.02370718589
0.04533133315
0.9964006857
0.9985021919
0.9986813364
0.9986286741
0.9985194362
0.9983907652
0.9982529765
0.9981089063
0.997956449
0.9977937248
0.9976215114
0.9974402159
0.9972483624
0.9970457455
0.9968355956
0.9966226981
0.9964118514
0.9962090544
0.9960215223
0.9958559049
0.9957171271
0.9956076259
0.9955254376
0.9954622828
0.9954047719
0.9953385061
0.9952637241
0.9951960934
0.995148951
0.9951303438
0.9951517732
0.9952272117
0.9953528438
0.9955029788
0.9956480952
0.9957548071
0.9957834267
0.9957201448
0.995585745
0.9954160333
0.9952528157
0.9951380302
0.995078156
0.995031592
0.9949565772
0.9948467803
0.9947256094
0.994628175
0.9945754152
0.9945443748
0.9944888998
0.9944051488
0.9943798463
0.9944872972
0.994544204
0.994439467
0.9941981475
0.9939019017
0.993447345
0.9926600773
0.991806453
0.9909163525
0.989786673
0.9886860021
0.9886728777
0.9900885128
0.9920938093
0.9924592469
0.9927203366
0.9928936129
0.9929853979
0.9930256832
0.993039755
0.9930417598
0.9930384097
0.9930321383
0.9930224787
0.9930049252
0.9929649169
0.9928491711
0.992456552
0.991260197
0.9908614242
0.9913530378
0.9895261995
0.9886339793
0.9875303523
0.9866203738
0.9860850405
0.9864539534
0.987338258
0.9880913854
0.9883284614
0.9882548974
0.9890132929
0.9872738237
0.9705498198
0.03288851059
0.02388024285
0.02376479502
0.02375219339
0.0237439177
0.023737614
0.02373276422
0.02372887336
0.02372565344
0.02372293891
0.02372045039
0.02371821019
0.02371627377
0.02371457221
0.0237130623
0.02371173162
0.02371056461
0.02370955472
0.02370871366
0.02370805936
0.02370760022
0.02370732487
0.02370721293
0.04533138676
0.994669511
0.997766421
0.9981187851
0.9982376692
0.9981966763
0.9980853254
0.9979470449
0.9977993913
0.9976420508
0.9974727771
0.9972950386
0.997109938
0.9969121302
0.9966980667
0.996471271
0.9962373193
0.9960003073
0.9957669256
0.9955476899
0.9953531763
0.9951922126
0.9950721817
0.9949973429
0.9949632415
0.9949473035
0.9949139247
0.9948567768
0.9947995456
0.9947504067
0.9946998522
0.9946603627
0.9946744414
0.9947606248
0.9948958654
0.9950595955
0.9952206693
0.9952887284
0.9952250404
0.9950698495
0.9948716858
0.99465522
0.9944893464
0.9944023698
0.9943191075
0.9941528656
0.9938786479
0.9935331607
0.9931941751
0.9929277393
0.9926793437
0.9922833509
0.9915991381
0.9907282923
0.9905703117
0.9916700155
0.9918762493
0.9919625501
0.9923189358
0.9927501591
0.9926903106
0.9908993122
0.9895652918
0.9875414262
0.9836618302
0.9794855326
0.981004013
0.9884276596
0.9914668569
0.9909819053
0.99097921
0.9909995617
0.9909970177
0.9909797835
0.9909556441
0.9909287879
0.9909013702
0.9908753744
0.9908555853
0.990856656
0.9909227045
0.9910970396
0.989105718
0.9853132737
0.987485575
0.9871384893
0.982338334
0.9813739423
0.979739054
0.9797549209
0.9788749162
0.9823903187
0.9853535386
0.9871406822
0.9877595643
0.9881263307
0.9887058636
0.9886618109
0.9877403535
0.1056946907
0.02792184504
0.02376437061
0.02374782734
0.02374095738
0.02373625805
0.02373240069
0.02372913982
0.02372641939
0.02372368661
0.02372112232
0.02371895677
0.02371702999
0.02371526016
0.02371365347
0.02371219298
0.02371087238
0.02370972282
0.02370878577
0.02370808467
0.02370761436
0.02370732131
0.04533142876
0.9923129428
0.9967600844
0.9973352428
0.9976220061
0.9976898532
0.9976224193
0.9975020411
0.9973696543
0.9972215909
0.9970528628
0.996875684
0.9966944368
0.9964951134
0.9962675907
0.9960176593
0.9957530156
0.9954748903
0.9951899329
0.9949149245
0.9946679291
0.994462798
0.9943116707
0.9942283846
0.9942298183
0.9943052394
0.9943621642
0.9943677742
0.99436552
0.9943588272
0.9942975583
0.9941571588
0.9940345714
0.994010286
0.9940687246
0.9942063257
0.9944410407
0.9946583709
0.9946650535
0.9945406031
0.9943952559
0.9941875884
0.9938559767
0.9936236459
0.9934471129
0.9931576987
0.9926689288
0.9919682231
0.9911980433
0.9905852813
0.9900841309
0.9892597551
0.9874634166
0.9834928463
0.9752449566
0.9776405057
0.9826878506
0.980783615
0.9845017515
0.9884758219
0.9916966198
0.9903791327
0.9871884115
0.9861457907
0.9823991075
0.9673861658
0.8670621688
0.8909920272
0.06792590317
0.05451387661
0.04568284313
0.04312189473
0.04248186307
0.04216402097
0.04191877233
0.04175223221
0.04159847444
0.04146975259
0.0414119584
0.04153764028
0.0422335351
0.04545736514
0.05002620719
0.5814607354
0.9321585099
0.1087474925
0.9017864866
0.804998832
0.925300969
0.9494262202
0.9597850999
0.964877007
0.9749923895
0.980419729
0.9828495818
0.9862374238
0.9873445816
0.9885206178
0.9906683286
0.9910098217
0.9838760798
0.04297277382
0.0263605478
0.02374774795
0.02373928553
0.02373516159
0.0237320354
0.02372971053
0.02372684154
0.02372398276
0.02372173342
0.02371969952
0.02371774992
0.02371594639
0.02371425185
0.02371263928
0.02371116321
0.0237098995
0.02370889323
0.02370815071
0.02370754938
0.04533151476
0.9886774323
0.9954229694
0.9961240299
0.9966282592
0.9968930169
0.9969033827
0.9968200591
0.9967467309
0.9966441612
0.9964897946
0.9963263084
0.9961700783
0.9959845764
0.9957457585
0.9954682458
0.995164973
0.9948269449
0.9944557228
0.9940778818
0.9937266213
0.9934287031
0.9931946133
0.9930368926
0.9930123723
0.9932214043
0.9935790657
0.9938123427
0.9939767381
0.9940996679
0.9941121654
0.9939123575
0.9934686052
0.9930938028
0.9928509795
0.9927441806
0.9928452396
0.9932383679
0.9939592201
0.9940400669
0.9941396934
0.994243582
0.9940030281
0.9927628902
0.9922344744
0.9917699148
0.9911478216
0.9902039365
0.988745019
0.9875661228
0.9871180619
0.9868098968
0.9859026149
0.9838028718
0.9779732444
0.9635245585
0.05220832898
0.0308464217
0.03060232267
0.03436758554
0.04728768274
0.08532680108
0.9509329159
0.970870424
0.9843087184
0.9838544359
0.9790642452
0.9605082544
0.06576524048
0.03047888124
0.0253029918
0.0240358577
0.02410372629
0.02417837335
0.02408634517
0.02404882744
0.02400067645
0.02394930156
0.02391461613
0.02388529532
0.02386852161
0.0238701647
0.0238759778
0.02912730871
0.03845316685
0.02682457374
0.02589264764
0.0259835925
0.02718342979
0.03324812646
0.05526511031
0.9368182597
0.9496829233
0.9539729485
0.9400297591
0.9722208491
0.9843031148
0.9877566063
0.9893651868
0.9906546998
0.9907631876
0.9873695657
0.9743737936
0.03781284292
0.02590700683
0.02373961386
0.02373380601
0.02373245816
0.02372969944
0.02372659395
0.02372455412
0.02372258865
0.02372055148
0.02371867115
0.02371684235
0.02371497303
0.02371315572
0.02371152147
0.02371014245
0.02370903767
0.02370796632
0.04533173621
0.970575759
0.9912006892
0.9934292278
0.9942506531
0.9952713626
0.9958989303
0.9957136076
0.995759005
0.9958432587
0.9957327328
0.9955887459
0.995505482
0.995373893
0.9951331571
0.9948288172
0.9944886883
0.9940741408
0.9935656619
0.9929990717
0.9924261574
0.9919127587
0.9915019061
0.9911072867
0.9907653927
0.9908465271
0.9918543532
0.9934557853
0.9938931036
0.9941547694
0.9942902443
0.9942730358
0.9938315673
0.9921184995
0.990992605
0.990019527
0.9892312526
0.9883796311
0.9896831911
0.9910967645
0.9920640994
0.9926432047
0.9935341376
0.9917987882
0.9890078987
0.9885740795
0.9884611273
0.9884964724
0.9879442249
0.9844358822
0.9839432158
0.9854789671
0.9870392923
0.9879940218
0.9877779213
0.9860371458
0.9841155595
0.05313016956
0.0268523485
0.02399224044
0.02404265928
0.02406694834
0.02559591667
0.02780952179
0.03931011384
0.8552594186
0.9831123587
0.9859836536
0.9866232407
0.9854723881
0.9434042563
0.03893853419
0.02816506165
0.02527763388
0.02416846686
0.02418922689
0.02417208991
0.02406855067
0.02400363357
0.02394664816
0.02390894899
0.02391878351
0.0240684477
0.03209515798
0.7993740166
0.02717124775
0.0239547283
0.02385972793
0.02392805386
0.03420897576
0.9452197321
0.9720782276
0.9595583165
0.9068069364
0.0331250603
0.02900473472
0.04206140396
0.9743646959
0.9869194308
0.9906106194
0.9907104745
0.9897840332
0.9886504372
0.9846412528
0.9657865509
0.03374557955
0.02485600025
0.02373421436
0.02373227389
0.02372895394
0.02372756503
0.02372579128
0.02372369041
0.02372189934
0.0237200909
0.02371801008
0.02371583311
0.02371378842
0.02371197479
0.02371041481
0.02370867542
0.04533226414
0.0535160586
0.03490780834
0.05408715124
0.9672077263
0.9852010429
0.9927458319
0.9937197247
0.9935863131
0.9944572305
0.9949986588
0.9945833365
0.9945933794
0.9946701687
0.9944572787
0.9941294478
0.9937823082
0.9932982512
0.9925997369
0.9917250366
0.9907036635
0.989614455
0.9887135899
0.9880396198
0.9865881343
0.9845453375
0.9846461901
0.989891791
0.9931069024
0.9925611219
0.9925308634
0.9928213776
0.9934677618
0.9913951957
0.9873408852
0.9855090031
0.983165118
0.9811681746
0.9747879957
0.1847097323
0.05943265535
0.05529840515
0.08621013053
0.1997567106
0.9441811141
0.9472125569
0.9678725979
0.9778490635
0.9855319972
0.983398737
0.9777319971
0.9820466251
0.9863591713
0.9887284828
0.9890964159
0.9878693831
0.9874331788
0.9865509188
0.9709484218
0.03443622918
0.02523972654
0.0240777538
0.02413332836
0.02405370604
0.02403575125
0.02504257938
0.03026198755
0.04878355729
0.967085304
0.9877204761
0.9882711087
0.9854539463
0.9755894356
0.8940277667
0.03690986371
0.02785211238
0.02419667922
0.02405236622
0.02402633364
0.02398513445
0.02394171222
0.02394165699
0.02406761467
0.04015888441
0.3025205468
0.02576957219
0.0238118343
0.02384384432
0.0256964741
0.06313899218
0.982012295
0.9771307822
0.9563134004
0.03494516231
0.02636634486
0.02379481315
0.02379295541
0.02654991737
0.04241828327
0.9832282185
0.9907808942
0.99066494
0.989155875
0.9886330742
0.9874663217
0.9810314799
0.8635461531
0.02777602952
0.02374666385
0.02373306939
0.02373146716
0.0237294893
0.02372711566
0.02372568433
0.02372415172
0.02372189996
0.02371932785
0.02371684778
0.02371456611
0.02371247838
0.02370983406
0.04533338914
0.04539633338
0.02376971897
0.02376412598
0.0247696837
0.02691321781
0.03716442202
0.09953688044
0.975757716
0.9858891109
0.992615997
0.9930966002
0.9926217915
0.9935353042
0.9940732874
0.9934246289
0.9931489408
0.9926873451
0.9917905445
0.9905494153
0.9888769153
0.9865273548
0.9836540295
0.9819451414
0.9837115423
0.9758878407
0.9542651633
0.9089340859
0.124507392
0.07617399267
0.05214145288
0.05173277831
0.06904035412
0.1119185571
0.9436093583
0.9459184637
0.9677052817
0.9788602588
0.9802494999
0.9802612427
0.9597274314
0.03275157722
0.02612141039
0.02442488026
0.02537913688
0.0259336765
0.02743463355
0.02951092156
0.03521198171
0.04831556835
0.9318606852
0.9553243346
0.9784536478
0.984737003
0.9858070907
0.9865506805
0.9851316152
0.985170066
0.9854954422
0.979474149
0.9179625282
0.03023967382
0.02420123869
0.02407027686
0.02408885231
0.02414058881
0.02408905408
0.02403760225
0.02595947903
0.03351882246
0.08681157034
0.978105273
0.9828485716
0.9812650549
0.9831800516
0.9805152241
0.1440952915
0.03529699863
0.02623954462
0.02395437082
0.02394394851
0.02397697489
0.02509202163
0.03890543204
0.9552422079
0.02577729617
0.02380886669
0.02389655683
0.03218625157
0.9636448904
0.9844857727
0.9778487717
0.04784829877
0.02708767148
0.02380234905
0.02380613423
0.02380083777
0.02379656051
0.02379388872
0.02771596221
0.08534079089
0.9866830531
0.9878671193
0.9890012268
0.9890260942
0.9879434308
0.9844667583
0.9733761921
0.03782031941
0.02499825533
0.02373410954
0.02373285394
0.0237303106
0.02372997012
0.02372920823
0.02372678907
0.02372374503
0.02372084394
0.02371813102
0.02371551028
0.02371168617
0.04533559836
0.04535260769
0.02373401699
0.02374849371
0.02374742392
0.02374807281
0.02376207068
0.02382127384
0.02548776829
0.02811228127
0.04136508309
0.136606643
0.9748971151
0.9849386682
0.9920934182
0.9925461219
0.9919862342
0.9926243529
0.9915214152
0.9900343848
0.9880134318
0.9846125407
0.9780494781
0.9643279099
0.9744916465
0.9841783899
0.978773993
0.9649594267
0.9606869668
0.05074132271
0.0292349887
0.02522138719
0.02404004836
0.02410219164
0.0255329432
0.02666850084
0.1034044338
0.9808705205
0.9691501392
0.9832114891
0.9870750545
0.9839116871
0.9684322387
0.04149139413
0.02788110921
0.02392356323
0.02383208228
0.02384379312
0.02383051874
0.02556492801
0.04062249401
0.9033020077
0.9629626036
0.9728853863
0.966321245
0.9777530368
0.9856423161
0.9862569182
0.9859562124
0.9859335026
0.9847116372
0.982259179
0.08616599885
0.02761337056
0.02399162467
0.02410960083
0.02411563773
0.02413638249
0.02409732177
0.02400835825
0.02399449962
0.02714372576
0.0352712023
0.8433703298
0.9726269802
0.9850531973
0.9886321784
0.9885781318
0.9720847196
0.06069942464
0.03120906179
0.02554853153
0.02526344458
0.7729404938
0.05926556492
0.02809440296
0.02390028376
0.02660877695
0.07207764799
0.9865527475
0.9818271919
0.7749281363
0.02860032942
0.02381083101
0.02379766148
0.02380183158
0.02380456602
0.02380728131
0.02381012546
0.02381326524
0.02387775478
0.03243149127
0.961447623
0.9857461268
0.9899498446
0.9897192031
0.9880137753
0.9869636119
0.983421633
0.8974359942
0.02782350897
0.02374688416
0.02373450798
0.02373508714
0.02373563865
0.0237328349
0.02372914078
0.02372591267
0.02372293276
0.0237199182
0.02371461543
0.04533973204
0.04534237996
0.02372366751
0.02373894814
0.02374507445
0.02374945355
0.02375610542
0.02376647421
0.02377006204
0.02376612345
0.02378339095
0.0238912409
0.02568322452
0.02837471298
0.04270661308
0.2477017195
0.9785410507
0.9888920455
0.991138542
0.9904631851
0.9887429706
0.9861916285
0.9813888339
0.9680388231
0.9318774461
0.1562817207
0.9837203286
0.9803604069
0.9828247918
0.9879693745
0.9813306661
0.9097497229
0.03907694081
0.02868005654
0.02612148302
0.02582196481
0.09983030584
0.9916298401
0.1123903079
0.03532721567
0.077582239
0.98178164
0.9860039705
0.9859994864
0.9819640535
0.07591958994
0.03140985981
0.02559328518
0.02391148606
0.02881892365
0.8286405738
0.9689690831
0.9760539557
0.9687132159
0.03861457837
0.03079964615
0.05382261542
0.9796659895
0.9853915916
0.9863949549
0.9864598481
0.988058557
0.9881682312
0.9788339203
0.03945033406
0.02612044337
0.02402455987
0.02411433877
0.02409005486
0.02403852114
0.0239996088
0.02393380222
0.02387330118
0.02483725592
0.02739115142
0.03620898021
0.9250855893
0.9842638942
0.9867899019
0.9876709024
0.9863679675
0.9568844572
0.04644424435
0.03734290643
0.04345318249
0.02455767449
0.0252960989
0.03340489155
0.9763690151
0.9895167274
0.980116472
0.03430410628
0.02478449868
0.02378828866
0.02379136972
0.0237976664
0.02380409777
0.02381143267
0.02382013505
0.02383059882
0.02384762796
0.0238583831
0.0323818699
0.06069916484
0.9842449544
0.9903827609
0.9901793494
0.9885185968
0.987900958
0.9847503889
0.9739335749
0.03806534762
0.02497515724
0.02373768612
0.02374258386
0.02373995953
0.02373554199
0.02373225029
0.02372932272
0.02372628653
0.02371923061
0.045347303
0.04533952396
0.02372021077
0.02373395214
0.02374085291
0.02374720045
0.02375389084
0.02376224001
0.02376863773
0.02377092208
0.0237765497
0.02378647297
0.02378707935
0.02377858079
0.02379648976
0.02403440146
0.02626696148
0.03280656911
0.0847147961
0.9824750505
0.9870938005
0.9884652875
0.9870217321
0.9841943992
0.9781979292
0.9578835802
0.0462099124
0.04508371219
0.9369968463
0.982404937
0.9882184793
0.984603385
0.9809410775
0.9688907063
0.9030575226
0.04367093521
0.8651784043
0.9857100014
0.1151655662
0.02422471707
0.02399704976
0.02784707781
0.04101864663
0.968388566
0.9838861825
0.9872773164
0.9809232939
0.906782278
0.04179392361
0.05446645651
0.9672507943
0.9720214535
0.9754718828
0.05889341375
0.02823372112
0.02381364925
0.02381962458
0.02878382372
0.6754220014
0.9782902197
0.9839854361
0.9861725954
0.9876439042
0.9880169376
0.9839485019
0.9623314912
0.0335476419
0.02515338266
0.02403407416
0.02403306744
0.02398114715
0.02393270897
0.02390030554
0.02387495691
0.0238209312
0.02380264028
0.02479444006
0.02876211495
0.04543117666
0.9595885743
0.986398897
0.9873167054
0.9862410205
0.9812515946
0.9676075109
0.09850657852
0.04994744538
0.9223294554
0.9766447377
0.9875741639
0.1367656966
0.02670862487
0.02377220283
0.02379325223
0.02379571597
0.02379835263
0.02380341975
0.02381091904
0.02381868336
0.0238284426
0.02383764192
0.02883858246
0.03544291136
0.9425730854
0.03711035337
0.09732693411
0.9865858402
0.9887686353
0.9893110334
0.9879563975
0.9871351229
0.9838017724
0.8948752606
0.0269786519
0.02376170764
0.023752001
0.02374463503
0.02374075291
0.02373789547
0.02373539921
0.02372648004
0.04536111322
0.04533865864
0.02371884265
0.02373119254
0.02373760276
0.02374437614
0.02375142086
0.02375895901
0.02376531485
0.02376958687
0.02377478547
0.02378199096
0.02378633214
0.02378539661
0.02378841121
0.02379511521
0.02379097977
0.02378342618
0.02384707928
0.02736330034
0.04272638247
0.9786621466
0.9875260891
0.9896167204
0.9883675752
0.9865259539
0.9849023484
0.06138347464
0.02972216684
0.03042371456
0.05482208154
0.9705541339
0.9762139181
0.9788577748
0.9683652195
0.9695648277
0.9624983097
0.9642961259
0.03848953641
0.02410392178
0.02396625286
0.02392187119
0.02383764677
0.02568235185
0.03263397707
0.9433393555
0.9768891561
0.9705713257
0.977533376
0.9839621027
0.9837406555
0.9795810094
0.8891551244
0.03122102285
0.02387939474
0.02381551474
0.02379567593
0.02377849119
0.02463599909
0.03111132005
0.9230756894
0.979357737
0.9864408491
0.987240428
0.9867214778
0.9855967059
0.9792892423
0.9127279944
0.02982376906
0.02397248769
0.02396657837
0.02392747498
0.02389839624
0.02387106345
0.02383765403
0.02382061676
0.02381931753
0.02380349095
0.02381327286
0.02541460686
0.03163323221
0.08455840927
0.972333965
0.9812979764
0.9765540966
0.9824472556
0.9884204573
0.9850725918
0.9834279851
0.962800619
0.03642945984
0.02399453751
0.0237853294
0.02379271914
0.02379494272
0.02379612223
0.02379944999
0.02380450035
0.02381159097
0.02381835143
0.02848152344
0.03504712991
0.9323885739
0.03169014845
0.02720838032
0.02388761685
0.03181239614
0.9716125294
0.989316439
0.9898560776
0.9885261291
0.9882963778
0.9857278203
0.9722421657
0.03547224103
0.02385670374
0.02376034082
0.02375245945
0.02374878705
0.02374771561
0.02373766747
0.04538624577
0.04533834393
0.02371819666
0.02372956608
0.02373535005
0.02374190965
0.02374889495
0.02375605597
0.02376243938
0.02376771968
0.02377324992
0.02377926045
0.0237834914
0.02378498156
0.0237874162
0.02379159316
0.02379256953
0.02379025306
0.02379115328
0.0237903179
0.02378395692
0.02695826317
0.04765654727
0.9846717847
0.9906573391
0.9903797966
0.9902414575
0.9898054755
0.9799796751
0.03876728558
0.02661632085
0.026424525
0.03449931605
0.951690062
0.9685237503
0.9762730606
0.9803287205
0.9693873084
0.04244161618
0.02561683347
0.02396708515
0.02393405956
0.02387561806
0.0238203746
0.02378923568
0.02527048805
0.03386002788
0.9440484783
0.9784635587
0.9892865815
0.9892603014
0.9797742881
0.04020943759
0.02524347257
0.02383264593
0.02380709547
0.02379235276
0.02378089708
0.02376686194
0.02375630087
0.02516940918
0.03385572782
0.9680565962
0.9858769297
0.9874550812
0.986566303
0.9862392589
0.9849784695
0.9827834372
0.06245999335
0.02727224293
0.02388019987
0.02389165645
0.0238678431
0.02384408344
0.02382800526
0.0238243698
0.02381712084
0.02382046854
0.02382233469
0.02382206877
0.02401438081
0.02654277588
0.03316188354
0.7385710178
0.9451375584
0.9836774285
0.9892137924
0.988450659
0.9761430534
0.03431757004
0.02379969358
0.02378398487
0.0237851239
0.02378702738
0.02378890262
0.02379095657
0.02379613626
0.02380296125
0.02812078069
0.03441044808
0.9338372132
0.03270648181
0.02692450692
0.0237894428
0.0238082941
0.02379233065
0.026102259
0.06120635298
0.9860634046
0.9886667725
0.9896137439
0.9890779526
0.9890043836
0.989375724
0.1005104832
0.02754891926
0.02376469184
0.02375776482
0.02376115824
0.02375401185
0.04543129533
0.04533817718
0.02371782325
0.02372852687
0.0237337849
0.02373995821
0.02374667693
0.02375357234
0.02376002862
0.02376586723
0.02377165505
0.02377731073
0.02378171612
0.02378463138
0.02378776418
0.02379131388
0.02379322014
0.02379357602
0.0237950493
0.0237962224
0.02379445508
0.02379077518
0.02379673695
0.02829701846
0.08978017514
0.9863792357
0.9883767277
0.9895322895
0.9885846558
0.9833565796
0.969665241
0.04567116962
0.03064201643
0.03325126145
0.0504586338
0.9558772901
0.9770230755
0.9763604067
0.9669539199
0.8118022395
0.02711996924
0.023893078
0.02388067777
0.02383375058
0.02380540945
0.02381175373
0.02873939416
0.1539685442
0.976562382
0.987573019
0.9901744489
0.9858642707
0.05052176758
0.02385786333
0.02384026286
0.02381406699
0.02379379572
0.02377996912
0.02376784772
0.02376028816
0.02375758348
0.02375840808
0.02622778373
0.04453463413
0.9787884206
0.9848695157
0.9861932433
0.9865165218
0.9883632888
0.9885058923
0.9785187801
0.03855236815
0.02603403769
0.02383980215
0.02384456186
0.02383329987
0.02383116079
0.023825543
0.02382454517
0.02382178487
0.02382018307
0.02383387565
0.02382962276
0.02541465283
0.03787747247
0.9029354825
0.9728688757
0.9856217993
0.9860669143
0.9830368587
0.978179482
0.03270487718
0.02377839119
0.02377848273
0.02377943299
0.02378013728
0.02378225671
0.02378844859
0.02778256958
0.0339099189
0.9333689372
0.03306713776
0.02724249982
0.02377095426
0.02378300309
0.02379562806
0.02379380654
0.02378753795
0.02381478846
0.031442108
0.9692891338
0.9888009705
0.9898772285
0.9894848049
0.9912670166
0.9909190552
0.9812041714
0.03874893466
0.02544579529
0.02376679905
0.02377508921
0.04551096016
0.04533804445
0.02371755858
0.02372779938
0.02373266228
0.02373846007
0.023744873
0.02375154718
0.02375804744
0.02376421026
0.02377021241
0.02377589335
0.0237806911
0.02378459093
0.023788402
0.02379210437
0.02379476171
0.02379654349
0.0237984733
0.02379959608
0.02379863617
0.02379589853
0.02379237483
0.02378832408
0.02385015717
0.0310307532
0.9603432618
0.9872289068
0.9877152076
0.9841210271
0.9823820014
0.980026121
0.9724495076
0.8930457849
0.8646605241
0.8517216249
0.920508304
0.9501482704
0.957516531
0.9661766171
0.9310625508
0.02955700835
0.02386438722
0.02383597916
0.02380027199
0.02486199933
0.03472428731
0.9687561538
0.9765005996
0.9799415069
0.9814636292
0.9840714791
0.9867250184
0.04026123815
0.02382790871
0.0238075484
0.02378933094
0.02377492599
0.02376397484
0.02375754702
0.02375546519
0.02375698975
0.0237615876
0.023775494
0.02839487363
0.7453188691
0.9770919356
0.9838616678
0.9861725302
0.9877952238
0.9880582183
0.9834077911
0.9622333092
0.03453914573
0.02571432006
0.02381865624
0.02383577348
0.02383625802
0.02383374833
0.023823244
0.02381302415
0.02381010578
0.02385320325
0.02980570527
0.8363245688
0.9693877454
0.9798403634
0.9819138417
0.9757290632
0.06458619505
0.9807056084
0.9799248687
0.03123716681
0.02376872452
0.02377218479
0.02377374827
0.02377590049
0.02746445329
0.03341161828
0.9333148291
0.03355306059
0.02754648304
0.02377701627
0.02377564777
0.02378403083
0.02379202587
0.02379182433
0.02378927422
0.02378919282
0.02378306549
0.02587422684
0.05242060086
0.9834338691
0.9874386042
0.9895139314
0.989710926
0.9888415819
0.984257956
0.9553645425
0.03038974836
0.02381533308
0.0456642878
0.04533791334
0.02371733674
0.02372723983
0.02373182254
0.02373731588
0.02374346076
0.02374995332
0.02375646255
0.0237628149
0.02376899916
0.02377484972
0.02378007132
0.02378468916
0.02378906949
0.02379312678
0.02379638731
0.02379890633
0.02380094997
0.02380177904
0.02380059582
0.02379746481
0.02379316549
0.02378874906
0.02378581223
0.02377740212
0.02550519903
0.04645135424
0.981720815
0.9798803829
0.9730982916
0.9696069212
0.9730948366
0.9681076557
0.962739354
0.9495010356
0.8738334651
0.04527829064
0.9297920143
0.9485745013
0.972773549
0.9726864046
0.03451212942
0.02393942246
0.02382668507
0.02869749724
0.6730143143
0.976750529
0.9781037847
0.9679133025
0.9355647423
0.04577936074
0.9830515904
0.9868665036
0.03579274941
0.02379267932
0.02377875403
0.0237664794
0.02375736598
0.02375266619
0.02375201735
0.02375447496
0.02375914247
0.02376434242
0.02376349135
0.02468327131
0.03117937591
0.9268387365
0.9794747299
0.9866049753
0.9872464579
0.9862678344
0.9848140974
0.9785919264
0.9477757808
0.03377652804
0.02596718297
0.02382704719
0.02384323965
0.02382783726
0.02380752646
0.02380518742
0.02757509979
0.06251910065
0.9800097987
0.9830889987
0.9832908938
0.9782693556
0.04576852854
0.0277919526
0.0324300029
0.9797810461
0.9793109741
0.03053998797
0.02377244731
0.02377554621
0.02713789811
0.03301274956
0.9335967844
0.03403902531
0.02787077518
0.02378768673
0.02378176445
0.02378190529
0.02378705833
0.0237910388
0.02379135232
0.02379044323
0.02379044199
0.02378823589
0.02377869977
0.02379159408
0.02962022731
0.9541433508
0.9878848095
0.9893761434
0.9872712167
0.9868804817
0.98627944
0.9830601089
0.04201739507
0.04859861738
0.04533777413
0.02371712821
0.02372677025
0.02373116592
0.02373643885
0.02374238003
0.0237487334
0.02375522993
0.02376168825
0.02376801164
0.02377404927
0.02377963026
0.02378476543
0.02378960123
0.02379403403
0.02379777345
0.0238007561
0.02380290324
0.02380365531
0.02380249054
0.02379949674
0.02379538419
0.0237909462
0.02378732233
0.02378196544
0.0237740873
0.02378885913
0.03094369118
0.948031678
0.9631424712
0.9514769611
0.9593720796
0.9688653017
0.9730949336
0.9720828132
0.9573564618
0.9307977269
0.03664537714
0.04392948925
0.9524687897
0.980037468
0.9821891405
0.04384617393
0.02870570795
0.0474196907
0.9758372957
0.9845086854
0.9808380489
0.9577650431
0.03475390566
0.02618880275
0.03170442654
0.9835050161
0.9858222453
0.03338280055
0.02376685649
0.02375635089
0.02374952661
0.02374715195
0.02374911364
0.02375421826
0.02376120069
0.02376839196
0.02377231784
0.0237684016
0.02376252395
0.02523727465
0.03400986879
0.9692144768
0.9863286611
0.9869873109
0.9849236701
0.9834113467
0.9813445665
0.9744966282
0.9536507285
0.03751155079
0.02697564321
0.0238316451
0.02380574794
0.02676675677
0.04144870795
0.9805602226
0.987863174
0.9873716356
0.9822799849
0.05186808553
0.02817961371
0.02384654234
0.0238156492
0.03170160962
0.9807910777
0.9780268144
0.03051996726
0.02709379252
0.03204255203
0.9325353385
0.03462629231
0.02821324483
0.02379906564
0.02379147405
0.02378765361
0.02378741356
0.02378908771
0.02379071123
0.02379070466
0.02379032652
0.0237902766
0.02378878558
0.02378398248
0.02378252931
0.02377578702
0.0254582091
0.05153648199
0.9861437556
0.9859292074
0.9853479631
0.9867493676
0.989119328
0.9871128788
0.9122763638
0.04533762305
0.02371691815
0.02372634677
0.02373063111
0.02373576502
0.02374157214
0.02374782939
0.02375430392
0.02376081081
0.02376721764
0.02377339267
0.0237792243
0.0237847037
0.02378987678
0.02379464239
0.02379877635
0.0238021368
0.02380448383
0.0238053947
0.02380445857
0.02380175475
0.02379800716
0.02379352623
0.02378900787
0.02378373557
0.02377844694
0.02378259604
0.02378135551
0.02818423808
0.879660427
0.9402221442
0.9485940748
0.9614459881
0.9669699234
0.9676889335
0.9584442132
0.9545349509
0.9499501735
0.03551479376
0.9077663303
0.08925658186
0.9740229787
0.9643862925
0.834903005
0.9631995474
0.9849455022
0.9873480417
0.9800860559
0.04059780118
0.02643043369
0.02380367233
0.02379943441
0.03222731735
0.9849767734
0.9845729224
0.03162452211
0.02374827755
0.02374170807
0.02374169967
0.02374676199
0.02375507651
0.023764602
0.02377289307
0.02377735987
0.02377629638
0.02377471082
0.02377421711
0.02377204299
0.02631009955
0.04664303027
0.9787633624
0.9827836852
0.9824790772
0.9785076577
0.9762406186
0.9783513479
0.9768074901
0.9667758021
0.04120755593
0.02913780327
0.03780709774
0.9672078125
0.983846098
0.9863349117
0.9810879312
0.06339398307
0.02855737912
0.02385372385
0.02385023517
0.023824465
0.02379526846
0.03290900219
0.9816102112
0.9798128811
0.04226472593
0.9458864838
0.03458959905
0.02854437892
0.02381006556
0.02380106594
0.02379505396
0.02379179326
0.02378990221
0.02378978532
0.02378981946
0.02378940476
0.02378918514
0.02378961681
0.02379001551
0.02378944877
0.0237909838
0.02379301905
0.02379555882
0.02383889978
0.03463618185
0.9764963708
0.9835699686
0.9868293945
0.9902143921
0.9928595551
0.9840718343
0.04533745775
0.02371669824
0.02372594438
0.02373018203
0.02373525318
0.0237409944
0.02374719746
0.02375364845
0.02376015935
0.02376658414
0.0237728124
0.02377876418
0.02378442003
0.0237897963
0.02379481472
0.02379927399
0.02380299492
0.02380562627
0.02380685906
0.02380628537
0.02380397083
0.02380082861
0.02379667582
0.02379246922
0.02378810338
0.02378455832
0.02379250499
0.02379915903
0.02379715195
0.03150105192
0.8578109972
0.9478188052
0.9572723097
0.9562074067
0.9476539834
0.9297209323
0.9258669438
0.9584490328
0.9521642994
0.03887750127
0.7623118112
0.9127988173
0.943431841
0.9556889903
0.9738811481
0.9832067261
0.983843009
0.09343289031
0.02816066965
0.02381572943
0.02382393529
0.02382204192
0.02380286391
0.03401555267
0.9862233082
0.983196795
0.03022854764
0.02373643316
0.02373718412
0.02374575355
0.02375772454
0.02376997286
0.0237789673
0.02378299615
0.02378223636
0.02378024773
0.0237789914
0.02377916775
0.0237804397
0.02379089064
0.02880151026
0.9055777506
0.9798644337
0.9779516046
0.9666701828
0.9661293531
0.9703192806
0.9754284339
0.9737308105
0.9553311128
0.9522971365
0.9757350159
0.9826684718
0.9778583195
0.6606582083
0.02955132389
0.02387320683
0.02385451403
0.0238530718
0.02382598587
0.02382285458
0.02387297843
0.03933853788
0.9768926853
0.9790306193
0.04578013611
0.02915617222
0.02382390822
0.02380839665
0.02379990136
0.02379517825
0.02379158215
0.02378973087
0.02378881009
0.02378801249
0.02378709794
0.0237866538
0.02378733161
0.0237890709
0.02379000321
0.02379066412
0.02379104003
0.02379329067
0.02380786549
0.02749829795
0.05054391126
0.9773091546
0.9863237078
0.9911638723
0.9944239098
0.9906536639
0.04533727619
0.02371646359
0.02372554981
0.02372980068
0.02373488285
0.02374062451
0.02374681375
0.02375324443
0.02375972093
0.02376609151
0.0237722724
0.02377820264
0.02378385899
0.02378927536
0.02379441979
0.02379910775
0.02380318595
0.02380613297
0.02380772392
0.02380742336
0.02380549765
0.02380332433
0.0237993707
0.02379633729
0.02379404045
0.02378850291
0.02379759555
0.02380049159
0.02672555238
0.03785928496
0.9368245514
0.9539095755
0.9608867545
0.9548541193
0.9296690084
0.6731802733
0.8635526089
0.9312878925
0.9541766679
0.9309957912
0.04486014335
0.9395544733
0.9618521357
0.9727713316
0.9820320703
0.982402956
0.9419869244
0.03314936409
0.02395172315
0.0238422689
0.02384109302
0.02383806945
0.02382977983
0.02382085407
0.03637676414
0.9873578408
0.9817343574
0.02913254769
0.02373504156
0.02374733882
0.02376351983
0.02377874509
0.02378772126
0.02379013832
0.02378808067
0.02378501873
0.02378269622
0.02378234679
0.02378429999
0.02378952927
0.02378797808
0.02517500521
0.0402745381
0.9730207248
0.9616788247
0.9538514381
0.9590300588
0.9664832229
0.9762317313
0.9820625628
0.9830542484
0.9831332554
0.9820892322
0.9577311207
0.03179590348
0.02472956267
0.02384070514
0.02384560049
0.02382650643
0.02378115063
0.0247023733
0.02935939006
0.04070190919
0.9073865883
0.9748723351
0.9790440317
0.03029051404
0.02379531925
0.02379353711
0.02379081902
0.02378880792
0.02378783238
0.02378726732
0.02378666193
0.0237855743
0.02378405134
0.02378285931
0.02378327916
0.02378575079
0.02378612633
0.02378254551
0.02377751861
0.02377420654
0.02573418363
0.03456687732
0.9515690516
0.9681572044
0.9820256934
0.9897020557
0.9941902919
0.9912032447
0.04533707645
0.0237162116
0.02372515843
0.02372948359
0.02373465276
0.02374046121
0.02374667531
0.02375309301
0.02375950022
0.02376574009
0.02377176963
0.02377753434
0.02378300329
0.0237882656
0.02379334703
0.02379806978
0.02380246565
0.02380574272
0.02380766733
0.02380711747
0.02380501099
0.02380475407
0.02380078917
0.02379746482
0.02379932907
0.02379493066
0.02385051651
0.02790026172
0.03895914585
0.9563166035
0.9649132971
0.9542087984
0.9528359035
0.9464160839
0.7496567429
0.7885484332
0.8155986747
0.8762338161
0.9107979073
0.9174123675
0.9327914735
0.9608321722
0.9793583978
0.9830521166
0.9843674392
0.9790886277
0.03938120926
0.02530564987
0.02385611288
0.02384747417
0.02384678465
0.02384646135
0.02384387811
0.0238449119
0.0238419237
0.03954825749
0.9883765695
0.9800277046
0.0285089689
0.02375117271
0.02377378288
0.02379234882
0.02379973504
0.02379866858
0.02379367697
0.02378887211
0.02378578122
0.02378553096
0.02378622572
0.02379046263
0.02379960134
0.02380498112
0.02381949704
0.03473263774
0.9293045002
0.953577735
0.964911907
0.9726999683
0.9809950811
0.9869242676
0.9893662157
0.9879187857
0.9821095845
0.04944055444
0.02618384279
0.02384862742
0.02387101066
0.02387665333
0.02383866095
0.02609711867
0.03007628814
0.8254450788
0.8057677983
0.03258767026
0.03475167494
0.9786051168
0.975065782
0.02990534199
0.02377179087
0.02377827427
0.02378092092
0.02378292801
0.0237842193
0.02378446661
0.02378352329
0.0237813263
0.02377879137
0.02377852273
0.02378220236
0.02378130371
0.02377356834
0.02376418282
0.02558287933
0.0326686063
0.9164278107
0.9578133128
0.9604632192
0.9701366399
0.9847224588
0.9919398299
0.9896790252
0.04533685672
0.02371594208
0.02372477376
0.02372924086
0.02373458051
0.02374052341
0.02374679746
0.0237532152
0.02375952156
0.02376555112
0.02377133634
0.02377680331
0.02378188864
0.02378679066
0.02379157614
0.02379596412
0.02380043743
0.02380393501
0.02380646232
0.02380457373
0.02379996348
0.02380063683
0.02379633824
0.02378893029
0.0237838438
0.02492634707
0.03044880326
0.07331608641
0.9768550447
0.9768562891
0.9723101367
0.9534127574
0.9583798427
0.9526089362
0.9393526423
0.90381115
0.9406931993
0.5600239832
0.8986739057
0.9106975057
0.9566001696
0.974884754
0.9826801462
0.9843910876
0.9796359802
0.05742885144
0.02801656602
0.02385319148
0.02388659763
0.02387418057
0.02386291396
0.02385770026
0.02385517132
0.02385609965
0.0238582988
0.02386367247
0.04526646969
0.9887782238
0.9779433105
0.02923631156
0.02378341552
0.02381114103
0.02381419356
0.02380723851
0.02379776585
0.02379042893
0.02378616699
0.02378670831
0.02378506239
0.02378307528
0.02379012262
0.02378882093
0.02599500681
0.03364918459
0.886237427
0.9563732155
0.9709476373
0.9754858072
0.9802581375
0.9850283511
0.9877848387
0.9873899078
0.9798367774
0.0404894546
0.02385387784
0.02388595292
0.02392329871
0.02405050017
0.03060816038
0.03381403913
0.936371426
0.04750501264
0.03257923785
0.02553005569
0.02378026089
0.03165330962
0.9781204953
0.9758888206
0.0299956811
0.02376780991
0.02377519991
0.02377912537
0.02378190108
0.02378314971
0.02378291645
0.02378048579
0.02377621019
0.02377456264
0.02378110998
0.02377940418
0.02376846198
0.02579090518
0.03359075851
0.9335981548
0.9677983741
0.9685135709
0.9642273727
0.9679263746
0.978526707
0.9832182529
0.9818411917
0.04533661555
0.02371565859
0.0237244094
0.02372909691
0.02373470375
0.02374084877
0.02374720756
0.02375364753
0.02375982521
0.0237655624
0.0237710414
0.02377611233
0.02378062586
0.02378498411
0.02378929067
0.02379285293
0.02379687984
0.02379975299
0.02380376953
0.02380100571
0.02379039464
0.02378939469
0.02377934573
0.02455060579
0.02777420549
0.03722924216
0.9044649798
0.9838969351
0.9866015013
0.9838583097
0.974716922
0.9574937214
0.9585391523
0.9489256156
0.3473190595
0.9383123285
0.03735804004
0.03840707919
0.04899946365
0.9507801437
0.9685105241
0.9802136366
0.9845414717
0.9851518035
0.9789767408
0.03464691956
0.02386666594
0.02387505277
0.02389568847
0.02388655403
0.0238741699
0.02386548537
0.02386149381
0.02386120607
0.02385672237
0.02384747971
0.02388466417
0.04962939593
0.9845001799
0.9680014183
0.02901600908
0.02381802072
0.02382635107
0.02381299642
0.02379916556
0.02378941584
0.02378321483
0.02378546453
0.02378440664
0.02378128391
0.02380112342
0.02658190354
0.03424551432
0.9087251954
0.94879885
0.9606396472
0.9730118265
0.9748194953
0.9747980008
0.9760616795
0.9777078189
0.9799888053
0.9803140482
0.9715965697
0.0275827859
0.02382411955
0.0258492212
0.03460547517
0.0538963828
0.9367244266
0.03346044412
0.03022615967
0.02394928978
0.023841215
0.0238088975
0.02379087626
0.03110469275
0.9779862923
0.9761541714
0.03012103227
0.02376848206
0.0237765036
0.02378054567
0.02378286894
0.02378402616
0.02378282959
0.02377766221
0.0237741326
0.02378822233
0.0237898091
0.02659253996
0.03659561241
0.9560932766
0.977435892
0.979928382
0.9752396804
0.9767037882
0.9750534735
0.9760391769
0.9569183581
0.8895934933
0.04533635271
0.02371537209
0.02372409488
0.02372909351
0.02373508259
0.02374149098
0.02374793544
0.02375443491
0.02376045028
0.02376581125
0.02377099997
0.02377562084
0.0237794008
0.02378316212
0.02378690859
0.02378927422
0.02379261779
0.02379272858
0.02379755592
0.02379658672
0.02378466448
0.02379351134
0.02566840072
0.03230989055
0.6317659564
0.9764683589
0.9834761542
0.9876942444
0.9870379385
0.9831696461
0.9788234745
0.858383515
0.8698798787
0.05346379838
0.9711156196
0.03652710754
0.03617227809
0.03905150562
0.9550560003
0.9630823557
0.971943031
0.9762425944
0.9776131607
0.9796068185
0.9829571182
0.0871236015
0.02412821855
0.02385958703
0.02388206351
0.02388212725
0.02387532698
0.02386751978
0.02386495924
0.02386835246
0.02386503284
0.02385724364
0.02392234707
0.02525057316
0.7494909264
0.9792990971
0.9705629215
0.02708825789
0.02383288494
0.02381659422
0.02379815012
0.02378714622
0.02377640649
0.02377662252
0.02376768204
0.02466125387
0.02861910743
0.04538994178
0.9593275219
0.9662280661
0.9636804393
0.9629838329
0.9742187543
0.9749622853
0.9705706711
0.9646117567
0.956405043
0.9609913393
0.9714775712
0.9834488945
0.04733815856
0.02806350731
0.03339484513
0.8321224261
0.8619091808
0.03045535306
0.02591815654
0.02380215635
0.02381896443
0.02380143444
0.02380045885
0.0237967091
0.02378334578
0.03092796942
0.9777203409
0.976438096
0.03025581647
0.02377137357
0.02377990265
0.0237830394
0.02378559747
0.02378535736
0.02378176782
0.023780574
0.0238919229
0.02877734929
0.04654737592
0.9740914282
0.9822405546
0.9853407145
0.9839954638
0.9821123957
0.9822699652
0.9782752896
0.8950139551
0.03851673432
0.05880964289
0.04533607327
0.02371510854
0.02372388726
0.02372929768
0.02373580493
0.02374250732
0.02374899628
0.02375563682
0.02376139915
0.02376625916
0.02377138757
0.02377558778
0.02377831747
0.0237817634
0.02378524812
0.02378531112
0.02378947324
0.02378407977
0.02378525466
0.02377456663
0.02470975451
0.0289220003
0.04647295784
0.9589030729
0.9834484591
0.9870803612
0.988173908
0.9888755388
0.9851926469
0.9374168456
0.0479905822
0.0323032883
0.02685234464
0.03027562981
0.0420136794
0.06301023267
0.08488818193
0.9776138579
0.9732510964
0.9781913283
0.9755612497
0.9750772911
0.9682195512
0.9333763836
0.9810231231
0.9795428958
0.02835383597
0.02383038397
0.02386167115
0.02387100333
0.02386933267
0.02386105226
0.02385793536
0.02385926467
0.02383770691
0.02380044985
0.02516491511
0.03169306522
0.0410902713
0.9321036493
0.9858657905
0.07148759943
0.02386004338
0.0238261313
0.02379979433
0.0237872133
0.02377783794
0.02380772625
0.02606211046
0.03223445167
0.626883865
0.9752860847
0.9800928971
0.9769111285
0.9693508317
0.96961722
0.9779817922
0.9791181171
0.9764327711
0.9678893597
0.95704526
0.9489168652
0.07685534805
0.9817793653
0.9700674166
0.03643646673
0.9309688665
0.04054371785
0.02943663317
0.02473268176
0.023748396
0.02378019092
0.023796144
0.02379307587
0.02379494612
0.02379496298
0.02379018956
0.02377999956
0.03077824396
0.9774528596
0.9767118158
0.03040798287
0.02377561023
0.02378173283
0.02378184821
0.02377606073
0.02376509498
0.02456673629
0.03071145729
0.109298759
0.9847859421
0.9867616216
0.987142061
0.9871812128
0.9841794978
0.9774554191
0.9660022394
0.05570998632
0.03070060282
0.02522655165
0.04590284683
0.04533580548
0.02371492566
0.02372388551
0.02372981608
0.02373701305
0.02374392379
0.02375032501
0.02375738159
0.02376265904
0.02376662632
0.02377234043
0.02377664804
0.02377772111
0.02378100212
0.02378673889
0.02378415953
0.02379074072
0.02378725834
0.02384591679
0.02677094239
0.03360664942
0.8165457721
0.9782777625
0.9847027188
0.9870474108
0.9858546655
0.9823584589
0.9789896233
0.0837824391
0.03086440967
0.02544247838
0.02559232552
0.02870036766
0.04220772155
0.9318485325
0.9670012843
0.9862709531
0.9883004086
0.9845160717
0.9835222237
0.9803016272
0.9364495551
0.04631189325
0.03608009774
0.9790237575
0.9870627469
0.04563559858
0.0238081957
0.02384312892
0.0238585745
0.02386174929
0.0238568709
0.0238553296
0.0238714892
0.02384391037
0.02711162645
0.032150149
0.8236331431
0.8757097651
0.0326676442
0.9760509653
0.9836541859
0.03089745567
0.02381815285
0.02380089244
0.02378757706
0.02505038231
0.03001119511
0.05469973984
0.9654857814
0.9788311837
0.9831754155
0.9826180001
0.9782697193
0.9756097974
0.9778020545
0.9789353779
0.9793911433
0.9779773405
0.9607331828
0.6105599864
0.03847429672
0.03494169951
0.9776056087
0.9780141069
0.7289509314
0.03238831672
0.02753478923
0.02383638765
0.0237843907
0.02377632973
0.02379254769
0.02379876271
0.0237962229
0.0237957367
0.02379498176
0.02379185673
0.02378831759
0.02378023043
0.03064508122
0.9771684248
0.9769555223
0.03068031507
0.02378324076
0.02378452641
0.02377090789
0.02540590379
0.03112718952
0.8422946415
0.9857864114
0.9898275861
0.9891403251
0.9879369199
0.9870977327
0.9812573188
0.7897944044
0.03249444753
0.02650008069
0.02381799296
0.02377589415
0.04567103245
0.04533565726
0.02371496211
0.02372424574
0.02373078322
0.02373899936
0.02374573562
0.02375155107
0.02375982515
0.02376442973
0.02376631726
0.02377315773
0.02377883742
0.02377815346
0.02377940008
0.02378469891
0.02378269691
0.02381942914
0.02552350841
0.03196777512
0.07342323124
0.9735212831
0.9803588187
0.9839286115
0.9864814153
0.9860076157
0.9812951227
0.9404690171
0.03646906725
0.02940087098
0.02735237946
0.04073215269
0.09643441902
0.9503764374
0.9771652531
0.9826264393
0.9844589515
0.9853743317
0.986428698
0.9792747443
0.9414451054
0.05410114944
0.03150154623
0.02568955535
0.02387288571
0.05532188193
0.9897069601
0.981091705
0.02685201573
0.02382928487
0.02384898356
0.02385426168
0.02385950813
0.02389238519
0.02403055721
0.03278975376
0.03844047038
0.9596068901
0.06279020523
0.03210656531
0.0252360789
0.03915180166
0.9785618629
0.9502333651
0.02621687019
0.02491068683
0.02857764632
0.04263813462
0.9277667118
0.9814228191
0.986188461
0.9857438524
0.9858096066
0.9839959929
0.9830145219
0.9802705912
0.9822447398
0.9832374619
0.9434355157
0.9633132173
0.04285346037
0.02786497068
0.02534717952
0.02395453494
0.05340583082
0.984805636
0.9603493438
0.02947350489
0.02383435668
0.0238158086
0.02378877939
0.0237872575
0.02379691812
0.02379933944
0.02379743786
0.02379619402
0.02379525957
0.02379323769
0.02379184275
0.02379182288
0.02378599598
0.03060696728
0.976698655
0.9768234078
0.03209925207
0.02382056854
0.02712373726
0.03715174735
0.9522329283
0.9800747027
0.9877649637
0.9893696397
0.9866926776
0.9827821901
0.9764325243
0.05919064167
0.02947094428
0.0246338192
0.02375420247
0.02376878913
0.02375954868
0.04550376291
0.04533596708
0.02371555412
0.02372526201
0.02373224161
0.02374228353
0.02374824095
0.02375187594
0.02376237317
0.02376679667
0.0237655383
0.02377173033
0.02377605187
0.02377630496
0.02379338248
0.02464636906
0.02619967271
0.0331945917
0.06268040616
0.9584989483
0.9842857548
0.9863250747
0.9838100794
0.9809185774
0.9776882693
0.9649020888
0.06339406578
0.04010705235
0.04196377401
0.06496006492
0.943257484
0.9727826601
0.9888669939
0.9886744535
0.9847642751
0.9845885019
0.9845315145
0.980282491
0.9333770153
0.04407816052
0.02962748376
0.02550635086
0.0238745139
0.02385647229
0.02383589227
0.0277122432
0.9844121081
0.9892360147
0.04459325173
0.02382649969
0.02383787247
0.0238232336
0.02380457291
0.02574486664
0.0337699223
0.05705282887
0.9639271112
0.0366335814
0.03096904445
0.02428617929
0.0238231941
0.02759691561
0.9382934303
0.9718926968
0.0533525528
0.04001674652
0.8885515801
0.9769637485
0.9840184535
0.9849658857
0.9873582161
0.986202602
0.9868383196
0.9842990577
0.9832253373
0.9783770252
0.9428157481
0.1128597805
0.03976124475
0.8469172981
0.03891989037
0.02384416638
0.02384247405
0.02386934436
0.02718268371
0.9762533447
0.9851098801
0.04197836949
0.02381396594
0.02380495804
0.02378942784
0.02378919784
0.0237955107
0.02379682272
0.02379602572
0.0237947683
0.02379457858
0.0237934398
0.0237944866
0.02379918831
0.02380198269
0.0238131042
0.03179756383
0.9768270844
0.9746500033
0.04108146969
0.06076600086
0.9785920494
0.9837167733
0.9869408378
0.9892996923
0.9875624914
0.97912784
0.9450212173
0.03592124742
0.0269776543
0.02380102497
0.02375528466
0.02375741656
0.02376071588
0.02374992743
0.04543667245
0.04533819728
0.02371735255
0.02372764205
0.02373409594
0.0237469266
0.02375178499
0.02375160202
0.02376200813
0.02376167057
0.0237634328
0.02379075885
0.02478107406
0.02593812258
0.0303357248
0.05044180084
0.9069030832
0.9689555186
0.9863501299
0.9874281249
0.9850507478
0.9837166799
0.9744352983
0.9589307923
0.9520342186
0.1028635152
0.9057560847
0.9372593435
0.9722179356
0.9878683586
0.9888564945
0.9857745049
0.985863894
0.9874146751
0.9834836786
0.9526154071
0.8524992471
0.04455252637
0.02901131367
0.02500067915
0.02384838064
0.0238563668
0.02385231387
0.0238531418
0.02383780133
0.02382401715
0.05413271273
0.9894146452
0.9825107522
0.02766533092
0.02388832311
0.0238613965
0.02839014609
0.03419239228
0.8826039409
0.8866370732
0.03081430622
0.02633224189
0.0238604354
0.02404722321
0.02668338827
0.03084631064
0.7136131862
0.966812222
0.9733774466
0.9787511055
0.9823652094
0.9838720448
0.9864099586
0.9861177059
0.987778966
0.9859814557
0.9855019801
0.9797223468
0.9238830486
0.04590536631
0.03007880517
0.02581254221
0.02425344128
0.04083972734
0.913574488
0.02533862404
0.02384421045
0.02384373714
0.02379720295
0.03526515865
0.9838852721
0.9821630755
0.02834822479
0.02380121501
0.02379170397
0.02379076338
0.02379320163
0.0237927273
0.02379245366
0.02379031064
0.02379155453
0.02379091989
0.02379358784
0.02380247637
0.02381261813
0.02392351996
0.02726969869
0.04736535418
0.9755749846
0.9785409646
0.9854787124
0.9887072962
0.9884831207
0.9890745904
0.9895098848
0.985089544
0.8028369831
0.03058968874
0.02523949545
0.02374758928
0.023748985
0.02374304928
0.02374655843
0.02374735406
0.02373893051
0.04540018355
0.04535116704
0.02372211573
0.02373178418
0.02373771066
0.02375083416
0.02374964941
0.02375622612
0.02381302586
0.02499972343
0.02641161808
0.0334123523
0.05682695688
0.9138760809
0.9666742764
0.9848529127
0.9902178761
0.9895851967
0.9883803813
0.9881866189
0.9847578978
0.9803804559
0.9710007713
0.9584496263
0.93727109
0.9677494298
0.975360029
0.9757423121
0.9819605313
0.9843139637
0.9876341129
0.984816453
0.9570523129
0.8091908618
0.04518723622
0.03205087099
0.02612742558
0.02496770186
0.02385818136
0.02386557808
0.02385703556
0.02386351984
0.02385854182
0.02384452979
0.02382799216
0.02383610311
0.02927000961
0.9828748457
0.9887618381
0.06682557146
0.02675655501
0.03024557739
0.04328537917
0.9635831045
0.04504755507
0.0302371243
0.02475685414
0.02510857826
0.02704179638
0.04155873777
0.1338818755
0.9640327542
0.9722080986
0.9825816623
0.9850928565
0.9854061663
0.9851764086
0.9852844523
0.9864952001
0.9866786509
0.987527467
0.9839537361
0.9462506915
0.04645889433
0.0292192425
0.02513708148
0.02383076367
0.02381935053
0.02380138705
0.02998695684
0.9581429806
0.03007790572
0.02380687826
0.02382673002
0.02380248835
0.0248497017
0.9243931597
0.9882537213
0.08150263054
0.02383478735
0.02379195326
0.0237919399
0.02379117701
0.02378688197
0.0237868355
0.02378142204
0.02378059029
0.02377798686
0.02378431027
0.02471113411
0.02631963749
0.03579213958
0.09178596753
0.9738232329
0.9821530615
0.9876876827
0.989775542
0.9897276687
0.987878059
0.9865287371
0.9839792199
0.1026338785
0.0302947548
0.0244961099
0.02373818162
0.02374303932
0.02374322434
0.0237390287
0.02373869978
0.02373696139
0.02372987165
0.04537711572
0.04550894008
0.02374009637
0.02373461638
0.02374970375
0.02392520698
0.02526748258
0.02715867529
0.03845498028
0.0803790756
0.9566916518
0.9756216716
0.9887273653
0.9908693969
0.9902864342
0.9904473839
0.991091923
0.9908017392
0.9894879655
0.9877960134
0.9852330963
0.9819802518
0.9770114231
0.9727833074
0.9705413786
0.9694176171
0.9748004578
0.9715140877
0.9752994443
0.9680663636
0.9188035541
0.04797991761
0.03228113458
0.02581897109
0.02472715153
0.02383587718
0.02384372167
0.02386938276
0.02385133565
0.02384916847
0.02384120081
0.02383351679
0.02383089507
0.02382783274
0.02383193714
0.02385057999
0.02615941093
0.09384900802
0.9837312529
0.9832191907
0.04830928034
0.8494087576
0.9185668251
0.03681916024
0.03205587478
0.02738645076
0.0367942311
0.06387241031
0.935509156
0.9704238896
0.9884409906
0.9872515299
0.9845945614
0.9866739101
0.9881905512
0.9882659754
0.9867401652
0.9863819008
0.9851747619
0.9813465496
0.9723737954
0.06503741712
0.03108843417
0.02523276918
0.02381915706
0.02381618639
0.02381502989
0.02382108263
0.02381583369
0.02530458086
0.8977201323
0.04018881146
0.02380727855
0.02381334886
0.02380530709
0.02378884226
0.02891892579
0.9852172111
0.9861850088
0.02993604079
0.02378472932
0.02379186471
0.0237901814
0.02378112724
0.02377822471
0.02377020519
0.02377775048
0.02493178689
0.02765934752
0.0404614187
0.8240208805
0.9651344593
0.9873052063
0.9877421365
0.9878122977
0.9898604983
0.9914617391
0.9893125404
0.9834989912
0.9719267291
0.04493351085
0.02851535991
0.02388115797
0.02375387693
0.02374720122
0.02374549322
0.02374164761
0.02373643904
0.02373325091
0.02372963932
0.02372321297
0.04536146056
0.0461685927
0.02436118824
0.02533443529
0.02818069305
0.04428673181
0.2130104672
0.9723716796
0.983312857
0.9917048921
0.9921936811
0.9915846872
0.9922719834
0.9929081976
0.9927036567
0.9923642607
0.9918685789
0.9911572872
0.9903272332
0.9890280172
0.9871792879
0.9851599183
0.9827433635
0.98052482
0.978214773
0.9747800783
0.9662087169
0.947593841
0.9123136632
0.0763625515
0.04657246459
0.03845288051
0.03498787157
0.03359296359
0.03308558966
0.03274076973
0.03251365683
0.03234925149
0.03217382819
0.03201970397
0.0319147845
0.03188769985
0.032021004
0.03250949124
0.03400694507
0.04001956417
0.04613055763
0.9267155771
0.9726601382
0.9755702203
0.9390516585
0.04860760161
0.04431768728
0.0576442457
0.09603754604
0.9454294378
0.9685187045
0.9870758243
0.9870571384
0.9851346897
0.9859912137
0.986523518
0.9850858339
0.9866820469
0.9878705743
0.9885440457
0.9863361184
0.9843456354
0.9773264937
0.7802690454
0.03338576493
0.0265026651
0.02386821053
0.02382938411
0.02381954477
0.0238263085
0.02381966975
0.02380676709
0.02379626709
0.02379963834
0.04096658332
0.8953030498
0.02523848231
0.02380923788
0.02380493416
0.023804764
0.0238330787
0.06573943572
0.9873822866
0.9476560401
0.02536856735
0.02379443366
0.02378918623
0.02377979266
0.02380435404
0.02527887321
0.0291567942
0.0447309367
0.9220965309
0.9749960144
0.9863432752
0.9869870822
0.9875186479
0.9884680252
0.9891093539
0.9898377003
0.9908041184
0.9873456482
0.9271551411
0.03368816364
0.02614941901
0.02376711394
0.02375499886
0.02374144872
0.02374030286
0.0237394862
0.02373612197
0.02373171349
0.02372796607
0.02372399868
0.02371837989
0.0453506179
0.212251169
0.05641609428
0.9438085969
0.976863287
0.9880709997
0.9935513593
0.9939195669
0.9935213119
0.9940200988
0.9944802525
0.9941799744
0.9940669134
0.9938361779
0.9936462654
0.9934140633
0.9929088577
0.992219442
0.9914891858
0.9905863419
0.9894524467
0.988268426
0.987067199
0.9859785901
0.9848654853
0.9834446704
0.9815789843
0.9799039357
0.9803384372
0.9849537777
0.9875178568
0.9868235978
0.9872759938
0.9866616133
0.9861775327
0.9858045938
0.9854877015
0.9851976611
0.9849214741
0.9846590479
0.9844224948
0.9842379596
0.9841489129
0.9842172008
0.9845268022
0.9852515701
0.9875448277
0.9848555413
0.9839061173
0.9834146473
0.9771233316
0.9685180096
0.978080248
0.9837101118
0.9905383649
0.9891261121
0.9861769065
0.9863846144
0.9868573433
0.9847526986
0.984048602
0.9829110493
0.9836983115
0.9863430455
0.9857271467
0.986513444
0.9824756776
0.937231531
0.04185315689
0.02833922137
0.02477649718
0.02386838314
0.02384809672
0.02384098111
0.02382722076
0.0238177664
0.02380585473
0.02379016451
0.02378264575
0.02377399712
0.03011203364
0.9561751959
0.02973829174
0.02379747328
0.02379897253
0.02380245401
0.02383582451
0.02855971989
0.9794823832
0.984083343
0.04434469931
0.02382910861
0.02438744229
0.02616635063
0.03215982697
0.0580429102
0.9498596059
0.9813120233
0.986420092
0.9864212459
0.9879457507
0.988137082
0.9885797271
0.9871699248
0.988543502
0.9883622809
0.9776931661
0.1010126347
0.03138856556
0.02469591233
0.02374562763
0.0237491518
0.02374466216
0.02373704745
0.02373507012
0.02373362433
0.02373064663
0.02372688506
0.02372327397
0.02371961137
0.02371491144
0.04534321052
0.9862829203
0.9928754667
0.9943144711
0.9946718497
0.994984998
0.9954956434
0.9958243411
0.9956191103
0.9955161521
0.9953524112
0.9952625395
0.9951301204
0.9948411173
0.9945548023
0.9942711018
0.9938514921
0.9933110236
0.9927290088
0.9920896051
0.9913936101
0.9907116201
0.9900873683
0.9895712983
0.9891364464
0.9887606931
0.9885267142
0.988670629
0.9891609675
0.9899802927
0.9914651209
0.9918593843
0.9919100785
0.9919036055
0.991857875
0.9917831701
0.9916990343
0.9916106743
0.9915186058
0.991421243
0.991314958
0.9911930546
0.9910437156
0.9908471645
0.9905759175
0.9902219959
0.989970011
0.9903777972
0.9902824099
0.9903818368
0.9896280679
0.9876357882
0.9874850554
0.98855737
0.9893340969
0.989540192
0.9872266715
0.9853642945
0.9825469787
0.979951314
0.9782608787
0.9765285819
0.9781382856
0.981474566
0.9755966148
0.939932144
0.05105050162
0.03043981433
0.02538085331
0.02395981846
0.02396315957
0.02391758218
0.0238859829
0.02386552443
0.02383029075
0.02379941274
0.02378210339
0.0237683018
0.02376241513
0.02378123846
0.02581645762
0.938867599
0.04134318879
0.02381387566
0.02380045568
0.02383099179
0.02392178993
0.02619691191
0.04903623739
0.9784037583
0.9738022854
0.03511481167
0.04382063214
0.5011471354
0.9690817634
0.9860371967
0.9878936383
0.9873905547
0.9888194569
0.9879396634
0.9879777449
0.9861895622
0.9863720548
0.9824593125
0.9609292611
0.09070718992
0.03543135868
0.02621372022
0.02385813991
0.02375736503
0.02375457319
0.02375035833
0.02374306112
0.02373570743
0.02373194162
0.02372913479
0.02372596103
0.02372254034
0.02371927058
0.02371615076
0.02371241137
0.04533826662
0.991444086
0.9957342671
0.996567461
0.9968000705
0.9968001503
0.996747336
0.9966405926
0.996557478
0.9964346238
0.9962251566
0.9960451681
0.9958712699
0.9956143918
0.9953292259
0.9950298241
0.9946708242
0.9942535825
0.993810003
0.9933511398
0.992894998
0.9924753882
0.9921167471
0.9918403731
0.9916418482
0.9915196945
0.9914990981
0.9916163391
0.9918168406
0.9919981761
0.9922278918
0.9925402482
0.9927074945
0.99276759
0.9928062329
0.992810887
0.9927918523
0.9927583375
0.9927136263
0.992656425
0.9925813402
0.9924787395
0.9923349228
0.9921347614
0.9918733007
0.9915945714
0.9914832914
0.9918204399
0.9924522913
0.9927241721
0.9924902822
0.9917113911
0.9906019759
0.9897799791
0.9890836042
0.9879402807
0.9865599907
0.9841467725
0.9792063311
0.9710818979
0.9572041689
0.9287924703
0.9351109667
0.9642314821
0.04654247574
0.02878493325
0.02576647003
0.02406212174
0.02407248709
0.02399125078
0.02395766544
0.02393888157
0.02393166903
0.02397963763
0.02409123293
0.02490090388
0.02524643326
0.02562175232
0.02622840691
0.02651384667
0.02774568971
0.04285803558
0.7815847716
0.02940943874
0.02920495803
0.03268011466
0.04656442931
0.07042391814
0.9553108486
0.9755815901
0.9786199324
0.9683090002
0.9769071036
0.9891740689
0.9891206148
0.988405408
0.9893215678
0.9892553827
0.9878674486
0.985590511
0.9844003046
0.9763718908
0.9275093072
0.04739912117
0.03003514181
0.02569019678
0.02387490706
0.02377435909
0.0237622701
0.02375131098
0.0237505088
0.02374591578
0.02373913877
0.02373287002
0.0237286458
0.02372522407
0.02372194432
0.02371879735
0.02371594271
0.02371341571
0.02371060848
0.04533512185
0.9941714667
0.9969428722
0.9974181638
0.9975894591
0.9976002766
0.9975027359
0.9973473485
0.9972006166
0.9970510848
0.9968559033
0.9966551848
0.9964501005
0.996210822
0.9959481041
0.9956668649
0.9953565415
0.9950219834
0.9946781554
0.9943368401
0.994014368
0.9937294814
0.9934949523
0.9933189887
0.9931995664
0.9931340333
0.9931248324
0.9931697114
0.993232908
0.9932701474
0.9933021903
0.9933851617
0.9934916847
0.9935647972
0.9936165318
0.9936480415
0.9936612413
0.9936605689
0.9936486951
0.9936252025
0.9935866924
0.9935273105
0.9934402851
0.9933222458
0.9931837985
0.9930702578
0.9930813701
0.9933100615
0.9936535127
0.9938349299
0.9936868346
0.9931740782
0.9923277832
0.9913143272
0.990217211
0.9889070433
0.9873941554
0.9851717143
0.9810284542
0.97388504
0.9609605973
0.9347838942
0.9340624673
0.09351640699
0.07064786379
0.04403209376
0.04421590516
0.04355177244
0.04374815187
0.04486394414
0.04633257062
0.04826394943
0.0509867824
0.05622211859
0.07334114986
0.13298473
0.7572250828
0.8407213852
0.8065062563
0.8918399577
0.9182825181
0.9624690078
0.9640477332
0.948379163
0.9649436192
0.9767865221
0.9834956417
0.9889548882
0.9863186758
0.9855884232
0.9870747571
0.9865269815
0.9857353371
0.9872177064
0.9883988613
0.9886938847
0.9877456779
0.9885998623
0.9876904125
0.9616364787
0.8132895473
0.03888115829
0.02805085546
0.02500736349
0.02377500137
0.02375331184
0.02375236967
0.02375124073
0.02374951916
0.02374364272
0.02374248178
0.02373917142
0.02373409938
0.02372912205
0.02372514315
0.02372170105
0.02371854749
0.02371570162
0.02371326334
0.02371128164
0.02370931694
0.04533326415
0.9960944435
0.9978431271
0.9980640789
0.9981289871
0.9980953827
0.9979894106
0.997837586
0.9976749754
0.9975059301
0.9973174981
0.9971182962
0.9969085736
0.9966804124
0.9964373279
0.9961804296
0.9959088949
0.9956290266
0.9953506895
0.9950833968
0.9948386933
0.9946275606
0.9944567011
0.9943286649
0.9942407676
0.9941888697
0.9941690607
0.9941734281
0.9941819841
0.9941758619
0.9941661
0.9941813797
0.9942231808
0.9942717328
0.9943169222
0.9943531152
0.9943800702
0.9943988528
0.9944106483
0.994415607
0.9944125611
0.9943994474
0.994374554
0.9943392447
0.9943029584
0.9942895345
0.9943361418
0.9944616172
0.9946078029
0.9946534255
0.9945050617
0.9941192932
0.9934946399
0.9926852482
0.9917467429
0.9907152366
0.98964133
0.9883954357
0.9868387766
0.9852476421
0.9842016199
0.9845008069
0.9858486801
0.9893697164
0.9911710435
0.9914595985
0.9914399574
0.991656888
0.9919021507
0.9921509144
0.9923909918
0.9926161236
0.9928182242
0.9929850106
0.9931086318
0.9932539566
0.9923603266
0.9889589108
0.9856212553
0.9849992081
0.9845147073
0.9849354674
0.9860400509
0.984817561
0.9851127772
0.9859421796
0.9865627961
0.9867692841
0.9874088713
0.9872753692
0.9884595982
0.9888400802
0.9879688674
0.9875161518
0.9856263086
0.98611211
0.9828435407
0.959563109
0.07789022322
0.03542193508
0.02606473777
0.02460595966
0.02375421967
0.02374125958
0.02374313066
0.02374539565
0.02374558966
0.02374205173
0.02374079204
0.02373766389
0.02373579964
0.02373292907
0.02372910062
0.0237251762
0.02372168818
0.02371854664
0.02371571027
0.02371323052
0.02371119055
0.0237096628
0.02370840358
0.04533226526
0.9975100372
0.9984881655
0.9985414973
0.9985187625
0.9984434156
0.9983267097
0.9981807321
0.998020326
0.9978498995
0.9976669344
0.9974737165
0.9972692095
0.9970514473
0.9968228756
0.9965852589
0.9963409659
0.9960963028
0.9958593893
0.9956383038
0.9954413695
0.995275358
0.9951435966
0.9950457903
0.9949781118
0.9949351334
0.9949109227
0.9948979969
0.9948855795
0.9948660306
0.9948459086
0.9948400251
0.9948528924
0.9948790798
0.9949125435
0.9949468972
0.9949795748
0.9950099703
0.9950382429
0.9950647663
0.995089885
0.9951140355
0.9951382098
0.9951647529
0.9951983001
0.9952458186
0.9953128065
0.9953912045
0.9954438283
0.9954126786
0.9952494547
0.9949268657
0.9944401903
0.993816601
0.9931047052
0.9923761337
0.9917160136
0.9911533737
0.9907350972
0.99059077
0.9908100952
0.9913888383
0.9921611544
0.9928233954
0.9938502361
0.9940575281
0.9940999537
0.9941956455
0.9942721536
0.9943318487
0.9943807842
0.9944185223
0.994436452
0.9944144404
0.9943164369
0.9940979095
0.9937175735
0.9928741181
0.9916328081
0.990941045
0.9905324662
0.9903734655
0.9902650088
0.989825423
0.9888394989
0.9877392652
0.9866144369
0.9853101842
0.9846040884
0.9856938199
0.9869520781
0.9878090031
0.9862476442
0.9852894409
0.9793552693
0.9329167439
0.04844435347
0.03001915593
0.02552004817
0.0238450009
0.02376588943
0.02374624468
0.02374322773
0.02374291517
0.02374188239
0.02374018275
0.02373978317
0.02373691066
0.02373474212
0.0237323138
0.02373026137
0.02372763888
0.0237245554
0.02372140171
0.02371846005
0.02371577228
0.0237133788
0.02371133632
0.02370969988
0.02370852711
0.02370777746
0.0453317733
0.9985995669
0.9989543078
0.9988791254
0.9987922915
0.9986876265
0.9985645336
0.9984252238
0.9982736194
0.9981107481
0.9979360106
0.9977499878
0.9975520063
0.9973419411
0.9971220504
0.9968952028
0.9966656544
0.9964401607
0.9962267287
0.9960332972
0.9958669781
0.9957325473
0.9956312474
0.99556064
0.9955151419
0.9954874432
0.9954696622
0.9954539764
0.9954336586
0.9954068724
0.9953801172
0.9953636226
0.9953626098
0.9953766124
0.9954024843
0.9954354263
0.9954719312
0.9955101313
0.9955494561
0.995590335
0.9956340738
0.9956828399
0.995739632
0.9958079397
0.9958905901
0.9959871039
0.996089205
0.9961757967
0.9962120505
0.9961590975
0.9959875861
0.9956822113
0.995244139
0.9946984511
0.9940978118
0.9935249348
0.9930750545
0.9928155082
0.9927902719
0.9930102583
0.9934125872
0.9938778264
0.9942683509
0.9944748656
0.9945072266
0.9944752709
0.9943806489
0.9943035901
0.9942265714
0.9941409243
0.9940482723
0.9939510328
0.9938505989
0.9937490533
0.9936544796
0.9935931872
0.9936071214
0.9936670159
0.9936196918
0.9934390187
0.9932741334
0.9931053122
0.992776925
0.9920907647
0.9909190757
0.9893016598
0.9874230746
0.9854048688
0.9835626989
0.9820246836
0.9802747741
0.9804597174
0.9730472754
0.9253306118
0.04461368274
0.02907662505
0.02512055897
0.02379992712
0.02377301624
0.02376853271
0.02376757123
0.02376352032
0.02375805127
0.02375406218
0.02375102346
0.02374677091
0.02374304105
0.02373867507
0.02373447457
0.02373037123
0.02372668751
0.02372314017
0.02371981295
0.02371685803
0.02371436121
0.02371230887
0.02371066682
0.02370939451
0.02370844898
0.02370779034
0.02370740181
0.04533150906
0.9974046047
0.9986532323
0.9981753125
0.9978857887
0.997644434
0.9974031831
0.9971445137
0.9968642205
0.9965595883
0.9962286121
0.9958721665
0.9954894221
0.9950805332
0.99464993
0.9942039706
0.993752219
0.9933091915
0.992892197
0.9925185855
0.9922035949
0.9919570799
0.9917809137
0.9916686689
0.9916068608
0.9915779526
0.9915629049
0.991543208
0.9915043675
0.9914435535
0.99137515
0.9913221063
0.9912997259
0.9913116675
0.9913543725
0.9914186081
0.9914956702
0.9915796296
0.9916677896
0.9917604081
0.9918604738
0.9919736588
0.9921081434
0.9922735675
0.9924778591
0.9927205778
0.9929828262
0.9932180533
0.9933538471
0.9933116384
0.9930309129
0.9924777016
0.9916479045
0.9905833428
0.9893893838
0.9882463228
0.9873756907
0.9869514566
0.9870641668
0.9876873388
0.988633314
0.9896178351
0.9903482956
0.990607775
0.9903609824
0.9898242862
0.9893096189
0.988880857
0.9884878166
0.9880996852
0.9877016494
0.9872964797
0.9869028232
0.9865667821
0.9863857285
0.9865224911
0.987111631
0.9879979754
0.9887169511
0.989002189
0.9890036278
0.9888512847
0.9883250476
0.9870598766
0.9847377694
0.9812608724
0.9768653819
0.9721087974
0.9676196175
0.9618606485
0.9462042883
0.9177557854
0.1617980638
0.06457764304
0.05091316849
0.04578037227
0.04558691684
0.04557223675
0.04557348565
0.04555710499
0.04554032985
0.04553931737
0.04552724688
0.04551058537
0.04549627179
0.04547912873
0.04546142657
0.04544248659
0.04542399929
0.04540602565
0.04538945626
0.04537443581
0.04536162819
0.04535145555
0.04534390828
0.04533866482
0.04533528938
0.04533330642
0.0453322589
0.04533175709
0.04533149883
0.06589189612
