0.997687659
0.9982549961
0.9975846685
0.997220155
0.9969116315
0.9965941137
0.9962359872
0.9958197221
0.9953376096
0.9947920883
0.9941914092
0.9935445431
0.9928622706
0.9921608821
0.9914608882
0.990783979
0.9901530227
0.9895899456
0.9891108845
0.9887220657
0.9884175413
0.9881792641
0.9879801165
0.9877921188
0.9875944471
0.9873857887
0.9871851385
0.9870218351
0.9869234326
0.9869129941
0.9870122827
0.9872395104
0.9875959513
0.9880459539
0.9885079477
0.988869243
0.9890225097
0.9889189073
0.988584517
0.9880970497
0.9875600713
0.9870846686
0.9867739405
0.9866975566
0.986856897
0.9871907215
0.9876306883
0.9881367249
0.9886784776
0.9892083951
0.9896737547
0.9900281578
0.9902141796
0.9901480929
0.989738496
0.9888971201
0.9875984245
0.9858559081
0.9836790575
0.9811869698
0.9787949455
0.9771125428
0.9765071241
0.976880788
0.977783018
0.9785439012
0.9787652563
0.9783471548
0.9776359974
0.97695837
0.9764075681
0.9759528436
0.9755484173
0.9751624661
0.9747771598
0.9743830398
0.9739753996
0.9735588764
0.9732001151
0.9732022841
0.9742028448
0.975940966
0.977312014
0.9775192263
0.9766165788
0.9750345967
0.9732052706
0.971563326
0.9702004704
0.9680015689
0.9611693493
0.9458362672
0.6909736953
0.1481527236
0.07972102322
0.0717280054
0.07040125794
0.0697304084
0.06930962555
0.06901046247
0.06878893277
0.06861798087
0.06848043899
0.06836510329
0.06826510123
0.06817689975
0.06809885591
0.06803115629
0.06797450759
0.0679289665
0.06789376461
0.06786765961
0.06784922727
0.06783697673
0.06782945217
0.0678253016
0.06782332694
0.06782254978
0.06782227638
0.06782201678
0.1919062548
0.997239886
0.9989119488
0.998714825
0.9985575237
0.9984023403
0.9982373374
0.9980540371
0.9978469531
0.9976146732
0.9973617219
0.9970961642
0.9968241005
0.9965470437
0.9962634608
0.9959718221
0.9956741986
0.9953787682
0.9950979731
0.9948440322
0.9946256203
0.9944460011
0.9943021289
0.9941849625
0.9940826857
0.9939844061
0.9938865811
0.9937946014
0.9937178355
0.9936642548
0.9936400389
0.9936531341
0.9937143735
0.993832719
0.9940040438
0.9942001289
0.9943700988
0.9944584787
0.994436578
0.9943116573
0.9941119247
0.9938744692
0.9936412133
0.9934557624
0.9933552467
0.993349845
0.9934182507
0.9935337488
0.9936832374
0.9938557947
0.9940275432
0.9941750412
0.9942898023
0.9943595148
0.9943447138
0.9941923146
0.9938499843
0.993304488
0.9925810034
0.9916726673
0.9905640571
0.9893679305
0.9883350019
0.9876659421
0.9874861971
0.9878376423
0.9884606512
0.9888940358
0.9890001262
0.9889265426
0.9888365245
0.9887546603
0.9886760004
0.9885962583
0.988513681
0.9884271634
0.9883342497
0.9882279225
0.9880898198
0.9878824443
0.9875683242
0.9872836694
0.9873819351
0.987611554
0.9874432361
0.9868148561
0.9859051308
0.9848618359
0.9838823432
0.9832890362
0.9830241008
0.9825201794
0.9810347773
0.9795975778
0.9770140077
0.7789512602
0.05151753746
0.03628093293
0.03548613619
0.03539183462
0.03532281022
0.03526639673
0.03522061503
0.03518345381
0.03515290736
0.03512713061
0.03510488255
0.03508529663
0.03506757842
0.0350518369
0.03503823531
0.03502668972
0.03501706291
0.03500920792
0.03500294342
0.03499807507
0.03499442583
0.03499183632
0.03499015277
0.0349892197
0.03498893192
0.06782202111
0.9954993823
0.998101931
0.9983125241
0.9982477149
0.9981015015
0.9979230882
0.9977236722
0.9975050803
0.9972681433
0.9970191735
0.9967640277
0.9965002164
0.9962208468
0.995922596
0.9956065106
0.9952770946
0.994944753
0.9946243334
0.9943300536
0.9940729527
0.9938598206
0.9936914848
0.9935601446
0.9934522887
0.993352025
0.9932542484
0.9931657502
0.9930942021
0.9930391276
0.9929951796
0.9929637446
0.9929607262
0.9930134829
0.9931435675
0.9933372981
0.9935275069
0.9936258266
0.993595992
0.9934654975
0.9932752061
0.9930512715
0.9928120577
0.992588012
0.9924181
0.992310622
0.9922294681
0.9921456067
0.9920670875
0.991998668
0.9918982366
0.9917261646
0.9915266785
0.991422795
0.9914384156
0.9914143017
0.9912363832
0.9909180916
0.9905816889
0.9901804299
0.9895242722
0.9884059318
0.9870403151
0.985645472
0.9844371507
0.9843413574
0.9860367936
0.9880482492
0.9885494718
0.9888000565
0.989025915
0.9891912167
0.9893030573
0.9893787802
0.9894341619
0.9894781837
0.9895123655
0.9895310173
0.9895135927
0.9894086699
0.9890637948
0.9881490468
0.9862904329
0.9854835977
0.9849514797
0.983556007
0.9821833663
0.9808234155
0.979683202
0.9791998566
0.9801069793
0.9816590591
0.9829929346
0.984013766
0.9855265535
0.9860805588
0.9830619107
0.2989413343
0.04381401099
0.03544344682
0.03528215877
0.03523299408
0.0351991996
0.03517167819
0.03514952345
0.03513092727
0.03511463013
0.0350999013
0.03508504295
0.03507054362
0.03505727377
0.03504515764
0.03503407252
0.03502410335
0.03501531484
0.03500772791
0.03500139592
0.03499639248
0.03499275406
0.03499043421
0.03498925167
0.06782234633
0.9928685078
0.9972180604
0.9976611731
0.9977385194
0.9976316054
0.9974648986
0.9972725197
0.9970587498
0.9968221787
0.9965724807
0.9963155435
0.9960401069
0.9957331841
0.9953948839
0.9950311859
0.99464645
0.9942516547
0.9938661729
0.9935091369
0.9931965087
0.9929409431
0.9927503526
0.9926205945
0.9925319264
0.9924524093
0.9923694939
0.9922952426
0.9922406624
0.9921954098
0.9921349666
0.9920439185
0.9919391474
0.9918825245
0.991951968
0.9921808541
0.9924817287
0.9926601997
0.9926416819
0.9924913434
0.9922942183
0.9920747311
0.9918069833
0.9914839192
0.9911783022
0.9909118314
0.9906155944
0.9902350835
0.9898131635
0.9893893015
0.9888438514
0.9879721087
0.9866910967
0.9853633531
0.985249686
0.986309013
0.9866494954
0.9868862242
0.9874234112
0.9881428618
0.988705755
0.988499626
0.9863185527
0.9832184503
0.978707704
0.9729014815
0.9739953066
0.9816686067
0.9853410912
0.9844246739
0.9845344565
0.9847914444
0.9850162932
0.9852293392
0.985431164
0.9856277322
0.9858235515
0.9860234922
0.9862356875
0.9864797051
0.9867099293
0.9865780599
0.9829899901
0.9783862286
0.977949305
0.9769843965
0.9751042362
0.9742677291
0.9739365271
0.9742242309
0.9734600652
0.9771562748
0.9804254487
0.9826904547
0.9840549875
0.985415932
0.9870565639
0.9861860388
0.9782583958
0.08300474082
0.04045276138
0.03528264605
0.03520971407
0.03518462891
0.03516731466
0.03515148808
0.03513647823
0.03512246286
0.03510605183
0.03508914091
0.0350741582
0.03506057931
0.03504786485
0.03503617281
0.03502562924
0.0350162494
0.03500814238
0.03500147969
0.03499637329
0.03499281486
0.03499023084
0.06782269986
0.9897879206
0.9957532363
0.9966441915
0.9969676008
0.9969495654
0.9967996952
0.9966322185
0.9964441867
0.9962132158
0.9959602529
0.9957032001
0.9954204806
0.995087542
0.9947083383
0.9942926682
0.9938374231
0.9933511595
0.9928631276
0.9924032614
0.991995982
0.9916634126
0.9914250971
0.9912934535
0.9912649582
0.9912615948
0.9912481289
0.9912375101
0.9912498227
0.9912619126
0.9912230099
0.9910864815
0.9908343513
0.99054275
0.9904088044
0.9905834673
0.9910279402
0.9914496434
0.9915293013
0.991403202
0.9912598445
0.9911462259
0.9909704005
0.9905853781
0.9899863954
0.9894083382
0.9887585221
0.9878968925
0.9869411335
0.9860799969
0.9850882555
0.983340988
0.9799145395
0.9725817299
0.9614153429
0.9610109029
0.9664914195
0.9658538847
0.9722030936
0.9782284807
0.9830341561
0.9867701419
0.98616254
0.9823293003
0.9777779676
0.9643574392
0.9145803271
0.7051231133
0.177642727
0.1032208826
0.07961432614
0.06619057023
0.06475211436
0.06453176621
0.0648461117
0.06557901355
0.06642221371
0.06760935501
0.06937575323
0.0727860482
0.08068607561
0.1115532262
0.2077069153
0.8405933389
0.9052473899
0.8320304924
0.8908942475
0.9222187557
0.9494164968
0.9579145971
0.9593271357
0.9610584564
0.9689290463
0.9745232713
0.9778474683
0.9823353994
0.9841498402
0.985728317
0.9865218095
0.98344325
0.969702157
0.06393905035
0.03943191245
0.0352418343
0.0351889276
0.03517030772
0.03515650199
0.03514515398
0.03512718678
0.03510745214
0.03509134816
0.0350769748
0.03506305285
0.03505003287
0.03503810882
0.03502716794
0.03501733608
0.03500889958
0.03500205622
0.03499685629
0.03499208541
0.06782354655
0.9768339017
0.991580992
0.9951566256
0.9954551403
0.9956390265
0.9955745856
0.9954877133
0.9954723203
0.9953278623
0.9951062213
0.9948990412
0.994657643
0.9943252424
0.9939171875
0.9934539141
0.9929104125
0.9922827323
0.991617483
0.9909672605
0.990377916
0.9898794235
0.9894991785
0.9892664776
0.9892840686
0.989552555
0.9897978403
0.9899948641
0.9901812362
0.9903327141
0.9903897836
0.9902944223
0.9899637294
0.9893096239
0.988512174
0.9881463771
0.9883014448
0.9889397019
0.9900589212
0.9901294721
0.9901801974
0.9903629374
0.9905843328
0.9905698977
0.9898412416
0.9880070398
0.9867637395
0.9852474082
0.9834438077
0.9821920815
0.9815652302
0.9806766809
0.9788294712
0.9749016722
0.9671324437
0.9102899685
0.07355690589
0.04513666035
0.04510066562
0.04853571853
0.05513302811
0.076515579
0.1987723204
0.9287384902
0.9689339218
0.9758371981
0.9720643302
0.9521081867
0.897097839
0.05444793112
0.04243161971
0.0381580667
0.03785099051
0.03765679074
0.03709411087
0.03695954545
0.03673470191
0.03658960713
0.03644997488
0.0363316979
0.03626209523
0.03632376068
0.03690323069
0.05187298139
0.07595949113
0.05116117502
0.04115898851
0.04199152578
0.04554325657
0.06095973084
0.1490726026
0.9198908649
0.937829604
0.9408240533
0.9267755132
0.9665381102
0.9805824561
0.9848197355
0.9859605398
0.9861657364
0.9853537876
0.9802301386
0.9620442428
0.06114785937
0.03927978143
0.03521974806
0.0351724513
0.0351658393
0.03514689123
0.03512380415
0.03510817668
0.03509426758
0.03507965575
0.03506583824
0.03505311275
0.03504097953
0.03502954347
0.03501925916
0.03501040782
0.03500310578
0.03499520397
0.06782559034
0.09690328924
0.08325978402
0.9594650446
0.9870052688
0.9915795726
0.9926028057
0.9929752711
0.9936614975
0.9942171713
0.9940467421
0.9939068816
0.9938228889
0.9935336156
0.9931106213
0.9926235959
0.991989741
0.9911586272
0.9901934371
0.9891649197
0.9881768476
0.9873418406
0.9866164859
0.9859090077
0.9854332559
0.9859602595
0.9880098373
0.9887124027
0.989202225
0.9895255697
0.9897147335
0.9897922992
0.9897212402
0.9892450159
0.9876140564
0.9846650604
0.9827643615
0.9808683022
0.9824632426
0.9843718061
0.9850669399
0.9854754822
0.9865904697
0.9879615539
0.988751501
0.9862323854
0.9827835855
0.9817068599
0.9800647273
0.9771092139
0.9776805996
0.9794336047
0.9806557571
0.9811292262
0.9808057479
0.9798463139
0.9771067452
0.100152427
0.04148394604
0.03596995382
0.03594359719
0.03594890966
0.03639105527
0.03897088607
0.04492189614
0.07596566671
0.942406703
0.9726259782
0.972420651
0.9708522279
0.9453450229
0.06638964359
0.04432625957
0.03808370813
0.03785533835
0.03793825754
0.03755722962
0.03727391999
0.03699497775
0.03670455871
0.036461403
0.03616716062
0.04015964255
0.06670006726
0.9084697515
0.04985232804
0.03816495139
0.03609647422
0.03636871714
0.05155856825
0.9126011781
0.9587983849
0.9465275914
0.8862735316
0.05189740707
0.04524562603
0.07807852008
0.971343771
0.9835758058
0.9868860145
0.9863472726
0.9849166436
0.9835467744
0.9787686249
0.9590434727
0.05638303181
0.03749656658
0.03518328165
0.03516398603
0.03513704755
0.03512480455
0.03511290746
0.03509774777
0.03508370052
0.03507103012
0.03505823105
0.03504539022
0.03503327648
0.03502220819
0.03501233076
0.03500016899
0.0678300018
0.06861080386
0.03569281316
0.03674897235
0.04069691748
0.05449984776
0.1375894372
0.9623916187
0.9839462867
0.9911101944
0.9923164471
0.9921872749
0.9926442437
0.9929647421
0.9923677657
0.9919301067
0.9912851352
0.9902302812
0.9888661141
0.9871886115
0.9852305797
0.9834071315
0.9822592371
0.9807099296
0.9776070411
0.9736487966
0.9784055314
0.9829701254
0.9845745044
0.9844518264
0.9845691367
0.9849034982
0.985617113
0.9867795147
0.9869996908
0.9828399636
0.9756531704
0.971456762
0.9599817345
0.2243497234
0.0761075887
0.06308377042
0.06635663996
0.07940579476
0.1554687823
0.5552214112
0.9281030463
0.9495496306
0.9699912781
0.9668909755
0.9677762966
0.9740213042
0.9786956737
0.9806814155
0.9805174837
0.9793450763
0.9805117851
0.9799238392
0.9622499192
0.05738598871
0.03865852365
0.035742839
0.03595212493
0.03598771039
0.03596099558
0.03601242562
0.04432748032
0.08919592592
0.8904376027
0.9696986157
0.9792585205
0.9782477626
0.9753983131
0.1956841744
0.05006619715
0.03926549705
0.03704868095
0.03722261725
0.0370799459
0.03678665357
0.03650327475
0.03660860965
0.03917692925
0.7624580712
0.08058056857
0.03965043397
0.03583013707
0.03583735683
0.03879555599
0.1005087921
0.9686301091
0.9627360477
0.9336298584
0.05763731386
0.04011972908
0.03559265388
0.0355897896
0.04114209362
0.0812494426
0.9778174929
0.986215038
0.9862176304
0.9843995603
0.9838128029
0.983052265
0.9765362539
0.9083999102
0.04338730881
0.0352908314
0.035160018
0.03514463582
0.03513429061
0.03511723341
0.03510355131
0.03509230765
0.03507953795
0.03506555341
0.03505181418
0.03503849786
0.03502564095
0.03500785065
0.06783861811
0.06805881286
0.03527785642
0.03546161198
0.03538064292
0.03536179052
0.03538363249
0.0378126895
0.04331455291
0.07191216194
0.4803491472
0.9722639061
0.9849706278
0.9905528768
0.9911455117
0.9907818513
0.9911487875
0.9898875074
0.9882248701
0.9859724816
0.9825640123
0.9776423507
0.9730059935
0.974462845
0.9746675513
0.9620757375
0.945749747
0.1872024329
0.0868559359
0.06432712622
0.05901905758
0.05914865177
0.061996078
0.07341933486
0.1323712442
0.6649021137
0.9460071519
0.9633702491
0.9695369445
0.969355521
0.9310653057
0.05070575466
0.03921891669
0.03608783361
0.03637880141
0.03750474126
0.03892989807
0.04134320374
0.05356936387
0.1340584726
0.8838494697
0.9469851133
0.964398699
0.9728521552
0.9741951868
0.9738426856
0.9741916222
0.9770147765
0.9788441369
0.9723914123
0.9212117392
0.04915253051
0.03740539004
0.03581663545
0.03605858148
0.03661091539
0.04282278735
0.7128709206
0.04847560939
0.04700824029
0.0765133867
0.9528185326
0.980156874
0.9850927743
0.9814406803
0.9222991728
0.06178541864
0.04251467329
0.03682566631
0.03670755725
0.03669249769
0.03635591461
0.04167093393
0.08463105327
0.6613857464
0.03761780423
0.03575820654
0.03629720272
0.05073450455
0.9409711794
0.9754777602
0.9625498607
0.09624571544
0.04142715517
0.03568295004
0.03563893009
0.03559401595
0.03556514491
0.03558357929
0.04290285265
0.1637097471
0.980065433
0.9828889337
0.9840716798
0.9845104265
0.9838476555
0.9804243402
0.9689981643
0.0645076063
0.03732359617
0.03515442943
0.03515354536
0.03513582192
0.03512469501
0.03511754092
0.03510558579
0.03509066736
0.03507585829
0.0350606469
0.03504463717
0.03501955083
0.06785432726
0.06793605267
0.03515465235
0.03531487933
0.03534670243
0.0353562789
0.03535586199
0.03534916656
0.03536026863
0.03544876769
0.03611925216
0.03965402835
0.04620286377
0.08600645969
0.816993353
0.9828492715
0.987549339
0.9894010901
0.9886075022
0.9865274289
0.9831153995
0.9766889542
0.9599575091
0.9466361933
0.9691390763
0.9755059252
0.9741892159
0.9772769504
0.9686870859
0.1069729364
0.04602719044
0.03789360062
0.03566393923
0.03580503817
0.03633561607
0.03993553662
0.09290007356
0.9515794364
0.9375493593
0.9704491633
0.977789897
0.973075579
0.9508330961
0.06774757973
0.04334894771
0.0368173349
0.03605273125
0.03573956231
0.03946575046
0.08440274647
0.8828472678
0.8916729146
0.9371146151
0.8985011356
0.9365603257
0.9539546925
0.9692237207
0.973120012
0.9758416182
0.9771724623
0.9761337759
0.9661910771
0.7582064234
0.04477851888
0.03663748885
0.03619060701
0.04740866277
0.1972340628
0.04897776691
0.03592488235
0.03578358495
0.03889916107
0.05169826516
0.7362270906
0.9791105868
0.9815475818
0.9793497075
0.9721937943
0.1419573773
0.05196197448
0.03945750021
0.0389736276
0.0482076772
0.9166150659
0.05941482778
0.03920717456
0.03573326436
0.04106353214
0.1675139418
0.9773679125
0.9711606756
0.6472195875
0.04351686705
0.03589699817
0.03558153652
0.03559433851
0.03560176494
0.03562703304
0.03566841939
0.03571941346
0.0360564675
0.05017414838
0.9213612732
0.9780583258
0.9841992267
0.985161641
0.9839727225
0.9831274292
0.9784525007
0.8622081329
0.04092392647
0.03523683507
0.03516469702
0.03514989525
0.03514898638
0.03513732857
0.03512109376
0.03510640814
0.03509037241
0.03507156117
0.03503721016
0.06788182478
0.06789844309
0.03511261238
0.03524788054
0.03529819243
0.03533674592
0.03535949137
0.0353739665
0.03538335376
0.0354110679
0.03546591075
0.03548611449
0.03545233366
0.03553862562
0.03685483643
0.04145724955
0.0592449527
0.4286328122
0.9813161863
0.9851570982
0.9858291685
0.982808169
0.976076798
0.965318654
0.4171494121
0.1208709865
0.9444611028
0.977022391
0.983871473
0.9836927641
0.9755350275
0.9174694962
0.06307119704
0.04282633237
0.0390795627
0.04034053523
0.3326915724
0.9762174728
0.09534085953
0.05160759132
0.1010802198
0.964269569
0.9755809959
0.9773623234
0.9723117183
0.2452680337
0.05644152722
0.04258832225
0.04297097244
0.4819521355
0.9041310737
0.9349592768
0.8924059763
0.9145894938
0.05181316749
0.04910695272
0.7333925985
0.9585488428
0.97302718
0.9758977012
0.9766415492
0.9769777937
0.9750515289
0.9640658172
0.2077178466
0.04600034321
0.04934098749
0.7149017389
0.04334517755
0.03639571536
0.03576748681
0.03561975403
0.03546539701
0.0368869586
0.04454080882
0.0829279779
0.9598689434
0.9759220344
0.9819248154
0.980382226
0.9480937585
0.07885941086
0.09432597594
0.1047975663
0.05168104225
0.03588116255
0.03836159986
0.05650872421
0.9653297835
0.9809126934
0.9574989551
0.05022735847
0.03703469175
0.03546144826
0.03552392853
0.03555062926
0.0355859848
0.03564192081
0.03572065748
0.03582630203
0.03600199661
0.03643482217
0.05775484962
0.2047555361
0.9737495627
0.9830987926
0.9854316885
0.9847757291
0.9838223229
0.9796889564
0.9594169532
0.05608547111
0.0366397512
0.03517015519
0.03518337378
0.0351734578
0.03515573703
0.03514411263
0.03512959075
0.03510932921
0.03506368782
0.06792917089
0.06788572877
0.03509544529
0.0352127321
0.03526159136
0.03530800367
0.03534332306
0.0353680655
0.03538507136
0.03540752864
0.03544481514
0.03547480992
0.03547631604
0.03548585858
0.03551369362
0.03548874538
0.03546778153
0.03619439511
0.04376798249
0.0893294778
0.9775960048
0.985480358
0.984659199
0.9823505456
0.9797574241
0.9594816499
0.05972674684
0.05226813308
0.1214784959
0.9704843466
0.9793983516
0.977779543
0.9768266704
0.962318594
0.7214931578
0.07875887383
0.6817322509
0.9629305176
0.0722747146
0.03658749141
0.03630621527
0.04090199794
0.05643549539
0.9254206707
0.9716968137
0.9783843132
0.9718153331
0.8752673209
0.6438415154
0.8693566462
0.9428650672
0.9430467243
0.9516568482
0.06511048581
0.04129403889
0.03556546545
0.03753770513
0.04752608263
0.8871715442
0.9679652047
0.9756136603
0.9765654998
0.9770283276
0.9777060104
0.9757579466
0.9515254795
0.4365365668
0.05617279578
0.03926959905
0.03570036067
0.03569678277
0.03558764483
0.03548806303
0.03543632656
0.0353805379
0.03543815089
0.03882795405
0.04959531735
0.8690675599
0.971045164
0.9788551907
0.9785473481
0.9605934044
0.9289195498
0.6796090055
0.056559503
0.05139495389
0.8758364047
0.9673732514
0.9747564301
0.09781929994
0.0388120975
0.03535839926
0.03545290657
0.03549178312
0.03552032196
0.03555863469
0.03561811483
0.03568899763
0.0357791404
0.03601011669
0.05075383598
0.09679584141
0.9620643128
0.09759377712
0.1062627304
0.9776337876
0.9860360477
0.9865821796
0.984691599
0.9833726181
0.9796737963
0.580268812
0.0398448729
0.03525031449
0.03521886267
0.03519498007
0.03519050391
0.0351803943
0.03516118988
0.03510311104
0.06801104695
0.0678807591
0.03508721953
0.03519251899
0.03523608179
0.03528184623
0.0353217252
0.03535340115
0.03537820069
0.03540360721
0.03543421954
0.03545966315
0.03547028826
0.03548042676
0.03549709244
0.03549599862
0.03547866573
0.03547814835
0.03547105162
0.03549593038
0.04279214765
0.1668920226
0.9797724962
0.9826314347
0.9835025715
0.9818459853
0.9769196187
0.4125044293
0.04288920688
0.04098499889
0.05903804733
0.9165385016
0.9718958596
0.9779855149
0.9712877716
0.9684944161
0.9512781341
0.9232463944
0.0523986943
0.03631989888
0.03640516043
0.03615229015
0.03572084644
0.03779310753
0.04689879037
0.8402844639
0.9561683331
0.9549155711
0.9640181734
0.9691801018
0.9608583607
0.9643391614
0.3211888776
0.0455288575
0.03585019211
0.03566929063
0.03552442487
0.03539809378
0.03797428796
0.05495548294
0.9399259839
0.9710258274
0.9757754782
0.9768295696
0.9779534241
0.9767461337
0.9672072425
0.926944913
0.05020364787
0.03729665409
0.03561529475
0.035587497
0.03548387174
0.03542123608
0.03537190731
0.03533526257
0.03527656041
0.03520532187
0.0366764414
0.04337110079
0.3875672779
0.9543602639
0.9676831777
0.960083382
0.9445291358
0.949751812
0.9585943579
0.9694175638
0.9728412587
0.9220970549
0.04795273581
0.0356471185
0.03540955156
0.03543957642
0.03546014299
0.03547799565
0.03551038622
0.03555474158
0.0356090924
0.0357388628
0.04689115106
0.08197778313
0.9658437388
0.08360325165
0.04498627093
0.03630749259
0.0454422913
0.9394764914
0.9850531523
0.9861793172
0.9856513007
0.985432949
0.982628137
0.9570641468
0.050160213
0.03554806913
0.03524651233
0.03524692333
0.03524269803
0.03522827494
0.03516114078
0.06815556238
0.06787821948
0.03508245036
0.03517970501
0.03521817243
0.03526089347
0.03530143315
0.03533693086
0.03536740512
0.03539642166
0.03542574276
0.03545020261
0.0354661021
0.03548013389
0.03549416256
0.0354974743
0.03549160094
0.03549057201
0.03548489301
0.03546066903
0.03543267373
0.0357554388
0.04860798132
0.9472983033
0.9816864528
0.9837461638
0.9836895254
0.9824699219
0.9689369423
0.06659078517
0.04031619965
0.03831212067
0.04960662291
0.5588007613
0.9591085239
0.9696283637
0.972376294
0.9582570446
0.1854378871
0.04233885107
0.03613968128
0.03624725953
0.0359739155
0.03569833223
0.03559900732
0.03836598502
0.06337059737
0.9142199499
0.9705459224
0.9802176122
0.9761701147
0.9298934125
0.0597091079
0.03762290083
0.03580667091
0.03566733803
0.03555073248
0.03545568572
0.03539263317
0.03538037094
0.0398354672
0.1720343512
0.9541119866
0.9715345154
0.9784061398
0.9787477148
0.9770191452
0.9750632136
0.9677545779
0.814283099
0.04390471122
0.03563131801
0.03548397915
0.03541872034
0.03537126627
0.03533226306
0.0352951364
0.0352495243
0.03521376943
0.03520666232
0.03622213462
0.04181161311
0.1292091376
0.8771666881
0.9083028639
0.9442821191
0.971868316
0.9796902108
0.976225413
0.7588697233
0.04694388798
0.03551614199
0.03539302258
0.03539067323
0.03540395687
0.03542016549
0.0354431675
0.03547854596
0.0355642611
0.04407384311
0.07129992148
0.9643339571
0.1020958884
0.04502503186
0.03580801744
0.03563315598
0.035577286
0.0378638807
0.07241836727
0.9760936032
0.9856548281
0.9866804063
0.9855928228
0.9841191465
0.9810295266
0.1171378936
0.03912133444
0.03531340334
0.03530365924
0.03530179024
0.03524463902
0.0684180824
0.06787641873
0.03507907938
0.03517069181
0.03520515256
0.03524466228
0.03528434734
0.03532158905
0.03535564969
0.03538774969
0.03541815895
0.03544416382
0.03546441767
0.03548211039
0.03549735644
0.03550513371
0.03550688442
0.035508245
0.03550355998
0.03548687683
0.03546226231
0.03544329704
0.03539582623
0.03847504512
0.07493147625
0.9724837494
0.9807519732
0.9824639367
0.9814143286
0.9762392849
0.9552617379
0.06844110141
0.04520795353
0.04918996215
0.3025167371
0.9312738193
0.9668202953
0.9654984708
0.9639197976
0.9500502477
0.0576784747
0.03797539743
0.03594188986
0.03572480027
0.03561469491
0.03843574102
0.0612761848
0.9226409933
0.9601419419
0.9765387852
0.9770999986
0.9706549373
0.0730452698
0.03607867327
0.03577915221
0.03565292067
0.0355396571
0.03545672462
0.03540532723
0.03537626238
0.03534244385
0.03605292546
0.04372208904
0.5774026841
0.9669297741
0.9798324072
0.9791945221
0.9783670699
0.9786154293
0.9768833456
0.9685225106
0.0795933764
0.03969407941
0.03538795889
0.03537232998
0.03534887861
0.03533257714
0.0353122351
0.03530232745
0.03531759536
0.03540745951
0.03557160485
0.0367462723
0.04738869999
0.1171652864
0.9205029515
0.9636939201
0.9757375406
0.9703039804
0.9670396112
0.9086477111
0.04322285655
0.03532927935
0.03533059382
0.03534863863
0.03536115702
0.03537950534
0.03544172574
0.04201304154
0.06393429245
0.9598982895
0.1354309692
0.04766614274
0.03583212968
0.03546378722
0.03554913353
0.03555958974
0.03557546264
0.03558707811
0.04404080386
0.9391894233
0.984857943
0.986227942
0.9856914514
0.9866399873
0.9847033247
0.958589417
0.05088977738
0.03611293922
0.03535569989
0.03536017181
0.06890509274
0.0678748013
0.03507628385
0.03516369314
0.03519524209
0.03523205897
0.03527049013
0.03530834552
0.03534454472
0.03537905728
0.03541142209
0.03544002994
0.03546430139
0.03548564595
0.03550368795
0.03551597092
0.03552329597
0.03552766674
0.0355256354
0.03551445466
0.03549647213
0.0354768124
0.03543701032
0.03537303589
0.03542670232
0.04384653198
0.8908568432
0.9777849315
0.9794362401
0.9760889035
0.9744440286
0.9693370495
0.9551654733
0.7128555262
0.8235226545
0.7397666487
0.596251569
0.904018584
0.9294775579
0.9625297106
0.9595203766
0.6602755304
0.04174085045
0.03570136058
0.03695346648
0.04448710294
0.7051929204
0.9407812914
0.9510992857
0.9604380513
0.955564207
0.9650127167
0.9773772225
0.06297421741
0.03576865904
0.03561954648
0.03551315728
0.03543775812
0.035392824
0.03537416065
0.03537931109
0.03539740056
0.03542299518
0.03745243236
0.06000949989
0.5688566934
0.9718379409
0.9765361658
0.979180138
0.9793027775
0.9802746392
0.9779908197
0.9517561423
0.05437336181
0.03849473041
0.03534573211
0.03537038151
0.03538497858
0.03539091418
0.03538675985
0.0354381249
0.03549779266
0.03736679138
0.05173748272
0.8866159288
0.9509075496
0.9661107886
0.9670084641
0.9255894662
0.8166153997
0.9689093289
0.928860844
0.04079683269
0.03524772727
0.03530105692
0.03531873368
0.03535278078
0.0404893511
0.05852250152
0.951303125
0.2064669812
0.05003614132
0.03619892731
0.03546728125
0.03548632934
0.0355426084
0.03555524336
0.03556648743
0.03557128969
0.035521829
0.03801034078
0.07729223662
0.9760477699
0.9838551022
0.9857634451
0.9854547094
0.9834726228
0.980030818
0.3224362447
0.04157829564
0.03550906687
0.06990826813
0.06787320003
0.03507371708
0.03515778882
0.03518731739
0.03522208717
0.03525933403
0.03529727895
0.03533474161
0.03537109074
0.03540553901
0.03543694718
0.03546488063
0.0354897872
0.03551113975
0.03552756625
0.0355392379
0.03554648598
0.03554703151
0.03553932739
0.03552419718
0.03550255039
0.03546620658
0.0354182812
0.03539382187
0.03534643683
0.03763665173
0.06371900844
0.9662850233
0.9700877015
0.963650834
0.95972333
0.9625687811
0.9596104467
0.9518057185
0.9033356106
0.8802096333
0.07983196742
0.7976510175
0.7722767864
0.9502335392
0.9540043886
0.8930425874
0.05071965278
0.04308971043
0.2155538243
0.9150552686
0.9567954088
0.9585221416
0.9528651299
0.6060216603
0.06206581841
0.9671884565
0.9772116493
0.0533164528
0.03550516645
0.03544091117
0.03538698941
0.03535786605
0.03535439917
0.03537965517
0.03544424642
0.03558596368
0.03573182384
0.03706113047
0.04473433207
0.1146266691
0.9215278401
0.9694756115
0.9779310723
0.9785983109
0.9783222026
0.9774267305
0.969270014
0.9225331287
0.0518616116
0.03870872047
0.03542404668
0.03547218687
0.03543052007
0.03543114113
0.03592695986
0.04253929766
0.5359494541
0.9563098705
0.9684981397
0.9678516346
0.9538056436
0.06727746316
0.04340662062
0.09924438722
0.9758628013
0.9425503595
0.04209464687
0.03534874845
0.03534060898
0.03931609668
0.05446500351
0.9359519904
0.3115028897
0.051656614
0.03669676267
0.03554989108
0.03550674492
0.03552871089
0.03555718511
0.03556421295
0.03556941212
0.03556924453
0.03555108697
0.03553104627
0.03555839796
0.04472400834
0.9444124568
0.9839961278
0.9855533744
0.9831778959
0.9843778021
0.9848322843
0.9711835478
0.05154222779
0.07172009085
0.06787155861
0.03507122653
0.03515248775
0.03518067418
0.03521398801
0.03525028967
0.03528813297
0.0353263577
0.03536408173
0.03540039726
0.0354343593
0.03546547727
0.03549365855
0.03551828969
0.03553837963
0.0355536066
0.03556349122
0.03556633475
0.03556110675
0.03554779771
0.03552644923
0.0354951112
0.03545864874
0.03543487622
0.03540960264
0.0353870739
0.03546745044
0.04544374953
0.9160010441
0.9539463981
0.9408576378
0.9454412729
0.9564805801
0.9611511773
0.9532912705
0.9312225168
0.8994238737
0.1111168126
0.07366027896
0.7960225209
0.9274806646
0.9392954253
0.8901007914
0.55921283
0.8604173116
0.9571169072
0.9656695368
0.9619389413
0.780909039
0.05895949292
0.03904197201
0.04627281741
0.9699754696
0.9745408779
0.04849513467
0.03533632842
0.03531117547
0.03530344118
0.03531931079
0.03536740273
0.03547378484
0.03567022071
0.03599750727
0.03673518026
0.04936738916
0.4578131386
0.4432158147
0.0615912859
0.940252127
0.9762995224
0.9783723556
0.9756984349
0.9744096836
0.9726855157
0.9634051346
0.9224688795
0.05570507638
0.03977221866
0.03550701928
0.03574384055
0.04123923675
0.1026666555
0.9602768545
0.9760376653
0.9737637045
0.9593302376
0.06756909133
0.04192136172
0.03601036119
0.03648248832
0.06759851829
0.9730085283
0.9536449781
0.04624523342
0.03885005278
0.05045107509
0.9109014055
0.4222433222
0.05258008294
0.03724876868
0.03561184688
0.0355670537
0.03555390574
0.03556138966
0.03557222088
0.03557395099
0.03557473483
0.03557179086
0.0355602388
0.0355484216
0.03555199614
0.03551100409
0.03862204354
0.09739527018
0.9805561273
0.9804888573
0.9801200087
0.9833366771
0.9847906519
0.9801805778
0.3497049028
0.06786987089
0.03506874459
0.03514752292
0.03517487577
0.03520723041
0.03524286805
0.03528058427
0.03531928106
0.03535799687
0.03539580552
0.03543185326
0.03546556405
0.03549654495
0.0355241173
0.03554736424
0.03556559438
0.03557785306
0.03558267109
0.03557939743
0.03556751096
0.0355469012
0.03551893991
0.03548697977
0.03546008693
0.03543412756
0.0354140659
0.03544396091
0.03546678381
0.04294523013
0.8562587157
0.9301713397
0.9329529202
0.9468056043
0.952059444
0.9476077898
0.9370819971
0.9330762543
0.9395594757
0.1027326796
0.8517404607
0.2621100596
0.9154566813
0.902605956
0.9130297218
0.9421771212
0.963161449
0.9656049528
0.9073056708
0.08324721788
0.04007295832
0.03629125363
0.03590110158
0.04780765381
0.9736107766
0.9712758638
0.04532244113
0.03522668782
0.03523745984
0.03527118645
0.03533169343
0.03544818824
0.03565868588
0.03601086063
0.04599035003
0.06725299674
0.7426644675
0.05541534485
0.0408371573
0.03962508126
0.06883769485
0.9659465518
0.9720906648
0.9709021658
0.9668273085
0.965789747
0.9680778438
0.9632843777
0.9321315229
0.05608665539
0.04388276005
0.08225284556
0.9512527485
0.9774109037
0.9791436273
0.9672446283
0.06893299592
0.04145768222
0.03598614982
0.03611715899
0.03607636234
0.03613517791
0.05448494289
0.966188783
0.9646229534
0.07172343396
0.8878514075
0.5033714175
0.05361355007
0.0377896185
0.03564429436
0.03561557125
0.03559810167
0.03558440899
0.03558142711
0.03558207997
0.03558069157
0.03558099825
0.03558208418
0.03558338194
0.03558685528
0.03560075505
0.0356284218
0.0356908719
0.03588184223
0.05461992292
0.9628444734
0.9753156751
0.9817270805
0.9862027853
0.989951248
0.977680736
0.06786813741
0.03506624484
0.03514275414
0.03516966422
0.03520147501
0.03523672775
0.03527436914
0.03531335751
0.0353527214
0.03539156725
0.03542911223
0.03546472723
0.03549787372
0.03552784573
0.03555370716
0.03557452853
0.03558894886
0.03559542477
0.03559384505
0.03558343552
0.03556409229
0.03553935896
0.03551004532
0.03548436195
0.03546729406
0.03545177228
0.03548829545
0.03555382756
0.0357057597
0.04867438917
0.8324190078
0.9290170902
0.9431161657
0.9399104946
0.9216744216
0.8950358677
0.891642345
0.9354997297
0.9364828047
0.5695708194
0.7088474487
0.8790621341
0.9317890969
0.9460580646
0.9604053576
0.9680722161
0.9538345551
0.3019559889
0.04241115971
0.03643962862
0.03599022726
0.03594022567
0.03568354122
0.05148514806
0.9765790396
0.9675249764
0.04307693336
0.03517949223
0.0352281422
0.03528046927
0.03537716521
0.03557783447
0.04240324957
0.05355594306
0.8140383744
0.04526012058
0.03781629672
0.03574951929
0.03562705065
0.03550619458
0.04444255479
0.8884852956
0.9652293303
0.9608652939
0.9502863473
0.951946111
0.9571110202
0.961860912
0.9546286618
0.9107089421
0.9454069042
0.9714091654
0.9796057722
0.9749684175
0.08375876581
0.04190650514
0.03592144872
0.03611570127
0.03625010562
0.0362492484
0.03641864635
0.03735970696
0.08378056865
0.9551827829
0.9611089321
0.6615498686
0.05447153737
0.03857666376
0.03568027392
0.03564280758
0.03562944695
0.03561140039
0.03559592783
0.0355878692
0.03558312347
0.03558009104
0.03558157203
0.03558941349
0.0356056165
0.03562175265
0.0356361353
0.03567166355
0.03578415571
0.03594913878
0.03672897952
0.06484876125
0.9598203086
0.9805935149
0.9877218755
0.9923391709
0.9862863898
0.06786636868
0.0350637236
0.03513812076
0.03516491027
0.03519654328
0.03523168466
0.0352693444
0.03530850054
0.03534818004
0.03538754822
0.03542591441
0.03546264973
0.03549718938
0.03552884393
0.03555664418
0.0355796416
0.03559608202
0.03560392783
0.03560370431
0.03559411955
0.03557634306
0.0355563554
0.035526803
0.03550137628
0.03549364068
0.03547863645
0.03549603735
0.03562520204
0.03971363069
0.05791507239
0.8615715211
0.9298095467
0.9436758538
0.9331684125
0.8958450592
0.8544195008
0.8637064418
0.9096477415
0.933000251
0.9167167297
0.5031154775
0.919953225
0.9483629691
0.9595361335
0.9653979532
0.9634076652
0.7622949026
0.04639820747
0.0369603056
0.03584691471
0.03599534939
0.035928131
0.03582630665
0.03575670436
0.05731690213
0.9790965156
0.9630207914
0.041705209
0.03521232906
0.03524125687
0.03530229061
0.0396875713
0.04905147508
0.8111698913
0.04605097153
0.03807886477
0.03530440373
0.03550663265
0.03549602787
0.03543489045
0.03543024407
0.03970357974
0.4098918573
0.9556031932
0.9408352832
0.9371640037
0.9449154454
0.9552279156
0.9671508455
0.9739200052
0.9751200178
0.9738594634
0.975938143
0.3856065596
0.04569911996
0.0359657782
0.03606620506
0.03614947612
0.03618737337
0.03617884933
0.03975854565
0.05732774463
0.1718746547
0.950893221
0.947849075
0.9561206925
0.04943064006
0.03565364209
0.0356308411
0.03561789823
0.03560884061
0.03559734881
0.03558766172
0.03557997905
0.0355734878
0.03556890371
0.0355699665
0.03558325018
0.03561455397
0.03563998475
0.03564065825
0.03564239535
0.03578215131
0.036058549
0.0466800363
0.1795894915
0.968738661
0.9776892872
0.9868304562
0.9923660582
0.9876365158
0.06786458289
0.03506119072
0.03513361748
0.0351605859
0.03519239698
0.03522771091
0.03526551792
0.03530475707
0.03534441847
0.0353837396
0.03542216074
0.03545910841
0.03549413789
0.03552661749
0.03555543934
0.03557988695
0.03559802868
0.0356071763
0.03560833267
0.03559716173
0.03557778032
0.0355672076
0.03553597898
0.03549761343
0.0354890288
0.03544668178
0.03620293729
0.04125054164
0.05924178103
0.8927278651
0.9386519729
0.9311440086
0.9393606482
0.9281927902
0.8715348206
0.8575424812
0.8549174988
0.8711984185
0.8967599867
0.9047717008
0.919401829
0.9483481707
0.9663349731
0.970271708
0.9644620774
0.9092120277
0.05430228726
0.03830167678
0.03585448331
0.03600350158
0.0360595737
0.03597650046
0.03588671258
0.03588904243
0.03593962596
0.06922643365
0.9807956653
0.9576928969
0.04253668561
0.03524769656
0.03783124149
0.04543893914
0.8115420166
0.04971222722
0.04007929606
0.03533042371
0.03537495063
0.03549754944
0.03549611235
0.03548324929
0.035540075
0.03557047034
0.03916481237
0.3090178873
0.9229145155
0.9407663341
0.9530970516
0.9631880386
0.9735305386
0.9805381268
0.982496169
0.9769802124
0.9282385796
0.0571090601
0.03719085756
0.03600329459
0.03600372944
0.03593874775
0.03675008753
0.04452232355
0.06090194948
0.7310013038
0.9519377965
0.1046756374
0.06840521103
0.9508866743
0.9536315032
0.04587745706
0.0354853244
0.03554516691
0.03555757832
0.03556346784
0.03556432321
0.03556077972
0.0355548543
0.03554752232
0.03554257037
0.03555370869
0.03559305367
0.0356092455
0.03557383894
0.03555800228
0.03662270442
0.04629154205
0.1195102792
0.9738975038
0.9738073094
0.9737237975
0.9823084412
0.9890946167
0.9851108669
0.06786278796
0.0350586628
0.03512928075
0.03515675128
0.03518912736
0.03522493077
0.03526306305
0.03530234661
0.03534165942
0.03538032558
0.03541794592
0.03545400631
0.03548844026
0.03552082543
0.03554959227
0.03557424033
0.03559259197
0.03560270061
0.03560777228
0.03559208041
0.03556172411
0.03555672761
0.03552977038
0.03547056643
0.03545491143
0.03757065733
0.04573786879
0.1725143591
0.9449848309
0.9569702134
0.9545012626
0.9379684632
0.9477383193
0.9353397168
0.9194999748
0.8909959306
0.9079890164
0.8497282245
0.8368384002
0.8654069557
0.937675649
0.9623887159
0.9714847534
0.9727541535
0.9539604951
0.05816126938
0.03923007274
0.03586943432
0.03598644246
0.03606726346
0.03607719479
0.03599541832
0.03591453197
0.0358805648
0.03590395306
0.03620602563
0.09190025953
0.9773879068
0.9471897585
0.04706675069
0.04585632126
0.819071434
0.05434148493
0.04296263148
0.03563920281
0.03549429216
0.0354805205
0.03553238828
0.03551357142
0.03550131321
0.03554734412
0.03557333168
0.03994520743
0.05804467647
0.9028647892
0.9480969817
0.9613938934
0.9665256146
0.9721769744
0.9775968255
0.9799113489
0.9750586765
0.9463558549
0.04947873889
0.03584345181
0.035874415
0.03569228678
0.03784488668
0.04910976427
0.1758125433
0.9344676411
0.7305062338
0.05150176511
0.04175628711
0.03597334009
0.04437409777
0.9486610304
0.9558030699
0.04514425357
0.03544126029
0.03550357007
0.03552319852
0.03553350285
0.03553417141
0.03553036009
0.03551970893
0.03550048924
0.03549234189
0.03552126561
0.03549585688
0.03541626629
0.03715336484
0.04847833768
0.366560695
0.9775291428
0.9800514227
0.9757172815
0.9730203406
0.9760758204
0.9782932047
0.9726961179
0.06786098759
0.03505615662
0.0351251815
0.0351535546
0.03518695511
0.03522361581
0.03526232224
0.03530168091
0.03534033183
0.03537774541
0.03541368504
0.03544751036
0.03547992005
0.03551113242
0.03553893805
0.03556262618
0.03557769636
0.03558437781
0.03559927203
0.035583273
0.03552938817
0.03551226832
0.03544421267
0.03674278336
0.04191070965
0.05961659249
0.8722773597
0.9676445419
0.9739555848
0.9724616344
0.9638978506
0.9534225798
0.9594998659
0.9349590488
0.8265562875
0.9046077363
0.4594636901
0.4562314761
0.1141927229
0.903175589
0.9467600326
0.9649676262
0.9712801494
0.9706830613
0.9627966732
0.05626715042
0.03573386442
0.03592737986
0.03605935905
0.03608217599
0.03606409629
0.03599533937
0.03591401755
0.0358522233
0.03583383327
0.03583306518
0.037774067
0.4287375862
0.9663609088
0.9122391679
0.7691093213
0.06682953081
0.04665318304
0.03610913505
0.0357956331
0.03561845339
0.0355510919
0.03555639502
0.03552376598
0.0355063686
0.03560222186
0.04007102327
0.05464279071
0.8998161751
0.9368904971
0.9536524524
0.964446299
0.966140411
0.9651001613
0.9650265105
0.9669243579
0.9631343527
0.9589646442
0.9298420555
0.04117514179
0.03596411272
0.04137397716
0.05078496652
0.7076908119
0.9376584329
0.2779197926
0.04624225393
0.03755460849
0.03533509985
0.03538659805
0.03531204483
0.04359768888
0.9499864541
0.9549263651
0.04487991221
0.03542077395
0.03548127085
0.03549931055
0.03550313895
0.03550366452
0.03549460605
0.03546231126
0.03542850687
0.03547174089
0.03543894151
0.0387795257
0.05117517185
0.8731476713
0.9768926634
0.9836815264
0.9827851176
0.9781449996
0.9773137031
0.9764605429
0.9000252369
0.6945559827
0.06785916936
0.03505368257
0.03512142444
0.03515124749
0.03518624547
0.03522418293
0.03526380231
0.03530336384
0.03534106752
0.03537672262
0.03541025947
0.03544034631
0.03546891983
0.03549723319
0.03552294996
0.03554683121
0.03555524242
0.03554813379
0.03557022286
0.03556588131
0.03550088163
0.03557513871
0.0387358152
0.04950448091
0.5737986688
0.9643612546
0.9751460119
0.979071946
0.9785174725
0.9762577753
0.9734634384
0.9177925318
0.8907756409
0.1600018406
0.9523001127
0.06316522345
0.07265121978
0.0961885338
0.9328558697
0.9439820803
0.9555348827
0.9584278039
0.9578835684
0.9584537038
0.9659913403
0.8246447359
0.0383651829
0.03587180779
0.03600732758
0.0360326878
0.03601870267
0.03597479714
0.03590414866
0.03584023965
0.03584643712
0.03583565719
0.03575844226
0.04216136382
0.8162519167
0.9620854131
0.9245283347
0.04976414716
0.03657402983
0.03609594108
0.03581284536
0.03564953638
0.0355452282
0.03551867742
0.03544758241
0.03689336653
0.04314497876
0.06904563142
0.9375261222
0.9534497819
0.9521348427
0.9518402173
0.963242797
0.9642919795
0.9559744638
0.9353076518
0.9248845991
0.9102094431
0.9392066709
0.9658966634
0.07506636833
0.05542061848
0.08383917656
0.9429696023
0.7522688962
0.06674066033
0.04286864981
0.03608111345
0.03526745967
0.03531225509
0.03533393949
0.03532156849
0.0353079007
0.04367596962
0.950627945
0.9545624277
0.04472499793
0.03541076683
0.03546653725
0.03547058811
0.03547421117
0.03546471437
0.03542397336
0.03539797728
0.0359064382
0.04221574444
0.06729986402
0.9549795017
0.9755164474
0.9819379093
0.9848673091
0.9811824684
0.9736086372
0.9609533282
0.282712304
0.05692990479
0.08529584753
0.06785728471
0.03505124149
0.03511816392
0.03515022434
0.03518753763
0.03522720229
0.03526818036
0.035308153
0.03534462326
0.03537825358
0.0354090228
0.03543390888
0.03545698446
0.03547967948
0.03549900011
0.0355247106
0.03552965919
0.03549390659
0.03550105007
0.0354506426
0.03715585288
0.04448326431
0.07955947654
0.9419011303
0.9747823344
0.9803762678
0.9811339188
0.9800420441
0.9739948152
0.9335172731
0.1641465104
0.05929695393
0.04307844863
0.04738937772
0.07057043213
0.1242530962
0.1469669437
0.9629061844
0.9612808952
0.9679368345
0.9643588945
0.9607320003
0.9407039621
0.8297730954
0.9663326637
0.969351664
0.04709913296
0.03568317167
0.03586798144
0.03592658017
0.0359343824
0.03591756099
0.03586470008
0.03579305203
0.03582746852
0.03581392539
0.03947269976
0.05436315446
0.5629606545
0.9387800594
0.9721579845
0.07441117949
0.03599547446
0.03593072366
0.03573377892
0.03559633546
0.035495623
0.03559279774
0.03856316211
0.04933120793
0.5087961869
0.9621197776
0.9689560455
0.9657626484
0.9563292864
0.9547987306
0.9639941568
0.9650418095
0.9538177391
0.9235440224
0.8864221355
0.872272539
0.8631541962
0.956815065
0.9404745355
0.1907577662
0.9696367554
0.2647655949
0.05389782998
0.03939315768
0.03566467942
0.03535084511
0.03533418255
0.03535494327
0.03535677168
0.03534498167
0.03534913925
0.0353311844
0.04383525422
0.9510421809
0.9538520623
0.04454434606
0.03541105014
0.03543730904
0.03542916333
0.03539356424
0.03532391822
0.03679836059
0.04622517076
0.1788569627
0.9745907705
0.981271547
0.9837647139
0.985036118
0.9845651849
0.9775967429
0.8523931934
0.05464187646
0.04174888838
0.03661609455
0.07262761018
0.06785522533
0.03504882803
0.03511566294
0.03515112026
0.0351915673
0.03523338857
0.03527641787
0.03531695344
0.03535159343
0.03538366209
0.03541220616
0.03543006251
0.03544829079
0.03546467382
0.03547013805
0.03549525254
0.0355040781
0.0354695854
0.0356517767
0.04004764218
0.05303747993
0.8079548095
0.9709446445
0.9783175267
0.981031559
0.9797719713
0.9741636575
0.9590291788
0.3695432453
0.05073809759
0.04118824358
0.04049142283
0.04288036006
0.06056840924
0.860385962
0.9483096964
0.9751454479
0.9795964777
0.9761445286
0.9745732414
0.9672738311
0.8728934327
0.0822467423
0.05617264221
0.956589062
0.9781791735
0.0909928492
0.03572790065
0.03573899369
0.03581802209
0.03582491438
0.03583293567
0.03578890514
0.03573554984
0.03620522786
0.04442861418
0.06088117642
0.8327363607
0.9393048004
0.08731903569
0.966517684
0.9685321479
0.04270187197
0.0358109139
0.03562660574
0.03550608314
0.03725601205
0.04404768981
0.07844760644
0.9340907686
0.970203474
0.9757900444
0.9735499989
0.9670978859
0.9631584442
0.9625683325
0.9651567838
0.9630939195
0.9579067586
0.9122437435
0.9217385508
0.3102680908
0.5730973203
0.9482398665
0.9447289403
0.8919358902
0.067827109
0.04568753829
0.0366076758
0.0355815324
0.03548050146
0.03540265093
0.0353810764
0.03538386532
0.03537878943
0.03537030031
0.03537532019
0.0353833989
0.0353670617
0.04403899145
0.9519605932
0.9533177843
0.04467088416
0.03544165215
0.03544608519
0.03539029278
0.03839923527
0.04934318343
0.8286567774
0.9763360664
0.9843067838
0.9852214372
0.9838491391
0.9813366075
0.9753080966
0.1496864228
0.04685866331
0.03720202512
0.03541021113
0.03546341687
0.06999401635
0.0678528204
0.03504643379
0.03511441215
0.03515508127
0.0351992844
0.03524334221
0.03528997746
0.03533123905
0.03536162598
0.03539340427
0.03542341472
0.03543005621
0.03544310626
0.03546048098
0.03544130573
0.03544518451
0.03542565416
0.03744758962
0.04625722965
0.1004684097
0.9594602103
0.9742198717
0.9791762011
0.9808506455
0.9794404454
0.9718565707
0.8929150803
0.05751592568
0.04653295947
0.04452234058
0.05335313483
0.1029614653
0.8813576111
0.9588398792
0.9727057641
0.976930184
0.9778157793
0.9789478031
0.9695809183
0.9132213311
0.08452183245
0.04720995001
0.03943943358
0.03712217027
0.1978844104
0.9799849527
0.9645376519
0.0403586578
0.03563051102
0.03571576425
0.03571241985
0.03568516882
0.03559530689
0.03730608242
0.05056260835
0.1222200585
0.9441149527
0.834562647
0.05965854045
0.04661667376
0.4538438012
0.9755817829
0.1021022747
0.0359862135
0.03732473814
0.04177546566
0.05928731363
0.8475955263
0.9685558412
0.9776386806
0.9782224539
0.9783828673
0.9751520811
0.973206497
0.9694895887
0.9692537297
0.9693535656
0.9327888847
0.9236855787
0.7407645596
0.05216724367
0.05657087685
0.04734272219
0.9184306726
0.9689942958
0.8055127642
0.04548019364
0.03578677568
0.03558621237
0.03552727902
0.0354842924
0.03543110293
0.03540967081
0.03540210434
0.03539488535
0.03538995686
0.03539828232
0.03541065037
0.03543898292
0.03542434541
0.04443039316
0.9514622363
0.9523420059
0.04629954034
0.03602426833
0.04177033908
0.06423326273
0.948153924
0.9742190086
0.9819777937
0.9856218975
0.9831301458
0.9769379214
0.9532249467
0.06606002791
0.0420741783
0.03568877905
0.03533634119
0.03539386651
0.0353902658
0.06910701762
0.0678500559
0.0350440976
0.03511520464
0.03516438003
0.03521225738
0.03525683624
0.0353103885
0.03535478352
0.03537517323
0.03540478825
0.03544682795
0.03544542556
0.03545077981
0.03547465165
0.03551400154
0.03717039974
0.0426140953
0.05926338982
0.8757436983
0.9737424695
0.9792158139
0.9785188819
0.9773245485
0.9726145902
0.9625900404
0.1050323054
0.05611955114
0.05427794721
0.08533083429
0.8358644199
0.9546979981
0.9781182579
0.9814642836
0.9783031833
0.9780944418
0.978125338
0.9707719025
0.9127238741
0.07855462798
0.04617176986
0.03876155269
0.03613278712
0.03596374352
0.03577662169
0.04493215429
0.9698288716
0.9763330404
0.05887307473
0.03556260322
0.03567264594
0.03563708423
0.03567686624
0.0392170767
0.05207044411
0.6770562174
0.9599671936
0.6066038684
0.0477649021
0.03856854572
0.03587535678
0.04635667589
0.9484630898
0.9601959778
0.05443451746
0.05856899479
0.73920771
0.9583410168
0.974957842
0.978479972
0.9810010386
0.9798811857
0.9797871932
0.9765376582
0.9750183774
0.967181836
0.9054294026
0.523481547
0.07152609016
0.8868680343
0.08047688499
0.0395832129
0.03660013529
0.03649048443
0.05333591298
0.9690777239
0.9697983009
0.05449170181
0.0355473894
0.03551267286
0.03547499341
0.03545416785
0.03543382047
0.03542029663
0.03541209524
0.03540462767
0.03540265207
0.03541657181
0.03542698796
0.03547595418
0.03550812545
0.03556660941
0.04673464237
0.9545142113
0.9432546923
0.06227005483
0.1897046357
0.9723665592
0.980158602
0.9833430882
0.9853487818
0.9852909215
0.9793290996
0.8540405555
0.05147663593
0.03855262164
0.03530988284
0.03530535815
0.03528155398
0.03532481058
0.0353003997
0.0686378608
0.06784807856
0.03504240767
0.03511902614
0.0351828973
0.03523430553
0.03527295775
0.03533512609
0.03538896279
0.03539698122
0.03541031397
0.03544475504
0.03544481473
0.03562384664
0.03784403136
0.04196974956
0.06819610393
0.6615656048
0.9703690426
0.9762455618
0.9775169917
0.9761390002
0.9667038482
0.9532029349
0.8955855917
0.09416306095
0.1341301213
0.6568551206
0.9584868822
0.9752954721
0.9833296974
0.9813445403
0.9792471091
0.9807918732
0.9761105321
0.9408675664
0.8251755074
0.07498363517
0.04488553005
0.0383533136
0.03625942196
0.03619266888
0.03605802227
0.03595434162
0.03572457832
0.03758846892
0.7631453495
0.9759192438
0.9445979621
0.04020359861
0.03573948221
0.03705892628
0.04400884763
0.06506687002
0.8682661451
0.9304150509
0.1084859097
0.04526669294
0.03647178079
0.03589570006
0.03834843459
0.04462673506
0.7971705954
0.946629286
0.9152327726
0.9514714026
0.9729196444
0.9765444038
0.9802449433
0.980974849
0.9818980578
0.9794998802
0.977451524
0.9657948634
0.870327886
0.0760709752
0.04693062488
0.03953638202
0.03800825783
0.07125745705
0.9301211783
0.04059377389
0.03656358141
0.0361384644
0.03723087233
0.5600505946
0.9750792664
0.9579152255
0.04046466881
0.03545516658
0.03543614311
0.0354341798
0.03543417898
0.03542537837
0.03541824504
0.03540987361
0.03540587363
0.03543236313
0.03543344355
0.03548398447
0.03551502937
0.0362872438
0.04172590351
0.07666492214
0.9582020997
0.9637581206
0.9774365282
0.9838822006
0.9847401641
0.983971929
0.9822801605
0.9774620663
0.1777813094
0.04765313946
0.03698650165
0.03524525139
0.03527007173
0.03527595692
0.03525758196
0.03526242101
0.03522205129
0.06837678323
0.06785180012
0.03504413227
0.03512757675
0.035213654
0.03526959716
0.03529584088
0.0353517385
0.03538946718
0.03540483845
0.03561094564
0.03761383997
0.04025164531
0.05110004216
0.1183278503
0.9499493184
0.9713507984
0.9837696791
0.9836307224
0.98041341
0.9756154995
0.9664247482
0.9458210357
0.9006587627
0.8090093126
0.9436255319
0.9718284343
0.9849261691
0.9832337697
0.980013632
0.9816651903
0.9787936044
0.9457992768
0.8303538695
0.08034951498
0.05047785808
0.04036983691
0.03839857841
0.03649926147
0.03654461162
0.03642189032
0.03630959716
0.03607201001
0.03583273587
0.03565500835
0.03563461167
0.0586819458
0.9657717287
0.9642741725
0.08177172501
0.04073541601
0.05150084405
0.289690681
0.9393554164
0.8327052769
0.05451809603
0.0416791244
0.03683307119
0.03903992947
0.0452141864
0.07265595579
0.8235173098
0.9506807283
0.9718065422
0.9743546686
0.9750724647
0.9775620608
0.9789455096
0.9817912818
0.9808814756
0.9799565474
0.9719205773
0.890881711
0.06743587436
0.0432761598
0.03785304707
0.03570848998
0.03557772152
0.03547859563
0.04510730102
0.9601130772
0.05487939289
0.03608298036
0.03612428355
0.03589859365
0.03976366999
0.9413057506
0.9806814994
0.1227537498
0.03568999614
0.035413146
0.03543096568
0.03544333072
0.03542688973
0.03541819355
0.03541015343
0.03539439152
0.03541644613
0.03542163803
0.03597405944
0.03903127274
0.05211534376
0.2097339323
0.9628537459
0.9750343328
0.9817998804
0.9840107927
0.9856501359
0.9830580824
0.9777435723
0.9605803887
0.07184871499
0.042868694
0.03574045042
0.03530106372
0.03526867088
0.03527133406
0.03525692143
0.03523023996
0.03521089262
0.03516178439
0.06820702996
0.06788651217
0.03505326628
0.03514393936
0.0352414792
0.03527870295
0.0353474584
0.03594745599
0.03817027707
0.04117886214
0.0547441926
0.1455963053
0.9999998538
0.9709416256
0.9840338534
0.9870972069
0.9861657018
0.9850339642
0.9834713166
0.9787937431
0.9730955481
0.9640977194
0.9503137677
0.9470513111
0.9604600985
0.9684488304
0.9753160666
0.9806577518
0.98011364
0.9528373615
0.8802950375
0.08904725273
0.05134232259
0.04055597132
0.03861472828
0.03685904493
0.03693786341
0.03713597087
0.03683683136
0.03665257669
0.03636391756
0.03607883329
0.03583364236
0.03565379954
0.03556513813
0.03562558886
0.04515456957
0.9217648854
0.9539962774
0.9458972222
0.1615535471
0.8841328931
0.9364389358
0.5773007018
0.05200398209
0.04139032202
0.04198675011
0.06159200826
0.2002232146
0.9338635766
0.9679819832
0.9755078279
0.9764640834
0.9799385312
0.9817604543
0.9819343395
0.9815334148
0.9813098295
0.9821677448
0.9780228164
0.9357588972
0.07838863462
0.04470954952
0.03766352492
0.035585646
0.0355424934
0.03554945485
0.03557540383
0.03553236297
0.03722448666
0.878277567
0.1287328559
0.03632961684
0.03595106239
0.03588368356
0.03573125128
0.04877979894
0.9797927309
0.9795865882
0.04848761777
0.0353862376
0.03544273561
0.03546384235
0.03542373105
0.03539835934
0.03538338846
0.03541060377
0.03676705129
0.03953780466
0.05373390792
0.1970044883
0.9562563631
0.9795414254
0.9820133974
0.9831110482
0.9857666439
0.9873399172
0.9864655583
0.9809982832
0.8979367142
0.05393013234
0.03915293031
0.03533717154
0.0352957407
0.03523603575
0.03523278897
0.03523297764
0.03521673103
0.03519070469
0.0351640912
0.03511556661
0.06808571771
0.06827468425
0.03508824208
0.03521339727
0.03661719757
0.03883133756
0.04365728481
0.07156270412
0.3845245723
0.9563005462
0.9776725095
0.9872018526
0.9896869001
0.9891693303
0.9886520108
0.9888429139
0.9877879155
0.9859678535
0.9833167921
0.9798356588
0.9757707459
0.9704798921
0.9652110919
0.9608377047
0.9562313923
0.9520095176
0.9415731094
0.9354012949
0.139014542
0.05452982421
0.04142096618
0.03893242683
0.03665404305
0.03654944605
0.03693076815
0.03682895348
0.03693263492
0.03729826328
0.03767851446
0.03860173612
0.03912347401
0.03949971502
0.04045538024
0.04161663943
0.0434196973
0.04807839562
0.06021961126
0.9006164125
0.94132261
0.9343596249
0.7980795315
0.5760098966
0.07644843661
0.06380462585
0.07778539149
0.1882535564
0.9197852505
0.9589011861
0.9809137452
0.9809918939
0.9781980519
0.9787899544
0.9786793299
0.980940893
0.9824928912
0.9828564496
0.9812522872
0.9770342032
0.9647238156
0.166754148
0.04975915568
0.03830118145
0.03569969431
0.03561921398
0.03559094381
0.03559991253
0.03558835279
0.03556823987
0.03554444007
0.03546387729
0.05985747166
0.9423004875
0.04091248493
0.03571525327
0.03573936406
0.03578764235
0.03595595927
0.1226281334
0.9798471613
0.9312287847
0.04018671222
0.03541264663
0.03547016838
0.03539591438
0.03544631824
0.03733646757
0.04092499332
0.06257200617
0.5774225404
0.9607210071
0.9815483585
0.9843817951
0.9840424477
0.9845540453
0.9839049134
0.9842951935
0.9835343365
0.9786050613
0.2698243548
0.04994957838
0.03723689429
0.03526164182
0.03527030122
0.03525267956
0.03521426366
0.03520257189
0.03519438503
0.03517646116
0.03515165941
0.03512447373
0.03508062309
0.06799716938
0.09441243467
0.04133363168
0.04850898357
0.1046136593
0.9358460431
0.9753739554
0.9842349316
0.9905727664
0.9914703712
0.9909914575
0.991139633
0.9915589773
0.9913059304
0.9905983858
0.9897515353
0.9886238455
0.9872840377
0.9853458394
0.9830196843
0.9806207697
0.9778707593
0.9748151389
0.97116293
0.9650143059
0.9519728937
0.9364808052
0.6806466676
0.4338159378
0.177676231
0.1047258858
0.09670302691
0.08675153073
0.08213444786
0.08139550675
0.08222070214
0.08564883967
0.09666831703
0.1349248964
0.3016695759
0.6609081274
0.8633212663
0.8948003481
0.9236972345
0.941032761
0.9524623487
0.9665134001
0.9702102966
0.9701563853
0.9648904128
0.9480563339
0.9146228307
0.929011165
0.9575575359
0.9725048444
0.9834141481
0.9825230679
0.9795009374
0.9796636882
0.9798335892
0.9773685727
0.9768425573
0.9773200277
0.9801861428
0.9798446032
0.9790193737
0.9701007214
0.8017445506
0.056330331
0.04106752334
0.03630423626
0.03588194551
0.03578096521
0.0357488367
0.03570276717
0.03563783061
0.03559185328
0.03556313117
0.03558369015
0.03554120608
0.04207015925
0.9194577902
0.05346314195
0.03551637817
0.03560648757
0.03566888133
0.0358671274
0.0430549935
0.9623864447
0.9668261073
0.8424009907
0.03897429425
0.03575827832
0.03820838575
0.04421341368
0.07417301442
0.8702307525
0.9655611234
0.9823728276
0.9847592685
0.9851195839
0.9866826054
0.9847344548
0.9834199208
0.9822961382
0.9748541027
0.9287132574
0.0667297596
0.04287535536
0.03594432432
0.03532284425
0.03528510884
0.03526921488
0.0352371566
0.03519999701
0.03517860383
0.03516134481
0.03514072762
0.03511698158
0.03509193851
0.0350544072
0.06793338815
0.9479544918
0.9752985518
0.9820954186
0.9896034272
0.9928449702
0.9928837027
0.9926737085
0.9931698288
0.9935297568
0.9933500231
0.9930492164
0.9926825221
0.9922587794
0.9917921063
0.9910637306
0.9901036052
0.989073223
0.9878444601
0.9865089204
0.9852301018
0.9839984395
0.9828796462
0.981900197
0.9811359482
0.9809375155
0.9817915443
0.9852685693
0.9880582582
0.989646449
0.9896795629
0.9894157488
0.9892424241
0.9891883159
0.9891936185
0.9892341985
0.9893070487
0.9894150145
0.9895713519
0.9896929919
0.9890735598
0.9867228684
0.9835809397
0.9816035679
0.9804761663
0.979724206
0.979676032
0.98150163
0.9820126296
0.9812849586
0.9786911267
0.975593587
0.9754333393
0.9787163208
0.9807450892
0.9820372688
0.9822067521
0.9791574737
0.976580817
0.9728932233
0.9706103126
0.9703987941
0.9705136678
0.9723652865
0.962788176
0.8782274278
0.07099725734
0.04508036992
0.0385728919
0.03632575575
0.03612437605
0.03601278713
0.03589638753
0.03581895201
0.03577907617
0.03573322887
0.0356639725
0.03555952731
0.03551959347
0.03578784407
0.0390258005
0.6566947657
0.7394380703
0.03779855607
0.03553027099
0.03573301979
0.03623300463
0.03991638065
0.07643805499
0.9560419211
0.9546753408
0.08338270086
0.05491497268
0.1227007761
0.9362770428
0.9733572485
0.9815620559
0.9833305268
0.9849468294
0.9865842429
0.9853484881
0.9855385754
0.9834117566
0.9639870758
0.8562242612
0.07982575025
0.04456216491
0.03744912197
0.03532015213
0.03529842869
0.03524974369
0.03524723961
0.03523566237
0.03520804427
0.03517697623
0.03515303215
0.03513161647
0.03510971934
0.03508745373
0.03506559981
0.0350348748
0.06788914496
0.9842694187
0.9925733568
0.9940490223
0.994443655
0.9949518296
0.9951502417
0.9950179562
0.9948854183
0.9946849534
0.9944989523
0.994266256
0.9938757384
0.9934109804
0.9929411795
0.9923596476
0.9916471419
0.9908956061
0.9901070945
0.989335249
0.9886518096
0.988088965
0.98769829
0.9875234502
0.9876149639
0.9880392097
0.9887675292
0.9896571538
0.9909386472
0.9916707197
0.9921334592
0.9923676809
0.9924579468
0.992503184
0.9925246385
0.9925200669
0.9924795901
0.9923809782
0.99218865
0.9918582155
0.9913146737
0.9904235963
0.9890695048
0.9877422384
0.9866113941
0.9857498073
0.9854405342
0.9859657349
0.9868617975
0.9870047712
0.9862221103
0.9848423434
0.9836551618
0.9830506807
0.9823752324
0.981170058
0.9788334384
0.9756311474
0.9704034818
0.9602312277
0.9446461222
0.9280881419
0.9153089427
0.9355869517
0.07449558836
0.04659894602
0.04110826813
0.03690462565
0.03688598105
0.03645421643
0.03607836371
0.03593091144
0.03585581575
0.03584692664
0.0359070648
0.03605137897
0.0363336411
0.03689870886
0.03790034834
0.03860467809
0.04084299855
0.06664219922
0.8484753395
0.04768173762
0.04219239592
0.04713914678
0.06397943735
0.1139785624
0.902861368
0.9607620558
0.9658609264
0.9587275704
0.9565068383
0.980354564
0.9826563094
0.982583725
0.9843419053
0.985281884
0.9844017282
0.9844555031
0.9811671384
0.960853712
0.2950255559
0.0597750311
0.040431001
0.03744245736
0.03544531401
0.03530960063
0.03530193225
0.0352749971
0.03523254259
0.03521881111
0.03520353799
0.03517895349
0.03515181475
0.03512760387
0.03510496461
0.03508319597
0.03506281523
0.0350443753
0.03502039452
0.06786005814
0.9906934181
0.9951546741
0.9960990181
0.9963953831
0.9964356332
0.9963528726
0.9962368191
0.9960501681
0.9957794741
0.9955111036
0.9952354829
0.9948812479
0.9944657109
0.9940295848
0.9935467242
0.9930132083
0.9924679941
0.9919335712
0.9914460812
0.9910395582
0.990734924
0.9905557169
0.990515887
0.9906222418
0.9908667854
0.991197209
0.9915136078
0.9917736202
0.9920378951
0.9922862508
0.9925193686
0.9926700614
0.9927455043
0.992769691
0.9927506506
0.9926830223
0.9925538638
0.992349663
0.9920716032
0.9917477399
0.9913985666
0.9909734473
0.9904148392
0.989821632
0.9893547912
0.9891746726
0.9893675595
0.9897062995
0.9897741292
0.9893427242
0.9884548597
0.9872991196
0.9860600066
0.9846152088
0.9827099904
0.9799812258
0.9762242003
0.9702585031
0.9587881807
0.937065074
0.8941989515
0.8243025447
0.1626496304
0.1052804829
0.06944118029
0.07759182129
0.06757602307
0.06324018692
0.06374061821
0.06471964083
0.06640254383
0.06855085757
0.07121113201
0.07477763493
0.08046404203
0.09282550727
0.1313919714
0.2823179341
0.6198137535
0.7725574655
0.9149153704
0.9398868647
0.9172074335
0.9308271558
0.9572201817
0.9703591171
0.9796722245
0.9781355542
0.977191788
0.979031957
0.9792846111
0.9785575449
0.9802484114
0.982535544
0.9831910324
0.9824385152
0.9825996015
0.9786283113
0.9509902458
0.1275679699
0.05037808682
0.03898911044
0.03608605455
0.03536033277
0.03528134139
0.03526357616
0.03526154694
0.03526491125
0.0352416344
0.03520945568
0.03519066402
0.03517239175
0.03515005285
0.03512606527
0.03510309228
0.03508115154
0.03506061169
0.03504239339
0.0350272262
0.03500965794
0.06784224685
0.9943733923
0.996996569
0.9973278085
0.9974057648
0.9973301326
0.9971747335
0.9969967585
0.9967885954
0.996533909
0.9962665119
0.9959876644
0.9956712157
0.9953180208
0.994941333
0.9945408069
0.9941245257
0.9937140224
0.9933277583
0.9929886209
0.9927142958
0.9925143124
0.99239527
0.9923566812
0.9923918332
0.9924843603
0.9925978129
0.9926794515
0.9927049797
0.9927180362
0.9927820069
0.9928852085
0.9929776238
0.9930327964
0.9930494664
0.9930322543
0.9929816664
0.9928960798
0.9927786171
0.9926463233
0.9925297142
0.9924417531
0.9923410885
0.9921731545
0.9919532622
0.9917639551
0.9916818727
0.9917249832
0.9917922033
0.9917048422
0.9913417648
0.9906748606
0.9897471448
0.9886248366
0.9873077734
0.9857624836
0.9839744877
0.9820383482
0.9799310362
0.9778482137
0.9766891102
0.9772465477
0.9793259997
0.9830396772
0.9846476171
0.9849872101
0.9849790271
0.9853002143
0.9857107075
0.9861106592
0.986489496
0.9868572468
0.9872093855
0.9875426887
0.9878503128
0.9881181628
0.9883224261
0.9884312402
0.9882430969
0.9867288569
0.9837964416
0.9809187797
0.9800740516
0.9780841231
0.9782848449
0.9787978812
0.9791810132
0.9792346002
0.979646093
0.9799642027
0.9819980113
0.9832695773
0.9825954831
0.9822321355
0.980041651
0.9800769471
0.9751922787
0.9378731107
0.09961726123
0.04754548811
0.03827740021
0.03559788767
0.03529629358
0.03525440495
0.03524520628
0.03524450994
0.03522940641
0.03522211112
0.03522128554
0.0352048873
0.03518163655
0.03516284586
0.0351438821
0.0351231598
0.03510168172
0.03508067942
0.03506056508
0.03504199777
0.03502595418
0.03501352421
0.0350016907
0.06783231161
0.9967631378
0.9979742193
0.9980647466
0.9980337519
0.9979153562
0.9977378799
0.9975309247
0.9973011673
0.9970477978
0.9967849731
0.9965164566
0.9962338281
0.9959339646
0.9956176039
0.9952871995
0.9949531627
0.9946316036
0.9943377949
0.9940868205
0.9938883694
0.9937451169
0.9936546379
0.9936089047
0.9935958755
0.9935995498
0.9935975912
0.9935645137
0.9934919979
0.9934082183
0.9933559561
0.9933467486
0.9933571032
0.9933664465
0.9933655199
0.9933536451
0.9933333969
0.9933093354
0.9932901202
0.9932903509
0.9933252492
0.9933934067
0.9934651963
0.9935061126
0.9935126314
0.9935092044
0.993517741
0.9935316609
0.9934990187
0.9933410041
0.992996925
0.9924426478
0.9916885424
0.9907726739
0.9897412094
0.9886606532
0.987636066
0.9868091806
0.9862714312
0.986125286
0.9864736492
0.9872560427
0.9882570943
0.9892037443
0.9902582398
0.9904636236
0.9905255781
0.9906569608
0.9907801569
0.9908799526
0.9909597926
0.9910301222
0.9910927703
0.9911452197
0.9911788325
0.9911748825
0.9910988043
0.9908963059
0.9904994694
0.9898131036
0.9887521424
0.987686559
0.9867635884
0.985771784
0.9843216059
0.9826865872
0.981001592
0.9791373712
0.9778570965
0.9786946295
0.9805398061
0.9818608278
0.9809080469
0.9799825657
0.9732317591
0.9243113089
0.08678189622
0.04600928632
0.03800511018
0.03551039213
0.03528616772
0.0352576912
0.03525007432
0.03523762225
0.03521355405
0.03520909258
0.03519959124
0.03519010355
0.03518348269
0.03517038531
0.03515293261
0.03513573144
0.0351176244
0.03509858255
0.03507939912
0.03506082138
0.03504329415
0.03502738309
0.03501375699
0.03500333437
0.03499582524
0.06782729891
0.9982186729
0.9986760705
0.9985844204
0.9984731585
0.9983244197
0.998141685
0.997930356
0.9976929062
0.9974331008
0.99716091
0.9968835608
0.9966038319
0.9963224976
0.9960376333
0.9957491943
0.9954648003
0.9951978293
0.9949624261
0.9947705298
0.9946279929
0.9945333045
0.9944783336
0.994449199
0.9944283743
0.9943967453
0.9943358365
0.9942329797
0.9940917381
0.9939380594
0.9938060915
0.9937130178
0.9936540099
0.9936174279
0.9935945986
0.993583093
0.993586375
0.9936126544
0.9936733755
0.9937796284
0.9939345487
0.9941246341
0.9943212744
0.9944984312
0.9946480374
0.9947739018
0.9948744689
0.9949307632
0.9949041026
0.9947481762
0.9944257269
0.9939172703
0.9932285755
0.9923976747
0.9914959797
0.9906307193
0.9899359287
0.9895368565
0.9894918948
0.9897907675
0.9903441737
0.9909823153
0.991523628
0.9918374116
0.9919077463
0.9918340086
0.9916886742
0.9915795669
0.9914687732
0.9913493205
0.9912226713
0.9910900301
0.9909529554
0.9908124901
0.9906692281
0.9905244664
0.9903829792
0.9902597944
0.9901883771
0.9902007425
0.9902503817
0.9901866127
0.9898169367
0.9889054269
0.9873101873
0.9851240414
0.9826753232
0.9800724549
0.9776253363
0.9755403996
0.9732236542
0.9713467142
0.9611308153
0.9250971291
0.09112119679
0.04631995574
0.03802124414
0.03561364934
0.0354272665
0.03539735468
0.03538561237
0.03536224656
0.03533115625
0.03530932989
0.035278719
0.035253817
0.03522939261
0.03520463943
0.03518063716
0.035155472
0.03513014935
0.03510646146
0.03508454795
0.03506473118
0.03504734764
0.03503251795
0.03502012386
0.0350100037
0.03500198954
0.03499592617
0.03499186988
0.06782460705
0.9967441095
0.9982949876
0.9976736947
0.9973216986
0.9969895672
0.9966296383
0.996219713
0.9957500868
0.9952201919
0.9946389874
0.9940135224
0.9933503209
0.992662535
0.9919676213
0.9912862349
0.9906458261
0.9900758016
0.9896008486
0.9892381623
0.9889920843
0.988852245
0.9887947376
0.9887837099
0.9887751035
0.98872114
0.9885769332
0.988314112
0.9879421543
0.9875203143
0.9871317093
0.9868323237
0.9866295753
0.9865053892
0.9864381111
0.986416608
0.9864452552
0.9865433215
0.9867394641
0.9870590691
0.9875036434
0.9880340281
0.9885811372
0.9890859544
0.9895278335
0.9899109862
0.9902309752
0.9904501966
0.9904934059
0.9902716075
0.9897165719
0.9887968549
0.9875228915
0.9859584784
0.9842362879
0.9825785856
0.9812785901
0.9806125341
0.9807060358
0.981496561
0.9827396206
0.9840564982
0.9850700323
0.9855172344
0.9853480759
0.984781022
0.9841664073
0.9836446647
0.9831643538
0.9826915871
0.982213387
0.9817225649
0.9812168395
0.9807014051
0.9801912776
0.9797215618
0.9793662831
0.9792601805
0.9795846544
0.9804292618
0.981559787
0.9824316249
0.9824866767
0.9812678199
0.9784333749
0.9739617468
0.9683002157
0.9620256765
0.9557706193
0.9482164553
0.9310319496
0.8891361842
0.4804533996
0.1129349257
0.08401368776
0.07254739975
0.07039358521
0.06988575744
0.06979535589
0.06967768135
0.06953413152
0.06944446396
0.06930537419
0.06919361898
0.06907540921
0.06896043857
0.06883798238
0.06870655414
0.06856817383
0.06842768783
0.06829483841
0.06817702487
0.06807713177
0.06799659825
0.06793508685
0.06789077337
0.0678609363
0.06784248635
0.06783223779
0.06782715105
0.06782450265
0.1002414537
