0.9555372034
0.9684464745
0.9557144524
0.9485875422
0.9407344428
0.9380113329
0.9273738518
0.9196511194
0.9181064005
0.9017856237
0.8954174142
0.8912217019
0.8809381651
0.8756980855
0.8743934547
0.8654420439
0.8640364457
0.8578427246
0.8502292235
0.8457053298
0.844354768
0.8353505805
0.8365504883
0.8267479397
0.8295776464
0.8210910543
0.8220493998
0.8201834336
0.8063374786
0.8079458892
0.7905710761
0.8024283284
0.779540091
0.7799681968
0.7825301225
0.7692536687
0.7446442205
0.774880797
0.7564388753
0.7765152305
0.7756552677
0.7755892275
0.7661931328
0.7615928277
0.7711402473
0.7624313056
0.7649501403
0.7672984721
0.7513957342
0.7477450605
0.7427083757
0.7377291216
0.7202499831
0.7102679901
0.7347352252
0.7217751228
0.7103298237
0.7133908887
0.6894198609
0.706370431
0.6853689637
0.6775160344
0.6880122393
0.6587789607
0.6541776738
0.6630698829
0.6536982674
0.6575305838
0.6465175745
0.6518502956
0.6378334088
0.6374266603
0.6428088734
0.6389855163
0.6361777913
0.6375491894
0.6388762494
0.6148934141
0.6104221895
0.6026319775
0.604387358
0.5965107253
0.6113201402
0.6041297495
0.5933768334
0.5921070961
0.5869847747
0.5779517419
0.5743420375
0.5680030315
0.5809801682
0.5689380327
0.5669043996
0.5527413604
0.5594861641
0.5447557689
0.5362299229
0.5385080395
0.5308629552
0.519020675
0.5189458909
0.4962085002
0.4865463915
0.4868174644
0.472227071
0.479538146
0.476936895
0.4527633102
0.4590645912
0.4483041521
0.4506824874
0.4389623712
0.4263057084
0.4381929058
0.427665552
0.4112909999
0.4255977265
0.4032860677
0.4125110867
0.3963037962
0.4709515401
0.9448854073
0.9800035006
0.9759070395
0.9711642069
0.9676553668
0.9622029545
0.9586713724
0.9547702262
0.9496356537
0.9473357296
0.9421927206
0.9387725949
0.9343591086
0.9282624009
0.9273175045
0.925898805
0.9207730707
0.9168206015
0.9166396387
0.9144042603
0.913126373
0.9136376002
0.9105376166
0.9082074346
0.9063403824
0.9031651353
0.905906701
0.9034433893
0.8976414645
0.8985783923
0.8992617168
0.8996008553
0.899440163
0.8975737612
0.8959254064
0.8957811353
0.8944765497
0.8914595346
0.8883182979
0.8872237307
0.8863466587
0.8854746734
0.885808445
0.8869408995
0.8849315599
0.8846475158
0.8820961102
0.8755000701
0.8765057677
0.8790794725
0.8778291676
0.8689312313
0.8671829045
0.8764776619
0.8654703452
0.8632707975
0.8630497728
0.8630791024
0.8603202536
0.8638369473
0.8578969448
0.8619324092
0.8525908592
0.8577985447
0.8619313691
0.8524014344
0.8502385757
0.8438858283
0.8381346911
0.8316433
0.8321198255
0.8226756689
0.8150978731
0.8033997463
0.7982803237
0.7856105826
0.7902261922
0.7701149739
0.7698338708
0.7557667877
0.7480488962
0.7355475181
0.7275956386
0.7178343869
0.7066334442
0.6938112694
0.6773938741
0.6667265171
0.6542169539
0.6462900436
0.630932699
0.6237331673
0.6100381535
0.5878457385
0.5800160659
0.5738406127
0.5622507233
0.5457550368
0.5281540174
0.5088590971
0.5092939375
0.4827771188
0.4776527687
0.4524270564
0.4600328972
0.4438737137
0.4217325048
0.4170646445
0.4092286516
0.4007711428
0.3789399852
0.3805475076
0.3576369779
0.3689550174
0.3423050411
0.3475896664
0.3294646289
0.3290106133
0.3189087425
0.3271837634
0.4067877237
0.8734658608
0.9531220836
0.9630837592
0.9611604565
0.9553459851
0.9521283515
0.9465996626
0.9429894807
0.9405116257
0.9355270379
0.9314587703
0.9280663799
0.9243645898
0.9207207628
0.9239623544
0.9116594742
0.9122054927
0.9094028301
0.9077411433
0.9047882415
0.9042071495
0.9045172956
0.8993151769
0.8998221759
0.899096576
0.8941052644
0.8952152333
0.8958022561
0.8930060434
0.8922211702
0.8902894847
0.8874066364
0.8923527149
0.8943686193
0.8966357402
0.8896651132
0.8889894462
0.8905933785
0.8849611145
0.8879461372
0.875288557
0.8768090708
0.8746523292
0.8693934933
0.8708549501
0.8665330302
0.866405549
0.8631065088
0.8613633059
0.8640276774
0.8616283249
0.8619728423
0.8655187403
0.8398135917
0.858831541
0.8461576194
0.84911877
0.8392076009
0.8348686156
0.837118037
0.818244109
0.8191076447
0.8165556721
0.809095523
0.7950177152
0.8021192327
0.8051397005
0.7967691524
0.7853565978
0.7833062969
0.7669196948
0.7566951741
0.7617792503
0.7419689829
0.7440503231
0.7326791855
0.7174012826
0.6936602181
0.6964653654
0.6883750795
0.67685044
0.6726562074
0.6712934463
0.6581937726
0.6473689906
0.652301614
0.6349414201
0.6257897525
0.6182417537
0.6109525175
0.5937732942
0.5888187632
0.5730489442
0.5636660882
0.5655228415
0.5353277528
0.5242565667
0.5223973765
0.5114978001
0.4995842886
0.4780304354
0.4607379412
0.4701283186
0.4576188199
0.4271938729
0.415104646
0.4038565527
0.4112688237
0.3849347193
0.3726840858
0.3768012119
0.3679820863
0.3602444089
0.3390126501
0.3318958967
0.3185201073
0.3297539924
0.3333623612
0.3418356733
0.3692895684
0.4203380371
0.6330389593
0.878757394
0.9158145997
0.9299566784
0.9387655188
0.9310510054
0.9270195642
0.9246935612
0.9227204344
0.923032529
0.9203838263
0.9136272958
0.9119358148
0.9082549507
0.9088374524
0.9027751967
0.9152711897
0.8997119419
0.8986246163
0.8953743257
0.8963878012
0.8874549847
0.8838959015
0.891847799
0.8868532433
0.8859818251
0.8742587127
0.8765697804
0.8755046451
0.8714931911
0.8645001975
0.8556638607
0.8651791399
0.8674048482
0.8684792979
0.8643468398
0.8618156166
0.8585642669
0.8526477313
0.8493863295
0.8465822306
0.8485475127
0.8345705978
0.8379630236
0.8197062297
0.8232193246
0.816939231
0.7975464662
0.796085854
0.7866240434
0.762231034
0.7776214714
0.7382271459
0.789078199
0.7495309752
0.7572823557
0.7465188452
0.7423824068
0.7431911132
0.7126754645
0.7216297166
0.7230089891
0.7012704338
0.7009964058
0.7027720487
0.7011082409
0.6894693691
0.6797743155
0.6816452738
0.676431885
0.6660734928
0.6731111161
0.6609688331
0.6584580303
0.6402575327
0.6355562417
0.6336988745
0.6283045292
0.6273102303
0.6062566398
0.6000859255
0.5885617358
0.5717694961
0.5682360989
0.5816471166
0.5848165668
0.5647137213
0.5551673349
0.5640123921
0.5524192984
0.5517565209
0.5474197114
0.5301572351
0.5287117165
0.5266358437
0.5117771207
0.5102773802
0.5039809595
0.4737695557
0.4804760346
0.4692191816
0.4559556922
0.4231405088
0.4198872886
0.4265248801
0.4200153627
0.3929274382
0.4022490659
0.3919418119
0.3654728858
0.3675263115
0.3633858226
0.3370126778
0.3487515632
0.3286622897
0.3275112539
0.3224007812
0.3372645092
0.3634344849
0.3790947287
0.4578118768
0.5126930601
0.5915101991
0.5645140382
0.6135505246
0.6672757177
0.9996764256
0.8577988066
0.8712531606
0.8744605692
0.8776863427
0.879416192
0.8893987877
0.8853847261
0.8796083374
0.8770799578
0.8880215194
0.8937871434
0.8866000129
0.8685124364
0.8745685234
0.8628849021
0.8686169393
0.8822818739
0.8691128641
0.8474751932
0.8470793869
0.850646907
0.8418982858
0.829341308
0.8142793472
0.7960476646
0.7967088368
0.78877004
0.7714843446
0.7760785784
0.7257421562
0.7561909563
0.7525067634
0.7425036253
0.7439394226
0.7293786764
0.709054606
0.7147254041
0.7117671972
0.707406757
0.7106064464
0.7037411264
0.7050598259
0.7014101396
0.6820287172
0.6943724104
0.6909806097
0.6795682282
0.6884404016
0.6605661194
0.6590482048
0.6578244353
0.647048211
0.6503042655
0.6352836671
0.646707373
0.6222010628
0.6200502251
0.6215455519
0.6130734913
0.6212226759
0.5875130852
0.6212252414
0.615060507
0.621304595
0.598427938
0.6059988343
0.5939546406
0.6171187396
0.6144589351
0.600306396
0.5977295991
0.603694696
0.5586761383
0.5602608591
0.5498055217
0.5432089604
0.538727102
0.5318725902
0.5295728991
0.5090534884
0.5032164113
0.5112965244
0.5095162619
0.5002589609
0.4973300972
0.4933397547
0.4937573683
0.4924129607
0.4793891167
0.4892284896
0.4840302532
0.4602385434
0.4593059125
0.4542137592
0.4464217402
0.4332626274
0.4410283461
0.4301083433
0.4166744487
0.3862809568
0.403015859
0.3758156421
0.3723649699
0.368871177
0.3527970307
0.3653336118
0.3403505548
0.348027277
0.3513942131
0.3443796924
0.3538248267
0.3496098984
0.370894423
0.402162092
0.4540223202
0.4620316051
0.4451048186
0.4786552425
0.5302891028
0.5468407391
0.4680995607
0.4751748503
0.529723243
0.5723726909
0.6110278738
0.6310944886
0.6414021771
0.6715295651
0.6811037327
0.6942980302
0.6985939222
0.6877676775
0.6874922865
0.6908548879
0.6802429291
0.6875363429
0.6867225948
0.679419817
0.6691412221
0.6830022887
0.6738696145
0.6641675154
0.6717787598
0.670473618
0.6716462338
0.7007388651
0.667815905
0.6904823425
0.6721105817
0.6575719603
0.6678897722
0.6596335699
0.6336481483
0.6487495143
0.6337933787
0.6325799753
0.628831205
0.6478584102
0.6471971291
0.6344390721
0.651222738
0.6416833329
0.6311191131
0.6462813293
0.6486926173
0.6512489433
0.6528857405
0.6599294019
0.637600323
0.6380476045
0.6369124666
0.6374173081
0.6465812826
0.630380134
0.6377225781
0.6383766148
0.6282986781
0.6363519023
0.6202036104
0.6228611269
0.6182534815
0.6094296187
0.6099019044
0.5829619359
0.5868974901
0.5703757173
0.587507808
0.5802183976
0.5804304126
0.5364079158
0.5586621594
0.5507916057
0.5611075849
0.563007999
0.5441711185
0.5297615739
0.5271054651
0.5315284747
0.5183474812
0.5192594925
0.5251755472
0.5191951019
0.5076253449
0.4942855725
0.4726567573
0.4668618357
0.4837116246
0.4817348643
0.4682952353
0.4540365681
0.4557442348
0.4614626724
0.457558324
0.459993028
0.454408773
0.4473678758
0.4419869484
0.4227825189
0.4122286921
0.4063298401
0.4064114009
0.3814426309
0.3952936326
0.3704604803
0.3718501397
0.3542820756
0.3592869724
0.3640310132
0.3521873284
0.3610572221
0.3624193698
0.3513207
0.3683492921
0.3985738983
0.4118672851
0.4602494597
0.4498938129
0.3635351662
0.4036693868
0.4450876988
0.4843773692
0.5111642658
0.5106300604
0.4875491477
0.4987785062
0.5068828394
0.5179585038
0.5484383936
0.5448986561
0.5467856605
0.543719004
0.5466731367
0.5603594431
0.5843862598
0.5799546406
0.6113722764
0.6124797176
0.6130470001
0.6187649137
0.6334047884
0.627146593
0.6166839818
0.6034416742
0.6181798085
0.6100351454
0.6222650736
0.5891180451
0.6168318171
0.6373066878
0.6830344812
0.6380322871
0.6334826508
0.6191091492
0.6013663336
0.6031782296
0.6050778715
0.5917403555
0.6097361024
0.6025436991
0.6050729645
0.5909737257
0.6019886198
0.6098465996
0.592460748
0.5945626543
0.5944721463
0.5932768314
0.5843491884
0.5912866457
0.5879556169
0.5932621531
0.5945084861
0.5838972432
0.5811888404
0.5943889413
0.5825469772
0.5970695508
0.5712466218
0.5826697021
0.5769758813
0.5712567309
0.5791936957
0.5797075525
0.5663666466
0.5761448518
0.5468406936
0.5496280496
0.5478669732
0.5467898866
0.5408494845
0.54389496
0.5286698319
0.5193631308
0.5237573892
0.5075816643
0.5108127815
0.5027408188
0.5052479705
0.5132779895
0.4998590017
0.4922283789
0.4977626752
0.5011300896
0.4995933551
0.4828207607
0.4848169225
0.4842314471
0.4615617855
0.4585750904
0.4620227998
0.4611936843
0.444442563
0.4414392386
0.445325196
0.4392249271
0.4371789605
0.4430167006
0.4362418545
0.4353133691
0.4418144998
0.408240231
0.4029451564
0.410467648
0.3776882802
0.3694910065
0.3695351298
0.3590753626
0.3629676997
0.3603102133
0.3494717576
0.357281262
0.3773881202
0.3857338297
0.3860996803
0.3992162263
0.4093286119
0.4760943958
0.4317054512
0.3349067387
0.3570009756
0.3893521563
0.4057510876
0.4131131163
0.4099941955
0.4279638452
0.4275059407
0.4700244369
0.4758238098
0.4805551249
0.4825636147
0.4881098352
0.4749182595
0.5003201374
0.501867219
0.4910984554
0.5084263303
0.4885600511
0.5049820084
0.5245381558
0.5269643365
0.5490040993
0.552386773
0.5501061362
0.5675912314
0.5827565118
0.5596512696
0.562037493
0.5858459574
0.5642423065
0.5601303754
0.4555084675
0.5332137529
0.5512185254
0.5531909341
0.5571107035
0.5477379062
0.5465712163
0.5376780142
0.5387259889
0.5358594447
0.5261794455
0.5305570014
0.5359797585
0.5310723577
0.5345120649
0.5248377954
0.5180447285
0.5075299959
0.5292615381
0.5258747914
0.535046792
0.5306571154
0.5337422715
0.5320245084
0.529932265
0.5330095506
0.5402269179
0.5305262064
0.5364985494
0.5294884049
0.5132268674
0.5279780297
0.5162188648
0.5218732135
0.5168239273
0.5245926574
0.5447428576
0.5206165761
0.5191785673
0.5111928626
0.5071823693
0.5105904543
0.5075126781
0.5032479953
0.5004621396
0.4929368986
0.4929113109
0.4870609779
0.5043277748
0.4881842674
0.4773699458
0.4835724316
0.4641075602
0.47637586
0.4715929919
0.477286093
0.4673352139
0.4807152956
0.4746527734
0.4592732249
0.4634335545
0.4531810055
0.4600606394
0.4384783982
0.4499721907
0.4398558849
0.4239971223
0.437095187
0.4176108488
0.4258919364
0.4173780912
0.4140195857
0.4284673644
0.3966379806
0.4163786081
0.3851916443
0.36211945
0.3630832414
0.3770528981
0.3766220812
0.3823666352
0.3858962011
0.3781100708
0.3876204355
0.3987447806
0.4064621504
0.4198734205
0.4590131703
0.4094073134
0.3178217418
0.3400732552
0.3578453862
0.3766824322
0.3894336411
0.4110803805
0.331417494
0.398553614
0.4181597271
0.4117081911
0.4303255436
0.4415287065
0.4307038285
0.4349343641
0.4456780812
0.4591913592
0.4536324501
0.4525545286
0.4475322072
0.4460305334
0.4592700366
0.4827566135
0.4651022417
0.4627035693
0.4790646856
0.4918350828
0.4962055699
0.4973695451
0.510494635
0.5061250559
0.5119220413
0.5177773227
0.5261358838
0.5282177444
0.5111505563
0.5094220635
0.5077982771
0.5087208459
0.4958985383
0.4914747237
0.484251794
0.4822934955
0.478587265
0.4842112052
0.4938793299
0.4836293925
0.4947092296
0.4904253669
0.4799427822
0.4853489184
0.4834912919
0.4732716234
0.4580469398
0.4601764237
0.4876114192
0.4846687956
0.4860981956
0.4901045739
0.4763323522
0.4794914419
0.4786235913
0.5024365517
0.483833128
0.4854219666
0.4789602361
0.4890967056
0.4845220623
0.4986094883
0.4750142436
0.4899414397
0.4995824155
0.4915045609
0.4953096392
0.4901794198
0.4962742652
0.4982460315
0.484750519
0.4812997038
0.4914394021
0.4857360525
0.4846214821
0.4836423222
0.469419239
0.4816474482
0.48138571
0.474083624
0.4654333501
0.4709636877
0.4748333468
0.4716742361
0.4552989378
0.4497023314
0.4527853135
0.4552710702
0.448047634
0.4349713044
0.4235554215
0.4433367301
0.4396775901
0.4207719561
0.4312267286
0.423300765
0.4181597897
0.4240518901
0.4269626085
0.4223356821
0.4032988034
0.4029625704
0.4052281358
0.3947183527
0.3748161929
0.3688946788
0.3778004748
0.3848606931
0.4059195506
0.3900048514
0.4009066794
0.4073720718
0.4223182974
0.470882287
0.4042489609
0.318423583
0.3360685518
0.3327548716
0.3567700254
0.3810584748
0.381120725
0.4108915305
0.4089516892
0.396093933
0.4005125516
0.409105703
0.3985394655
0.4242588146
0.4124443909
0.4276284121
0.4286698739
0.4216664756
0.439662151
0.4339128886
0.4471038234
0.4511436537
0.4396240735
0.428472383
0.4203741209
0.4357866066
0.4364502794
0.4595751885
0.4485262053
0.4693629688
0.4732080899
0.4729235555
0.466610495
0.4871012651
0.4877880767
0.4902514524
0.4909798609
0.4764847701
0.4913334109
0.4823269305
0.4790029899
0.4739781901
0.4635083774
0.4615196836
0.4621265521
0.4640765751
0.4576367292
0.447286154
0.4704989568
0.4741629424
0.476431302
0.4621504079
0.4575028366
0.4545816248
0.454282168
0.4409189705
0.4558483377
0.4554081266
0.4615296409
0.4456293366
0.4612275057
0.4621168908
0.4653292451
0.4566882377
0.4688002521
0.4704634098
0.4727184682
0.4608825577
0.4768646539
0.4706092016
0.4724472081
0.4682642483
0.4697186421
0.4594586008
0.4777789218
0.4627668467
0.4784819397
0.4806007261
0.481109408
0.4646816109
0.4772714607
0.4688301911
0.480133055
0.4871085267
0.467206948
0.4828561769
0.468914412
0.4696684033
0.4569079549
0.4562741351
0.4569608351
0.4634430569
0.4716488873
0.4568382334
0.455921539
0.4586536131
0.4321151773
0.437564103
0.4159713511
0.4216782316
0.436484946
0.4150919508
0.425571612
0.4223398353
0.4010123783
0.3965566761
0.4136501836
0.4243254818
0.4197986811
0.4147557627
0.4061538903
0.4043611904
0.403663855
0.4036476132
0.3997550878
0.3962020099
0.4209248114
0.4270726923
0.412323152
0.4262843831
0.4600142504
0.4021508299
0.3134470282
0.3336324965
0.3412417589
0.338319035
0.3634451231
0.3750549504
0.3702476425
0.3710034802
0.3721851673
0.3724733751
0.3811678601
0.4049446348
0.3914029283
0.4143585364
0.4082940674
0.4118861886
0.4015137602
0.4257520233
0.4228308104
0.4376627277
0.4546219295
0.410274474
0.4275240403
0.4089134596
0.4302012039
0.4315834053
0.4395042298
0.4226738867
0.4477157441
0.4517551191
0.4353952909
0.4360349903
0.450754791
0.4471205652
0.4565791774
0.4653239929
0.450321664
0.463361961
0.4677589946
0.4545988576
0.4507554484
0.4639131043
0.4439169792
0.456818981
0.4493816946
0.447989438
0.4492239718
0.4444439362
0.4537496308
0.4554028435
0.4489814338
0.4427333826
0.4592492395
0.4535493161
0.4545301433
0.435574648
0.4495593708
0.4354865142
0.4504933649
0.451333418
0.4477977587
0.4471289396
0.4373911771
0.4516750233
0.4363874378
0.4562444695
0.4419036264
0.4414344943
0.4522051997
0.4494597588
0.460557592
0.4511988989
0.4482220966
0.4468813983
0.4591407225
0.4391915111
0.4497301935
0.4648047417
0.4683176113
0.4640595709
0.4567363983
0.4562254684
0.4576570419
0.4572072417
0.4689067954
0.4678070367
0.4469356302
0.4624949668
0.4497655134
0.4437823534
0.4565497237
0.4640195412
0.4626076934
0.4597137024
0.4432854038
0.4627546767
0.4298337857
0.4444976831
0.4267697002
0.4212774095
0.4310414838
0.4300697767
0.4103934194
0.4242108506
0.4100186516
0.4088613706
0.3999800095
0.4065091722
0.4023239084
0.4177720233
0.4226460327
0.4170159504
0.4043746561
0.4230509068
0.4260366253
0.4011113222
0.4114961671
0.4375963653
0.408474735
0.4482420964
0.3985573077
0.3137000222
0.3318948473
0.327194288
0.3361334483
0.3461342491
0.3584545185
0.3825160712
0.3849629932
0.3745057686
0.3929271804
0.3782434452
0.378831774
0.4018437957
0.4007728798
0.4040649508
0.4019725086
0.3983428556
0.415596531
0.4101584934
0.395643965
0.4198904454
0.4510179502
0.4426368619
0.4354337662
0.4225737681
0.4175051304
0.4301720318
0.4234402548
0.4191900557
0.4244183892
0.4282218815
0.4406419546
0.4337478081
0.4393634099
0.4220042543
0.4296212456
0.4508590826
0.4520001579
0.4377929829
0.456350127
0.4565293804
0.4518065051
0.4488750863
0.453349772
0.4340182682
0.4313204198
0.4282764997
0.4383423177
0.4357853472
0.4392724099
0.4325323024
0.4218979303
0.4393416246
0.440749221
0.4279748709
0.4278121452
0.4295481007
0.4310128051
0.4288605999
0.4276797705
0.4428528297
0.4424869545
0.4191553664
0.4413953657
0.4249640226
0.4293524801
0.4448280724
0.4419945103
0.4448367718
0.4418116456
0.4447250597
0.4340850814
0.4395216364
0.4427229883
0.4401780332
0.4534405848
0.4477269274
0.4466179208
0.4422985272
0.4508216496
0.4496197146
0.4484047787
0.4425371551
0.441382451
0.4629649122
0.4622954919
0.4435114471
0.4605693703
0.4458084308
0.4331732972
0.4362660495
0.4321869286
0.4475598978
0.4581911652
0.4546816516
0.4429610535
0.4593355631
0.4277871257
0.4421270701
0.4394335791
0.4372181891
0.4135174302
0.4288546015
0.4109284715
0.4102177519
0.4003305569
0.4017197252
0.4195278819
0.4307298008
0.4284175963
0.4116244529
0.4051614644
0.4266065618
0.433091494
0.4225177468
0.4322712634
0.4254009982
0.4171237654
0.4065452317
0.4466165969
0.4080146431
0.308159325
0.3222385627
0.3277896168
0.3304511082
0.3440749696
0.3514033068
0.3687505662
0.3768846035
0.372206224
0.3865817187
0.39109736
0.3768046958
0.3886101653
0.3977172939
0.3974168999
0.4130250953
0.3901573253
0.3926926365
0.3944214526
0.3976614423
0.4131352726
0.4165905625
0.4083224774
0.4330573604
0.4108504555
0.4243439031
0.4082949225
0.4147482918
0.4139306573
0.4143499352
0.4238206454
0.4367449568
0.434870618
0.4183199993
0.4090233805
0.4124517574
0.4214362903
0.4412342644
0.4336828152
0.4443984873
0.4303990581
0.4279958812
0.4466554723
0.4271552826
0.4267618401
0.446643381
0.441974136
0.4345491762
0.419439982
0.428308962
0.4355188881
0.4438733642
0.4226493534
0.4361556091
0.4349057964
0.4365562231
0.418085875
0.4353238331
0.4178982689
0.4368916761
0.4248457838
0.4179508318
0.4348912591
0.4295961179
0.4306507523
0.4211777914
0.434192795
0.4153187343
0.4349450407
0.423991476
0.4348924781
0.4188473958
0.420909297
0.437040546
0.4410909257
0.4313194345
0.4308696693
0.4368934176
0.4438128664
0.4247157734
0.4282812011
0.447081662
0.4489527967
0.4510370521
0.4410886449
0.4426400386
0.454874648
0.458813852
0.4467509507
0.4395964427
0.4563276576
0.4304956641
0.4446625463
0.443531028
0.4338073325
0.4526552173
0.4518584041
0.4464962581
0.452555828
0.4362703081
0.4163290014
0.4343422112
0.4341841856
0.4151009636
0.4158793067
0.4344160041
0.4135921521
0.4147539897
0.414289937
0.4400937781
0.423930216
0.436510898
0.4414317553
0.4409590737
0.4187927118
0.4369141492
0.4291420983
0.4348094656
0.4019417993
0.4543662932
0.4041121121
0.2974843234
0.319703534
0.3204062113
0.3264901841
0.3350256397
0.3409151133
0.3529165966
0.3543465172
0.3631812598
0.3711546478
0.3780929046
0.3902244021
0.389015046
0.395943968
0.4004725878
0.3873478536
0.4113322767
0.4126498687
0.3925174007
0.4081002387
0.4153790077
0.4095262775
0.4166241922
0.4002379179
0.4119868507
0.4053178726
0.4028658277
0.4204137026
0.4119656578
0.4115935197
0.4194346082
0.4099821033
0.4150384441
0.417129711
0.4245057662
0.4112650423
0.4229485642
0.4306466808
0.4153206789
0.4337945978
0.4374372672
0.4199048047
0.4394039448
0.4215572425
0.4367608243
0.4198670597
0.441147969
0.4264183203
0.4201965192
0.4264115298
0.4228913722
0.4179069448
0.4168620399
0.431466777
0.4155481212
0.4258338105
0.4111679273
0.4288267518
0.4107087931
0.4278580265
0.4153754008
0.4127687888
0.4159258172
0.4134835654
0.4278776479
0.4244232307
0.4086424071
0.4268603907
0.4116894741
0.4083535889
0.4254710578
0.4113882378
0.421712121
0.4288744509
0.4317128504
0.4158847848
0.4366028725
0.4367374119
0.425250638
0.4212532989
0.4376775324
0.4363042146
0.4362676649
0.431230407
0.4452952207
0.4350750786
0.4476433055
0.4481655901
0.4512175935
0.4393947452
0.4319313884
0.4295705036
0.4448925551
0.4427704954
0.4455132091
0.4272412964
0.4460298384
0.4331555805
0.4535549369
0.448755583
0.4434476027
0.4285070968
0.4276861301
0.4436478883
0.419078518
0.4165434179
0.433437561
0.4269744197
0.4256006552
0.4291838685
0.4524902442
0.4453623384
0.4488108392
0.4294596381
0.4456128284
0.4410580156
0.4213505348
0.4216414963
0.4179190335
0.4455773229
0.3999150133
0.2983136767
0.309205823
0.3168585463
0.3243541141
0.3250007061
0.3421859395
0.3458522586
0.3573979354
0.3619458921
0.3626952797
0.3620963324
0.3800148228
0.375438426
0.3979280384
0.3876754869
0.3985447386
0.4018279867
0.406852873
0.4136007862
0.3940724633
0.4088800794
0.392663786
0.399965551
0.4003486471
0.4185606896
0.4220062348
0.4223492948
0.4021508464
0.4012658993
0.4018084404
0.4216320805
0.4182036387
0.4198722823
0.4265174781
0.4097078657
0.4265805572
0.4235228343
0.416088362
0.4138172858
0.4270972883
0.415255705
0.4326405233
0.4332117795
0.4240550707
0.4156010687
0.4198271201
0.4151077493
0.4376476965
0.4255300531
0.419191521
0.4252003923
0.4274682857
0.4156310809
0.4272380044
0.4243191806
0.4195862717
0.4139134736
0.4252006792
0.4136468978
0.421956854
0.4243205847
0.4058601572
0.4082246726
0.4284663601
0.4240060688
0.4157886855
0.4074661967
0.4217063519
0.4202025599
0.4156357402
0.4201961732
0.4241600676
0.4224148556
0.4228013447
0.4243315367
0.4075981551
0.4114980564
0.4264478475
0.4118486413
0.4161106034
0.4129756852
0.4213271909
0.4335210241
0.4163102497
0.4104574743
0.4296082131
0.4191253412
0.4288685324
0.4345917241
0.4457288531
0.4441351853
0.4449263302
0.4419396672
0.4398727266
0.424704037
0.4470312267
0.4282576748
0.4452095139
0.4331475511
0.443795091
0.4573779332
0.4333484939
0.4229611261
0.421892651
0.4432670965
0.4466161224
0.4406167353
0.4335439347
0.4366341337
0.4543816657
0.4408171759
0.4566509735
0.441038888
0.4302981366
0.4328562812
0.4299937415
0.4419547012
0.4364461841
0.3959758073
0.4353819874
0.387473824
0.2944304154
0.3042971379
0.3075485307
0.3144692735
0.3280308177
0.329615738
0.3342591817
0.3456923423
0.3602973887
0.3530568951
0.3757850945
0.3732549732
0.3750617332
0.3747699144
0.3737749693
0.3792172395
0.402535966
0.3899481613
0.3897207051
0.4132337214
0.4094769439
0.4096154248
0.4036855316
0.4160374342
0.4148292281
0.3982479002
0.4154909246
0.4001290434
0.4042952984
0.4008769282
0.4043674269
0.4147526978
0.4141747789
0.4028640949
0.4053054248
0.4109757942
0.420990932
0.406190897
0.4207964077
0.4118169349
0.4185995713
0.4201523807
0.4093851084
0.4148407029
0.4310592112
0.4345244419
0.4074466006
0.410470799
0.4319961636
0.4298401864
0.4074921145
0.4108764531
0.4065869316
0.4241693677
0.4183224231
0.4239848659
0.426376604
0.405183785
0.4243524034
0.4182121841
0.4090397556
0.4221015861
0.3999953324
0.408126041
0.4077747913
0.4035994168
0.4075514634
0.403673021
0.4207875253
0.4201750838
0.4153527193
0.4136218287
0.4007798712
0.4015109926
0.4188408803
0.4018501725
0.4241729296
0.4089570858
0.4244215911
0.4236499882
0.4236456874
0.4178630858
0.4126907047
0.4154252895
0.4115773972
0.4225360781
0.4081898822
0.4286107321
0.4121957489
0.4368893714
0.4372538823
0.4275865259
0.4256346848
0.4232330575
0.4180182976
0.4167338657
0.4260784484
0.4273082679
0.4284433933
0.4474693464
0.436435295
0.447386447
0.4541617056
0.451348432
0.4353797094
0.4547572206
0.4546626341
0.4507533779
0.458847811
0.4419902588
0.457795604
0.4419149392
0.4572063729
0.4530572386
0.4516719555
0.4291577785
0.4423043519
0.4152153883
0.4105085002
0.4510137397
0.3888050186
0.2883140971
0.3075367938
0.31340107
0.3098149574
0.3212552653
0.3345126488
0.3304923573
0.3369309809
0.3548687175
0.3608159238
0.3716317339
0.3707644972
0.3840170116
0.3716561581
0.3733292439
0.3765885631
0.3990079069
0.4036127694
0.3928265077
0.410100164
0.4053505324
0.4104595088
0.4104104852
0.4086320191
0.4112016746
0.4141234573
0.3921776941
0.4081939081
0.4032968077
0.4171116933
0.3973672538
0.3954272377
0.4158377989
0.4127203057
0.4205603782
0.4205827087
0.4209271806
0.4043361763
0.4033354856
0.3980207848
0.4023954119
0.4124815647
0.4054077009
0.4159307352
0.4244964365
0.4058931379
0.4297432813
0.4284569268
0.4200101843
0.4280845194
0.4249753344
0.402330335
0.4208513247
0.4247947224
0.4039839299
0.4084880705
0.416987896
0.4028092116
0.4024670442
0.4045784886
0.4007725271
0.4171975835
0.4202305343
0.3927727481
0.4194722708
0.4192467668
0.4007052725
0.4228625864
0.4091847657
0.4015582186
0.4088334915
0.4015930823
0.4210726089
0.4151527159
0.4151182188
0.4046492184
0.4014959712
0.4149173635
0.3993909686
0.4177850926
0.412140399
0.4113575445
0.4046315295
0.4200350762
0.4245675809
0.4063768907
0.4156079645
0.4050786005
0.4264341116
0.4103061891
0.4315450331
0.4330187193
0.4358099739
0.4396956564
0.4205428321
0.4272678937
0.4380174846
0.4397610265
0.4357063139
0.444647591
0.4466950997
0.4354774369
0.4544568998
0.4487639376
0.4536413518
0.4471015747
0.4422223109
0.4661326095
0.452333894
0.4540919931
0.4467680126
0.4629635165
0.4625316666
0.4521945835
0.4484197635
0.4471323397
0.4203840305
0.4163003454
0.4097733129
0.4487847117
0.3947146803
0.2939535852
0.2997267352
0.3094858769
0.3097718561
0.313607647
0.3307756295
0.3388016798
0.3458853343
0.351402095
0.3424793573
0.3654406115
0.3649456099
0.3625925102
0.3799873009
0.3669027322
0.3936394112
0.3790767344
0.3856193329
0.385517774
0.3834880989
0.3891761137
0.4003499116
0.3875939228
0.4095163884
0.4004986096
0.4126979042
0.4017797697
0.4159946218
0.3988573191
0.4014432894
0.3979565771
0.3948461863
0.3983702705
0.3985584628
0.4010729706
0.3958878049
0.3957106302
0.400551498
0.3993755609
0.4077416573
0.3992033926
0.4090854332
0.4038463713
0.4127471325
0.4240478439
0.4056561862
0.4283592568
0.4098636403
0.4062475513
0.4058078004
0.4256055304
0.4247398299
0.4190849714
0.4056318901
0.4047975698
0.4248952569
0.4226636694
0.421960241
0.4170407041
0.4117801664
0.4043644751
0.4052792675
0.4210084588
0.3982209051
0.4031958421
0.4053697238
0.3992696804
0.3962815581
0.39905496
0.4173197084
0.3978551297
0.4183611527
0.3979343264
0.4047033293
0.4110945233
0.3996570717
0.4099209965
0.4142141689
0.3945900506
0.411770529
0.4079374711
0.4049840474
0.4151640617
0.4029316144
0.4005896411
0.4126989167
0.4179213611
0.4188734525
0.4131595827
0.4193397438
0.4179446263
0.4261797705
0.4107109237
0.418941849
0.436889709
0.4358987692
0.419945671
0.4337361663
0.4394744748
0.4434233381
0.435245734
0.4426545008
0.4362309197
0.4637631131
0.44906517
0.4573778557
0.4630765153
0.4495033571
0.4712844481
0.4665400684
0.4508372747
0.4697615403
0.4515293439
0.441237456
0.458879532
0.4483427554
0.4204152473
0.4134376464
0.3889391679
0.4330614027
0.3981134877
0.2931257967
0.306503788
0.3027429707
0.3110271374
0.3171905238
0.3172478964
0.3316269486
0.3395778016
0.3348566979
0.3475107143
0.3530203111
0.3542705226
0.360848534
0.3846077999
0.385757159
0.3856304365
0.3954202126
0.3795163757
0.4063308878
0.4056544268
0.3935093148
0.3936146974
0.4106386725
0.4104829655
0.4102818021
0.4095408019
0.4119185366
0.4058906587
0.4155017634
0.4011518455
0.4068693874
0.414299024
0.3995873211
0.4111198007
0.4045255171
0.4115306826
0.4075542658
0.4192849427
0.3997015926
0.4170882714
0.4156194488
0.4177165192
0.4071338315
0.4217159687
0.4223370296
0.4047483157
0.4030796625
0.4039012676
0.4209872779
0.4274411949
0.4034332986
0.4247819486
0.422449728
0.4177536059
0.4213892243
0.4214198162
0.4092969498
0.3959065356
0.4197451415
0.4228845134
0.4040784237
0.4022242587
0.398228864
0.42010337
0.3981911613
0.3978539929
0.4176998762
0.4152783419
0.4089443917
0.3987124853
0.4131029698
0.4149894568
0.4135406896
0.4152767062
0.4135939102
0.4015728818
0.4133851928
0.4030300823
0.4054480632
0.412799826
0.4127565617
0.415925387
0.3962795244
0.3997315357
0.4155801662
0.3973971914
0.4180762418
0.4166328128
0.3982787289
0.4199679156
0.413545135
0.4219519661
0.414711132
0.409704651
0.4192257901
0.4192439367
0.4236903647
0.4284470726
0.4387746193
0.4258996406
0.450913193
0.457895636
0.4395095208
0.4473378058
0.4540235363
0.4717614581
0.4559378604
0.4709576375
0.4683476205
0.4690090759
0.4743648205
0.4624479726
0.4666031212
0.4443024694
0.444200195
0.4306946426
0.4372067632
0.4195514282
0.4063819279
0.427772578
0.3996990387
0.2910451681
0.2990871294
0.3008283436
0.305599058
0.3181590469
0.3256109425
0.327429774
0.3274915505
0.3442578279
0.3474826918
0.3479845182
0.3647442
0.363619683
0.3670571251
0.3826414816
0.3940718083
0.376612488
0.3981423082
0.38136298
0.4063583767
0.3824444656
0.3969124337
0.4117963264
0.3969927807
0.3909192276
0.3954139482
0.3940658299
0.4079446743
0.4107378129
0.4172813644
0.4163296306
0.3907954319
0.4116905898
0.3976506172
0.4043612589
0.3927723688
0.4103458044
0.4124717737
0.3972899852
0.4165955561
0.3965385909
0.4014070261
0.4062467223
0.3988838457
0.4082986295
0.403844309
0.4086687243
0.4226722129
0.4054918825
0.4184451771
0.4138227251
0.418757564
0.4059451925
0.3977678101
0.4226472343
0.3990454018
0.3988006207
0.420002936
0.4185799413
0.4018958612
0.4030563948
0.4022270723
0.406334663
0.4143981131
0.4150400909
0.4147967975
0.4129679956
0.4117524917
0.3901243951
0.4135931621
0.4128353606
0.3912340373
0.3955457653
0.3984111782
0.4043853782
0.403400236
0.4091087074
0.3949999291
0.3949431101
0.4015421538
0.4089158158
0.3941650452
0.3879566063
0.4155584202
0.3960498498
0.3962355783
0.4113391326
0.4107593744
0.399161076
0.4011638488
0.4196610393
0.4206022438
0.4215102109
0.4255511279
0.4191153942
0.4146433246
0.4357065229
0.4392807632
0.4436299611
0.4269223839
0.4313665209
0.4418702102
0.4525059572
0.4498711154
0.4594382769
0.4647688114
0.4787555622
0.4796892062
0.4582530747
0.4634623095
0.4739509582
0.4548938224
0.4726174829
0.4508051198
0.4604304762
0.4498615839
0.4188519536
0.4191586394
0.3918950736
0.4437606671
0.3846428354
0.2870268203
0.3037755823
0.3015692484
0.3041532643
0.3189866181
0.3167647238
0.3237053781
0.3400021071
0.3362014066
0.3548801446
0.3543324914
0.3635638202
0.3783958232
0.3692430758
0.3780722364
0.3938784275
0.3790127887
0.3819848591
0.4026404373
0.3824760477
0.4048492526
0.3878420427
0.4125112734
0.3856451287
0.3936336402
0.4100036064
0.4010446725
0.4019493833
0.4133428143
0.3944629265
0.3953161689
0.4121780764
0.406084519
0.3884938768
0.3915327141
0.409879556
0.4088683503
0.3953692437
0.4163847232
0.4092770681
0.4171895208
0.4085388477
0.4104829069
0.4215484356
0.3991597055
0.4210433791
0.401927115
0.4237594929
0.4092537228
0.4105171596
0.4230527451
0.4217074178
0.4231740549
0.4093783278
0.4066590805
0.4186931587
0.403777346
0.4182138161
0.4075079102
0.4121064371
0.4009756175
0.4213951687
0.3966918
0.4155661792
0.3941212353
0.4158436131
0.394495669
0.4136821223
0.4144632097
0.3973664517
0.408292612
0.4056782461
0.4100686219
0.4120361081
0.405218888
0.4024294649
0.4113130959
0.392896908
0.4135892113
0.4102290475
0.3960946958
0.3987635108
0.4110869834
0.411245497
0.4121809554
0.3954138084
0.4159201365
0.4075088499
0.3981070828
0.4042519757
0.4037391089
0.4073914873
0.406071277
0.4030748435
0.4108681585
0.4314849029
0.4181548702
0.4215574655
0.4336069837
0.4291322447
0.4337139621
0.4433068136
0.4487084941
0.4692597074
0.4533098759
0.4585195533
0.4619303971
0.4630442265
0.4700460447
0.4758317307
0.4770357856
0.4648019504
0.4617879912
0.4579724597
0.4518520276
0.4390741484
0.4410034459
0.4061775768
0.4042914328
0.427889356
0.3993746288
0.2875005122
0.3023079875
0.3068540227
0.3014191514
0.3060894909
0.3250745555
0.3241176649
0.3281153999
0.3466385067
0.3443156167
0.3482707932
0.3545410089
0.3774565981
0.3687142378
0.3736169994
0.3750080382
0.3969281957
0.4009707506
0.3994324431
0.3987845203
0.4074413525
0.3898300918
0.3921284494
0.4000798208
0.408896953
0.4086340336
0.4061002069
0.4044741779
0.4154815135
0.3981011575
0.3971256157
0.401136818
0.4005551961
0.39573284
0.4154372551
0.4089923277
0.4102454031
0.4011505838
0.3956207897
0.4052694745
0.3969499684
0.4187562047
0.4181687357
0.4037701859
0.3999861818
0.4033346885
0.4265093829
0.4093289108
0.4184492174
0.4232413358
0.4081305524
0.4140110141
0.4206341473
0.4212399857
0.4163111351
0.416896516
0.4236786593
0.4183541382
0.4132909896
0.4196314968
0.4009115786
0.4052295903
0.4209944268
0.3907436954
0.393545328
0.4176786666
0.3993236721
0.3913648377
0.4106518726
0.4098821103
0.4119454918
0.4047890769
0.39036977
0.3987432722
0.4110476091
0.4108860558
0.4030916747
0.388032898
0.4159315485
0.4006653358
0.403813578
0.3952314821
0.413250826
0.408288561
0.4101724626
0.4113207209
0.4135806476
0.4074045851
0.4113736436
0.419689719
0.3991048222
0.4049353932
0.4084114293
0.4124059006
0.4154803847
0.4332597133
0.4363205807
0.4213805221
0.4419966524
0.4456251837
0.455033424
0.4389777779
0.4630566836
0.4594793339
0.4518221817
0.4733652055
0.4701316345
0.4687575096
0.4736879959
0.4610136015
0.4518662004
0.454577207
0.4713477269
0.4556315432
0.4625746349
0.4418310529
0.430160452
0.4239912837
0.4046142476
0.4289157206
0.3855350436
0.286279404
0.2991106811
0.2993764868
0.309749849
0.3121635969
0.3180731289
0.3218593508
0.3288173446
0.3335557034
0.3428538499
0.359239669
0.3705370785
0.3644480258
0.3773060797
0.3770223498
0.3861445659
0.390045587
0.3848675734
0.4056123569
0.3842902214
0.4011722939
0.4047094251
0.4110751338
0.3975028105
0.4113863306
0.409724173
0.4105508708
0.3966238146
0.3979145777
0.4013085845
0.4001319715
0.3958427446
0.4188136779
0.3965656097
0.398315613
0.3950991405
0.4094970872
0.4159009812
0.3977889777
0.4189713761
0.4069278172
0.4228380198
0.4197029179
0.4034915557
0.4130986858
0.424511752
0.4067388745
0.4010899604
0.4156615067
0.4265574485
0.4135115649
0.4019428324
0.4007832384
0.402417844
0.4010281666
0.4220882579
0.4041377251
0.3977566639
0.3998907256
0.4190316041
0.4212155278
0.4211037991
0.4013309951
0.4158130715
0.4100574976
0.3960764395
0.4037135066
0.4121087226
0.4097732538
0.4160476896
0.4097459489
0.4083921045
0.4027813107
0.4167410018
0.3997792402
0.4125712809
0.4132983244
0.4041238242
0.400814202
0.3950888364
0.4126631337
0.3972653381
0.4152316284
0.3978833141
0.3897321752
0.4023125544
0.4112199335
0.4168561986
0.4088005302
0.4201479017
0.409009998
0.4199008286
0.4232662372
0.426091129
0.411965418
0.4323308119
0.4336404225
0.4229787118
0.4369923175
0.4327708452
0.4435422732
0.4392953678
0.4465205109
0.4633429512
0.4520732682
0.4517686639
0.46752435
0.4538423735
0.4722182932
0.4768485346
0.4744231949
0.4683593495
0.4590493646
0.4595187387
0.4459898163
0.4373296623
0.4351846075
0.4105899477
0.387254571
0.4463800236
0.3987435592
0.2928346946
0.2978233446
0.3019838016
0.3119082821
0.3187413378
0.3260981901
0.3340330913
0.3402876409
0.3414342095
0.3430240863
0.3574357821
0.3575967066
0.3699637204
0.3805083761
0.3793022013
0.3973631631
0.3840061425
0.3868135051
0.4073455755
0.3858172169
0.4017981174
0.3910061703
0.4134121464
0.4117521228
0.4136406543
0.4116409881
0.4137410775
0.3960800806
0.3953682568
0.396098228
0.3981794069
0.4159065759
0.3955817674
0.4154557453
0.4158985451
0.4158796679
0.3962107134
0.417255114
0.4005629199
0.4200778677
0.4019270075
0.4029337198
0.418619491
0.4199284442
0.4199196258
0.4218363094
0.4029828197
0.4154985853
0.4031969873
0.4164745071
0.4223000925
0.4191606703
0.4207908329
0.4192400786
0.4106376495
0.4224482776
0.4202235407
0.4191421844
0.4194790935
0.3994571296
0.4020238388
0.4046086444
0.4010380019
0.4158316485
0.4153830648
0.4003736138
0.3985722792
0.4094581211
0.4091610975
0.4006967341
0.3991576062
0.4170493077
0.418087717
0.4170716107
0.4090885981
0.399880647
0.4160732642
0.4173734539
0.4172058273
0.4156339251
0.3940703941
0.4004858775
0.4056909102
0.4182813042
0.4187759399
0.3971173381
0.417241043
0.403848535
0.4206426199
0.4062896218
0.4059306619
0.4271819327
0.4151593826
0.4234903519
0.4307857558
0.4299225689
0.4381547468
0.4326312961
0.4283692084
0.445315128
0.4505543102
0.4560446125
0.4586653616
0.4457483727
0.4458363024
0.4644632828
0.4653863293
0.4539574092
0.4564254333
0.459421803
0.4576092427
0.4597507972
0.4593498168
0.4601753004
0.4449652263
0.4514770954
0.437126131
0.4300619521
0.398606533
0.4376212895
0.3869948316
0.2888784331
0.3021505845
0.3051075726
0.3175505533
0.3221758814
0.3279133871
0.3376207514
0.3369313369
0.3528856315
0.3528663623
0.3557943607
0.3725908127
0.3724090435
0.3772805739
0.3828451931
0.3847435174
0.3869447687
0.4071700817
0.4010381844
0.4086906075
0.414059013
0.394845115
0.3862730895
0.3932508707
0.4019442166
0.4175257755
0.3986129799
0.4049932542
0.3961316741
0.4165198682
0.405063569
0.4191687538
0.3961617516
0.4187582288
0.407257546
0.4130322302
0.4192840448
0.4011807282
0.4119350001
0.4192566024
0.4180352438
0.4079411862
0.4012376152
0.426117118
0.4058975668
0.416374017
0.428883571
0.4070639872
0.4260854558
0.4070734407
0.403992703
0.4169257785
0.418542171
0.4085608846
0.4119134098
0.4231310291
0.4242680553
0.4116588721
0.4180805115
0.4194793472
0.4005305524
0.4048877579
0.4135798155
0.4139830516
0.416064392
0.4176369506
0.4071926834
0.4068972284
0.4185272177
0.4004203361
0.4192698047
0.4217411266
0.4034447025
0.4203984725
0.4016588564
0.4036467411
0.4059789304
0.4122013599
0.4009721206
0.4043986134
0.4090130503
0.4219289947
0.4052326423
0.4107352878
0.4116051987
0.4241680726
0.4237023142
0.4225920143
0.4115596485
0.4191995374
0.4135561657
0.416027193
0.4350015116
0.4212554218
0.4279082556
0.4363324015
0.4237802035
0.4406133832
0.42917236
0.4501672183
0.4323325632
0.4313897412
0.433846821
0.4520793944
0.440855881
0.4428938854
0.4587143052
0.4600953538
0.4656123584
0.4613296705
0.4536178173
0.4487470478
0.4612174137
0.4386677668
0.4380172929
0.430996571
0.4178598136
0.4326067048
0.4087344214
0.4350078355
0.4020727896
0.2876734804
0.3017647454
0.3052766902
0.3082226111
0.317845749
0.3302985004
0.3295235811
0.3366863391
0.3507290009
0.3551117199
0.3767263042
0.3669186301
0.3908203336
0.3860265338
0.3784422911
0.4078467147
0.4080950493
0.4005064538
0.4094406826
0.3940197876
0.4112269854
0.3987908644
0.3959249804
0.396777861
0.3981825671
0.4012398339
0.4184538992
0.3955010559
0.3945458241
0.400388484
0.4215840875
0.4018923238
0.4197489238
0.4186108964
0.4043010839
0.4049330979
0.406170899
0.4256696008
0.4212378008
0.4081687617
0.4263983605
0.4111284532
0.4115630163
0.408681545
0.426283942
0.4045855135
0.4041529103
0.4295064387
0.4242829449
0.4186010528
0.4101985497
0.4077264555
0.4251012167
0.4084222396
0.4139664606
0.4144993193
0.4094300382
0.4100844857
0.4225612626
0.4198147063
0.4013674947
0.4010936817
0.4190542773
0.4176828323
0.4169697909
0.4097042097
0.423288792
0.4070754311
0.4235571994
0.4244005642
0.4077796638
0.4026607991
0.4149421171
0.4215877908
0.4022140692
0.4132765977
0.4198509426
0.4179363818
0.408581754
0.4210597396
0.4076685364
0.4004904443
0.4183981384
0.4178441809
0.4243677832
0.4143015412
0.4135768377
0.4163121213
0.4164385093
0.4370087055
0.4240314927
0.4415815502
0.4397439844
0.4287446372
0.441126048
0.4258871027
0.4391538719
0.4469762006
0.4474621207
0.4401213713
0.4364827056
0.4339229651
0.4362558439
0.4492563427
0.4501972908
0.4299800654
0.4339977612
0.4425708033
0.438424352
0.4456262134
0.4514062385
0.4482076005
0.463794223
0.4361396681
0.4571297732
0.4513869705
0.43183966
0.4175724515
0.3925220686
0.4328628544
0.4015963394
0.2928287203
0.3086676504
0.3056586334
0.3175488247
0.3287833013
0.3269107461
0.3322710961
0.3482517579
0.361338435
0.3619627637
0.3656592345
0.3722244962
0.3906212408
0.4006444497
0.385999032
0.3898938663
0.390743522
0.4010373424
0.3916911465
0.4106081926
0.3919957742
0.4165766786
0.417970196
0.4181202913
0.3988661571
0.4199062462
0.4160842377
0.4165683885
0.4228815867
0.4044155077
0.4263144224
0.4058210843
0.4229830812
0.4200989497
0.4234144436
0.4308686045
0.409588307
0.4311547725
0.4110139149
0.4117542853
0.427327189
0.4103334527
0.413200318
0.4289355124
0.4286126981
0.4346146046
0.4198767284
0.4173276439
0.4166245241
0.4208855339
0.4227178724
0.4275025004
0.4275470302
0.4087399498
0.4307152584
0.4210217812
0.403874355
0.419229552
0.4058065143
0.404136905
0.4287636646
0.4063747399
0.4217517292
0.4248431951
0.4045578938
0.4146695021
0.4240512662
0.40492223
0.4046548085
0.4224971671
0.4242410206
0.4319855631
0.4087990092
0.4091806618
0.4275012954
0.4040053424
0.4264836405
0.4230656135
0.4142775396
0.4327154117
0.429878069
0.423865422
0.4322808122
0.4293078968
0.4356981156
0.4287405693
0.4357084507
0.4265240862
0.4300638774
0.4396291215
0.4238254254
0.4385592994
0.4256230192
0.4427055493
0.4457042467
0.4461211452
0.4472580418
0.431010773
0.4443400399
0.4262447552
0.4276826202
0.4263222961
0.4259101509
0.4242998319
0.4239808617
0.4438591623
0.4464576044
0.4384590574
0.4509775463
0.433521626
0.4557259945
0.4478313107
0.4421338951
0.439148172
0.4324259898
0.4279867671
0.4237855085
0.4137197691
0.4153302732
0.4426435654
0.395182628
0.2916880813
0.3069801831
0.3058078261
0.3233626703
0.3101835044
0.3378780444
0.3413256749
0.3630363577
0.3740955072
0.3826123909
0.3875528321
0.3910968624
0.3988817191
0.4079145854
0.3950016392
0.3937337414
0.403115668
0.4021295923
0.4147032197
0.3896749066
0.4092487698
0.4122506382
0.4178225425
0.4157012705
0.4079037336
0.4023456702
0.400990498
0.4197927324
0.4212895814
0.4081358513
0.4219719139
0.410325843
0.4137857148
0.4162285888
0.4171990312
0.413008253
0.4222402376
0.4318987521
0.433222841
0.4142622082
0.4368103064
0.4169246001
0.4159618613
0.4342001782
0.431632088
0.4106717725
0.4173639291
0.4319151849
0.4176045157
0.4343633387
0.4102015333
0.4087960272
0.4283311443
0.4101344716
0.4124251892
0.4261122779
0.4085550535
0.4245739182
0.4255937743
0.4284623218
0.4087102969
0.4191054188
0.4166269853
0.4111184051
0.4153292468
0.4329857788
0.4186773539
0.4207588533
0.4303091811
0.4261681493
0.4300914459
0.4201006779
0.4249346098
0.4250711098
0.4154734721
0.4344352937
0.4228796146
0.4207111493
0.4243617077
0.4237736053
0.4405033734
0.4225201815
0.4373461949
0.4230399776
0.4251810788
0.4340534415
0.4429843443
0.4329926879
0.4404587797
0.4440614883
0.4330556843
0.4418468817
0.4402807522
0.4513326997
0.4423050923
0.4485393968
0.4326484664
0.4433857729
0.4365802229
0.4401858189
0.4341206341
0.440660205
0.4392168694
0.4220804054
0.4360719169
0.4290996934
0.4219921154
0.4400928111
0.4241459342
0.4235634538
0.4419137109
0.4429972037
0.4333528779
0.4380681753
0.4474503425
0.4346800232
0.4414893029
0.4364728162
0.3954382964
0.4380173634
0.4019079312
0.292185754
0.3062164675
0.3059290366
0.3245817636
0.3452769223
0.3599633588
0.3542952909
0.3609622404
0.3629118537
0.3765947926
0.3822843727
0.3960825117
0.401357469
0.389649637
0.4087817698
0.4144474476
0.4043025131
0.4065725822
0.4128541106
0.4180091114
0.4045415731
0.404996821
0.4249119304
0.4129654482
0.4203879527
0.4254942641
0.4070977552
0.4285277327
0.4349468028
0.4261049406
0.4275603294
0.4156715454
0.4328992659
0.4391797577
0.442651228
0.4435889314
0.438190257
0.4207105744
0.4234151302
0.4445822267
0.4257728239
0.4277226242
0.4315989089
0.4420140924
0.4421199435
0.4301941757
0.4171324688
0.4297340732
0.4265283664
0.4296845466
0.4303486554
0.4324142281
0.4332071767
0.4156113955
0.4257669665
0.4328186045
0.435869108
0.4249191164
0.4261592523
0.4357523334
0.4351517812
0.4164782031
0.435743445
0.4338585492
0.418434523
0.4223582234
0.4201865541
0.4406264505
0.4391701912
0.442281698
0.417621893
0.429543891
0.4410712256
0.4360083777
0.4405383055
0.4276398473
0.4429420199
0.4356699436
0.4427530863
0.4432644616
0.4354053027
0.4509173192
0.4318610386
0.4513973325
0.4355761213
0.4427074799
0.452338145
0.452904276
0.455851184
0.4508338791
0.4579288577
0.4548697273
0.455861363
0.4481347112
0.4524740817
0.4472325083
0.4492210213
0.4321530829
0.4295215835
0.4408645195
0.423069537
0.4196406336
0.4342048521
0.430834118
0.4288620369
0.4219068455
0.4268098228
0.4305515789
0.4237691596
0.4194167024
0.4418284425
0.4411170757
0.4228781007
0.4180128917
0.4386831569
0.4199559047
0.4377556339
0.4342888195
0.4113018731
0.4392800931
0.3962392774
0.2975148897
0.3152259582
0.3195003638
0.329099323
0.3481669461
0.3581608817
0.3538719612
0.3775090054
0.3866443758
0.3975289601
0.4029512864
0.4117031367
0.4013777258
0.4111634533
0.4107721022
0.4047636609
0.4137322199
0.4160180133
0.4168995032
0.4241648052
0.4119979069
0.4332280328
0.4351800573
0.432731559
0.4351332589
0.4215158449
0.4349427965
0.4445240759
0.4402899841
0.4360849661
0.4395843478
0.4263558573
0.4464832077
0.4450651797
0.4471277239
0.4357545648
0.4448525975
0.4481837544
0.4380552704
0.4378368576
0.4346295086
0.4336444477
0.4562503057
0.4324010927
0.4427815461
0.4294091255
0.4206401983
0.4419896075
0.4357043487
0.4350767415
0.4345939209
0.4351546916
0.4205953515
0.4390308424
0.4345706019
0.423597712
0.4434018847
0.4250859881
0.4360828409
0.4399977359
0.4406276729
0.4377808815
0.4347478037
0.4408966585
0.4245130012
0.4488219343
0.45049658
0.4361039464
0.4338691605
0.4400416762
0.4421379924
0.4316214587
0.4499136591
0.4494473722
0.4422082764
0.4526566504
0.4493609798
0.4417426599
0.4560302852
0.4567710318
0.4554434556
0.4568106803
0.453761454
0.4591955797
0.4454843612
0.46367563
0.444883789
0.4469160246
0.4595728811
0.4631139669
0.4421380825
0.4408885781
0.4537355485
0.4455524385
0.432398262
0.4341004207
0.435866209
0.4361163092
0.4323083687
0.4376830251
0.4224514892
0.4359214232
0.408197049
0.4102783045
0.4259387678
0.4138901431
0.4030101392
0.416799549
0.4210400196
0.426151511
0.4142646376
0.4305309364
0.4343418915
0.4286872624
0.4305390079
0.4341972425
0.4143677375
0.4366295628
0.4030216977
0.4425159267
0.4010823418
0.3016769885
0.316556994
0.329288703
0.3504576519
0.3533518266
0.3603841942
0.3698132293
0.3732952055
0.3953823954
0.4030077375
0.3944247236
0.396949897
0.3907129036
0.4017699001
0.4030839278
0.4137731827
0.405121056
0.4065170172
0.4120925643
0.4231662468
0.4351943577
0.4347530093
0.4392545813
0.4283990361
0.4374465439
0.4446511244
0.4263929095
0.4546921841
0.4363090572
0.4498369964
0.4471503314
0.459242981
0.4665619354
0.4555097682
0.4637664754
0.4692314202
0.4608773277
0.4606225326
0.4524095664
0.460423886
0.4427006792
0.4553866088
0.4293596497
0.4316599601
0.4292217715
0.4370073308
0.4482157635
0.4314365239
0.438254708
0.4471193111
0.4449297382
0.4494553059
0.4499973032
0.4533831463
0.4522100672
0.4347501974
0.4505317858
0.4369835706
0.4390332881
0.4418049303
0.4564450882
0.4515780473
0.446145137
0.46086333
0.4517577661
0.4497731936
0.442879108
0.4508991251
0.4636601203
0.4478446656
0.4653760704
0.4493428421
0.4459907172
0.466354686
0.464144182
0.4459898885
0.4535507765
0.4648739613
0.4632575388
0.4518018575
0.4674553681
0.4492939293
0.4707537614
0.4544822475
0.4695042005
0.4642330515
0.466861341
0.45597456
0.457269046
0.4525920921
0.4491290963
0.4609397706
0.4578821004
0.4376727989
0.4293225692
0.4419273705
0.4291579965
0.444093475
0.4379635967
0.4205655125
0.4338188932
0.4287066344
0.4081438639
0.4258086169
0.4233758563
0.4198353617
0.4156527195
0.3958181999
0.4166311914
0.4173292139
0.4165856674
0.418380528
0.4217470076
0.4130510273
0.4181668301
0.4143882309
0.4211519013
0.4126425227
0.4215216348
0.4623606806
0.4048574913
0.3047158106
0.3256892534
0.3333941886
0.3515978369
0.3722689133
0.3479374039
0.3973802624
0.4016765296
0.4112678671
0.3994916549
0.417586089
0.4157558547
0.4153255308
0.4103984528
0.4333287113
0.4175937551
0.4345694951
0.437330387
0.4541771028
0.4425143605
0.4517151784
0.4437451911
0.4424904212
0.4553000839
0.450897706
0.4588089748
0.4530325444
0.4607860057
0.4636330684
0.4957583001
0.471223452
0.4855762089
0.4735131404
0.4755551684
0.4788125668
0.4640004206
0.459122662
0.4612647076
0.455531788
0.4554886427
0.4565030021
0.440379315
0.445017678
0.442001533
0.4506030701
0.4516763938
0.4449937501
0.456293065
0.4671157807
0.4628817754
0.4608347111
0.4584549408
0.4766514643
0.4591401269
0.4708565762
0.4578780199
0.4670586009
0.4710558076
0.4716439735
0.4694741673
0.4673311849
0.4689432756
0.4614526615
0.4644387985
0.460701586
0.4690234378
0.4580277685
0.4617283912
0.473809238
0.4666100754
0.4726314361
0.4609294751
0.4753953237
0.4727485178
0.4621604944
0.465556238
0.4808216454
0.4753764206
0.4717157628
0.4784164731
0.4772473792
0.4745873304
0.4743110742
0.4622953165
0.464400434
0.4568098815
0.4550259302
0.457661218
0.4680018854
0.4687659537
0.4510083607
0.4550864469
0.4374647674
0.4529448681
0.4420639694
0.4473242885
0.4245440705
0.4428292475
0.4182950374
0.4154933277
0.4097093579
0.4222605252
0.4204037909
0.4241000913
0.4201067424
0.4138248203
0.4129423905
0.4146849153
0.3947484938
0.3939855162
0.3874782247
0.3880566042
0.3983640501
0.4074673785
0.4200201302
0.4124794206
0.4272165585
0.427850317
0.4131561937
0.4662984172
0.4200446788
0.3102363028
0.3365021028
0.3554971006
0.3732714075
0.3760288554
0.3776947731
0.4419142981
0.3961035184
0.4083099819
0.4170306389
0.4264656516
0.4322531233
0.4385569776
0.4532175836
0.4636887726
0.4738382169
0.4679276526
0.4753371267
0.4992227314
0.4825559735
0.4708485679
0.4753303558
0.4759620093
0.4938454991
0.4884178621
0.5046426054
0.5136566107
0.4997277175
0.5094723492
0.5115410132
0.4918501026
0.5034243401
0.5032333164
0.479029597
0.4788731393
0.4867760369
0.4857308422
0.4812656505
0.4813150047
0.4745208156
0.491509787
0.4860150593
0.5059913526
0.4907020245
0.489585903
0.5032795655
0.496512922
0.4887320084
0.4839068294
0.490738103
0.5022739029
0.4931206464
0.4876240505
0.4892803212
0.4830255321
0.4825416808
0.4900949052
0.4839657267
0.481624417
0.49121412
0.4944473353
0.495527099
0.4919443261
0.4955705634
0.489026064
0.4837928904
0.4985669199
0.4868437156
0.4831252609
0.4960703891
0.4788424168
0.4977465793
0.4927580742
0.4969850649
0.4744594704
0.4944672641
0.4953295649
0.48112795
0.482048487
0.4826483204
0.4758960809
0.4842160034
0.4695424785
0.4840319728
0.4726037892
0.4642978959
0.4778845218
0.4775331349
0.45838406
0.4670641165
0.4687188268
0.4587334023
0.4541322066
0.447581253
0.4414847367
0.4387128513
0.4438010614
0.4356589259
0.4365293689
0.4199616677
0.4345642454
0.4278672772
0.4284294157
0.4216742283
0.410122907
0.3940822477
0.4116097579
0.4091893297
0.3839603305
0.3959810713
0.3853654526
0.3738812408
0.3924219088
0.3994075948
0.4084915026
0.3990800347
0.3957200926
0.3993072182
0.408513179
0.4539207546
0.4301877857
0.315435595
0.351063474
0.3675768671
0.377058036
0.4000827859
0.4415577712
0.3758334547
0.4738985624
0.4586827142
0.490196875
0.5051911345
0.509056612
0.5308298736
0.5248576434
0.5277399831
0.5285196447
0.5219082937
0.5456418824
0.5390041864
0.528918619
0.5439695784
0.5528712378
0.5557923353
0.5637991469
0.5775292579
0.5742249155
0.5601982582
0.5773218201
0.5781478895
0.5739339564
0.5509853002
0.5639269502
0.5547817147
0.5448312963
0.5476181961
0.5434346658
0.5436888562
0.5404713776
0.5467610222
0.5530377095
0.5508331591
0.5513099774
0.5531832326
0.5491890642
0.5467388688
0.554079408
0.5473652903
0.5528895919
0.5564499343
0.5534775433
0.5361054498
0.5411441251
0.5341021695
0.5408732842
0.5236253164
0.5373514767
0.5177164283
0.5334661197
0.5157448455
0.5328427735
0.5153113367
0.5168602886
0.5129310489
0.52974331
0.5278523396
0.5177487373
0.5237281194
0.51694185
0.5168106703
0.5213066825
0.5192238695
0.5142198408
0.5134601942
0.5125712495
0.5070290117
0.5181934456
0.5135242652
0.4921631288
0.5092092831
0.5006557345
0.5027209321
0.4918165529
0.4939261639
0.4919640285
0.4809801852
0.4729210799
0.4814080994
0.4614165164
0.4591769341
0.4731834923
0.4445526718
0.4587680759
0.452399073
0.4548041578
0.4519167386
0.4355627496
0.4338018594
0.4279574038
0.4301473541
0.4395202077
0.4341850236
0.4315375503
0.4007117799
0.412005472
0.4155781622
0.4105645477
0.406691238
0.3907027669
0.3705746859
0.3694391926
0.3811175563
0.3563643041
0.3627464507
0.3838876353
0.3727977015
0.4038548622
0.4148004098
0.4037258423
0.4173076518
0.4567225964
0.4531441306
0.3450663718
0.3836977414
0.4297561563
0.4611429739
0.4680286791
0.5284256085
0.5779003223
0.5511906293
0.5731041905
0.605806165
0.5826924041
0.5968446518
0.5900155408
0.6040716747
0.5898214944
0.6146319802
0.6033619973
0.6185105766
0.6241589432
0.6196374744
0.6294498796
0.6417070322
0.6361360517
0.6430557885
0.638348656
0.6450060658
0.6364161646
0.6431714692
0.6271472317
0.6267350831
0.6280882563
0.6246139817
0.6140346295
0.6031474537
0.619162845
0.6128107863
0.6261033178
0.6069776971
0.618508502
0.6258614715
0.6180436332
0.6211670247
0.6053352456
0.6106926182
0.6164402633
0.6016568292
0.5993064395
0.5987611907
0.6053378787
0.571942462
0.5847736171
0.5874976885
0.581386827
0.5809667625
0.5702357091
0.5678161726
0.5846852442
0.5698763847
0.5672932406
0.576086418
0.57694172
0.5592957063
0.5591553255
0.5622328717
0.5586877288
0.5511940175
0.563309119
0.5671112446
0.5519915373
0.5584333321
0.5547075222
0.549231239
0.5354925118
0.5242460671
0.5360623521
0.5366240823
0.5181309693
0.5201028617
0.5106313557
0.5147401754
0.5083316879
0.4967837388
0.502812009
0.4963807318
0.4827275641
0.4821916945
0.4870765384
0.4770916169
0.4777303214
0.4695458312
0.4488295502
0.4605313979
0.4607257452
0.4604726367
0.456106588
0.436631811
0.4375177131
0.4389107807
0.4284260377
0.4302073607
0.4363679371
0.4333830227
0.4093163075
0.4254477325
0.39723342
0.4089570752
0.392889685
0.3910465625
0.3760881224
0.3610853956
0.3561801827
0.3519794333
0.3709319571
0.3591896002
0.3631243486
0.3665661252
0.3998167921
0.4143235125
0.4118328323
0.4730646131
0.5209915546
0.4987928586
0.5609554476
0.6072820494
0.6259085471
0.6567623423
0.6545315133
0.6668161859
0.6556950354
0.7048202766
0.6843835222
0.7128037092
0.6963645564
0.7145268844
0.7001550192
0.6965810433
0.6774384993
0.7159890085
0.6799416669
0.6893072863
0.6989902476
0.688642005
0.6951689104
0.674655156
0.6831332199
0.6695746985
0.6637897624
0.683941683
0.6731042347
0.6896486339
0.6827472362
0.6688824307
0.6703659358
0.6648557794
0.6423117496
0.6493066417
0.6449154786
0.6657038964
0.6465942289
0.6642029249
0.670109709
0.6390932996
0.6652737586
0.6435709382
0.6458951381
0.6460737699
0.6477925903
0.6604838484
0.6476122606
0.6440882002
0.6403517808
0.6408778693
0.6443290569
0.6010506326
0.643188136
0.6286882278
0.6332167671
0.6316367044
0.6257508197
0.6291153542
0.6176658015
0.6154126792
0.6077087908
0.60789993
0.6005694232
0.6027543982
0.5981880763
0.6053462188
0.5990502146
0.5737066432
0.5939389244
0.5659575189
0.5750196543
0.5689302793
0.5635524436
0.5497754221
0.5551704587
0.5313744401
0.569470709
0.5343985709
0.5453454981
0.529413465
0.5250499056
0.5235005643
0.5159299956
0.5025265169
0.5036722766
0.4875750944
0.4940856972
0.4753666833
0.4900474329
0.4679366097
0.48213711
0.4732076755
0.4686652545
0.4655365211
0.4517801775
0.4573606612
0.4606403028
0.4343435215
0.4340827574
0.4320494079
0.4277345196
0.4279160518
0.4187966355
0.4063678539
0.3973445681
0.3993468713
0.3746986121
0.3828334332
0.3733475018
0.3696217231
0.3658854083
0.360057027
0.358968833
0.3412384094
0.3606244551
0.3830475479
0.3871505969
0.4127636704
0.4589527291
0.6082576456
0.7003342158
0.7082188131
0.7644507748
0.7807165759
0.8123927228
0.8310251737
0.8536607765
0.8541638672
0.8775276452
0.8919748834
0.8730521384
0.8519864757
0.8811277263
0.8698905653
0.8585935267
0.8891665335
0.8717919839
0.8551999479
0.8590282711
0.8457246155
0.8498446519
0.840811579
0.8336457794
0.8271607265
0.8223455558
0.81997508
0.8079183657
0.7902388798
0.786007236
0.7763017785
0.7811099627
0.7795677514
0.7608365872
0.7772454544
0.7664877348
0.757396452
0.7454242646
0.7424301536
0.7207427032
0.7427001656
0.7158459627
0.7071406356
0.7039480275
0.690607762
0.6976263626
0.6859716676
0.7104622962
0.6874245224
0.6949030655
0.6949807584
0.6770492112
0.6651756357
0.6804569658
0.675008992
0.6764218441
0.6920939251
0.6627763129
0.6565691896
0.6579667564
0.6611404858
0.6565135274
0.6360066032
0.6517739186
0.6292327288
0.6162009306
0.6209187199
0.6295205309
0.6245236373
0.6150765903
0.6267215934
0.618409478
0.6248492351
0.6119241486
0.6130364093
0.6075798988
0.5973985694
0.5929040807
0.60250291
0.5734375584
0.585644416
0.565499431
0.5630086037
0.5700552373
0.5569930243
0.5416992476
0.5397906308
0.5237043828
0.5212563466
0.5171195662
0.5049189296
0.5114849826
0.4840923574
0.5010888652
0.4889660113
0.4711125239
0.4825993269
0.4667742058
0.4725046242
0.454609579
0.4620911554
0.4443918229
0.4247748329
0.4318083295
0.4038410058
0.4124607041
0.3986102353
0.3785426637
0.3641459134
0.3653748733
0.3767444127
0.3454149137
0.3403652988
0.3428926221
0.3272132631
0.3268997724
0.3331668396
0.3476691515
0.3696116653
0.4098843675
0.4658072261
0.8139507572
0.8895966333
0.9118243749
0.9278951998
0.9243117367
0.9195350549
0.9392169236
0.9307237035
0.9210714526
0.9095903021
0.9055151764
0.9020244574
0.9022598748
0.9009506512
0.9006584386
0.9014860485
0.8978879715
0.9022326013
0.9096316572
0.8898294063
0.8832522725
0.8700108823
0.8594039464
0.8733683945
0.8744007635
0.8735624411
0.8725123292
0.8716626858
0.8685961257
0.8736525499
0.8512611494
0.86257535
0.8600954408
0.8606432145
0.8522337706
0.8489695607
0.8477385857
0.8447091781
0.8406149521
0.8382622785
0.830539892
0.8205775681
0.8307082266
0.8270620868
0.8229535068
0.8316505762
0.809666147
0.8039170745
0.7864843871
0.7912909214
0.7695336892
0.7819306523
0.7663693795
0.7714123006
0.7658179772
0.7584515984
0.7538203808
0.7517003939
0.751458676
0.7427560712
0.7223422394
0.7333246269
0.7188014611
0.7182856439
0.7145431113
0.69498924
0.6854086563
0.688860035
0.6774319801
0.6780544866
0.669062029
0.6667058157
0.6593361885
0.6571095082
0.651468471
0.6435510728
0.6562338297
0.640877987
0.6205572839
0.6172131338
0.6098028532
0.6210476271
0.5977121581
0.6015973161
0.5597409555
0.5778590759
0.5596813628
0.5716674407
0.5673484543
0.5561009603
0.5545079814
0.5434242525
0.5349250085
0.522168383
0.5215294442
0.4994040385
0.5090825296
0.497908879
0.4884559559
0.4832720685
0.4608932554
0.4447011496
0.429357804
0.4242630149
0.4283577062
0.414665308
0.4120092496
0.4050167503
0.3737112541
0.3667521572
0.3634817645
0.345369499
0.3401636331
0.3469787027
0.3226277305
0.3361656287
0.3366319698
0.3377364823
0.3658128299
0.3829544013
0.4453821045
0.922655399
0.9525954106
0.9555341508
0.9543573616
0.9503747921
0.9499327191
0.9501923322
0.9471009257
0.947795157
0.9351298182
0.9288149732
0.9239420508
0.9195017466
0.9148948654
0.9134171105
0.9130437259
0.9119578893
0.9075314778
0.9153004269
0.9107116615
0.9067387533
0.9031349799
0.8966796021
0.902126015
0.9020380487
0.9001165966
0.8986266777
0.8984829071
0.895697537
0.8942696678
0.8863725848
0.8980522107
0.8899509235
0.8898937137
0.8893910824
0.8864956484
0.8842531408
0.8811911243
0.8761715908
0.8813969806
0.8761912454
0.8774489712
0.8773658872
0.8768524558
0.873991048
0.8644692104
0.8584529096
0.865410267
0.860816768
0.8581052736
0.8528095134
0.8496750819
0.8530242834
0.8488315224
0.8354588265
0.8436389997
0.8391475361
0.8384764746
0.8363723916
0.8259883293
0.8289440752
0.8001318848
0.8052244625
0.8115140432
0.7882388286
0.7924377343
0.7976074308
0.7847721401
0.7789108969
0.7772584019
0.7793053596
0.7635809711
0.7609635926
0.7535548273
0.7330074429
0.7337615982
0.7258303644
0.6951442707
0.696273938
0.6797886989
0.6875530257
0.6514131373
0.6530104988
0.636357206
0.6404597028
0.6366731253
0.6181807444
0.6113181267
0.5986862324
0.5991392683
0.5871707496
0.5697096056
0.5605291291
0.5604920852
0.5444441897
0.5320939493
0.5193758011
0.5263858233
0.514358674
0.4850417462
0.4772794743
0.4638558971
0.471924144
0.447396091
0.4472201763
0.4308703062
0.4094981802
0.4051190422
0.3774122833
0.3699404804
0.3640434409
0.3565182023
0.3516187592
0.3364519398
0.3437166446
0.3366793664
0.3150808435
0.3258790458
0.32251496
0.3590795931
0.436924294
0.9642080208
0.9728672658
0.9726872078
0.9691745324
0.96507873
0.9625216237
0.9557045905
0.959053405
0.9518128449
0.9473706565
0.9388635418
0.9358526124
0.9323380471
0.9280893552
0.9244981512
0.9234702827
0.9214603504
0.9205847806
0.9201505587
0.9105503071
0.9168544382
0.913113964
0.9130241367
0.9086896475
0.9156307256
0.9117016294
0.9095109486
0.9086870482
0.9048443387
0.9022806369
0.8980909081
0.8991121638
0.9016162885
0.9031374909
0.8985445866
0.9004496556
0.8990935621
0.897115049
0.8913734706
0.8971247405
0.8940211444
0.8911773276
0.8919413054
0.8885272708
0.8876379956
0.888022534
0.8864121966
0.8830988376
0.882142321
0.8838112713
0.8825330089
0.8924408267
0.8804809175
0.8766313938
0.8779067874
0.8747241606
0.8681414401
0.8716377399
0.8689351757
0.8656618191
0.8626202618
0.8620295958
0.8700224252
0.8517191278
0.8577009641
0.8509418608
0.8414239308
0.8430640888
0.8310507708
0.8284368912
0.8265517147
0.8163529191
0.8149705795
0.8054697416
0.7980959291
0.789470418
0.7767008957
0.7670930604
0.7675160017
0.7568203473
0.7474211245
0.7320658566
0.7377213725
0.7182411699
0.7097848017
0.695875203
0.6855325814
0.6731764714
0.6611512316
0.6474656896
0.6281244701
0.6224437845
0.6064754124
0.5923573106
0.5852612422
0.5638530315
0.5603599689
0.531836319
0.5340850639
0.5142794541
0.5086053146
0.4869025514
0.4660663422
0.4582372927
0.4447974903
0.42454719
0.4143324276
0.4091233258
0.3939682011
0.3971371745
0.3881994347
0.3691019662
0.3784025527
0.3576295403
0.3625567504
0.3336008992
0.3266541095
0.3150361302
0.3187712401
0.3242861425
0.4108329879
0.9339795613
0.968454892
0.959557528
0.9528842828
0.9468638937
0.9388589335
0.9294757784
0.9257983741
0.9121095829
0.9080383708
0.8984134313
0.8911943842
0.8866232798
0.8786862323
0.871542023
0.8669982163
0.8620636219
0.8602195724
0.8499296289
0.8515182484
0.8453363175
0.8380878872
0.8196936769
0.8155361136
0.8133994422
0.8284015449
0.8261197151
0.8322885602
0.8251718687
0.8324849994
0.8183120409
0.8128870605
0.8049665687
0.8126126113
0.8137227046
0.8111103315
0.7957802893
0.8045336548
0.7941693674
0.8112563651
0.7469420204
0.7888196634
0.7812673862
0.7766592579
0.7795393865
0.7811589591
0.7691089172
0.768644411
0.778314199
0.7600188526
0.7441874636
0.7323464175
0.7207713832
0.7462461635
0.7144084853
0.7023827899
0.7089919452
0.7060742909
0.6973458096
0.6890431247
0.6859356438
0.6768651817
0.6487043783
0.6673683599
0.6570234079
0.6570825239
0.6487468496
0.6442320933
0.6337731416
0.6424304572
0.6330226286
0.6280757995
0.6232576396
0.6266240379
0.6154745622
0.6313323932
0.6234686374
0.6277497424
0.6163053649
0.6104302623
0.6070694874
0.6149352632
0.6020182056
0.5914274913
0.6075773597
0.5958886186
0.5924334333
0.5861871564
0.57238425
0.571512853
0.5815105712
0.5779069147
0.5715880456
0.5615935167
0.5504080035
0.5402658434
0.5437728691
0.5265646672
0.5267702449
0.510447648
0.5086293413
0.5145087448
0.5071501383
0.4828382873
0.4870818261
0.472934497
0.4798405326
0.4658408507
0.4513374822
0.4614249063
0.4542472602
0.4424239251
0.4312316863
0.422838037
0.4197014552
0.4154810035
0.4103375131
0.4219740521
0.4129758305
0.4142186137
0.4265380948
