0.370189644
0.4202897822
0.7083736792
0.6114558467
0.4926266671
0.7980978422
0.6690647589
0.5114481169
0.7350100388
0.4340682428
0.4391749714
0.9050432952
0.3739060991
0.4736639258
0.6880164498
0.5391380142
0.1767733914
0.2585853336
0.6196823672
0.5949554331
0.6795707094
0.9384497664
0.7050709029
0.7505510631
0.3082212298
0.7284104026
0.5493723668
0.2912655269
0.5340993825
0.480762428
0.4671197222
0.5024355957
0.7561886458
0.5081315333
0.7524389032
0.8339568138
0.872808593
0.4532938094
0.7505961548
0.5403677473
0.5615425227
0.4162987173
0.7094466463
0.7187827494
0.3833335645
0.754265956
0.3053441334
0.1838839294
0.5613641496
0.4873036132
0.3853300657
0.3023522581
0.5719124548
0.5032120617
0.1514120881
0.2570279239
0.5755291946
0.1954707133
0.8936779738
0.8788566049
0.4659394259
0.5949437696
0.2430971414
0.6662244327
0.6197476789
0.5114776775
0.5650910162
0.355642388
0.5231068383
0.3846478162
0.6083505152
0.5992654626
0.4395774607
0.5041537189
0.4028732933
0.3552645693
0.4213453514
0.6414355009
0.6105210197
0.8643072142
0.5344431514
0.5873636711
0.3237200831
0.406756589
0.6515402762
0.5042612966
0.5702371313
0.7753315122
0.5674324005
0.6004599851
0.3996515389
0.1647622442
0.427204362
0.5235262054
0.3364111229
0.5075464912
0.526201524
0.4155794935
0.3023335132
0.4718379949
0.3946396242
0.7379628388
0.8593146278
0.5291261979
0.827544967
0.4065853668
0.3450018413
0.6284201472
0.4194755712
0.4796617161
0.3049884242
0.472771324
0.6249423418
0.365491825
0.441962325
0.7397112972
0.3272002297
0.6223913689
0.4147735737
0.8173671401
0.4554260173
0.7520717813
0.5974674749
0.57056289
0.9979486189
0.8807802413
0.608134848
0.9177056765
0.9329457172
0.5792189998
0.885755364
0.7683954782
0.749421265
0.748957
0.6113163437
0.6748675415
0.83254906
0.717255791
0.7333629184
0.746390068
0.6369909772
0.7195538949
0.7843437188
0.6089877363
0.376253078
0.7579155573
0.4388129479
0.8390994939
0.7804739398
0.2505805452
0.8805633839
0.4910938569
0.6018928266
0.7582068897
0.5883906669
0.8223821158
0.7021140022
0.4027066971
0.5431085736
0.8009144957
0.7341185337
0.8546805428
0.9423674478
0.506649522
0.5312488889
0.5123991566
0.6595421427
0.5982630122
0.6927338827
0.7774745115
0.6384713813
0.7000143845
0.6046969054
0.7125952336
0.1559208097
0.933400247
0.6977670244
0.6190575051
0.6628827454
0.3956572352
0.6998087734
0.703622651
0.2444654135
0.7520997092
0.3420673783
0.2235187692
0.3590204349
0.6641716229
0.487655712
0.6962611268
0.3614184593
0.2753923621
0.3767200662
0.3637914627
0.5301435129
0.48184585
0.8807079255
0.1242335797
0.4988429885
0.499243091
0.4896021332
0.3088699297
0.626239425
0.3284053718
0.4331519063
0.4212416409
0.3148529172
0.6007971517
0.2996764489
0.3239933753
0.7277772486
0.4566581776
0.3588472022
0.5038457933
0.6112905788
0.5361090903
0.3198810495
0.3407111723
0.3389140197
0.4796558258
0.7020932252
0.3680443547
0.5204527562
0.4051659521
0.6320430271
0.3141814226
0.3477033944
0.4666590943
0.4166725346
0.3864627795
0.2950316551
0.4812543932
0.321232043
0.5622380058
0.2162276007
0.5449324303
0.3325826541
0.4897579997
0.3778663559
0.5740309203
0.7373695447
0.6557563931
0.7071769197
0.5524637193
0.4143458733
0.5058963892
0.6881375561
0.8086351963
0.4358750521
0.6526201958
0.7534014335
0.06703576643
0.5580623437
0.6741916459
0.6353197969
0.7387977374
0.9445291499
0.4445387909
0.6995727066
0.7301485736
0.7034162861
0.6280956177
0.6580497138
0.8644486827
0.3846007665
0.9429106564
0.770485154
0.6993762036
0.7726480393
0.6680052298
0.8704378082
0.8240177322
0.6513539781
0.1991462146
0.7224953644
0.6853133019
0.2189167693
0.7125768227
0.4630704419
0.1137810287
0.6859128842
0.2554738883
0.7431749986
0.5063058342
0.7605906706
0.8349322778
0.5783699607
0.931618429
0.6581946555
0.5876102004
0.4824346422
0.3862964611
0.5909993286
0.6072967378
0.1191520566
0.7531363901
0.2135823687
0.9370532381
0.3460780144
0.9088948676
0.6014525527
0.3170548953
0.5783927411
0.6503334139
0.5453353185
0.5721697064
0.8003071136
0.5754072638
0.5616709388
0.925570103
0.7079737907
0.6128795329
0.5492651002
0.6884288387
0.309726185
0.6971796388
0.3172047183
0.2583919799
0.3496874804
0.6799900504
0.5245896073
0.5901026934
0.6066973308
0.4705591023
0.9173398315
0.7209747382
0.6457414758
0.4443926835
0.935666711
0.4069316126
0.5272215821
0.3453718232
0.3309320631
0.3711247025
0.4720611222
0.4401400534
0.3884922255
0.6372440243
0.6093023763
0.4246142751
0.3317385089
0.277952872
0.5311307357
0.6409792446
0.3068836346
0.2928932268
0.6829894764
0.6087140399
0.7518467414
0.3200209712
0.5801950662
0.6990822834
0.372267997
0.3481623246
0.3247104573
0.5345186499
0.5292961274
0.7492615956
0.3745641203
0.2136647822
0.3393067407
0.2893441955
0.8476089839
0.4192956946
0.2119160955
0.8291062944
0.1077178281
0.3047930981
0.8567952342
0.9408594296
0.7087606821
0.7817429797
0.803441269
0.9252941063
0.6265740738
0.8733300086
0.6695709216
0.7450790487
0.5370125355
0.8558322419
0.7081388747
0.7272285614
0.6879029106
0.7833782863
0.4785406623
0.1771990054
0.7455187766
0.7063596795
0.6794215456
0.4822819197
0.6788346543
0.565602432
0.4350278528
0.5617346891
0.6011479398
0.4987455912
0.6281110797
0.7611054237
0.2957096041
0.7188344488
0.8070989281
0.731702083
0.8547269022
0.3658979824
0.1680918721
0.595885694
0.5435448362
0.6707030651
0.7623521553
0.6382863873
0.7242125005
0.7338948915
0.5939868438
0.8077873369
0.598969617
0.7718271605
0.06573018917
0.4956523399
0.4036290775
0.6347687211
0.3510295364
0.577331959
0.702918104
0.3671791597
0.2377395747
0.769942886
0.4873365702
0.4086775781
0.5878143338
0.6181680561
0.6837606246
0.2274234165
0.5835084987
0.6447573231
0.3823847305
0.5768195134
0.5766164591
0.5976773772
0.7788045744
0.3555508407
0.1382163201
0.4743792327
0.5010298066
0.4559787864
0.647092011
0.5709987398
0.5090183664
0.3729157869
0.627436061
0.1811450723
0.6281732084
0.3076220142
0.2039519893
0.4452850465
0.4187377089
0.5411380476
0.4417743235
0.2419406628
0.1260512452
0.3623856769
0.2937885655
0.7229783717
0.4040215704
0.1124714509
0.4413533548
0.8831530211
0.5682395057
0.3659053753
0.3452439536
0.5625422102
0.2379494614
0.3259300361
0.6111953515
0.407372074
0.2895640534
0.6240902677
0.3249396618
0.5283341105
0.4908622071
0.5905540312
0.4856613715
0.346384571
0.4369105491
0.4037259512
0.4874196766
0.8042536393
0.5191245877
0.7446086624
0.01773190996
0.1999251799
0.793733339
0.7706153574
0.6505179986
0.6297958342
0.4362744792
0.7209906693
0.6236047462
0.4501200275
0.9398943468
0.6344276515
0.6854898496
0.7308805279
0.4158767913
0.864362366
0.4839500145
0.632380668
0.7098358189
0.7876754066
0.4409265578
0.4855131951
0.6543687751
0.2983184134
0.7425018238
0.5697787307
0.4082060818
0.3960812738
0.2362084692
0.7996051162
0.4473015903
0.7221434046
0.434407407
0.4631758138
0.4152753063
0.3678509201
0.6612334988
0.5791708869
0.3633625288
0.6352088258
0.5582397993
0.3665141308
0.8665142085
0.3538032904
0.4015405203
0.6689320232
0.3995597363
0.1501852287
0.5705365083
0.5445462708
0.7338323889
0.604221311
0.4747069009
0.601958365
0.4773582394
0.137646146
0.4083931075
0.1356437454
0.6065565778
0.3381982756
0.1139810366
0.3157266906
0.06484628052
0.5311151609
0.5692192546
0.3353853033
0.5896067281
0.6338521043
0.5888303873
0.3162788072
0.5972037838
0.5353177582
0.3920385727
0.3066631074
0.07375900719
0.7834618229
0.641706096
0.6818000488
0.7799876905
0.7611923064
0.5954556164
0.06377491461
0.0637595995
0.6441758189
0.3128101101
0.9276488367
0.5303927325
0.6072880216
0.1246808791
0.4733277844
0.6563567396
0.2401859168
0.4079998666
0.5685986412
0.5302663003
0.4604221695
0.4924301992
0.5940825211
0.1413231887
0.3223206803
0.3528532553
0.706326103
0.3040201823
0.5769692185
0.5056780952
0.4757776181
0.620891823
0.1928319623
0.5584506061
0.3912645281
0.1832465429
0.3823753287
0.3196188461
0.6071263561
0.5507488733
0.2211040596
0.5900415003
0.5989627271
0.7344646355
0.5933118631
0.6674749992
0.6014489267
0.1105008245
0.36654797
0.5629941481
0.6171919885
0.8819747444
0.6510359484
0.7612826374
0.6920298494
0.8583567074
0.5403003968
0.6332502342
0.6092938421
0.7135185667
0.5412528786
0.7175727069
0.7094516132
0.7151171917
0.7301680912
0.6978583481
0.2961644829
0.4873573771
0.7961064101
0.5035289326
0.5614400042
0.6854035461
0.5026407133
0.6966414424
0.5872695942
0.3974252148
0.3107725485
0.3677107391
0.3687325777
0.7011255068
0.4004940226
0.5977659701
0.7825223986
0.7309348197
0.6193538661
0.3418107357
0.592550633
0.1074632995
0.5702965115
0.7322547694
0.6256312823
0.5479954372
0.5010781607
0.5196866111
0.4403850511
0.5574897917
0.6557453123
0.6169189856
0.7948499456
0.3527396852
0.6876985845
0.6471416041
0.6328597962
0.7235475897
0.5533691884
0.5579992327
0.572188194
0.5260054619
0.6028909701
0.4223369361
0.231062352
0.8847002715
0.911942064
0.2981963384
0.4381507579
0.3591008013
0.06397562569
0.6031041945
0.6582982283
0.4206770975
0.5798254339
0.7641294513
0.6453332366
0.7592790777
0.3392866557
0.8437729005
0.4876889703
0.3210480975
0.6780284496
0.4864768014
0.2236893473
0.6879108813
0.70987901
0.3408809635
0.3249779342
0.576259231
0.5721512021
0.5267011077
0.4475459092
0.3121406803
0.3188511466
0.3814770674
0.2944473271
0.4080034495
0.5468780746
0.5407573399
0.5016971266
0.3879155222
0.5355877353
0.3086463637
0.5423062127
0.4537040741
0.6832760177
0.4294392173
0.2169521578
0.4347180155
0.07146537131
0.2946240675
0.6411592703
0.6257596542
0.06316204319
0.4046043001
0.5280509035
0.3623395147
0.5591544241
0.5108825521
0.7070928578
0.2793562938
0.3758483721
0.2630938788
0.4075391663
0.729527089
0.606526749
0.6444144785
0.4905665619
0.5398308651
0.5113440339
0.7032945613
0.6462049729
0.6272310302
0.4100443876
0.6497775466
0.5494617095
0.2890420275
0.6166231412
0.7302261203
0.4362853782
0.5706473257
0.7276259192
0.09460838888
0.5291681971
0.6012983364
0.3280109601
0.06457054472
0.1993521397
0.5019993836
0.2020932648
0.4302158413
0.4210576243
0.6260561032
0.5606333194
0.583097732
0.4278659029
0.8021251206
0.4445481779
0.4554267106
0.3381220599
0.9178086054
0.5456075167
0.3385229409
0.375296238
0.6310289091
0.5492277703
0.5464878369
0.6967541387
0.4814527649
0.205328697
0.5178185256
0.4474939721
0.6933058654
0.800246765
0.4469313235
0.5032526172
0.4366649651
0.1317868938
0.5496798331
0.5476383286
0.6438915604
0.3505811128
0.4010291819
0.5775629513
0.3832471837
0.1080306379
0.2590382314
0.6735506734
0.2451728328
0.4862001257
0.6107557952
0.7590841641
0.5678068344
0.4657424723
0.7188329444
0.8099835565
0.8512903559
0.6259439191
0.3871856416
0.5406774877
0.5397277709
0.9360557577
0.350547284
0.3073122266
0.6600177875
0.4897642647
0.4131272098
0.6212346901
0.6677324987
0.2731293146
0.3673290872
0.7670232703
0.7063042096
0.3628859463
0.9350486887
0.4294854573
0.3325767099
0.4405063526
0.06309211366
0.2777763636
0.6037294291
0.5118544978
0.3366644399
0.6100109054
0.5855980722
0.5118877438
0.6094058655
0.4668603464
0.4374698027
0.6001621597
0.5047994443
0.2354890918
0.3484177213
0.5417854402
0.6819429945
0.0632753421
0.4014308379
0.3446565919
0.3947401531
0.4526913797
0.9384946815
0.2799482892
0.9180373416
0.2494616301
0.3438559439
0.5736132719
0.2734710268
0.3941241115
0.3428682481
0.3311759141
0.4765669775
0.8710924932
0.3293958553
0.4470798314
0.1667310144
0.346874639
0.1151270983
0.7376541958
0.4209323592
0.2417208755
0.4268330947
0.4728225211
0.8509239144
0.6335149778
0.4979739996
0.6678300053
0.7177831361
0.5251439632
0.6724832883
0.6685078507
0.6832490533
0.4557695342
0.7599690606
0.6293899345
0.3443480441
0.7360202569
0.2273119653
0.7022935559
0.1167182927
0.7455963436
0.6227056322
0.5380793333
0.374254283
0.238289398
0.392409707
0.2569209012
0.2548182978
0.6894543398
0.3798866918
0.4462221209
0.9373527541
0.5192466043
0.3418873288
0.4667193823
0.4622635346
0.510923612
0.3979970525
0.3287781958
0.5463158942
0.539333727
0.5876772631
0.3200361097
0.7495176472
0.5330166057
0.6112161628
0.6034534764
0.424985573
0.6960593379
0.5179282987
0.6335482496
0.8878653431
0.4458757062
0.6806727944
0.6678741425
0.5863352851
0.6254895934
0.5416368615
0.7676967461
0.3891935972
0.189115707
0.676071981
0.2531513925
0.6204163812
0.379387545
0.5462155789
0.4251259429
0.5003218321
0.3138158293
0.2324580721
0.4866275614
0.4329416999
0.6364944245
0.3643618612
0.5760430462
0.2924281105
0.3163116623
0.4807108758
0.3195436621
0.5862865336
0.4668198509
0.6109338858
0.5814682643
0.2815363241
0.5734898696
0.1615527481
0.5226770963
0.8519704761
0.6350432806
0.3837749729
0.361483121
0.1960948417
0.2452011683
0.4977440426
0.4870460449
0.5099470612
0.5142843297
0.4056287905
0.6405928771
0.6120876959
0.7619797045
0.3630394849
0.4044621998
0.5226448042
0.8935252747
0.2753050637
0.5563256052
0.4947122279
0.3281979879
0.5874987674
0.5388907228
0.48178333
0.6471584094
0.5440848422
0.6767015798
0.3000072234
0.6285177615
0.6358018877
0.7256458823
0.6329063608
0.3525882373
0.4711934215
0.1743423874
0.6566845918
0.611917935
0.5176088073
0.6245126893
0.6078672742
0.3418665071
0.5655101406
0.5586290844
0.4819741488
0.578990421
0.3156697441
0.4476050935
0.451644078
0.4303160949
0.3286473833
0.09633536353
0.660411839
0.612728861
0.8705813843
0.6350999032
0.6156432238
0.4760683287
0.7322351022
0.4467492036
0.5394834261
0.7109292107
0.347360224
0.3318202316
0.1853109163
0.5676846304
0.7284753377
0.3476635871
0.3287832331
0.4089308388
0.3452193094
0.5926501913
0.8781683591
0.6689443491
0.3559037943
0.7331386802
0.9256343284
0.8398293383
0.4959501518
0.7291142667
0.4468308016
0.06618136478
0.7845804172
0.3149089564
0.50189207
0.3450568269
0.4221290266
0.3608168241
0.3332441284
0.5654980065
0.6777372392
0.4261975388
0.4546302572
0.5139091716
0.605844617
0.8519071753
0.2898014116
0.5090915748
0.3268768735
0.4673171167
0.4173982514
0.3163291847
0.228622105
0.06333685671
0.6346639279
0.06321034337
0.1187261634
0.1237109374
0.644515115
0.835720263
0.3423763927
0.350785859
0.5404239762
0.304582255
0.1993195133
0.4272659325
0.3691591641
0.2833703616
0.3406215973
0.5075028664
0.4626548605
0.321157772
0.3408060942
0.5134618049
0.6303593291
0.5212161174
0.5116559678
0.250092574
0.7412193776
0.6602163202
0.7245815639
0.2943838856
0.3167523537
0.778676442
0.5838446532
0.4900489439
0.6065585913
0.4960353127
0.4844097481
0.624237647
0.2906751823
0.3070190853
0.3157893308
0.3160033286
0.366050637
0.6264575528
0.3834385508
0.9165996036
0.3198474925
0.4866754065
0.5845852414
0.4014242792
0.4185690263
0.3034407905
0.2027069071
0.2087047286
0.5745158627
0.8246179619
0.5950258988
0.06367922201
0.3663579408
0.5573312932
0.3457790634
0.4073309507
0.2960324078
0.5713198215
0.3328993879
0.4324735027
0.3653201139
0.3411709727
0.9229507256
0.389645226
0.2510090351
0.4145226682
0.3330881354
0.5031315385
0.4603817075
0.4451957748
0.376322784
0.4748011386
0.9022822351
0.4848700333
0.2734249761
0.3494046955
0.5577084557
0.6299537957
0.5490703213
0.4142506836
0.6968413673
0.2999471661
0.4314069273
0.320484752
0.6463391502
0.3147670694
0.3586906199
0.3229863038
0.578514351
0.3730090743
0.3699051721
0.2899315206
0.585885685
0.3111132222
0.6667039447
0.2998052639
0.173568124
0.5307084111
0.6055690203
0.3590775967
0.6445996232
0.3185736272
0.3108887291
0.318793846
0.5568793724
0.344056518
0.5473596718
0.2333857974
0.289263348
0.5512911112
0.3751343759
0.2460305794
0.9359766348
0.5273864791
0.622085459
0.6340566948
0.5790626894
0.3343087769
0.6519101876
0.06893092859
0.1199352193
0.6083983434
0.9349699999
0.6059493106
0.6651400734
0.3006747024
0.5800205588
0.38106479
0.372210379
0.6532343686
0.5322075395
0.3876036038
0.2714502369
0.1892791088
0.2779391221
0.06492944351
0.3775320149
0.3341523481
0.3761091873
0.4857382217
0.6636122322
0.2772998271
0.301911139
0.5829372523
0.291540633
0.4607453071
0.6068824538
0.5756098355
0.4792487763
0.4051998827
0.4019676736
0.4026283427
0.4822310888
0.549405435
0.7004512791
0.6805357406
0.6041007944
0.5350627442
0.3237326654
0.5301145184
0.09505410406
0.3985862033
0.3952442022
0.6273897283
0.3582043545
0.4275928263
0.9382963808
0.1724882175
0.6057694839
0.5002166693
0.6184345458
0.319015241
0.1173193821
0.4836703501
0.5726009612
0.3760125371
0.3064796464
0.06377045226
0.6971816007
0.3913903578
0.5039355755
0.4237514667
0.1588332638
0.6795960254
0.4009357058
0.5181291192
0.8770522562
0.6043475068
0.2556612155
0.5883939993
0.3883023675
0.3860491173
0.3237426584
0.3456285512
0.1744731472
0.3810448806
0.3981401747
0.4864413381
0.5551521662
0.383303424
0.4328960035
0.3537677584
0.6717426724
0.4160983396
0.5522761819
0.2663299051
0.30476509
0.4018563702
0.3907485459
0.5496718296
0.2559100807
0.6325348977
0.2861552102
0.5708318703
0.617237373
0.1400076971
0.6671688504
0.4215243237
0.6465871904
0.6097987307
0.6226787106
0.0960211727
0.8480573665
0.5625791114
0.2884249553
0.3324205535
0.4093504333
0.5767619532
0.06342239269
0.5513570273
0.5689816203
0.4359828667
0.3142668122
0.5116817256
0.3240954734
0.7341717953
0.6138421004
0.4511183467
0.3658196495
0.2927857803
0.462195069
0.8590548562
0.3386186432
0.6255902187
0.2707514334
0.5302811063
0.5444601044
0.3958826902
0.2958784885
0.5760784547
0.3910951483
0.418440946
0.9350266365
0.5592351778
0.5473326392
0.5444428786
0.373497741
0.1606353327
0.3870055772
0.5423792183
0.3336464226
0.3104588077
0.8902037534
0.7155126734
0.1713342322
0.539868992
0.7757290228
0.6266833792
0.2406038176
0.3108426717
0.8090549954
0.378669376
0.3151878044
0.8593222514
0.3528816796
0.4056463106
0.5607069293
0.06384509317
0.6014817877
0.611444135
0.2809698841
0.3851368957
0.3565005279
0.4381326666
0.4883553845
0.3191091051
0.5096288515
0.6097605497
0.1517168505
0.3856824909
0.1949173347
0.9351252901
0.368777739
0.749837948
0.1832153883
0.4825426611
0.5573880192
0.5338299445
0.6533560439
0.3814034317
0.2733180416
0.3309153863
0.6556070028
0.685429911
0.3084339356
0.2899645798
0.6494300004
0.3387037258
0.2775612621
0.4874829656
0.4566622008
0.3748258622
0.6561559174
0.7217475932
0.6209074387
0.4509615044
0.4229256433
0.3448572641
0.4999115396
0.8490030397
0.4655273246
0.1291190096
0.6358900877
0.6110537846
0.593517563
0.5501651444
0.7493753453
0.5820512821
0.3086288197
0.3369505043
0.815906325
0.3129373773
0.6868380252
0.5434044285
0.3282026922
0.3430901674
0.3343679738
0.3150706845
0.3452382948
0.6111064205
0.5311198564
0.5168297851
0.697480558
0.2690632965
0.2694325803
0.2251080111
0.5174416798
0.4205182622
0.4539859533
0.5359587796
0.9058784051
0.5612553713
0.2679961367
0.379579539
0.8998139923
0.3197654448
0.5356933854
0.8792550199
0.6159463183
0.6271094069
0.4539115783
0.3684724352
0.4109764174
0.5902769367
0.3098631488
0.6243829969
0.4521108832
0.2805333103
0.3138593387
0.6126975626
0.3645982449
0.5856492486
0.6795089382
0.6517633367
0.6448703389
0.4347066225
0.3160557198
0.3561779089
0.5645321052
0.8931898689
0.4134905089
0.3119214785
0.4535139433
0.3012385295
0.4553775509
0.5867338227
0.5695156771
0.665738959
0.3730532255
0.3630648052
0.3990569281
0.4708083379
0.604622512
0.1608880431
0.06392408824
0.3446424934
0.4277327664
0.6130517845
0.3959752475
0.3411312155
0.5405439224
0.4237315764
0.3348894394
0.4072028571
0.1191968264
0.6132683851
0.5583596041
0.5741293721
0.647077827
0.479484283
0.2629157723
0.6231123995
0.248711081
0.5014723034
0.9356815801
0.6063009003
0.6857854317
0.6260852103
0.9009084423
0.4607924374
0.3387643984
0.384935833
0.6544677973
0.8448273874
0.7215638055
0.5930129673
0.1793288926
0.498755091
0.2936255241
0.7696207225
0.633432892
0.3338359221
0.6454022418
0.6212874972
0.3599024257
0.1993688891
0.4529390947
0.6438689134
0.4478098897
0.3022087644
0.3076982952
0.5464578021
0.3206028462
0.3187792247
0.3542155346
0.5794603102
0.2919126192
0.5841265841
0.3288187187
0.5063766988
0.5681351884
0.3429018958
0.2483886659
0.336687311
0.4768035809
0.3045507657
0.631549395
0.3149561673
0.5396294152
0.3148521434
0.5693010176
0.7130075595
0.269154486
0.3845936306
0.5565600839
0.6555077059
0.4541040832
0.3189234764
0.6213176039
0.5209006415
0.3324361984
0.2608512835
0.3372347093
0.5375704401
0.5796920696
0.209119643
0.349864639
0.5342534388
0.6839733997
0.3101431584
0.5781604189
0.4066751446
0.1108705749
0.5726834488
0.3795995018
0.2415552053
0.9351450597
0.3281945358
0.4938765777
0.8475376099
0.2822823681
0.355889413
0.5593358108
0.5500891415
0.3656156555
0.5614688331
0.645996426
0.6887967592
0.3031615013
0.5837637143
0.4106215532
0.3376466073
0.3229216272
0.7286235832
0.2811363963
0.4434603316
0.369152318
0.6585626476
0.4562615562
0.3785457755
0.671576947
0.3073137302
0.4457727122
0.9352099347
0.4876648509
0.3617247728
0.2707267641
0.5315843945
0.5629159861
0.9260292161
0.4427410098
0.340997501
0.4157530733
0.2281332969
0.2518888935
0.5683578161
0.2108641922
0.3038822875
0.5380688268
0.3891935278
0.3149348187
0.4996751572
0.3145337474
0.5833252079
0.4739137338
0.5303321139
0.5526222321
0.3944877371
0.5115084143
0.5277752368
0.4197861819
0.8179921457
0.5264006662
0.5497942242
0.4552742611
0.7705956828
0.2099837084
0.3039428528
0.5913089479
0.2628443739
0.3101172847
0.5420203126
0.3336790582
0.5911534308
0.4231541881
0.685587836
0.2956385751
0.5162976747
0.5218204715
0.4276990212
0.459578188
0.562986221
0.6797352109
0.3270500018
0.5577890441
0.4029170915
0.6660153305
0.2809122601
0.661294838
0.4227268279
0.5916245464
0.7145189924
0.5485354653
0.6336669501
0.3174821426
0.4038155343
0.6335692225
0.3024453381
0.4994117518
0.6376743688
0.417326102
0.7323085942
0.4337219231
0.3512384527
0.333718309
0.7192344076
0.2339161477
0.3394768318
0.51605858
0.5955325014
0.3114716393
0.3376328177
0.1122404642
0.4750863895
0.348233443
0.06328075669
0.3111751278
0.2744324102
0.2026641056
0.5060572461
0.6390858818
0.8469797213
0.4444765056
0.2641743887
0.3354925837
0.6719952294
0.1838877585
0.515770599
0.3031015496
0.1564043173
0.3543223085
0.9350685794
0.9350683223
0.288215336
0.9084009446
0.603740497
0.06307761403
0.5635922382
0.6260317475
0.5672589164
0.3351189174
0.4384654227
0.1913561066
0.5595357206
0.3142235329
0.3440348107
0.6029834062
0.5132379968
0.09976742784
0.5093448462
0.4141634367
0.3116975733
0.5350366315
0.4247598601
0.3239074984
0.548104177
0.3585231671
0.3273107393
0.2659692688
0.4287072562
0.5074970708
0.6306554046
0.4277418257
0.6011270783
0.1581747318
0.4723018163
0.3928569194
0.06364987338
0.3729738724
0.2733794803
0.4989684816
0.3445205971
0.5847629396
0.6075034249
0.6921444701
0.3198744554
0.3533111373
0.2961776709
0.6351258547
0.6511133511
0.5781493412
0.3079146392
0.3395553615
0.3479360311
0.3733601942
0.6276337958
0.3734346988
0.2917645221
0.4949568839
0.4861393363
0.3535792215
0.538653566
0.3361090292
0.3113619261
0.4519900635
0.5661668622
0.5015412225
0.9186101953
0.2947052835
0.4890214736
0.5117678947
0.330315714
0.3401561868
0.4982566469
0.3288171626
0.3653644019
0.4375414077
0.4963875434
0.3635095075
0.4907580247
0.07242241891
0.215373123
0.7136480329
0.6165258008
0.3014400651
0.2208689779
0.4932464497
0.5913787336
0.3966486969
0.3712076245
0.4121854972
0.123908773
0.3377545399
0.3685195927
0.3305789624
0.3103069326
0.6600067479
0.650356394
0.4044224131
0.8555325099
0.5976446784
0.6514459538
0.4360183287
0.3013340426
0.5430088872
0.8245806541
0.4727545796
0.6430201946
0.4368564743
0.4551974308
0.3391208272
0.2969291652
0.332330993
0.2236440989
0.448786359
0.7756914565
0.2726899579
0.5941348722
0.4013864802
0.655362025
0.0726710442
0.3763460519
0.6526608019
0.5289103639
0.8073710501
0.07314156303
0.3462740503
0.4291827976
0.6561230733
0.5336456043
0.315076755
0.5116754379
0.3166527524
0.5090529769
0.8050849812
0.5185421448
0.5073725917
0.2366593056
0.2491600704
0.5902898047
0.8845851143
0.7502825065
0.4334006662
0.5029867934
0.6187207418
0.935115676
0.3580939984
0.5197926724
0.6199627221
0.4187650799
0.3244235988
0.5929573653
0.3200085205
0.4423998589
0.5003290768
0.6026328719
0.8185344964
0.6261782087
0.3291472102
0.5372250481
0.5342686484
0.1514635148
0.1886147123
0.3353002222
0.4412253147
0.1102718264
0.3399003132
0.5631937242
0.3709661942
0.718579869
0.5129252424
0.6946187184
0.4907138358
0.2949204145
0.2852517035
0.6325139972
0.6524902134
0.5142527604
0.2271275348
0.617795779
0.3088096284
0.4544408614
0.4225513899
0.440277305
0.6526639061
0.5010847064
0.3451364843
0.291789448
0.5839744271
0.5330409964
0.3406374203
0.2003308644
0.5561034705
0.9233434858
0.5929650732
0.3599708634
0.4095736563
0.3573280634
0.3144311001
0.6803271615
0.2699875899
0.4374130026
0.522593484
0.3384032214
0.7400006509
0.5213233177
0.5498795473
0.6026278638
0.5163091109
0.5832675035
0.3540131509
0.3669762017
0.4212620457
0.06319326698
0.5907164578
0.578870627
0.2562470862
0.6148104448
0.3421590866
0.5068611527
0.2997399647
0.2627504242
0.3049152423
0.9353504778
0.5279216432
0.5103807352
0.4978342193
0.06312243237
0.892026258
0.3493460349
0.5911112548
0.2867208261
0.3497980219
0.4847622594
0.5406400895
0.6531601349
0.8012661295
0.8540945076
0.5667703809
0.6711364483
0.5503279702
0.3401597869
0.6495939461
0.06313370689
0.2201489916
0.3138904147
0.615974956
0.3315221874
0.2918849552
0.447265791
0.281227201
0.6319882476
0.3539862597
0.5742517075
0.2887369748
0.3636629755
0.3039852295
0.5251146883
0.3612418128
0.674303956
0.3140660506
0.1537793944
0.5620862206
0.7388737823
0.3407316959
0.0839647093
0.6148339015
0.4803962341
0.3363184461
0.5916567963
0.5433243117
0.2765248573
0.3718980393
0.2188744702
0.4250590223
0.2859102635
0.5622888176
0.6396390618
0.604315595
0.3453749239
0.3485786274
0.5046369814
0.3096940339
0.3896947813
0.3192682153
0.3000664051
0.3532071763
0.1716234812
0.3219978222
0.7398974918
0.4474885464
0.5466000061
0.3994066855
0.5745904201
0.6600732818
0.3064860402
0.4215808283
0.3518047001
0.2842461985
0.326293253
0.5754392994
0.6999940586
0.8220697766
0.6477462207
0.4880497827
0.6281436529
0.4697318856
0.3714079885
0.6245482123
0.2556306253
0.3126569373
0.4212758893
0.3221905824
0.3652217718
0.6109480042
0.4262534925
0.39488639
0.6223669865
0.5381028402
0.4350776412
0.6613454813
0.5952322279
0.5817762429
0.7574550918
0.4007394098
0.3217413707
0.8944465627
0.2840271538
0.3606319681
0.918859458
0.3059790137
0.4718127997
0.5590212591
0.4713213054
0.6813069806
0.3210535136
0.3504745033
0.3071680685
0.4796849098
0.5302837263
0.3780366223
0.5708344521
0.3219340561
0.9353606515
0.4121799454
0.5835499312
0.4319539833
0.3111387726
0.7576260776
0.06318395831
0.6669530814
0.3396461601
0.6503741118
0.3169601795
0.3376069626
0.3480694864
0.3136170127
0.6129626386
0.4858255735
0.3451815417
0.2664738349
0.4517476109
0.3416896844
0.3547373847
0.5290034423
0.3783601173
0.4749116267
0.4451527267
0.5080096112
0.6417956907
0.2798284459
0.5863577972
0.5094158502
0.5932545253
0.3623747642
0.3202933273
0.4080475727
0.4186495831
0.3507159031
0.8055355527
0.538134545
0.3078762587
0.3422439985
0.9353980948
0.3062501851
0.5886410029
0.3973032254
0.5201328522
0.6222094489
0.3446451617
0.2551483901
0.3038161112
0.3073017571
0.6819603842
0.342802243
0.4594297685
0.6032264309
0.4141987005
0.8007279951
0.3430609856
0.5657209294
0.5272923803
0.5789226243
0.8029618336
0.6508076344
0.451458143
0.5673289708
0.3066745438
0.4488826179
0.2733446098
0.4529468111
0.3010813859
0.6105364844
0.570370146
0.580036198
0.7386783615
0.5247918462
0.5680416589
0.5195384061
0.6864419274
0.898547324
0.7128741136
0.6046748502
0.4588302212
0.7846400503
0.495576022
0.6778840341
0.4628405368
0.2551323119
0.6728367622
0.3228405202
0.5221821925
0.5965490498
0.5966539646
0.3240192475
0.2940815227
0.06312812048
0.5765701718
0.6337219269
0.3486804684
0.2560049637
0.281151215
0.3935420619
0.4746583411
0.5767312613
0.5231165124
0.2995090001
0.5802505266
0.4985204157
0.4841473111
0.5356473197
0.6415827571
0.5738431456
0.2816460397
0.7008093188
0.3211344435
0.581662425
0.4753096681
0.2355822811
0.4784582646
0.3870911422
0.2680412508
0.7471530554
0.3755724383
0.4194241133
0.4697428335
0.4029480595
0.6062766503
0.6989262583
0.4194013343
0.2288496902
0.345105377
0.4455135829
0.4065373832
0.07420940416
0.2965279039
0.6884891628
0.5314262898
0.323329211
0.197833477
0.7634725021
0.4707923563
0.2472262977
0.3898038313
0.5292661181
0.4574237003
0.6579321653
0.3209196046
0.6477874679
0.4581126346
0.3137314871
0.5733576567
0.1613296945
0.4228052602
0.5648264093
0.3238706216
0.5344380266
0.7735451009
0.3079968751
0.2836234249
0.6111010408
0.6345805977
0.6629098149
0.5486659299
0.3767287217
0.3204890281
0.06301148156
0.5701566773
0.4364060057
0.4202690998
0.5825907491
0.3940577828
0.3825775088
0.6362227927
0.935072484
0.4863595194
0.6578055374
0.622492987
0.2722207941
0.364267323
0.4165777151
0.3515305733
0.662666096
0.1770200835
0.355160791
0.5470606974
0.5403537115
0.3180922306
0.2895391139
0.2810325866
0.354550661
0.3219268707
0.3833016596
0.3002113147
0.533884836
0.4481353541
0.2881421262
0.4787524945
0.3818460187
0.4611095539
0.3847016811
0.4221598654
0.310390244
0.6431418765
0.3102200877
0.208186111
0.19771264
0.4861300764
0.3380785853
0.2980782174
0.6255176229
0.7592328114
0.5673327617
0.4211758325
0.3037184307
0.5874684977
0.314290961
0.3620896353
0.3970417009
0.3196610332
0.2164815825
0.4762277877
0.8778607217
0.2962629588
0.2468207815
0.5690934022
0.5872042384
0.6045551745
0.3121024
0.7393141452
0.7099295234
0.3023016148
0.3240507314
0.4136408765
0.553289876
0.3708526946
0.3491868025
0.3760315785
0.2806959489
0.3140511252
0.4487549414
0.2852029561
0.4725149277
0.4431131153
0.3154732387
0.3292613922
0.2989516674
0.6099405672
0.5478258051
0.3609886124
0.9170098316
0.319466172
0.3603685472
0.5884874085
0.3138386734
0.4557534488
0.30481462
0.469531704
0.642521661
0.4961365051
0.5669456227
0.5098831041
0.5030019923
0.1347188179
0.6131414372
0.298877774
0.3175459481
0.9103882824
0.5405218666
0.6292147118
0.107757916
0.7709209135
0.3847638396
0.6502078251
0.4615443161
0.3203229648
0.5204838785
0.235170788
0.5819475667
0.6699102919
0.5914316794
0.9349789981
0.4430514903
0.3012606676
0.644486486
0.2486649484
0.4223676459
0.5224786667
0.6027790841
0.58270088
0.3768696243
0.3454081479
0.4735390677
0.7305350029
0.4069085353
0.4602835481
0.6145390152
0.419038941
0.5342201823
0.5829903858
0.4112813826
0.2096957047
0.6813138858
0.3615253113
0.6282751938
0.3059603762
0.8801195484
0.5127190241
0.3089126389
0.4771963658
0.5862732974
0.5216991924
0.5154996635
0.3449030284
0.1809946231
0.2064831421
0.2862175346
0.8053454405
0.3078445647
0.5005013215
0.4378793433
0.6563484544
0.3036511105
0.2093953927
0.5920060113
0.3479256762
0.622670558
0.5438910378
0.4915816542
0.7610330801
0.4824074177
0.6517084213
0.5205616185
0.3692560982
0.6212782102
0.06316058489
0.4581331528
0.3927574194
0.5390288038
0.7849143874
0.3423138163
0.7976160353
0.742223862
0.272317429
0.3438785528
0.5854847513
0.6996469684
0.5432862571
0.459201654
0.3290570226
0.318171864
0.1456769806
0.2578535346
0.2380236135
0.7992475729
0.2999983163
0.1839953463
0.8320524172
0.5761152297
0.5992449828
0.467333401
0.4152778017
0.3765538835
0.6107832925
0.5921950133
0.4671134242
0.3974561161
0.566040217
0.8792728741
0.2998096833
0.6198315959
0.594070482
0.4412600681
0.4736112422
0.6242413124
0.5733671296
0.3221975072
0.3131261356
0.3035272697
0.350985132
0.4665065446
0.7307829109
0.2527041804
0.3293735913
0.318059846
0.9160485523
0.6423787529
0.5604675925
0.4805602466
0.7438933804
0.5261994113
0.530869584
0.3503358317
0.3043387158
0.06319377163
0.07530542464
0.4483007597
0.06327488702
0.2794335634
0.5726636233
0.3825537726
0.27137828
0.6165656836
0.4448228312
0.4546672491
0.3582059289
0.7379738503
0.5951214875
0.2133482099
0.541459252
0.6091393631
0.2521594677
0.5819665232
0.5760090652
0.2316707893
0.5688247505
0.2572980782
0.464180572
0.4442892142
0.155657909
0.5601054831
0.4825987758
0.2595174987
0.5840952326
0.5581161142
0.3404384659
0.6263020303
0.3963641353
0.7883877681
0.3299427807
0.6108513128
0.5197138492
0.3527927155
0.4391936996
0.934962339
0.3178754582
0.5741361434
0.6755283552
0.3653459027
0.4097944249
0.8757301909
0.580655414
0.3525596597
0.3650775985
0.6836182808
0.3011459538
0.4144561503
0.2976327174
0.4501435558
0.439687376
0.2871146014
0.5958320395
0.3700176478
0.6359100711
0.31711552
0.5165395184
0.5529244747
0.178276975
0.3148838743
0.2963270039
0.5303983751
0.6300351887
0.07707193263
0.5528217687
0.3543120474
0.4792617814
0.4513284964
0.6257976458
0.3685241953
0.6848978631
0.3096633458
0.7251915589
0.2706927775
0.7210637247
0.3364489926
0.2277178508
0.5271032769
0.4225539033
0.4422632652
0.3820443047
0.3830111903
0.4546982525
0.935193111
0.3227862074
0.5910740927
0.3449132988
0.3493356608
0.5320722594
0.51077332
0.3529868954
0.2602569269
0.3770856103
0.7372879939
0.2843567276
0.4839755055
0.7651331362
0.5465182656
0.5669144399
0.5527489057
0.5856257071
0.8257435508
0.5826830768
0.2742993379
0.583799503
0.632991324
0.4942350422
0.610665753
0.6910205073
0.5347183514
0.6846707693
0.1179571336
0.8966939271
0.5753475756
0.5224970658
0.5205615713
0.5902353289
0.2064644225
0.3682371061
0.5322955393
0.6769179661
0.4775846506
0.4723672755
0.5052807083
0.2973510636
0.9055765088
0.2481164431
0.6422727109
0.3195191713
0.5639659027
0.3324959895
0.3261409652
0.7451481209
0.79253811
0.3188390365
0.5744250059
0.6879808211
0.3552941588
0.5402231415
0.6021793953
0.6887905109
0.3247312385
0.6074024545
0.5800340685
0.6015345685
0.3535178485
0.3350666294
0.3747649674
0.4101234203
0.2634912164
0.7837652841
0.5083751445
0.9350885335
0.3378951969
0.2893098252
0.06309262815
0.413564026
0.3037952839
0.5751462197
0.624712477
0.5146320196
0.5213244629
0.6795280195
0.2979200347
0.3756821529
0.2668010815
0.4932103591
0.5735788471
0.463634314
0.6154086707
0.3337538152
0.3241265022
0.4988217106
0.6028414642
0.5749398524
0.3127129456
0.482309289
0.4178346879
0.07926790349
0.5467419242
0.4280750224
0.1985106104
0.3919403473
0.4305877079
0.08072302324
0.3229367093
0.3458793602
0.4202952493
0.3073152261
0.586913208
0.5119037716
0.3110919971
0.8274894159
0.5747482811
0.2694237
0.5112259298
0.7542926266
0.3944604217
0.4149152179
0.3827867631
0.4550218213
0.7932378446
0.5122795625
0.0632386013
0.3567110342
0.9351362657
0.8493447962
0.3005266729
0.4634449737
0.4467323674
0.5621915309
0.2792658091
0.398227624
0.4041179903
0.3849629299
0.3191895591
0.4718871949
0.4210135544
0.3481041082
0.8590433081
0.6292596614
0.5643536092
0.5276989205
0.5192029496
0.2994654324
0.299143877
0.6061843812
0.2536260024
0.1852931337
0.3281740755
0.6011238674
0.3000379398
0.4416955059
0.5826840808
0.3424340773
0.2978779548
0.391841011
0.2756788149
0.6595317246
0.8123516232
0.55488175
0.2895572639
0.4774513017
0.3066254341
0.06835618867
0.5018349294
0.4104777927
0.1979459238
0.6084194601
0.6387020269
0.6080889065
0.4731725664
0.6143264155
0.3972234887
0.5132068535
0.5199610579
0.6689814326
0.5831861374
0.7130224435
0.5958816526
0.4012205942
0.3536574339
0.5605691072
0.4705410816
0.5536239049
0.4784446208
0.4700948084
0.6985711353
0.2906129698
0.6536147727
0.4234275319
0.06345005595
0.1916297171
0.4928864657
0.2863877362
0.33407326
0.3714660779
0.5385776181
0.5317364991
0.5472921128
0.6693606384
0.6045263472
0.3154930767
0.6213612785
0.5391322304
0.5576537791
0.3935103685
0.3096297901
0.6226649959
0.3338590228
0.5079413167
0.3269717626
0.291422386
0.5112803335
0.4186453927
0.3005916989
0.5204306031
0.6232756267
0.4486051144
0.3373053801
0.4847309332
0.5681494947
0.6267458157
0.7059215227
0.7295692373
0.3247685985
0.5840250177
0.7607246615
0.5541436218
0.3434082674
0.286797772
0.2642120481
0.6573723754
0.08982834695
0.3934504685
0.6866686418
0.4875932798
0.4019039088
0.4155179257
0.1035045452
0.4400551605
0.06335366735
0.4938974735
0.3410035655
0.6145689893
0.4175574116
0.3548588956
0.473520484
0.5406083471
0.5653244595
0.3670035273
0.5510363531
0.3232475002
0.5474256204
0.8613532313
0.5143356687
0.4030376581
0.3409687201
0.4555819583
0.3202916197
0.5209673403
0.1294230505
0.3171217726
0.306321995
0.6771830054
0.2773130167
0.1761337402
0.6541891007
0.4483728873
0.6203996445
0.4764509755
0.590193906
0.550120013
0.3046073745
0.5283955916
0.586570331
0.4012598427
0.6041648255
0.4088832956
0.3020357446
0.3978183217
0.1968804732
0.5379370981
0.09453004235
0.6069620536
0.5921935432
0.4879394893
0.6222514665
0.7109030924
0.222420993
0.3743767953
0.1237111676
0.5655763445
0.5767548539
0.3922898316
0.3227353809
0.3049460804
0.3170066053
0.3166477286
0.935229831
0.6355259116
0.9351258303
0.5850603322
0.5184925965
0.4753790973
0.5828996757
0.3888316724
0.6208191658
0.59515686
0.07174062486
0.9069457705
0.4308680979
0.6076989076
0.311602259
0.2932919054
0.3284743376
0.3082770837
0.296215362
0.5525657926
0.6430487473
0.7758071052
0.6544675267
0.3615272728
0.5823074763
0.3061946604
0.3055407839
0.341488051
0.5957256836
0.2475641165
0.7160877018
0.2853019365
0.5999573833
0.676138681
0.08227268543
0.2767019852
0.3108576324
0.3082189214
0.5545219975
0.9350048108
0.5755199079
0.4420126996
0.09758935521
0.3386701104
0.3868375612
0.4253333398
0.5081064853
0.3368669709
0.3721042952
0.3203980947
0.2996865975
0.6789936557
0.6312785887
0.5819089047
0.6017663436
0.1678271889
0.3721833589
0.5450157114
0.5951635653
0.4622370329
0.4571893773
0.5428518456
0.5453485463
0.2122377012
0.3538796714
0.2947950463
0.4765780968
0.5669896325
0.2760494341
0.3276191191
0.3449007636
0.318612961
0.909692107
0.5222056939
0.4781053535
0.3297832496
0.3481937703
0.7920073811
0.3887334823
0.6652432251
0.3683081685
0.9207971897
0.643340964
0.3397592483
0.539295556
0.4409618
0.3550249013
0.3976927896
0.299480839
0.4806542481
0.5774612772
0.1865294828
0.2309040006
0.3237535421
0.3375751722
0.07058736884
0.6275428538
0.304561761
0.3044600685
0.5797573542
0.5447793128
0.58642854
0.06314367917
0.6764954297
0.4851384665
0.4387968112
0.5532263046
0.2976441539
0.4204834244
0.1098342951
0.4189684017
0.4888275499
0.9134984309
0.4880674744
0.3499077386
0.4910294021
0.1121186674
0.3535397009
0.375310334
0.3270507766
0.5145347577
0.3175033381
0.5005502991
0.5748918575
0.3951271594
0.5351478231
0.6250363337
0.5825739423
0.6131037688
0.5622667059
0.2985526632
0.4139709451
0.3019124969
0.1537635593
0.5318784156
0.8760691918
0.6815695533
0.4882601619
0.3128606344
0.6904086073
0.4663877446
0.6026840049
0.2877913134
0.4662748508
0.2484838908
0.6041330341
0.1545690281
0.457741937
0.4218961582
0.2935138377
0.6294969252
0.4776537278
0.3894064097
0.3975950792
0.5933365402
0.9071609153
0.2712351296
0.5855264301
0.4632186122
0.3190784293
0.5494122581
0.3084642092
0.6125109362
0.6411339545
0.9356475201
0.3967140707
0.5647581071
0.524047975
0.09229385163
0.312885969
0.4444998858
0.3561521679
0.3388083696
0.74037468
0.5919840104
0.06315542875
0.4094724169
0.3837867164
0.0916921811
0.523355183
0.5650406593
0.08292723856
0.5863204239
0.3235355289
0.317544825
0.6055437648
0.3015252459
0.7725526957
0.5750137745
0.5614797221
0.4724158687
0.6886772295
0.5448210159
0.4892892569
0.261701338
0.6660312623
0.5419754541
0.5300337714
0.3406405229
0.2558300022
0.4169955182
0.5973634408
0.4828453479
0.5985042931
0.5807079752
0.3126228333
0.528577541
0.474483209
0.3843514266
0.6594711855
0.3954183184
0.5572240333
0.3230407746
0.747178394
0.5949377337
0.6223673162
0.2470474529
0.5981490933
0.5333615611
0.3868588729
0.4405376995
0.2049012424
0.4436037619
0.6506768923
0.7790706628
0.3556256642
0.9034464459
0.5517062548
0.5359115997
0.8850804004
0.2488924592
0.3186701857
0.5334206435
0.3195502906
0.6041601883
0.3645957139
0.3521132265
0.9354524874
0.5216010243
0.3830230374
0.6011737743
0.6079410958
0.4656136578
0.5502178122
0.3201652023
0.6092836161
0.2980663643
0.513359328
0.8730966955
0.2965391543
0.2049764464
0.4256520083
0.1117956842
0.5249548652
0.3451409975
0.6419897083
0.604421273
0.6482969833
0.5884796023
0.7611225268
0.3592199094
0.7130137682
0.8958964658
0.6105469792
0.1773133313
0.6372622987
0.3538355724
0.3631625178
0.6809580821
0.6654506038
0.6032573523
0.2922231858
0.4317006575
0.5966544602
0.2625449952
0.6228480983
0.5779989659
0.5845763357
0.3700485435
0.8181268196
0.8211100678
0.3214099639
0.2593881804
0.4332200894
0.542778978
0.6790334396
0.3340498679
0.6348025397
0.5354101941
0.4961598104
0.6189516344
0.523921393
0.3098465384
0.1906195444
0.5951254861
0.6987977017
0.2845278345
0.2233783428
0.3176445144
0.4534978099
0.3315140835
0.5363532521
0.2041998414
0.25928811
0.614971588
0.7340754205
0.4729474883
0.3822323587
0.6246280111
0.4653487286
0.4367807229
0.06346202311
0.6280101733
0.4023767697
0.5344999193
0.8679152881
0.4628452744
0.5186318255
0.06317656626
0.5945127353
0.7032053997
0.6557095042
0.6044487232
0.303229396
0.5274828231
0.3002333235
0.3100768147
0.5170240478
0.40228636
0.6282452708
0.4509790031
0.2195314927
0.2599942103
0.445582524
0.4873384359
0.5180569095
0.4915722202
0.3401171405
0.3303534381
0.6069190604
0.6726716496
0.523128672
0.8809109986
0.5457154542
0.5796434545
0.6131917029
0.2782912351
0.6488527968
0.3046071734
0.1587823627
0.4735267761
0.5249854354
0.6341550705
0.6601174704
0.3859823691
0.3420300135
0.3150034562
0.4485457296
0.305330193
0.296682402
0.6739571703
0.7755750499
0.4636210456
0.3820596935
0.5199674086
0.9066576721
0.6342458393
0.4227627514
0.3533419195
0.7265659974
0.6250802392
0.5855722439
0.5001558646
0.6501504221
0.3838793118
0.8107524973
0.2263689209
0.3005818797
0.33123642
0.5892596588
0.3542024112
0.2185205578
0.3594364782
0.2977700233
0.5508509837
0.3133890599
0.561604428
0.3561902593
0.3962914316
0.229413032
0.311605619
0.5876740982
0.3258547106
0.5615379904
0.5741638738
0.3846666586
0.7820759128
0.63877104
0.2799487832
0.3109636126
0.3001396406
0.4780697364
0.4804802924
0.5486536477
0.4764896136
0.935611881
0.3080431882
0.2992261337
0.7405394163
0.2576638462
0.4338585805
0.7144904917
0.4218979986
0.5573360965
0.7110683066
0.3138838812
0.6128537064
0.3719324695
0.3063327911
0.5645289025
0.935381902
0.3263876863
0.7720563381
0.6522562048
0.2922498476
0.159651468
0.3388588227
0.5407794448
0.6186844413
0.3355765788
0.9066586372
0.1933572369
0.4026195991
0.5327599096
0.3000669469
0.2701043584
0.935097641
0.3036786195
0.4063088866
0.3332541432
0.4735614278
0.3817783056
0.5175358101
0.5042680556
0.3924977231
0.9131013926
0.4257945698
0.5923164232
0.3804753553
0.2911578139
0.3036177932
0.2586004496
0.5608101641
0.3588299061
0.6961744986
0.5338302741
0.6116842954
0.5984246435
0.6210588955
0.8073046737
0.2767749965
0.3362758116
0.4661377155
0.4059491342
0.9113856549
0.4276671162
0.06309801551
0.6301000957
0.5339023834
0.6582660763
0.6788612728
0.7553325596
0.6204823644
0.3463645592
0.4897357507
0.5189786632
0.4710054488
0.4884217259
0.607164972
0.1966263561
0.741643768
0.6025812289
0.618610092
0.317837317
0.2918042781
0.1474944275
0.3301748508
0.3355885499
0.335559653
0.1114184735
0.5183135514
0.5968849994
0.4880303032
0.537960951
0.230490346
0.8987438958
0.4005215785
0.4244105651
0.1401343517
0.3881369925
0.492414327
0.6041230941
0.6754487687
0.4381017026
0.443333402
0.853718362
0.4347453769
0.612095812
0.7540208515
0.5481613844
0.6346398613
0.8335674278
0.4919503804
0.4028620857
0.3707836448
0.7896028161
0.3546380949
0.6570379265
0.7189538627
0.3150155407
0.3964402769
0.8468034528
0.6911669896
0.4005138343
0.7026857891
0.3761314834
0.6448417888
0.7014528414
0.2206590053
0.7398817657
0.6101217131
0.2348617139
0.5466480084
0.2916445899
0.3184905089
0.251734159
0.6599470747
0.5286470583
0.5312478121
0.7715187409
0.648323991
0.3088832552
0.4820798651
0.5152091424
0.2196532772
0.3161729125
0.9368575842
0.06428743851
0.6956186385
0.4258443726
0.6617856552
0.08971992519
0.6801897461
0.5995159511
0.9352276794
0.4838125229
0.3934735255
0.5491999321
0.3774415724
0.62765118
0.679008178
0.4825511616
0.3544096849
0.5415718252
0.4238919134
0.4251358984
0.569689909
0.4654295249
0.4847516427
0.3631425416
0.4671153173
0.3245324452
0.5468931867
0.401486014
0.434470765
0.2656958148
0.4411044027
0.3155742649
0.3109024473
0.5465893424
0.2923048151
0.4537089609
0.6121228441
0.1536590795
0.6008944737
0.9097733072
0.4424100539
0.4817509264
0.626896653
0.4746065822
0.3496436592
0.451067081
0.09687712431
0.2830883475
0.6300862768
0.5696259344
0.4354155706
0.5178068849
0.5915248533
0.6808196518
0.3822805205
0.09159144524
0.06462977025
0.688394757
0.9232010082
0.5841148056
0.696514443
0.6161873305
0.4311304732
0.9364174772
0.6617159239
0.427958834
0.3317407828
0.5072445279
0.4555288186
0.27876762
0.3136138304
0.5134751752
0.6109984631
0.2644024031
0.5659208221
0.3509181587
0.3228732818
0.6172468736
0.4008147429
0.3490576443
0.4876056934
0.4453227593
0.855869241
0.4433893143
0.3376440687
0.264164492
0.3232806196
0.3656907603
0.7486652437
0.6484577872
0.212318984
0.6533436969
0.5868017993
0.5100780671
0.3308718897
0.37086776
0.4459258566
0.862098028
0.5409361782
0.5403257916
0.3092621391
0.3420642937
0.294901436
0.2879407453
0.709829676
0.4699772671
0.2424958464
0.3175650588
0.4791292426
0.4857673395
0.4352593758
0.3190774422
0.6455094686
0.3915396704
0.3950968491
0.6957000769
0.5583964714
0.6026599158
0.2583565739
0.231069072
0.3953296864
0.6432179788
0.5291680215
0.222503216
0.1422127797
0.3388772494
0.7016283638
0.4357236644
0.06344123634
0.4402729063
0.2939047947
0.534785625
0.3421324853
0.6167363765
0.384322941
0.7205898493
0.4975051895
0.4151579251
0.1648663775
0.342062038
0.3903640991
0.2991586525
0.3742268797
0.3444641096
0.4871827182
0.1983741787
0.2490973963
0.3197468645
0.06333848171
0.8170024606
0.1799658928
0.5866543737
0.5828755154
0.3345885391
0.3567870767
0.3429548613
0.4408649375
0.3964652942
0.2598318479
0.524335692
0.5637959888
0.2964873556
0.3838140318
0.6242731646
0.7653360166
0.295925745
0.6424133344
0.3223537105
0.2855663113
0.4288450922
0.7485271372
0.6608388305
0.357471484
0.3619275994
0.4130699085
0.3279820285
0.9384844478
0.341031798
0.577255457
0.376120891
0.297305794
0.3578418946
0.420785076
0.3472006888
0.4521304795
0.2909382962
0.3723743143
0.4477431619
0.3621274161
0.2875567879
0.4260327112
0.3054805709
0.6099010913
0.3535393067
0.2882611969
0.2318684518
0.3412021225
0.770909508
0.2866683939
0.469347277
0.3127285656
0.4016970517
0.3517280668
0.7103079333
0.1293209399
0.3453483095
0.4356685331
0.06411367121
0.4826836016
0.3955786249
0.632022911
0.7798786977
0.8176165633
0.6117825722
0.3284318578
0.7160820653
0.1348800501
0.5931675329
0.8490295545
0.2605335382
0.0902909688
0.2267946999
0.367396899
0.4067343715
0.6019820943
0.4158247371
0.4508343688
0.6158352064
0.3581267371
0.5889749218
0.4606313255
0.1222893233
0.08174160621
0.4711913699
0.4975441601
0.4488969993
0.8713828801
0.3641355396
0.3166442929
0.6755125805
0.7248982872
0.535935353
0.4886988203
0.6432428993
0.4698160861
0.2583941658
0.5726158199
0.3773660074
0.1746509036
0.7493065728
0.281870558
0.3339184523
0.430809939
0.2037378941
0.4885770081
0.2561895189
0.6605097255
0.3019024726
0.6676795656
0.6874585424
0.1196608335
0.2883721611
0.6209212831
0.5822145008
0.3846961663
0.472103208
0.5711139317
0.5260907159
0.4827927848
0.7092887089
0.06330548996
0.4339584556
0.5550505065
0.3291182591
0.8212816978
0.6144443162
0.2895208096
0.4852618268
0.65546458
0.4184020636
0.3993125979
0.208144217
0.539252764
0.2828636032
0.3088999058
0.3857046155
0.3390758004
0.3282084059
0.5774393889
0.3141638592
0.6229113128
0.6696810475
0.601017302
0.3692528436
0.9133314663
0.6771103523
0.2811708463
0.4687580756
0.5634479078
0.328789645
0.6600931906
0.2672083468
0.410922544
0.5657751122
0.5919631459
0.89557821
0.5694286053
0.776555682
0.4430072472
0.7504776742
0.6524913546
0.6439404866
0.585868128
0.3683601717
0.3303180595
0.3701048131
0.619889073
0.5090119545
0.4553643876
0.6047477347
0.4215258414
0.07075292872
0.1679241869
0.4356953931
0.319885189
0.3018305058
0.5945883873
0.3091682896
0.3755736765
0.5736245668
0.4615466208
0.6635588914
0.1435479693
0.7830054839
0.3568682014
0.903422675
0.5646879257
0.6343484603
0.5266604927
0.215983469
0.564102708
0.4887457242
0.2696697315
0.4553085836
0.2754548015
0.3288926172
0.3211172876
0.2263978695
0.8315365051
0.4274817866
0.63238881
0.5969069471
0.5630224561
0.4947323124
0.5526653294
0.731821892
0.4018727966
0.5246729935
0.5214269824
0.8194821306
0.5906753453
0.3789690211
0.530874337
0.3666600892
0.8871553011
0.6504222494
0.3279029233
0.4243312776
0.6558486872
0.5802431763
0.4261684886
0.408215628
0.758446579
0.3606617486
0.8030555704
0.3084977386
0.6767691043
0.2476720401
0.4249300024
0.2485072177
0.5250463021
0.4930352438
0.6842601426
0.5206433178
0.34690124
0.3827414018
0.632978965
0.6849565244
0.9350509283
0.5421602349
0.3432332171
0.4399513311
0.6006966264
0.3557922175
0.2983807168
0.6300145589
0.3192133584
0.2831349777
0.2277666699
0.3928327079
0.8022644803
0.3801194752
0.2965043244
0.283644109
0.3569186933
0.1778286974
0.4874981535
0.44047539
0.5004958029
0.4460627623
0.7354686674
0.3913248496
0.1057206901
0.7209690419
0.5580281506
0.6590495639
0.740601612
0.6737745067
0.3614498279
0.5053483693
0.06652737399
0.3428618587
0.343579708
0.6806526188
0.3128299876
0.3686215933
0.4789380261
0.6486844266
0.3248095383
0.6364783846
0.4394081493
0.1843339513
0.3632504477
0.5549837584
0.4667717662
0.9333417559
0.8607745212
0.434260249
0.8471253961
0.585454046
0.706667079
0.9079777625
0.06832541116
0.341019918
0.8644952955
0.4876418015
0.7680034981
0.5484553716
0.5450663073
0.6117489597
0.6400263652
0.4583638073
0.3343285395
0.2151566242
0.2419580948
0.06827901951
0.6971519264
0.5666960022
0.5664623406
0.5196248767
0.6625534752
0.508445482
0.2960316
0.6655255722
0.7139012076
0.7010924406
0.3800380989
0.8803163612
0.4296676644
0.8736963335
0.4409524489
0.4179909527
0.3376717132
0.5095824143
0.5108304102
0.4421301514
0.5620962319
0.5209268493
0.6035203954
0.4602945648
0.8663160723
0.7605266008
0.2745232306
0.4896641911
0.5150588817
0.06395189918
0.4808095564
0.4700928136
0.6144165272
0.5277063921
0.3723673382
0.466955061
0.4752253371
0.3300875467
0.2664028934
0.4026199687
0.2775146251
0.5875029814
0.515427013
0.6780894252
0.6004080527
0.5934607873
0.1471725882
0.427771932
0.06452270827
0.9327168991
0.5880091217
0.1560757288
0.5118734076
0.3372650673
0.5831841268
0.325368968
0.7697022648
0.6618959624
0.7860274401
0.4290914864
0.4260874671
0.2877704293
0.3114475931
0.4103282296
0.3453193004
0.3395781268
0.5601099861
0.5068944702
0.5604462971
0.5543764838
0.4756411899
0.4184606729
0.2990422341
0.4541989281
0.3033357958
0.3643603466
0.4909840569
0.3788548477
0.2623977733
0.6708676999
0.6308505014
0.2314969299
0.1289567318
0.7685674556
0.3956947173
0.2414644108
0.7308380904
0.6362978715
0.6815161256
0.07170610048
0.7218141664
0.1382517814
0.5489333855
0.2827683524
0.3178654217
0.6015421441
0.6256680053
0.5264643288
0.537107638
0.6405691382
0.6301927113
0.7139974862
0.4444341161
0.5417085824
0.3565487073
0.3498768581
0.5495336299
0.4666015225
0.7683315122
0.8168494843
0.1653982409
0.2416996509
0.6175001668
0.5898802407
0.2287484701
0.5017090349
0.168852263
0.4791643285
0.5907137195
0.2618625703
0.6576558729
0.4400327286
0.6299151112
0.6813934851
0.3220498488
0.4664186961
0.8436617094
0.8215060672
0.6337085268
0.1878681996
0.5595649041
0.6735187679
0.5624071937
0.6332981419
0.6744998638
0.3251666415
0.5463875715
0.6788559438
0.4839104945
0.285804351
0.3624320552
0.4260448166
0.2970272426
0.5605772587
0.8855992368
0.3997063507
0.7107546284
0.5319402461
0.4634390638
0.6423924433
0.4720759825
0.5447748389
0.3199257908
0.6300603253
0.380371399
0.3781943761
0.589785177
0.5167149154
0.4817328654
0.580093348
0.1749656493
0.6827442529
0.2357431224
0.5568859032
0.5985675503
0.3728312494
0.3358883604
0.6589461092
0.2874936258
0.353059719
0.2714273764
0.318498102
0.4496049012
0.6819296906
0.5287236992
0.3891123792
0.4644925543
0.2659227051
0.6051683004
0.326983409
0.3847352745
0.345183482
0.331587962
0.4257079183
0.5998444175
0.2499770065
0.2274408477
0.6285062379
0.3607535213
0.4439064924
0.5846811705
0.3633385292
0.3036235226
0.2599004073
0.5338152594
0.7904294482
0.8493119598
0.6068911318
0.6743023718
0.3819846273
0.329318207
0.5993300546
0.2015019596
0.4897704115
0.2759337117
0.3333258746
0.5118594162
0.3019045626
0.629161876
0.3321936445
0.8694697299
0.1345265531
0.5368629391
0.6265555685
0.317057709
0.7275681367
0.8726645422
0.4080855454
0.2122338018
0.07637272164
0.5695795013
0.4443484729
0.6319350853
0.2226838243
0.431228053
0.4999504332
0.6596006668
0.5684964782
0.4388462974
0.4523740476
0.5309604308
0.399263652
0.6494591091
0.6636799607
0.9370049032
0.4421159994
0.6805457385
0.6475400153
0.6092822956
0.5346291375
0.6381476888
0.5975110384
0.5937741413
0.1708669333
0.6836429334
0.429303519
0.6627789052
0.3651909833
0.4043744214
0.9368999933
0.4561617157
0.5786724027
0.4308014937
0.3947945865
0.6554174267
0.3282894637
0.5790632002
0.9368998766
0.6062679452
0.3689316467
0.6093185033
0.8163364165
0.6644302081
0.3486899806
0.5477061641
0.3008487388
0.3394634202
0.1387206586
0.4392887296
0.4074089634
0.2106152317
0.5108660587
0.5078927133
0.4760474763
0.4658713049
0.4567732
0.3875863053
0.6052382371
0.3223145486
0.2833412585
0.3359713704
0.4604125346
0.4169230384
0.3194706928
0.538616113
0.6804051584
0.3690151192
0.5806273007
0.6206881378
0.3157926262
0.6041024423
0.4900071505
0.2127953836
0.4588469011
0.3597095028
0.5591859164
0.5553742926
0.5973222875
0.5317157911
0.2606887366
0.2735189232
0.3027019604
0.8427862371
0.4554436675
0.3012055891
0.3050584305
0.3073962162
0.4514122179
0.8016918989
0.6114980227
0.3689933412
0.8012232991
0.5575985582
0.3289328395
0.6140610362
0.291894732
0.3062856455
0.6650065632
0.4902124816
0.5991884606
0.6371611403
0.8963706604
0.4934143763
0.6530015412
0.3068885761
0.7106746042
0.4564549729
0.636104497
0.5076880693
0.3546364368
0.6151597187
0.1057758628
0.6973883529
0.6380484094
0.103140767
0.6677784276
0.3875528115
0.6350034812
0.4698281117
0.5451798242
0.7770870763
0.6877656604
0.4688698859
0.4759300656
0.4925850891
0.5822682886
0.1756929564
0.6655583936
0.4901982733
0.552892876
0.6454456561
0.4103937417
0.6335445078
0.6995116929
0.6548846681
0.4186204893
0.4317337722
0.4481346755
0.6542010278
0.6491480972
0.4132648981
0.5725436166
0.534676676
0.5614504301
0.6304187076
0.4304743641
0.5740299827
0.4588123949
0.4462456829
0.4030453039
0.06789481131
0.2722104978
0.7240429395
0.5568193429
0.4320458058
0.6597428689
0.7588456026
0.4176360403
0.4959120564
0.4782859821
0.4590133074
0.3591560947
0.7229277271
0.6007113424
0.7244129117
0.2175270144
0.643594107
0.4478727913
0.5007491505
0.6537713438
0.5670407031
0.3713719194
0.4304752464
0.5594302165
0.6246173335
0.3139993266
0.5906123154
0.08566157388
0.5686778628
0.6397983752
0.487122501
0.5013262808
0.6065993972
0.3301822377
0.4820343954
0.734492011
0.536459049
0.3847583506
0.4062715317
0.382261788
0.2408609823
0.8896630169
0.4269017843
0.415938163
0.3336236927
0.3154778692
0.6472683181
0.6262031021
0.495890624
0.7665803673
0.5767938163
0.09758730663
0.3441602626
0.5538849532
0.2382027612
0.5864128956
0.2863016073
0.4184574577
0.3492343642
0.4471530841
0.7094779629
0.6409783241
0.6320146978
0.288011822
0.4733443734
0.4997205054
0.5921007748
0.3068289263
0.3075973598
0.06460667488
0.377793065
0.5813595562
0.3805363694
0.3136802639
0.6440698406
0.7248708269
0.4539861248
0.3093496422
0.4613418052
0.5502664727
0.2001199215
0.5404670322
0.5563570926
0.618707297
0.890249744
0.4232832294
0.5365897249
0.7262656744
0.180545794
0.70898131
0.6445460502
0.3988260051
0.5685117437
0.358285805
0.675525778
0.5278231498
0.6750583485
0.7032571118
0.1907182564
0.7017016406
0.3602688505
0.2784703941
0.3868698131
0.4758183831
0.1685972536
0.8323300939
0.9359491663
0.6722624422
0.4725768417
0.6586474735
0.6751525624
0.3518199486
0.7168176504
0.4112601244
0.6445424148
0.6168863255
0.526702306
0.3502032139
0.4355157662
0.4401492815
0.3702508601
0.5902988946
0.4979647639
0.4726987362
0.06418304502
0.4365564284
0.1149985665
0.4125805091
0.4491571693
0.6096182803
0.513003437
0.7130904689
0.5992896734
0.6560606753
0.6398391524
0.6833124133
0.5624889811
0.6713354938
0.4818576044
0.3636533886
0.5971811502
0.344560871
0.1292858458
0.3589226582
0.3393333015
0.4460299745
0.7612091607
0.5226689097
0.06662459411
0.3211972661
0.1380072151
0.246896832
0.6579532694
0.2133979075
0.648190854
0.3093494439
0.6745440522
0.4744229199
0.6231500426
0.4592666011
0.6472243179
0.3448435958
0.9053972805
0.3778914266
0.2974552548
0.4000187589
0.3041538197
0.5922485353
0.4688314296
0.3531796082
0.7600382329
0.6359883489
0.5607036929
0.5105160727
0.1890620775
0.3926771122
0.4580747511
0.4462613444
0.3225562938
0.5184327288
0.2917740334
0.3621614784
0.3486395787
0.273037319
0.2970560729
0.2086429741
0.6099441481
0.4307896836
0.3228174955
0.5317919066
0.4213952459
0.575217446
0.6902011834
0.3849303681
0.9269722008
0.4396758037
0.740744586
0.6526693737
0.6757343623
0.8527305958
0.2671404506
0.7988183269
0.5482632188
0.4660753201
0.4439730306
0.6991858924
0.9386701774
0.4624526427
0.6885378199
0.609649016
0.4056259336
0.4049536617
0.5606583324
0.2804034908
0.3740066967
0.4840041277
0.6850026265
0.3723510426
0.7737399205
0.4001334602
0.8447536249
0.5183337244
0.6272906996
0.7513956373
0.7141286585
0.7464764546
0.3407249381
0.4478906812
0.7123552354
0.6523301132
0.5866721689
0.695560815
0.07147768432
0.53833355
0.7217420645
0.6434033461
0.9389677496
0.6429550889
0.9405128884
0.3074066135
0.7364049463
0.5766783151
0.4692827734
0.6732301054
0.7677089844
0.6385356614
0.7182338856
0.6260443599
0.494902063
0.7004569806
0.6679332311
0.5933089906
0.3548466243
0.4316187971
0.6315436997
0.3892389244
0.6156106942
0.907722661
0.6557503192
0.3124106126
0.3070020576
0.5711123402
0.3892919296
0.2100244706
0.5984567519
0.633553953
0.3438371307
0.5261800498
0.2258180699
0.7001189953
0.4414559653
0.567003713
0.6696572733
0.1270188143
0.8568978449
0.2858589178
0.5156949771
0.3776649602
0.3201801658
0.5882593374
0.4253458796
0.4754447376
0.6127507173
0.3030617018
0.6108838139
0.3845981948
0.4842656734
0.8957021902
0.5021013629
0.6103622571
0.2628131646
0.500691412
0.3514199773
0.4604749192
0.61961482
0.2945196853
0.5981909405
0.1353949949
0.4552391194
0.5634123937
0.8593198871
0.554552812
0.1490649539
0.6062311621
0.533040984
0.4152314471
0.5723260867
0.6328863701
0.6051745901
0.5752181377
0.6050618136
0.2929331025
0.264442833
0.5156948191
0.4076156831
0.7963452662
0.8554011829
0.689306789
0.4656088558
0.8610835372
0.5102694794
0.603386927
0.4235314807
0.4593962283
0.5269111849
0.5975696329
0.499804741
0.6401968955
0.6942564531
0.9402240473
0.6871331299
0.6899796896
0.6055881197
0.6241384911
0.608630349
0.6767118752
0.9481142887
0.4239381144
0.7798891334
0.7616689172
0.6978246587
0.7666925003
0.3194343057
0.6336755537
0.4833141576
0.4651325544
0.4477197884
0.5540178434
0.874080183
0.6743160692
0.4966261759
0.6461881597
0.4739663741
0.4523589551
0.7578798268
0.4011224579
0.5763650538
0.4254825864
0.08085469527
0.4939720786
0.7107277503
0.5972626289
0.7031079246
0.6941985476
0.4523768561
0.5954677842
0.3499160969
0.4093019962
0.4793941342
0.5052850023
0.3563211866
0.3147644456
0.5275678165
0.6021594496
0.3552464757
0.5838731177
0.458546794
0.305229072
0.6864895855
0.6665260867
0.4520782945
0.7315310957
0.6953495881
0.6663233346
0.6504225156
0.8270013792
0.2269237571
0.5773934346
0.6347375493
0.353250287
0.3146111443
0.9020317733
0.5090907163
0.729096525
0.449625168
0.3446581042
0.2960742727
0.06384455608
0.5085236076
0.6329814127
0.2749049035
0.481456183
0.3788166347
0.3189636975
0.2439227888
0.4225013242
0.4456979825
0.3003151566
0.5710514344
0.1259533083
0.1277250627
0.391905873
0.3397208484
0.4993400808
0.6840489759
0.8500671911
0.5838602787
0.3089557764
0.4237619567
0.1569092594
0.1543885976
0.7184205185
0.6750801105
0.4733408208
0.5990043031
0.5360658884
0.305191295
0.6049205379
0.3567933989
0.3457220452
0.4324473947
0.3582836981
0.4974751221
0.6456470579
0.708950611
0.8604756479
0.7602645466
0.633885375
0.3400708354
0.7935449366
0.8367939239
0.8121940937
0.9459034254
0.8669343628
0.8275325636
0.8240524082
0.911988505
0.5142138322
0.7042570797
0.5563995066
0.7305285206
0.3940726108
0.8091730091
0.6367647158
0.8219319033
0.7852130669
0.5164192156
0.1651764878
0.874837822
0.5331309186
0.6281062053
0.4459586271
0.4458406853
0.625257125
0.6083026058
0.1540123875
0.7895751235
0.6695551785
0.724302438
0.7518387243
0.411940725
0.5158105642
0.6009318965
0.7173262252
0.4746065269
0.5189649408
0.3802181798
0.3464197523
0.7043806298
0.6704054488
0.7946277233
0.6106793256
0.7941993933
0.5986453831
0.7630321849
0.6848845098
0.6894587324
0.3269551923
0.8201675366
0.4098286488
0.6891008221
0.7208407194
0.4282801929
0.8604465457
0.4733206423
0.6467677024
0.6660826735
0.8923374069
0.7934245925
0.7218862056
0.5702239595
0.9385905146
0.521728775
0.6795783479
0.4127465617
0.4761868176
0.3659159842
0.3601027585
0.8469081313
0.5505511113
0.1336853054
0.6906331072
0.5145345458
0.547861101
0.3877581028
0.1095441721
0.7269144506
0.5840173741
0.6894609869
0.6025532821
0.5515193301
0.6169420721
0.1523784295
0.3429415291
0.3641510328
0.6027786057
0.5600420556
0.426845764
0.4356803267
0.5250222704
0.6770453961
0.2847027626
0.2944981047
0.654744252
0.5681097463
0.5898594494
0.229120956
0.5096929484
0.34166317
0.3725752652
0.5778448566
0.4844580518
0.8490327926
0.7968512721
0.634424749
0.5540499206
0.4894261769
0.6036140522
0.3332771473
0.2979597026
0.5974699392
0.3955504504
0.7315588812
0.4764934293
0.5079176325
0.8344066345
0.5887607338
0.8998015036
0.6928528268
0.5903718138
0.945353353
0.4167438502
0.7406288996
0.06988422007
0.6970516939
0.6194949535
0.6600522072
0.5427487282
0.7871855636
0.7358522953
0.6727102433
0.7947436605
0.7487739708
0.7609399445
0.1538793141
0.79911604
0.7255405635
0.4323137249
0.4634684826
0.06802273602
0.4820960501
0.5837003434
0.8375876246
0.5682260881
0.7880542214
0.5297948359
0.5271970969
0.7225536931
0.3706758552
0.9342460725
0.3813454699
0.4143198601
0.7897067103
0.7106058118
0.06677602865
0.4071666615
0.7363689598
0.6912487361
0.6382076279
0.937966013
0.5450660223
0.4008483633
0.5186332485
0.7377152641
0.0714621301
0.4143070644
0.08997224233
0.6310402781
0.7196688423
0.1144311093
0.3913466297
0.6447494977
0.4494118622
0.7622730495
0.5488385397
0.7893243793
0.2967817112
0.06599506426
0.6965028814
0.2663574071
0.2801977983
0.5863524631
0.6840436012
0.4582317278
0.2633019046
0.6278413033
0.4659697659
0.4021667107
0.6403174763
0.3461504031
0.5744372714
0.6540512366
0.6464609762
0.530686764
0.4530598303
0.2325481366
0.6445046755
0.6507052875
0.5967555234
0.3318726961
0.3910372283
0.2999472677
0.3253629717
0.6719798606
0.5410211514
0.5647942749
0.5041991223
0.5997567084
0.5847201757
0.3199016999
0.7118127394
0.4227666104
0.6642509891
0.3370267589
0.4185647876
0.28490655
0.5514332619
0.6474565673
0.5053241748
0.6322430121
0.8494177108
0.5955150062
0.5674631483
0.6011387326
0.4042965942
0.4138487663
0.5869174962
0.2880328265
0.4790454418
0.1593736817
0.5936344421
0.9348584993
0.7168760873
0.4673679306
0.4788768805
0.5896396307
0.5245678821
0.8476131289
0.6191340194
0.6921195701
0.7210772786
0.7061987611
0.5387592994
0.7343049141
0.320927987
0.6870416186
0.5904581778
0.3738567028
0.7216673473
0.4075671411
0.3558501773
0.6112669603
0.7092883013
0.3034955168
0.9382023033
0.6528558479
0.7469976311
0.4403322391
0.4400371144
0.3951373856
0.9430413438
0.7581657536
0.8301898402
0.3305042296
0.7386224864
0.1133798687
0.227940498
0.2281980874
0.6761925027
0.7366761037
0.2737248266
0.3400573335
0.7149194313
0.5860900665
0.5233383598
0.0651707567
0.7822832054
0.4844974045
0.615734976
0.6450256236
0.5588255622
0.4575975373
0.5873443338
0.3661286798
0.1544088713
0.1500970934
0.1464778426
0.7369752824
0.6267320072
0.3756126931
0.3027124493
0.4377019977
0.4993724382
0.3427630746
0.7029843175
0.3895920764
0.2933423489
0.2498458995
0.6673979571
0.3199255743
0.2254979464
0.4109194313
0.3139571149
0.4805721606
0.627432191
0.1824841025
0.4916025717
0.6646210009
0.6022698431
0.9362088566
0.6509828723
0.3868567014
0.2858382722
0.2959166666
0.1847521367
0.5512012711
0.669773545
0.3393340871
0.5674220477
0.5388012573
0.3393264171
0.2355340259
0.1670092475
0.6601153681
0.6579651917
0.6152943652
0.3742089771
0.3917920074
0.3102187929
0.4824681168
0.5843909064
0.6797276336
0.2336349353
0.8253572837
0.4648421501
0.8704413202
0.7611053958
0.2862117437
0.3083963692
0.6361176811
0.4829151762
0.06359137865
0.3580616196
0.4756464804
0.6813968131
0.349858375
0.315363429
0.4761600416
0.5498622257
0.6179219162
0.6670533436
0.6409004173
0.567921796
0.276300303
0.0635525241
0.1579428547
0.6660637115
